1 0.5046290159225464 0.857886016368866 0.014798998832702637 0.026893973350524902
1 0.515421986579895 0.5377050042152405 0.02651500701904297 0.054756999015808105
1 0.6167709827423096 0.610152006149292 0.02363896369934082 0.03638505935668945
1 0.5889300107955933 0.8007649779319763 0.04743802547454834 0.10460996627807617
1 0.576570987701416 0.17035700380802155 0.03802895545959473 0.0493910014629364
1 0.48487401008605957 0.18774700164794922 0.022073030471801758 0.06245899200439453
1 0.5055850148200989 0.2832230031490326 0.03548002243041992 0.042131006717681885
1 0.6975799798965454 0.3685719966888428 0.03699898719787598 0.06723600625991821
1 0.493400976061821 0.38464298844337463 0.05833497643470764 0.10469502210617065
1 0.46317100524902344 0.12464600056409836 0.048802971839904785 0.04530899226665497
1 0.29983100295066833 0.8925489783287048 0.02174198627471924 0.07763099670410156
