1 0.6155710220336914 0.26741599291563034 0.021955013275146484 0.053179994225502014
1 0.1593639999628067 0.6124290227890015 0.02574300765991211 0.032156944274902344
1 0.5762280225753784 0.6183879971504211 0.026046037673950195 0.037490010261535645
1 0.717054009437561 0.6503840088844299 0.024819016456604004 0.03342795372009277
1 0.8501819968223572 0.6433719992637634 0.024893999099731445 0.034762024879455566
1 0.8989239931106567 0.6331130266189575 0.024045944213867188 0.03736603260040283
1 0.9534469842910767 0.6544349789619446 0.028516054153442383 0.02834296226501465
1 0.9642239809036255 0.9141870141029358 0.02527296543121338 0.04142796993255615
1 0.9206939935684204 0.9460279941558838 0.029819011688232422 0.03373897075653076
1 0.75798100233078 0.8708199858665466 0.02566695213317871 0.030823945999145508
1 0.7079650163650513 0.8411419987678528 0.028363943099975586 0.025676965713500977
1 0.6847609877586365 0.8536509871482849 0.019348978996276855 0.04238903522491455
1 0.6457989811897278 0.8957409858703613 0.026121973991394043 0.03882396221160889
1 0.4807159900665283 0.8489519953727722 0.023742973804473877 0.03203296661376953
1 0.2913210093975067 0.803974986076355 0.022590994834899902 0.029304027557373047
