1 0.34439998865127563 0.5540140271186829 0.03367799520492554 0.03274500370025635
1 0.31696999073028564 0.7429400086402893 0.028958022594451904 0.03796195983886719
1 0.328029990196228 0.9234169721603394 0.03367799520492554 0.03274500370025635
1 0.3319999873638153 0.9846670031547546 0.03200000524520874 0.02799999713897705
1 0.1054999977350235 0.9786670207977295 0.031000003218650818 0.039999961853027344
1 0.15730300545692444 0.7806079983711243 0.029677987098693848 0.03265202045440674
1 0.13873900473117828 0.6286579966545105 0.040748000144958496 0.0342409610748291
1 0.17491699755191803 0.4065620005130768 0.027888000011444092 0.036605000495910645
1 0.20828400552272797 0.16170500218868256 0.03260800242424011 0.03138801455497742
1 0.6203669905662537 0.1506039947271347 0.030259013175964355 0.02467501163482666
1 0.6111119985580444 0.24116600304841995 0.03297901153564453 0.019411012530326843
1 0.6127740144729614 0.6390230059623718 0.04681801795959473 0.035714030265808105
