1 0.3275670111179352 0.38819798827171326 0.03230297565460205 0.03516298532485962
1 0.38813599944114685 0.4939100295305252 0.031372010707855225 0.04314801096916199
1 0.5764769911766052 0.8529390096664429 0.04836094379425049 0.04207801818847656
1 0.5340650081634521 0.7289479970932007 0.02948904037475586 0.0564500093460083
1 0.5523970127105713 0.690667986869812 0.025290966033935547 0.033720970153808594
1 0.5402770042419434 0.36090099811553955 0.02932596206665039 0.037783026695251465
1 0.581991970539093 0.27826499938964844 0.025197982788085938 0.02305501699447632
1 0.6064680218696594 0.39520299434661865 0.022220969200134277 0.02567499876022339
1 0.5409820079803467 0.050932000391185284 0.057337045669555664 0.03955099917948246
1 0.8154429793357849 0.7959060072898865 0.033360958099365234 0.041844964027404785
1 0.832023024559021 0.9582930207252502 0.02938401699066162 0.04445004463195801
1 0.82573002576828 0.3618049919605255 0.030256032943725586 0.02979898452758789
1 0.8505679965019226 0.3227579891681671 0.02330303192138672 0.03502398729324341
