1 0.6553410291671753 0.7914450168609619 0.026872992515563965 0.033938050270080566
1 0.688148021697998 0.7275819778442383 0.024116992950439453 0.04320204257965088
1 0.6706699728965759 0.6898639798164368 0.036697983741760254 0.027505040168762207
1 0.6547669768333435 0.6168720126152039 0.01852405071258545 0.020419001579284668
1 0.6286680102348328 0.6315879821777344 0.031838059425354004 0.03272104263305664
1 0.6457489728927612 0.4061239957809448 0.025802969932556152 0.03124898672103882
1 0.6738700270652771 0.14427100121974945 0.0277329683303833 0.028627991676330566
1 0.4101569950580597 0.015542000066488981 0.0323140025138855 0.01274500135332346
1 0.3653939962387085 0.5768240094184875 0.025802969932556152 0.031249046325683594
1 0.41065698862075806 0.6451699733734131 0.034767985343933105 0.030125021934509277
