1 0.6360769867897034 0.5181329846382141 0.027576982975006104 0.017184019088745117
1 0.45251399278640747 0.37179601192474365 0.034634947776794434 0.018950998783111572
1 0.33418697118759155 0.4681299924850464 0.046141982078552246 0.024748027324676514
1 0.2904360294342041 0.57253497838974 0.04438304901123047 0.03872799873352051
1 0.34087300300598145 0.7889329791069031 0.04571497440338135 0.03798794746398926
1 0.39788997173309326 0.7992249727249146 0.040191054344177246 0.019114971160888672
1 0.48846296966075897 0.7881940007209778 0.044980019330978394 0.02783203125
1 0.22590100765228271 0.38742899894714355 0.05271601676940918 0.038973987102508545
1 0.2085360288619995 0.47343000769615173 0.05254697799682617 0.03662997484207153
1 0.1414639949798584 0.4002070128917694 0.032876014709472656 0.03293198347091675
1 0.36123597621917725 0.30608099699020386 0.04013395309448242 0.01833397150039673
1 0.09151297807693481 0.10983800143003464 0.06944000720977783 0.040247008204460144
1 0.09293699264526367 0.5032960176467896 0.05274701118469238 0.02026498317718506
1 0.6664319932460785 0.2720170021057129 0.03398197889328003 0.02906697988510132
