1 0.4158819913864136 0.3162649869918823 0.0407710075378418 0.048045992851257324
1 0.525937020778656 0.33897799253463745 0.02894294261932373 0.04224801063537598
1 0.46696901321411133 0.006399999838322401 0.023873984813690186 0.012799999676644802
1 0.24274899810552597 0.06578300148248672 0.02956099808216095 0.033931002020835876
1 0.23035499453544617 0.022027000784873962 0.02199399471282959 0.044054001569747925
1 0.2501170113682747 0.724390983581543 0.037455007433891296 0.03825998306274414
1 0.3456290066242218 0.5134720355272293 0.025255024433135986 0.05327901244163513
1 0.34067100286483765 0.8453840017318726 0.03764599561691284 0.047981977462768555
1 0.4341050088405609 0.7601519823074341 0.036810994148254395 0.045187950134277344
1 0.4494220018386841 0.9146329760551453 0.04057997465133667 0.03832399845123291
1 0.27629199624061584 0.9820770025253296 0.04493999481201172 0.021754980087280273
1 0.6536920070648193 0.4744740128517151 0.017650961875915527 0.02396702766418457
1 0.6752790212631226 0.5483019948005676 0.017225027084350586 0.04200601577758789
1 0.7244219779968262 0.4716219902038574 0.018486976623535156 0.026760995388031006
