1 0.7849770188331604 0.25710801035165787 0.02217996120452881 0.09509401023387909
1 0.9393600225448608 0.29787200689315796 0.019644975662231445 0.03654199838638306
1 0.591575026512146 0.22589799761772156 0.025899052619934082 0.038513004779815674
1 0.5388990044593811 0.23904000222682953 0.026716947555541992 0.04969701170921326
1 0.44066399335861206 0.2916739881038666 0.01573002338409424 0.033399999141693115
1 0.5185989588499069 0.3600279986858368 0.04620698094367981 0.03901702165603638
1 0.26125800609588623 0.2416359931230545 0.014976024627685547 0.04166099429130554
1 0.28655099868774414 0.33354899287223816 0.013399004936218262 0.03734898567199707
1 0.28757598996162415 0.407927006483078 0.016646981239318848 0.07513999938964844
1 0.1913979947566986 0.49268801510334015 0.029760003089904785 0.024988025426864624
1 0.4131050109863281 0.5813789963722229 0.027444005012512207 0.033102989196777344
1 0.4502600133419037 0.7181329727172852 0.024464011192321777 0.0772559642791748
1 0.6283349990844727 0.7194510102272034 0.035292983055114746 0.04494202136993408
1 0.8170589804649353 0.6335939764976501 0.021198034286499023 0.03391003608703613
1 0.6129469871520996 0.9096260070800781 0.023601055145263672 0.05218398571014404
1 0.5704749822616577 0.8188899755477905 0.023514986038208008 0.02579498291015625
1 0.5587859749794006 0.9462339878082275 0.019603967666625977 0.02404201030731201
1 0.5710939764976501 0.9888889789581299 0.015625 0.019443988800048828
1 0.22725699841976166 0.9493629932403564 0.018873006105422974 0.03924703598022461
