1 0.64724200963974 0.43643200397491455 0.04479098320007324 0.05449402332305908
1 0.5990840196609497 0.3651979863643646 0.050639986991882324 0.046208977699279785
1 0.42316699028015137 0.025165999308228493 0.04116499423980713 0.04405299946665764
1 0.3563930094242096 0.21117599308490753 0.03813999891281128 0.046112000942230225
1 0.332161009311676 0.6340619921684265 0.04262799024581909 0.041982054710388184
1 0.40098100900650024 0.6168810129165649 0.02806401252746582 0.03145599365234375
1 0.28758299350738525 0.8785989880561829 0.04252701997756958 0.039898037910461426
1 0.1502770036458969 0.4669640064239502 0.05074000358581543 0.04829198122024536
1 0.16984599828720093 0.2712100148200989 0.04332798719406128 0.05656498670578003
1 0.18028900027275085 0.07017399929463863 0.050639986991882324 0.04620899632573128
1 0.1753309965133667 0.010738999582827091 0.04933899641036987 0.01912599988281727
