1 0.7760459780693054 0.16530700027942657 0.02375495433807373 0.09071400761604309
1 0.9322720170021057 0.18778499960899353 0.018951058387756348 0.03370499610900879
1 0.5277929902076721 0.17669600248336792 0.028735995292663574 0.047787994146347046
1 0.5807560086250305 0.15683899819850922 0.02750396728515625 0.03249400854110718
1 0.8188440203666687 0.5431249737739563 0.021131038665771484 0.0281980037689209
1 0.6304469704627991 0.6491680145263672 0.0356440544128418 0.04376697540283203
1 0.5765690207481384 0.7572919726371765 0.027340054512023926 0.02693796157836914
1 0.620123028755188 0.842553973197937 0.02573394775390625 0.051890015602111816
1 0.5670750141143799 0.8860390186309814 0.019405007362365723 0.022609949111938477
1 0.5804110169410706 0.9406570196151733 0.015167951583862305 0.03779101371765137
1 0.45085999369621277 0.6695590019226074 0.02795100212097168 0.07414400577545166
1 0.4113830029964447 0.536961019039154 0.02733999490737915 0.02693796157836914
1 0.5111240148544312 0.3007279932498932 0.04707598686218262 0.0342869758605957
1 0.4299440085887909 0.23847900331020355 0.01816999912261963 0.0336889922618866
1 0.27697598934173584 0.3000119924545288 0.012001991271972656 0.03633701801300049
1 0.27795401215553284 0.37295299768447876 0.018494009971618652 0.07117301225662231
1 0.24777299910783768 0.21097800135612488 0.015167996287345886 0.03779101371765137
1 0.1862889975309372 0.47213101387023926 0.029601991176605225 0.024209022521972656
