1 0.3387399911880493 0.341825008392334 0.04875701665878296 0.03652900457382202
1 0.6242510080337524 0.03316299989819527 0.034757018089294434 0.035985998809337616
1 0.6444270014762878 0.2238759994506836 0.028959989547729492 0.04508599638938904
1 0.6293200254440308 0.4259659945964813 0.03578603267669678 0.037357985973358154
1 0.3847549855709076 0.7764089703559875 0.029465973377227783 0.02245795726776123
1 0.7952089905738831 0.8272079825401306 0.03175699710845947 0.03586900234222412
1 0.8053119778633118 0.5792739987373352 0.028843998908996582 0.039752960205078125
1 0.8624770045280457 0.5617089867591858 0.017524003982543945 0.02465999126434326
1 0.777055025100708 0.362185001373291 0.019466042518615723 0.022069990634918213
1 0.8287929892539978 0.3481679856777191 0.037814974784851074 0.03876900672912598
1 0.8052430152893066 0.18627700209617615 0.029757022857666016 0.035791993141174316
