1 0.4190309941768646 0.5379559993743896 0.035923004150390625 0.09097397327423096
1 0.36638298630714417 0.680757999420166 0.019622981548309326 0.03449702262878418
1 0.2640019953250885 0.6757940053939819 0.02376699447631836 0.07358002662658691
1 0.391059011220932 0.32128798961639404 0.0210229754447937 0.05815702676773071
1 0.13840200006961823 0.1831810027360916 0.02903500199317932 0.03646799921989441
1 0.25108400732278824 0.1832209974527359 0.02256600558757782 0.027747005224227905
1 0.9073500037193298 0.28308698534965515 0.01762402057647705 0.017733991146087646
1 0.8536980152130127 0.2999269962310791 0.02747201919555664 0.03637099266052246
1 0.7896339893341064 0.32585999369621277 0.01635301113128662 0.028747975826263428
1 0.5740759968757629 0.4592440128326416 0.02107703685760498 0.030427992343902588
1 0.5184159874916077 0.4780470132827759 0.016190052032470703 0.05230998992919922
