1 0.5207080245018005 0.044688002206385136 0.02444601058959961 0.03823700360953808
1 0.3461500108242035 0.43634000420570374 0.029887020587921143 0.03486400842666626
1 0.3388589918613434 0.03910300228744745 0.020576000213623047 0.04322600178420544
1 0.4686039984226227 0.8057429790496826 0.02128499746322632 0.03222799301147461
1 0.5168150067329407 0.8237699866294861 0.014343976974487305 0.04509603977203369
1 0.5715060234069824 0.577413022518158 0.030159950256347656 0.07652997970581055
1 0.3706659972667694 0.8366379737854004 0.03461998701095581 0.0424879789352417
1 0.36587899923324585 0.8818190097808838 0.013544976711273193 0.042204976081848145
1 0.3609679937362671 0.6093559861183167 0.02122098207473755 0.022505998611450195
1 0.5529980063438416 0.029465999454259872 0.022366046905517578 0.058931998908519745
