1 0.8675649762153625 0.007089000195264816 0.028220057487487793 0.014177000150084496
1 0.9685029983520508 0.2659499943256378 0.023000001907348633 0.02956300973892212
1 0.909089982509613 0.539588987827301 0.014760971069335938 0.03664994239807129
1 0.7320749759674072 0.8399559855461121 0.01518702507019043 0.02842998504638672
1 0.5944179892539978 0.6176909804344177 0.02466905117034912 0.05051004886627197
1 0.3772290050983429 0.1391890048980713 0.03348797559738159 0.07525500655174255
1 0.44349798560142517 0.2876160144805908 0.01967400312423706 0.06082797050476074
1 0.37071600556373596 0.47416600584983826 0.01703399419784546 0.053543031215667725
1 0.30788999795913696 0.4908750057220459 0.014227986335754395 0.02415001392364502
1 0.32393398880958557 0.6245059967041016 0.011044025421142578 0.02230703830718994
1 0.2642039954662323 0.5959060192108154 0.01831197738647461 0.028882980346679688
1 0.49453699588775635 0.5383250117301941 0.012665987014770508 0.023923039436340332
1 0.2009119987487793 0.5415970087051392 0.03926399350166321 0.06505095958709717
1 0.07141099870204926 0.20082199573516846 0.03948900103569031 0.08854901790618896
