1 0.804189994931221 0.2559170126914978 0.027998000383377075 0.03191697597503662
1 0.9436049982905388 0.45462000370025635 0.04071199893951416 0.06916093826293945
1 0.9518130011856556 0.38357698917388916 0.02622999995946884 0.027588963508605957
1 0.9300350025296211 0.33944302797317505 0.013769000768661499 0.04287993907928467
1 0.9554379982873797 0.07055801153182983 0.03948200307786465 0.04416096210479736
1 0.7222070097923279 0.25440800189971924 0.02879798412322998 0.09556305408477783
1 0.5494920015335083 0.14997398853302002 0.028289973735809326 0.10103797912597656
1 0.28484898805618286 0.24611502885818481 0.021620988845825195 0.06027495861053467
1 0.2086319923400879 0.04767400026321411 0.02307605743408203 0.04246199131011963
1 0.11521399021148682 0.06312799453735352 0.037274956703186035 0.04669594764709473
1 0.29819101095199585 0.5015620142221451 0.04396498203277588 0.04047897458076477
1 0.8587589971721172 0.9420999996364117 0.04441400617361069 0.06539800018072128
1 0.8671180009841919 0.8201210051774979 0.03246000409126282 0.07521501183509827
1 0.23729002475738525 0.8854290060698986 0.04481399059295654 0.04194899648427963
