1 0.4660159945487976 0.5620049834251404 0.02890598773956299 0.06260597705841064
1 0.4878910034894943 0.3969849944114685 0.04296901822090149 0.035556018352508545
1 0.5796880125999451 0.7339029908180237 0.03437495231628418 0.03788900375366211
1 0.6308590173721313 0.7506999969482422 0.024219036102294922 0.03458595275878906
1 0.8585940003395081 0.09239199943840504 0.020313024520874023 0.06355100497603416
1 0.8011720180511475 0.2043900042772293 0.01796901226043701 0.05092900991439819
1 0.955469012260437 0.5283529758453369 0.026561975479125977 0.031929969787597656
1 0.9046869874000549 0.6948689818382263 0.03125 0.037727952003479004
1 0.940625011920929 0.7853710055351257 0.010936975479125977 0.043620944023132324
1 0.1250000037252903 0.7136729955673218 0.01718800514936447 0.03561103343963623
1 0.1445309966802597 0.8209959864616394 0.020312994718551636 0.06077301502227783
