1 0.15790098905563354 0.7600989937782288 0.03654205799102783 0.02112603187561035
1 0.24640798568725586 0.9839590191841125 0.04399597644805908 0.026913046836853027
1 0.2377229928970337 0.7634950280189514 0.0954580307006836 0.03005397319793701
1 0.5259130001068115 0.8550050258636475 0.03711801767349243 0.04215598106384277
1 0.720097005367279 0.9480860233306885 0.030398011207580566 0.029399991035461426
1 0.8672270029783249 0.8055959939956665 0.05890399217605591 0.038488030433654785
1 0.8022069931030273 0.8038740158081055 0.023308008909225464 0.02751898765563965
1 0.7657199874520302 0.8314409852027893 0.038373008370399475 0.011096954345703125
1 0.5663650035858154 0.6903449892997742 0.05794602632522583 0.05789196491241455
1 0.49879300594329834 0.5788969993591309 0.07813000679016113 0.037037014961242676
1 0.8361649960279465 0.5171149969100952 0.04904201626777649 0.021700024604797363
1 0.3821970224380493 0.4053640067577362 0.038076043128967285 0.022751986980438232
1 0.26737499237060547 0.18349699676036835 0.059564948081970215 0.03073999285697937
1 0.24133098125457764 0.14350099861621857 0.0754309892654419 0.022911012172698975
1 0.6525149941444397 0.12540599331259727 0.045166015625 0.024632997810840607
