1 0.5996170043945312 0.0731900054961443 0.034980058670043945 0.029592003673315048
1 0.6189380288124084 0.5420460104942322 0.022670984268188477 0.03675997257232666
1 0.585299015045166 0.8770769834518433 0.02072596549987793 0.01994800567626953
1 0.6550440192222595 0.9438629746437073 0.010792970657348633 0.028723955154418945
1 0.3671880066394806 0.9784719944000244 0.02968698740005493 0.040277957916259766
1 0.42091599106788635 0.507657989859581 0.014635980129241943 0.026309996843338013
1 0.3411409854888916 0.29233700037002563 0.027899980545043945 0.060808002948760986
1 0.28179600834846497 0.32214900851249695 0.028059005737304688 0.06775301694869995
1 0.547514021396637 0.2318740040063858 0.02603304386138916 0.08142301440238953
1 0.5028690099716187 0.886027991771698 0.021808981895446777 0.06717002391815186
1 0.40082499384880066 0.5494430065155029 0.02442401647567749 0.04523897171020508
1 0.6574680209159851 0.7264990210533142 0.01788794994354248 0.032156944274902344
