1 0.7829100042581558 0.14716100692749023 0.05169099569320679 0.015825986862182617
1 0.7687399983406067 0.27937498688697815 0.022293001413345337 0.02538198232650757
1 0.7603369876742363 0.25448399782180786 0.04173700511455536 0.025763988494873047
1 0.6813960075378418 0.16638100147247314 0.053614020347595215 0.020541012287139893
1 0.6303690075874329 0.24999000877141953 0.05437999963760376 0.015099003911018372
1 0.4754449725151062 0.2769150137901306 0.048413991928100586 0.023557007312774658
1 0.3408629894256592 0.3296700119972229 0.04563701152801514 0.023501992225646973
1 0.4072909951210022 0.5523030161857605 0.08851397037506104 0.022784948348999023
1 0.5013239979743958 0.589605987071991 0.034240007400512695 0.045104026794433594
1 0.5708610117435455 0.4974119961261749 0.035380005836486816 0.01862400770187378
1 0.6554509997367859 0.46403899788856506 0.02001398801803589 0.017542004585266113
1 0.4678249955177307 0.4849500060081482 0.03529095649719238 0.017841994762420654
1 0.2642750144004822 0.6776509881019592 0.025248050689697266 0.02699899673461914
1 0.10642600059509277 0.3428879976272583 0.09093594551086426 0.01971501111984253
