1 0.47641900181770325 0.4274100065231323 0.050273001194000244 0.029329001903533936
1 0.6908379793167114 0.4375370144844055 0.05460202693939209 0.07250601053237915
1 0.7910559773445129 0.4184170067310333 0.04191100597381592 0.05267399549484253
1 0.676734983921051 0.32178598642349243 0.03789496421813965 0.04144102334976196
1 0.5518029928207397 0.7090010046958923 0.026834964752197266 0.028602004051208496
1 0.49206098914146423 0.7842530012130737 0.06378597021102905 0.053352952003479004
1 0.48610900342464447 0.8333889842033386 0.04329600930213928 0.034667015075683594
1 0.2068520039319992 0.6614789962768555 0.041238993406295776 0.06376099586486816
1 0.16036799550056458 0.81911301612854 0.034112006425857544 0.053820013999938965
1 0.18310800194740295 0.2939639985561371 0.03002798557281494 0.03564298152923584
1 0.24637900292873383 0.0979510024189949 0.029451996088027954 0.056453004479408264
1 0.5883859992027283 0.3259910047054291 0.050531983375549316 0.05571800470352173
1 0.8129029870033264 0.8199120163917542 0.02931499481201172 0.0425640344619751
1 0.7101460099220276 0.7792119979858398 0.0636899471282959 0.043630003929138184
