1 0.3513830006122589 0.5234379768371582 0.11020499467849731 0.15220403671264648
1 0.315542995929718 0.23754199594259262 0.06339597702026367 0.06944198906421661
1 0.22863300144672394 0.1327730007469654 0.04072299599647522 0.0862170085310936
1 0.4549590051174164 0.37410199642181396 0.048246026039123535 0.09951800107955933
1 0.6389350295066833 0.5847970247268677 0.022842049598693848 0.04684805870056152
1 0.6950479745864868 0.5946779847145081 0.03558194637298584 0.09392702579498291
1 0.6428419947624207 0.8844940066337585 0.057533979415893555 0.1379079818725586
1 0.92746502161026 0.8806470036506653 0.025239944458007812 0.04850304126739502
1 0.22942900657653809 0.5813930034637451 0.0277479887008667 0.05293703079223633
1 0.14808300137519836 0.6244419813156128 0.040538012981414795 0.04194998741149902
1 0.21966899931430817 0.7197920083999634 0.05494999885559082 0.09198498725891113
