1 0.372639000415802 0.8150780200958252 0.026075005531311035 0.07258796691894531
1 0.41318199038505554 0.7999939918518066 0.02954399585723877 0.05620396137237549
1 0.2529040053486824 0.9325540065765381 0.026346012949943542 0.05320000648498535
1 0.16576699912548065 0.6871129870414734 0.023602008819580078 0.03775203227996826
1 0.07376399636268616 0.7469890117645264 0.046893998980522156 0.033895015716552734
1 0.24101600795984268 0.5234410166740417 0.026256009936332703 0.07953202724456787
1 0.3731060028076172 0.40131598711013794 0.023111999034881592 0.04880702495574951
1 0.8075439929962158 0.6733009815216064 0.03808403015136719 0.0845479965209961
1 0.9172629714012146 0.6348090171813965 0.057559967041015625 0.054075002670288086
1 0.6309120059013367 0.7471470236778259 0.01969599723815918 0.03746902942657471
1 0.6742870211601257 0.6913729906082153 0.017169952392578125 0.030354976654052734
1 0.7536429762840271 0.3124360144138336 0.020059943199157715 0.05135798454284668
