1 0.17877799272537231 0.40293601155281067 0.015576004981994629 0.04624199867248535
1 0.191880002617836 0.6860589981079102 0.031197011470794678 0.040693044662475586
1 0.20499500632286072 0.7327929735183716 0.018727988004684448 0.0491180419921875
1 0.22453999519348145 0.7700160145759583 0.028818994760513306 0.03388702869415283
1 0.2102160006761551 0.833424985408783 0.021833986043930054 0.016134023666381836
1 0.36308300495147705 0.5964279770851135 0.017273008823394775 0.04104804992675781
1 0.3631010055541992 0.798291027545929 0.020121991634368896 0.03859102725982666
1 0.3959900140762329 0.9738979935646057 0.010348975658416748 0.041892051696777344
1 0.30241701006889343 0.02843600045889616 0.01883399486541748 0.0159240011125803
1 0.6664779782295227 0.6946539878845215 0.015272974967956543 0.040907979011535645
1 0.6323969960212708 0.25269201397895813 0.01421201229095459 0.02224200963973999
1 0.602616012096405 0.2194020003080368 0.015501022338867188 0.044907987117767334
1 0.6343880295753479 0.17381300032138824 0.016834020614624023 0.015785008668899536
0 0.5458790063858032 0.5793200135231018 0.0260159969329834 0.07220399379730225
0 0.5364170074462891 0.6231480240821838 0.04890894889831543 0.01935398578643799
0 0.5317379683256149 0.8299949765205383 0.06421199440956116 0.025735974311828613
