1 0.2722780108451843 0.49069397151470184 0.041471004486083984 0.043895989656448364
1 0.13096700981259346 0.270096980035305 0.01730700582265854 0.04617299139499664
1 0.11379700154066086 0.3093250095844269 0.01251000165939331 0.04052001237869263
1 0.03834300208836794 0.2942259907722473 0.01876000128686428 0.04064899682998657
1 0.5216379761695862 0.6771240234375 0.022721052169799805 0.043508052825927734
1 0.6557580232620239 0.5084450095891953 0.023748040199279785 0.056023985147476196
1 0.6697580218315125 0.2131360024213791 0.04637598991394043 0.05510398745536804
1 0.7745569944381714 0.5233410000801086 0.02170395851135254 0.07125401496887207
1 0.8907889723777771 0.41056498885154724 0.02102196216583252 0.036531031131744385
1 0.6383010149002075 0.3435949981212616 0.03508400917053223 0.03682202100753784
1 0.03754499927163124 0.4740299880504608 0.011647000908851624 0.03633701801300049
