1 0.7807599902153015 0.27338799089193344 0.02370297908782959 0.09554798901081085
1 0.9345390200614929 0.3173550069332123 0.020213007926940918 0.036947011947631836
1 0.587660014629364 0.2381650060415268 0.02649104595184326 0.03904798626899719
1 0.5345709919929504 0.25021300464868546 0.02749001979827881 0.05024801194667816
1 0.43491899967193604 0.3008039891719818 0.016251981258392334 0.03372502326965332
1 0.5114529877901077 0.37077099084854126 0.046776026487350464 0.03997302055358887
1 0.2562769949436188 0.24704399704933167 0.015635013580322266 0.04196900129318237
1 0.2795180082321167 0.33947500586509705 0.013990998268127441 0.03762400150299072
1 0.27883899211883545 0.4138700067996979 0.01785200834274292 0.07547998428344727
1 0.18051299452781677 0.4966279864311218 0.030124008655548096 0.0256040096282959
1 0.40066099166870117 0.5899159908294678 0.02794402837753296 0.033671021461486816
1 0.4347609877586365 0.7274330258369446 0.025691986083984375 0.0777590274810791
1 0.6131860017776489 0.7324479818344116 0.035974979400634766 0.045671939849853516
1 0.8042809963226318 0.6505150198936462 0.0217210054397583 0.0343480110168457
1 0.59340500831604 0.922290027141571 0.02442002296447754 0.05267000198364258
1 0.5529230237007141 0.8306779861450195 0.023900985717773438 0.026280999183654785
1 0.5382900238037109 0.9577710032463074 0.019968032836914062 0.024446964263916016
1 0.20598100125789642 0.9540159702301025 0.019486993551254272 0.03963601589202881
