1 0.42264699935913086 0.43406200408935547 0.016183018684387207 0.029780983924865723
1 0.5431110262870789 0.6795529723167419 0.020216941833496094 0.032719969749450684
1 0.5974799990653992 0.4998829960823059 0.026913046836853027 0.042701005935668945
1 0.6091830134391785 0.31154298782348633 0.026499032974243164 0.06763601303100586
1 0.667855978012085 0.6347320079803467 0.03118598461151123 0.06782996654510498
1 0.6670590043067932 0.48100200295448303 0.03099501132965088 0.0636640191078186
1 0.7134870290756226 0.6057100296020508 0.019801974296569824 0.057656049728393555
1 0.6021509766578674 0.7891280055046082 0.023277997970581055 0.03146100044250488
1 0.7280210256576538 0.41933900117874146 0.030436992645263672 0.03452897071838379
1 0.4357370138168335 0.87254798412323 0.02026498317718506 0.050744056701660156
