1 0.4011630117893219 0.4612579941749573 0.016753017902374268 0.0454859733581543
1 0.41843798756599426 0.3421260118484497 0.013664007186889648 0.046388983726501465
1 0.4500350058078766 0.6649309992790222 0.04627799987792969 0.07359302043914795
1 0.5442119836807251 0.6516770124435425 0.02289402484893799 0.04229104518890381
1 0.6084240078926086 0.7372170090675354 0.024638056755065918 0.049479007720947266
1 0.6318600177764893 0.44908401370048523 0.040971994400024414 0.049252986907958984
1 0.7157580256462097 0.5524790287017822 0.01969599723815918 0.03902697563171387
1 0.6593379974365234 0.8840929865837097 0.04927396774291992 0.03947794437408447
1 0.5494790077209473 0.3287169933319092 0.020405054092407227 0.03637099266052246
1 0.4192659854888916 0.134210005402565 0.018715977668762207 0.06100699305534363
