1 0.8075569868087769 0.9087389707565308 0.028818964958190918 0.036419034004211426
1 0.818897008895874 0.7624310255050659 0.02868497371673584 0.03381502628326416
1 0.8273249864578247 0.6818199753761292 0.03245198726654053 0.026396989822387695
1 0.8105270266532898 0.5787389874458313 0.01840198040008545 0.035433053970336914
1 0.8635600209236145 0.44941699504852295 0.0325850248336792 0.029002010822296143
1 0.810213029384613 0.12344300374388695 0.02230203151702881 0.030619002878665924
0 0.4045340120792389 0.3568210005760193 0.02638798952102661 0.06987899541854858
0 0.3754960000514984 0.6683560013771057 0.029004991054534912 0.08049297332763672
0 0.4025219976902008 0.9300940036773682 0.0347210168838501 0.07066798210144043
0 0.4295650124549866 0.9471589922904968 0.022301971912384033 0.030619025230407715
