1 0.5434449911117554 0.4916679859161377 0.027529001235961914 0.05320000648498535
1 0.5489339828491211 0.595209002494812 0.01159203052520752 0.029901981353759766
1 0.6411250233650208 0.36284399032592773 0.020897984504699707 0.029192984104156494
1 0.8058750033378601 0.2890569865703583 0.015635013580322266 0.03296297788619995
1 0.6638429760932922 0.8969370126724243 0.027930021286010742 0.029701948165893555
1 0.5165200233459473 0.9671069979667664 0.01736295223236084 0.02063298225402832
1 0.3666499853134155 0.7464780211448669 0.02749001979827881 0.036589980125427246
1 0.05484100058674812 0.2876189947128296 0.023252002894878387 0.061194002628326416
1 0.009895999915897846 0.47601601481437683 0.019199000671505928 0.026301980018615723
1 0.2034969925880432 0.13461099565029144 0.019921988248825073 0.05680099129676819
1 0.12453299760818481 0.26548799872398376 0.01451200246810913 0.025961995124816895
1 0.353657990694046 0.17406299710273743 0.02895498275756836 0.050534993410110474
1 0.2532550096511841 0.43789100646972656 0.022597014904022217 0.032083988189697266
