1 0.6935219764709473 0.27056199312210083 0.026514053344726562 0.03641402721405029
1 0.6470310091972351 0.22795100510120392 0.0333399772644043 0.03290298581123352
1 0.6180700063705444 0.25190800428390503 0.022096991539001465 0.04939800500869751
1 0.5627549886703491 0.274383008480072 0.016047954559326172 0.025048017501831055
1 0.5727109909057617 0.3089120090007782 0.025805950164794922 0.04300999641418457
1 0.4045509994029999 0.29008999466896057 0.024456024169921875 0.034941017627716064
1 0.20958900451660156 0.257189005613327 0.022572994232177734 0.037467002868652344
1 0.09388799965381622 0.6122120022773743 0.025805994868278503 0.04300999641418457
1 0.520950973033905 0.6607959866523743 0.024456024169921875 0.03494095802307129
1 0.5739849805831909 0.5992670059204102 0.023980021476745605 0.04687094688415527
1 0.8585270047187805 0.3387880027294159 0.02963101863861084 0.039290010929107666
1 0.904774010181427 0.2956779897212982 0.030747056007385254 0.042025983333587646
1 0.8683249950408936 0.6165840029716492 0.01980602741241455 0.042590975761413574
1 0.908178985118866 0.6171219944953918 0.023280978202819824 0.030871033668518066
