1 0.8157250285148621 0.5137379765510559 0.011263012886047363 0.042343974113464355
1 0.8321490287780762 0.22098000347614288 0.028018951416015625 0.036060988903045654
1 0.8221359848976135 0.1734749972820282 0.015303969383239746 0.04408100247383118
1 0.8109400272369385 0.13207100704312325 0.029814958572387695 0.029597006738185883
1 0.6433200240135193 0.012335999868810177 0.012099981307983398 0.024671999737620354
1 0.6584410071372986 0.1800449937582016 0.02101898193359375 0.03535398840904236
1 0.6372069716453552 0.385560005903244 0.01510000228881836 0.03741401433944702
1 0.34421300888061523 0.3334159851074219 0.0141410231590271 0.03864699602127075
1 0.33730700612068176 0.7714260220527649 0.014652013778686523 0.02274799346923828
1 0.32234200835227966 0.8533549904823303 0.01353001594543457 0.018646955490112305
0 0.46873700618743896 0.38530200719833374 0.044448018074035645 0.019111990928649902
0 0.4559530019760132 0.42846399545669556 0.021036982536315918 0.06858599185943604
0 0.48519499599933624 0.17295800149440765 0.0606519877910614 0.027395009994506836
