1 0.17632900178432465 0.06555800139904022 0.017224997282028198 0.028457000851631165
1 0.36858299374580383 0.1948930025100708 0.048062026500701904 0.04221701622009277
1 0.5145019739866257 0.28763100504875183 0.03918197751045227 0.03214001655578613
1 0.6363880038261414 0.20042599737644196 0.05776500701904297 0.05371600389480591
1 0.7935420274734497 0.21108999848365784 0.0344090461730957 0.05552399158477783
1 0.7218589782714844 0.32048699259757996 0.02470695972442627 0.0440250039100647
1 0.7827460169792175 0.4006890058517456 0.024870991706848145 0.04958099126815796
1 0.6001399755477905 0.5457239747047424 0.02228105068206787 0.04115104675292969
1 0.6467229723930359 0.9083219766616821 0.019320011138916016 0.04657697677612305
1 0.6116740107536316 0.870805025100708 0.03219199180603027 0.03323805332183838
1 0.542631983757019 0.897773027420044 0.020596027374267578 0.0369189977645874
