1 0.3467150032520294 0.48284099996089935 0.033535003662109375 0.07462897896766663
1 0.3911589980125427 0.5300580263137817 0.013677000999450684 0.040689945220947266
1 0.4308289885520935 0.7454270124435425 0.019118010997772217 0.038082003593444824
1 0.12009300664067268 0.13789699971675873 0.01377200335264206 0.050411999225616455
1 0.4930419921875 0.49426697194576263 0.02616298198699951 0.03968897461891174
1 0.49116599559783936 0.5262600183486938 0.026054024696350098 0.02857804298400879
1 0.40633898973464966 0.8135280013084412 0.018459975719451904 0.05055797100067139
1 0.5728219747543335 0.9597049951553345 0.013663053512573242 0.03930103778839111
1 0.8041660189628601 0.783827006816864 0.013867974281311035 0.060134053230285645
1 0.7984269857406616 0.4535500109195709 0.023560047149658203 0.013226985931396484
