1 0.2917670011520386 0.34516799449920654 0.024519026279449463 0.03306299448013306
1 0.35346001386642456 0.4681040048599243 0.035166025161743164 0.08411502838134766
1 0.27945199608802795 0.48194698989391327 0.02693098783493042 0.04024997353553772
1 0.21717099845409393 0.49769699573516846 0.024596989154815674 0.12048196792602539
1 0.9399759769439697 0.19029000401496887 0.025382041931152344 0.04147699475288391
1 0.9749559760093689 0.2951970100402832 0.0264359712600708 0.06933599710464478
1 0.8718540072441101 0.6445720195770264 0.04877805709838867 0.03973793983459473
1 0.9351029992103577 0.6081089973449707 0.015048027038574219 0.022369980812072754
1 0.7126169800758362 0.6024159789085388 0.022984027862548828 0.035678982734680176
1 0.6392179727554321 0.519198015332222 0.013677000999450684 0.04165300726890564
1 0.6009960174560547 0.5610269904136658 0.017583012580871582 0.042057037353515625
1 0.6462000012397766 0.6739310026168823 0.02302396297454834 0.039845943450927734
1 0.609341025352478 0.7353259921073914 0.018282055854797363 0.033805012702941895
1 0.3231399953365326 0.917281985282898 0.024519026279449463 0.03306305408477783
1 0.26283499598503113 0.8562319874763489 0.017473995685577393 0.030946016311645508
1 0.12433399632573128 0.8592349886894226 0.020021997392177582 0.05202198028564453
1 0.19833600521087646 0.9640210270881653 0.06293600797653198 0.05091595649719238
