1 0.6447280049324036 0.7495759725570679 0.0754770040512085 0.09438800811767578
1 0.8393840193748474 0.7320209741592407 0.05499100685119629 0.06299698352813721
1 0.9030240178108215 0.4290899932384491 0.03468596935272217 0.03716099262237549
1 0.507078006863594 0.2717590034008026 0.0355130136013031 0.03863799571990967
1 0.5962880253791809 0.31328898668289185 0.044152021408081055 0.04100596904754639
1 0.21835799515247345 0.44379499554634094 0.03458699584007263 0.05790501832962036
1 0.11676400527358055 0.33742401003837585 0.027973003685474396 0.0460820198059082
1 0.11832000315189362 0.45749199390411377 0.046070992946624756 0.0758180022239685
1 0.11275399848818779 0.794920027256012 0.06359199434518814 0.04045403003692627
1 0.21674799919128418 0.8639249801635742 0.028162986040115356 0.028115034103393555
1 0.5084009766578674 0.8776339888572693 0.03721201419830322 0.042983055114746094
1 0.6332610249519348 0.9559860229492188 0.03303205966949463 0.034204959869384766
