1 0.6065149903297424 0.26273300498723984 0.01990795135498047 0.05303199589252472
1 0.13555499911308289 0.6114580035209656 0.024535000324249268 0.031970977783203125
1 0.5532060265541077 0.6141669750213623 0.024628043174743652 0.037304043769836426
1 0.6931139826774597 0.6450799703598022 0.023558974266052246 0.03324997425079346
1 0.8268460035324097 0.6370260119438171 0.023581981658935547 0.03458297252655029
1 0.8761129975318909 0.6263819932937622 0.022627949714660645 0.03719496726989746
1 0.9299269914627075 0.647288978099823 0.0274660587310791 0.02813398838043213
1 0.9304659962654114 0.9070720076560974 0.023697972297668457 0.041249990463256836
1 0.8855710029602051 0.93926602602005 0.028558969497680664 0.033521056175231934
1 0.7254310250282288 0.8652949929237366 0.024512052536010742 0.030637025833129883
1 0.6764649748802185 0.8359929919242859 0.027418971061706543 0.02546703815460205
1 0.6527100205421448 0.8486890196800232 0.017722010612487793 0.042256951332092285
1 0.6119890213012695 0.8911010026931763 0.02465200424194336 0.03863704204559326
1 0.4483489990234375 0.8455790281295776 0.02253502607345581 0.03186202049255371
1 0.2602669969201088 0.80205899477005 0.021489009261131287 0.029140949249267578
