1 0.6128910183906555 0.9541670083999634 0.11953103542327881 0.08888900279998779
1 0.6329280138015747 0.7463390231132507 0.01565396785736084 0.07002604007720947
1 0.563139021396637 0.8003420233726501 0.014444947242736816 0.017248988151550293
1 0.5316979885101318 0.7907149791717529 0.012946009635925293 0.019961953163146973
1 0.6693789958953857 0.6680619716644287 0.022415995597839355 0.024515986442565918
1 0.6983299851417542 0.33069300651550293 0.020437002182006836 0.07438701391220093
1 0.6911579966545105 0.25616100430488586 0.011765003204345703 0.036563992500305176
1 0.41881701350212097 0.1394360065460205 0.022557973861694336 0.06476199626922607
1 0.3178290128707886 0.31356000900268555 0.025188028812408447 0.07735902070999146
1 0.5803170204162598 0.8516989946365356 0.019400954246520996 0.06324398517608643
