1 0.15933899581432343 0.513959988951683 0.05198100209236145 0.0864739716053009
1 0.2833369970321655 0.4882020056247711 0.06356197595596313 0.07475298643112183
1 0.24834098666906357 0.8164529800415039 0.04418899118900299 0.06364405155181885
1 0.3459799885749817 0.7940790057182312 0.03932899236679077 0.06752800941467285
1 0.43707698583602905 0.8847939968109131 0.023002982139587402 0.05782198905944824
1 0.7785739898681641 0.8354550004005432 0.060096025466918945 0.06134998798370361
1 0.8569560050964355 0.805305004119873 0.050909996032714844 0.05580699443817139
1 0.9725000262260437 0.5493329763412476 0.05299997329711914 0.08000004291534424
1 0.7340559959411621 0.7051910161972046 0.05418896675109863 0.06387698650360107
1 0.6257920265197754 0.5234839916229248 0.0355839729309082 0.046125054359436035
1 0.6571599841117859 0.20580600202083588 0.036862969398498535 0.05414798855781555
1 0.5799059867858887 0.22532400488853455 0.04258394241333008 0.04628801345825195
1 0.5958420038223267 0.12377800047397614 0.038002967834472656 0.05817100405693054
1 0.23309000581502914 0.1939380019903183 0.06965501606464386 0.07755899429321289
1 0.221110001206398 0.10839500278234482 0.07839998602867126 0.09907899796962738
