1 0.8045539855957031 0.9403719902038574 0.024696946144104004 0.04608595371246338
1 0.8283259868621826 0.8494259715080261 0.015928030014038086 0.024685978889465332
1 0.4465410113334656 0.671271026134491 0.02774202823638916 0.06153297424316406
1 0.3776960074901581 0.5659509897232056 0.023468971252441406 0.03630697727203369
1 0.4206399917602539 0.3049919903278351 0.0369420051574707 0.04143601655960083
1 0.8939419984817505 0.19713899493217468 0.0125960111618042 0.03690299391746521
1 0.38084501028060913 0.9668130278587341 0.03145700693130493 0.05764901638031006
1 0.2974349856376648 0.9482290148735046 0.03603297472000122 0.038601040840148926
1 0.2400049939751625 0.8332849740982056 0.02334199845790863 0.033529043197631836
1 0.6824470162391663 0.5524920225143433 0.06591200828552246 0.11274802684783936
1 0.5573670268058777 0.5281029939651489 0.032781004905700684 0.03559696674346924
