1 0.25950300693511963 0.11332400143146515 0.030144989490509033 0.03356599807739258
1 0.230103000998497 0.36556100845336914 0.0271570086479187 0.03620898723602295
1 0.24852199852466583 0.576092004776001 0.018086999654769897 0.02014005184173584
1 0.20108899474143982 0.5917940139770508 0.04116299748420715 0.0376509428024292
1 0.2232780009508133 0.7496269941329956 0.02814498543739319 0.03355097770690918
1 0.1732030063867569 0.9620220065116882 0.02819201350212097 0.04421699047088623
1 0.17312000691890717 0.37000301480293274 0.017098993062973022 0.022799015045166016
1 0.3891040086746216 0.7083389759063721 0.028168976306915283 0.03888404369354248
1 0.40342700481414795 0.89690101146698 0.03513997793197632 0.03227102756500244
1 0.410724014043808 0.9648470282554626 0.029163002967834473 0.03755795955657959
1 0.4112659990787506 0.5161610245704651 0.03414499759674072 0.03359699249267578
1 0.6856499910354614 0.6020349860191345 0.04814505577087402 0.033705949783325195
1 0.6634129881858826 0.20419399440288544 0.0330810546875 0.018923014402389526
