1 0.525426983833313 0.7541099786758423 0.010704994201660156 0.015287995338439941
1 0.5783759951591492 0.7480369806289673 0.029371023178100586 0.05101001262664795
1 0.5756719708442688 0.36606600880622864 0.010282039642333984 0.027225971221923828
0 0.8682640194892883 0.570123016834259 0.03992199897766113 0.04235994815826416
0 0.6974760293960571 0.5655350089073181 0.02111494541168213 0.04517996311187744
0 0.6743599772453308 0.5560749769210815 0.03024303913116455 0.04840505123138428
0 0.580256998538971 0.5315089821815491 0.027217984199523926 0.026947975158691406
0 0.45507198572158813 0.5484750270843506 0.01792198419570923 0.04099404811859131
0 0.43091198801994324 0.5503180027008057 0.011986970901489258 0.04195404052734375
0 0.4260779917240143 0.5152480006217957 0.04008901119232178 0.025089025497436523
0 0.33091700077056885 0.5126810073852539 0.034152984619140625 0.026049017906188965
0 0.3060010075569153 0.5198270082473755 0.01624298095703125 0.04753601551055908
0 0.24597599357366562 0.5374959707260132 0.020883992314338684 0.06111800670623779
0 0.2105720043182373 0.5332909822463989 0.018281996250152588 0.02772200107574463
0 0.190078005194664 0.5005920082330704 0.01770499348640442 0.015722006559371948
0 0.16144299507141113 0.48076000809669495 0.014306992292404175 0.04874497652053833
0 0.13668599724769592 0.48457200825214386 0.034922003746032715 0.042049020528793335
0 0.11184699833393097 0.531840980052948 0.03624299168586731 0.04877805709838867
