1 0.3107059895992279 0.03430400136858225 0.020392000675201416 0.05296400003135204
1 0.6767380237579346 0.15002000331878662 0.038583993911743164 0.09202200174331665
1 0.4389899969100952 0.4449790120124817 0.017745018005371094 0.029335975646972656
1 0.5191640257835388 0.48027798533439636 0.016708970069885254 0.023773014545440674
1 0.6351310014724731 0.6652780175209045 0.0385359525680542 0.07397496700286865
1 0.5395309925079346 0.7281010150909424 0.028746962547302246 0.0308380126953125
1 0.5535380244255066 0.8544049859046936 0.017282962799072266 0.03627300262451172
1 0.5351859927177429 0.948390007019043 0.03724503517150879 0.06285595893859863
1 0.6198009848594666 0.9357029795646667 0.023661017417907715 0.039114952087402344
1 0.7301880121231079 0.8629999756813049 0.021762967109680176 0.04881298542022705
1 0.687745988368988 0.755748987197876 0.02367699146270752 0.022457003593444824
1 0.8094850182533264 0.9302679896354675 0.02790200710296631 0.029440999031066895
