1 0.06321399658918381 0.3823559880256653 0.025776997208595276 0.08279502391815186
1 0.29965001344680786 0.5184260010719299 0.043431997299194336 0.05345797538757324
1 0.4921930134296417 0.36739200353622437 0.024805009365081787 0.0632370114326477
1 0.4731130003929138 0.25680599361658096 0.019886016845703125 0.03894500434398651
1 0.697363018989563 0.14776499569416046 0.059385061264038086 0.08905899524688721
1 0.9572820067405701 0.3249349892139435 0.024695992469787598 0.05212599039077759
1 0.9732499718666077 0.3177500069141388 0.01290905475616455 0.04348099231719971
1 0.9132540225982666 0.4224259853363037 0.020802974700927734 0.052947998046875
1 0.437265008687973 0.6695320010185242 0.018378019332885742 0.044273972511291504
1 0.5733450055122375 0.6643880009651184 0.0212709903717041 0.021116971969604492
1 0.6494079828262329 0.6422230005264282 0.02369701862335205 0.029790043830871582
1 0.7268589735031128 0.6817499995231628 0.015171051025390625 0.03548705577850342
1 0.8458700180053711 0.6512659788131714 0.053411006927490234 0.03687596321105957
1 0.9559469819068909 0.7069219946861267 0.0221480131149292 0.030951976776123047
1 0.9240620136260986 0.8061280250549316 0.03478395938873291 0.04665493965148926
1 0.1911340057849884 0.6217979788780212 0.054587990045547485 0.07726705074310303
1 0.17203499376773834 0.7483569979667664 0.023420006036758423 0.08106601238250732
1 0.7067610025405884 0.5073309987783432 0.024132966995239258 0.0742349922657013
1 0.021197000984102488 0.8043230175971985 0.027067000977694988 0.05524396896362305
