1 0.6300860047340393 0.14163899421691895 0.029651999473571777 0.022457987070083618
1 0.6494989991188049 0.2376130148768425 0.017426013946533203 0.047287002205848694
1 0.6313089728355408 0.3614259958267212 0.013466954231262207 0.0484660267829895
1 0.6884629726409912 0.5321099758148193 0.026530027389526367 0.018342018127441406
1 0.6805279850959778 0.8607450127601624 0.031182050704956055 0.03983104228973389
0 0.5436310172080994 0.2541469931602478 0.054710984230041504 0.058055996894836426
0 0.5463680028915405 0.6051700115203857 0.03078901767730713 0.125046968460083
0 0.5241900086402893 0.6802200078964233 0.03064894676208496 0.0877530574798584
0 0.5705410242080688 0.807869017124176 0.08058595657348633 0.12032103538513184
0 0.5586150288581848 0.9405810236930847 0.022178053855895996 0.1047370433807373
0 0.5814999938011169 0.9819999933242798 0.03900003433227539 0.0333329439163208
0 0.5154999941587448 0.9853330254554749 0.034999996423721313 0.026666998863220215
1 0.496752992272377 0.6485249996185303 0.026344984769821167 0.044970035552978516
