1 0.6605310142040253 0.47325098514556885 0.04183602333068848 0.018181979656219482
1 0.45291900634765625 0.6136829853057861 0.03766202926635742 0.017223000526428223
1 0.8367439955472946 0.7511619925498962 0.03900200128555298 0.012595057487487793
1 0.7417899891734123 0.8044059872627258 0.027939006686210632 0.01680898666381836
1 0.7991340011358261 0.8976230025291443 0.028028011322021484 0.02540302276611328
1 0.1439949870109558 0.7510150074958801 0.030830025672912598 0.027865052223205566
1 0.39380502700805664 0.22184599936008453 0.0168609619140625 0.01945999264717102
1 0.36312800645828247 0.23486700654029846 0.04471898078918457 0.02845698595046997
1 0.6537019908428192 0.05966300331056118 0.06693297624588013 0.028623003512620926
1 0.6648530066013336 0.12244100496172905 0.04332202672958374 0.027616001665592194
1 0.763157993555069 0.08076699823141098 0.03077399730682373 0.022395998239517212
1 0.9256249964237213 0.07696600258350372 0.030790001153945923 0.023958995938301086
1 0.014582991600036621 0.48750001192092896 0.026389002799987793 0.012499988079071045
1 0.32681500911712646 0.8599680066108704 0.01816105842590332 0.010926008224487305
