1 0.5464940071105957 0.5986709892749786 0.017087996006011963 0.044048011302948
1 0.41822898387908936 0.37331700325012207 0.016239047050476074 0.03976702690124512
1 0.258014976978302 0.7363989874720573 0.011574029922485352 0.040476009249687195
1 0.21034198999404907 0.6348119974136353 0.016080021858215332 0.030044972896575928
1 0.11368399858474731 0.6792570054531097 0.024672985076904297 0.03129202127456665
1 0.29904597997665405 0.04765200614929199 0.02706301212310791 0.03440999984741211
1 0.8137950003147125 0.36737602949142456 0.019023001194000244 0.01938796043395996
1 0.8025760054588318 0.3351200222969055 0.027289986610412598 0.04829895496368408
1 0.9607379995286465 0.6476480066776276 0.026872001588344574 0.07040798664093018
1 0.8972639963030815 0.6502699851989746 0.026485994458198547 0.046796977519989014
1 0.9331609979271889 0.7536289915442467 0.021594002842903137 0.03361700475215912
1 0.927377000451088 0.9156749993562698 0.023156002163887024 0.03384299576282501
1 0.1792370080947876 0.21473002433776855 0.010452032089233398 0.019528985023498535
