1 0.21860399842262268 0.3782689869403839 0.025474995374679565 0.03495502471923828
1 0.19303299486637115 0.4965919852256775 0.028091996908187866 0.0421910285949707
1 0.41443899273872375 0.39719098806381226 0.028442025184631348 0.09060800075531006
1 0.4112589955329895 0.5957720279693604 0.017755985260009766 0.056108951568603516
1 0.5277519822120667 0.7431899905204773 0.02178800106048584 0.04002499580383301
1 0.3097969889640808 0.8205289840698242 0.036379992961883545 0.07501006126403809
1 0.9910159707069397 0.7486109733581543 0.016405940055847168 0.10555601119995117
1 0.6924170255661011 0.13932499662041664 0.025022029876708984 0.043191008269786835
1 0.9277089834213257 0.21335500478744507 0.04152095317840576 0.06735599040985107
1 0.16381500661373138 0.6718930006027222 0.02318599820137024 0.03605294227600098
1 0.33494800329208374 0.4719720035791397 0.01646602153778076 0.06285902857780457
1 0.3815929889678955 0.44035300612449646 0.023240983486175537 0.037442028522491455
1 0.26968300342559814 0.4493800103664398 0.05371499061584473 0.10066002607345581
