1 0.5265679955482483 0.20123499631881714 0.040930986404418945 0.0432870090007782
1 0.5007860064506531 0.028243000619113445 0.0368729829788208 0.04055900312960148
1 0.5166559815406799 0.640870988368988 0.025611042976379395 0.028388023376464844
1 0.5095139890909195 0.6803280115127563 0.025989025831222534 0.04572105407714844
1 0.39575499296188354 0.7847939729690552 0.021988987922668457 0.04565894603729248
1 0.30394798517227173 0.8409039974212646 0.025873005390167236 0.04038798809051514
1 0.3321300148963928 0.940500020980835 0.02593100070953369 0.043055057525634766
1 0.25582200288772583 0.3774929940700531 0.03752398490905762 0.024573981761932373
1 0.3182179927825928 0.2571519985795021 0.029668986797332764 0.03111700713634491
1 0.28525400161743164 0.16763299703598022 0.029757022857666016 0.035117000341415405
1 0.7655990123748779 0.13017000630497932 0.04813504219055176 0.05272900313138962
1 0.8046919703483582 0.29428601264953613 0.02875697612762451 0.03510099649429321
1 0.7572969794273376 0.597790002822876 0.022698044776916504 0.03234100341796875
1 0.7704309821128845 0.7182940244674683 0.02761101722717285 0.028419017791748047
1 0.8320980072021484 0.633309006690979 0.028727054595947266 0.0337679386138916
1 0.8332170248031616 0.9367280006408691 0.05410599708557129 0.05148899555206299
