1 0.14127400517463684 0.4250490069389343 0.02704000473022461 0.03773200511932373
1 0.19335800409317017 0.42770200967788696 0.022872984409332275 0.037518978118896484
1 0.12435999885201454 0.46597298979759216 0.03895699232816696 0.02795201539993286
1 0.1473429948091507 0.5219870209693909 0.020790010690689087 0.03741300106048584
1 0.1225539930164814 0.5729560256004333 0.03537299484014511 0.03815603256225586
1 0.19866099953651428 0.6316760182380676 0.03449898958206177 0.02253103256225586
1 0.4173460006713867 0.5879709720611572 0.03270697593688965 0.027632951736450195
1 0.41234099864959717 0.5093690007925034 0.03033202886581421 0.022318989038467407
1 0.3191010057926178 0.4954789876937866 0.030768990516662598 0.030130982398986816
1 0.2924039959907532 0.50587098300457 0.024664998054504395 0.032416969537734985
1 0.27039000391960144 0.451213002204895 0.028393983840942383 0.02481698989868164
1 0.26828500628471375 0.4328239858150482 0.022144019603729248 0.02449899911880493
1 0.693015992641449 0.8514189720153809 0.03343498706817627 0.04065394401550293
1 0.8252639770507812 0.6348639726638794 0.030915021896362305 0.03273594379425049
1 0.8814849853515625 0.6755949854850769 0.018268942832946777 0.0294950008392334
1 0.8726119995117188 0.535423994064331 0.02228999137878418 0.027102947235107422
1 0.8548089861869812 0.5175409913063049 0.022436022758483887 0.029706954956054688
0 0.6677680015563965 0.5184610038995743 0.10001397132873535 0.11675402522087097
