1 0.4254570007324219 0.28127700090408325 0.04030698537826538 0.051347970962524414
1 0.5362489819526672 0.2948310077190399 0.02853405475616455 0.04457896947860718
1 0.2448360025882721 0.04555400088429451 0.029233992099761963 0.03632599860429764
1 0.23111200332641602 0.012900000903755426 0.02154400944709778 0.025799001567065716
1 0.2716189920902252 0.7024790048599243 0.03708702325820923 0.04130196571350098
1 0.3609730005264282 0.4839860051870346 0.024737000465393066 0.0552850067615509
1 0.36579498648643494 0.8157690167427063 0.037181973457336426 0.05102396011352539
1 0.4567739963531494 0.7229310274124146 0.03637397289276123 0.04816603660583496
1 0.47665300965309143 0.8758909702301025 0.04021197557449341 0.0416259765625
1 0.30540600419044495 0.9575759768486023 0.04473602771759033 0.02544403076171875
1 0.6680750250816345 0.419515997171402 0.017418980598449707 0.025390982627868652
1 0.691851019859314 0.4914349913597107 0.0168149471282959 0.0433650016784668
1 0.7387639880180359 0.41080600023269653 0.01822805404663086 0.028249025344848633
