1 0.6638110280036926 0.17858800292015076 0.023414015769958496 0.03883001208305359
1 0.6022560000419617 0.39208799600601196 0.02227795124053955 0.030399978160858154
1 0.5050070285797119 0.5678889751434326 0.031736016273498535 0.0882190465927124
1 0.3578610122203827 0.4466469883918762 0.021081984043121338 0.02058100700378418
1 0.32002100348472595 0.7145320177078247 0.02303600311279297 0.0664139986038208
1 0.346560001373291 0.7209039926528931 0.02215898036956787 0.027621984481811523
1 0.8739849925041199 0.7810559868812561 0.022987961769104004 0.04706704616546631
1 0.5780389904975891 0.8143929839134216 0.03424501419067383 0.019454002380371094
1 0.08525499701499939 0.7893069982528687 0.0165490061044693 0.06008195877075195
1 0.1906760036945343 0.7499529719352722 0.01493901014328003 0.04053997993469238
