1 0.4622890055179596 0.342507004737854 0.05986601114273071 0.06132298707962036
1 0.6918410062789917 0.1594729982316494 0.06319093704223633 0.08450699597597122
1 0.6796870231628418 0.03805600106716156 0.07104003429412842 0.07611200213432312
1 0.21910199522972107 0.29875001311302185 0.05681401491165161 0.06938999891281128
1 0.2290399968624115 0.4123989939689636 0.05063599348068237 0.07718896865844727
1 0.1557839959859848 0.3978410065174103 0.06931400299072266 0.07045799493789673
1 0.4195530116558075 0.856194019317627 0.0742189884185791 0.09585797786712646
1 0.44848600029945374 0.9401159882545471 0.07064002752304077 0.043508052825927734
1 0.634024977684021 0.7910289764404297 0.04894697666168213 0.062471985816955566
1 0.6682639718055725 0.7142000198364258 0.06004798412322998 0.08215701580047607
1 0.7388219833374023 0.5905510187149048 0.04582202434539795 0.062204957008361816
