1 0.34028899669647217 0.38294899463653564 0.04890799522399902 0.038767993450164795
1 0.6245020031929016 0.11056500300765038 0.03490805625915527 0.03757200390100479
1 0.6455129981040955 0.3032650053501129 0.0291520357131958 0.04639202356338501
1 0.6312860250473022 0.5029320120811462 0.035943031311035156 0.03899097442626953
1 0.3882080018520355 0.8220670223236084 0.029559016227722168 0.023810982704162598
1 0.7989540100097656 0.9236810207366943 0.03190803527832031 0.0373150110244751
1 0.8079760074615479 0.6776720285415649 0.02901303768157959 0.041059017181396484
1 0.8650749921798706 0.6672509908676147 0.017629027366638184 0.02545297145843506
1 0.7787669897079468 0.45766401290893555 0.019559025764465332 0.022957026958465576
1 0.830452024936676 0.45010700821876526 0.03797805309295654 0.04049497842788696
1 0.8061919808387756 0.2857309877872467 0.029907941818237305 0.037145018577575684
1 0.8479710221290588 0.09041400253772736 0.027943015098571777 0.03830699622631073
