1 0.6176789999008179 0.7672010064125061 0.028362035751342773 0.04812800884246826
1 0.6650509834289551 0.9141200184822083 0.02410602569580078 0.03232395648956299
1 0.779994010925293 0.8319900035858154 0.013519048690795898 0.046128034591674805
1 0.8709110021591187 0.907929003238678 0.022112011909484863 0.047286033630371094
1 0.7941409945487976 0.9847220182418823 0.024219036102294922 0.027778029441833496
1 0.9421700239181519 0.7887610197067261 0.023929953575134277 0.058608055114746094
1 0.9760010242462158 0.8376250267028809 0.03136003017425537 0.04299294948577881
1 0.9924929738044739 0.6736950278282166 0.010920047760009766 0.03470194339752197
1 0.8488789796829224 0.23550699651241302 0.04492795467376709 0.05728301405906677
1 0.3651750087738037 0.1315770037472248 0.020183026790618896 0.06502600759267807
