1 0.24741100519895554 0.007799999788403511 0.030760005116462708 0.015599999576807022
1 0.42901700735092163 0.2622010111808777 0.015097975730895996 0.04073399305343628
1 0.5756499767303467 0.08759599924087524 0.026062965393066406 0.04626099765300751
1 0.6018540263175964 0.1489740014076233 0.011955022811889648 0.03756800293922424
1 0.595770001411438 0.593146026134491 0.02361905574798584 0.030691027641296387
1 0.5244619846343994 0.5095750093460083 0.04161500930786133 0.037091970443725586
1 0.5291500091552734 0.6285340189933777 0.04786503314971924 0.03786897659301758
1 0.4793280065059662 0.8411449790000916 0.017405986785888672 0.035470008850097656
1 0.5013170391321182 0.9155570268630981 0.015053004026412964 0.033789992332458496
1 0.3422049880027771 0.7365649938583374 0.019776999950408936 0.03992795944213867
