1 0.3582969903945923 0.5747950077056885 0.011524021625518799 0.0135040283203125
1 0.3680489957332611 0.6446859836578369 0.03841501474380493 0.03657400608062744
1 0.6524479985237122 0.6122570037841797 0.020472049713134766 0.012310028076171875
0 0.5158140063285828 0.7891499996185303 0.033995985984802246 0.025845050811767578
0 0.5205820202827454 0.7577229738235474 0.03646695613861084 0.037876009941101074
0 0.5296030044555664 0.6308389902114868 0.0203629732131958 0.03496098518371582
0 0.5046049803495407 0.46579301357269287 0.030838996171951294 0.021799027919769287
0 0.5008469671010971 0.43383198976516724 0.03152397274971008 0.013813972473144531
0 0.5265060067176819 0.4247620105743408 0.019044041633605957 0.05226397514343262
0 0.5190280079841614 0.2981339991092682 0.019729018211364746 0.04427897930145264
0 0.5112440139055252 0.26556798815727234 0.03573402762413025 0.019209980964660645
0 0.49215199053287506 0.1871500015258789 0.045942991971969604 0.024697989225387573
0 0.4917909950017929 0.13979299366474152 0.0208909809589386 0.022976994514465332
0 0.5141379833221436 0.11009500175714493 0.011891007423400879 0.022836998105049133
0 0.526091992855072 0.07055200077593327 0.03662896156311035 0.016559001058340073
0 0.5208079814910889 0.037948000244796276 0.03172898292541504 0.04446499980986118
0 0.4837859869003296 0.01639300025999546 0.03757202625274658 0.03278600051999092
