1 0.5129089951515198 0.3637629747390747 0.022162973880767822 0.038699984550476074
1 0.5712310075759888 0.5154320001602173 0.028075993061065674 0.019071996212005615
1 0.5359790027141571 0.23169898986816406 0.017185986042022705 0.04372203350067139
1 0.5064910054206848 0.11622899770736694 0.027127981185913086 0.031010031700134277
1 0.5013310015201569 0.1532059907913208 0.019156992435455322 0.03717994689941406
1 0.3610450029373169 0.6857759952545166 0.023180007934570312 0.04276198148727417
1 0.3570290207862854 0.9186289999634027 0.02520895004272461 0.04955299571156502
1 0.3329949975013733 0.928118996322155 0.02317500114440918 0.04142799973487854
1 0.5531519949436188 0.8784570023417473 0.023140013217926025 0.033427998423576355
1 0.5569219887256622 0.7016040086746216 0.01319199800491333 0.04480701684951782
