1 0.4142790138721466 0.520546019077301 0.024178028106689453 0.06683599948883057
1 0.4054439961910248 0.012315000407397747 0.02743297815322876 0.024630000814795494
1 0.6610249876976013 0.5771459937095642 0.05476701259613037 0.09583497047424316
1 0.790772020816803 0.5472279787063599 0.035035014152526855 0.08764803409576416
1 0.14755800366401672 0.6083070039749146 0.026652008295059204 0.049201011657714844
1 0.1378750056028366 0.7906720042228699 0.02468898892402649 0.03787994384765625
1 0.7215129733085632 0.22553400695323944 0.045382022857666016 0.029610008001327515
1 0.29280099272727966 0.20243099331855774 0.04378998279571533 0.050128012895584106
1 0.5868840217590332 0.33696499466896057 0.016144990921020508 0.03811103105545044
1 0.1652889996767044 0.8173859715461731 0.04724499583244324 0.038154006004333496
1 0.1571269929409027 0.9359679818153381 0.016496002674102783 0.04783296585083008
1 0.08705099672079086 0.5722290277481079 0.043960005044937134 0.07641100883483887
