1 0.43990200757980347 0.4702579975128174 0.0338670015335083 0.0186079740524292
1 0.09517700225114822 0.37949299812316895 0.03844499588012695 0.032067060470581055
1 0.008343000430613756 0.4144120216369629 0.016685000620782375 0.011636018753051758
1 0.017779000103473663 0.484233021736145 0.03555800020694733 0.0156019926071167
1 0.3444480001926422 0.29961299896240234 0.03150099515914917 0.031770944595336914
1 0.6073840260505676 0.3248639702796936 0.04802203178405762 0.0277940034866333
1 0.9466480016708374 0.5078519880771637 0.052333950996398926 0.03265899419784546
1 0.9200069904327393 0.5656229853630066 0.019929051399230957 0.016453981399536133
1 0.9140400290489197 0.7756370007991791 0.028141021728515625 0.012903004884719849
1 0.6068710088729858 0.6435610055923462 0.046463966369628906 0.022266030311584473
1 0.21138300001621246 0.36962199211120605 0.029675990343093872 0.017649054527282715
