1 0.2997339963912964 0.5494329929351807 0.024479985237121582 0.06314897537231445
1 0.44369998574256897 0.8982009887695312 0.048047006130218506 0.05012798309326172
1 0.6229559779167175 0.8974720239639282 0.025331974029541016 0.04662799835205078
1 0.4098469913005829 0.8183540105819702 0.03272998332977295 0.03763401508331299
1 0.647113025188446 0.4779149740934372 0.05602598190307617 0.07300499081611633
1 0.801967978477478 0.37800198793411255 0.02899003028869629 0.05941897630691528
1 0.8333079814910889 0.28679901361465454 0.023414015769958496 0.03814899921417236
1 0.8869749903678894 0.4814389795064926 0.03302597999572754 0.044577986001968384
1 0.4278700053691864 0.11028200015425682 0.030386030673980713 0.03741500526666641
1 0.02223500143736601 0.7020630240440369 0.036932000890374184 0.04494202136993408
1 0.19786599278450012 0.9519889950752258 0.02839800715446472 0.045529961585998535
