1 0.6661369800567627 0.12339599803090096 0.02294301986694336 0.030807994306087494
1 0.6686760187149048 0.0634469985961914 0.019736051559448242 0.022247999906539917
1 0.6381840109825134 0.2623229920864105 0.01603400707244873 0.04279899597167969
1 0.6449609994888306 0.3952609896659851 0.01131904125213623 0.03968101739883423
1 0.6387810111045837 0.6417160034179688 0.023764967918395996 0.03503096103668213
1 0.6555950045585632 0.721805989742279 0.029356002807617188 0.047927021980285645
1 0.5434499979019165 0.885595977306366 0.027284979820251465 0.07553493976593018
1 0.4074540138244629 0.5709109902381897 0.017542004585266113 0.037356019020080566
1 0.4711959958076477 0.5336319804191589 0.036306023597717285 0.04010295867919922
1 0.36205899715423584 0.16766099631786346 0.04630798101425171 0.10467100143432617
1 0.5676159858703613 0.16180500388145447 0.036347031593322754 0.04427000880241394
