1 0.7737240195274353 0.1971849948167801 0.036944031715393066 0.05649098753929138
1 0.8322749733924866 0.19234299659729004 0.03650796413421631 0.04086598753929138
1 0.8873379826545715 0.20036399364471436 0.04290294647216797 0.046393007040023804
1 0.6248379945755005 0.18699400126934052 0.03873705863952637 0.04618099331855774
1 0.4919770061969757 0.16327500343322754 0.04312199354171753 0.054206013679504395
1 0.06215599924325943 0.1648540049791336 0.04283100366592407 0.04378899931907654
1 0.03394800145179033 0.09170100092887878 0.036653002724051476 0.0460750013589859
1 0.3795439898967743 0.3792180120944977 0.047869980335235596 0.07525098323822021
1 0.6737899780273438 0.41376399993896484 0.04125702381134033 0.06191200017929077
1 0.5058169811964035 0.7507519721984863 0.04118397831916809 0.05930805206298828
1 0.5522819757461548 0.693136990070343 0.04355800151824951 0.0698310136795044
1 0.08921299874782562 0.6525999903678894 0.06208999454975128 0.0629730224609375
1 0.26689499616622925 0.9015740156173706 0.0214880108833313 0.024498939514160156
1 0.4035220146179199 0.9398279786109924 0.02594602108001709 0.035127997398376465
1 0.42806199193000793 0.9202150106430054 0.02342599630355835 0.019395947456359863
1 0.629127025604248 0.9669659733772278 0.023717045783996582 0.029813051223754883
1 0.7066100239753723 0.9565690159797668 0.031831979751586914 0.022425055503845215
