1 0.35402199625968933 0.07141599990427494 0.047541022300720215 0.10050500556826591
1 0.4530079960823059 0.4316900074481964 0.03748297691345215 0.035992980003356934
1 0.38972800970077515 0.47024500370025635 0.018764972686767578 0.03602397441864014
1 0.5587409734725952 0.0551999993622303 0.03676497936248779 0.03871399909257889
1 0.6570500135421753 0.01965300040319562 0.022415995597839355 0.02519600000232458
1 0.625461995601654 0.15574699640274048 0.01260995864868164 0.0397379994392395
1 0.6278110146522522 0.2914620041847229 0.01267397403717041 0.04251599311828613
1 0.6151459813117981 0.5378040075302124 0.023419976234436035 0.03497505187988281
1 0.6318809986114502 0.6073079705238342 0.033895015716552734 0.0495990514755249
1 0.51493901014328 0.7752360105514526 0.02840900421142578 0.08247995376586914
