1 0.3771350085735321 0.3097119927406311 0.04370301961898804 0.05448198318481445
1 0.35394400358200073 0.1629520058631897 0.049456000328063965 0.07326799631118774
1 0.373771995306015 0.2367900013923645 0.058476030826568604 0.06709098815917969
1 0.7639690041542053 0.10245499759912491 0.017045974731445312 0.02512100338935852
1 0.8148319721221924 0.009379000402987003 0.020051956176757812 0.018758000805974007
1 0.8421639800071716 0.02056300127878785 0.016571998596191406 0.01678800117224455
1 0.8738430142402649 0.2204049974679947 0.016571998596191406 0.016788005828857422
1 0.8783429861068726 0.3683519959449768 0.012357950210571289 0.025084972381591797
1 0.8132820129394531 0.9013829827308655 0.012949943542480469 0.035501956939697266
1 0.8770009875297546 0.9498689770698547 0.012357950210571289 0.025084972381591797
1 0.8994330167770386 0.9319779872894287 0.018252968788146973 0.01888298988342285
0 0.4654049873352051 0.3913559913635254 0.05206102132797241 0.11910098791122437
