1 0.41449999809265137 0.6372449994087219 0.06821399927139282 0.045243024826049805
1 0.503245010972023 0.6960030198097229 0.024373024702072144 0.02637004852294922
1 0.41057300567626953 0.34143900871276855 0.026980996131896973 0.06691497564315796
1 0.364874005317688 0.27577099204063416 0.018940985202789307 0.03130298852920532
1 0.5555310249328613 0.2926270067691803 0.03304898738861084 0.03984898328781128
1 0.866117000579834 0.6803560256958008 0.019758939743041992 0.036947011947631836
1 0.8974310159683228 0.7339609861373901 0.01741504669189453 0.036679983139038086
1 0.9413170218467712 0.8376449942588806 0.028406977653503418 0.04625999927520752
1 0.13211800158023834 0.8378869891166687 0.028360992670059204 0.039314985275268555
1 0.24740198999643326 0.962909996509552 0.02288399636745453 0.03730297088623047
1 0.3098849952220917 0.7337409853935242 0.032531023025512695 0.08003795146942139
1 0.4103600084781647 0.2545439898967743 0.04270601272583008 0.0839729905128479
