1 0.265049010515213 0.09320300072431564 0.03174799680709839 0.03589700162410736
1 0.24776500463485718 0.34780898690223694 0.02888798713684082 0.038307011127471924
1 0.27631300687789917 0.5569810271263123 0.019048988819122314 0.02153801918029785
1 0.22961700707674026 0.5763729810714722 0.042958006262779236 0.04083704948425293
1 0.2594040110707283 0.7325360178947449 0.029748007655143738 0.035725951194763184
1 0.21952199935913086 0.9488930106163025 0.030308008193969727 0.046391963958740234
1 0.19097499549388885 0.3566800057888031 0.01818901300430298 0.024119019508361816
1 0.4233059883117676 0.6783519983291626 0.03002798557281494 0.041059017181396484
1 0.4467009902000427 0.8658649921417236 0.0366780161857605 0.03499102592468262
1 0.45726698637008667 0.9332669973373413 0.03095799684524536 0.039811015129089355
1 0.4362359941005707 0.48438701033592224 0.03574800491333008 0.036238014698028564
1 0.714851975440979 0.5489749908447266 0.04974794387817383 0.037435054779052734
1 0.6734790205955505 0.15272699296474457 0.033979058265686035 0.021486014127731323
