1 0.29694700241088867 0.3837380111217499 0.05930900573730469 0.056733012199401855
1 0.30699801445007324 0.749243974685669 0.054997026920318604 0.05397796630859375
1 0.2660309970378876 0.9088839888572693 0.055871009826660156 0.06960296630859375
1 0.3219969868659973 0.589959979057312 0.030768990516662598 0.029706954956054688
1 0.27914300560951233 0.5858020186424255 0.06435000896453857 0.0725100040435791
1 0.4758870005607605 0.5162910223007202 0.0442889928817749 0.04839003086090088
1 0.49131499230861664 0.8664000034332275 0.04414299130439758 0.04578602313995361
1 0.5018619894981384 0.9434499740600586 0.03624701499938965 0.05329596996307373
1 0.5052080303430557 0.9882810115814209 0.04375001788139343 0.018229007720947266
1 0.7522779703140259 0.6069089770317078 0.05053901672363281 0.04861795902252197
