1 0.5169900059700012 0.4629240036010742 0.03394496440887451 0.04187297821044922
1 0.33707600831985474 0.6549220085144043 0.018007993698120117 0.01826798915863037
1 0.32424500584602356 0.5680099725723267 0.017265021800994873 0.03478896617889404
1 0.4011250138282776 0.502590999007225 0.018212974071502686 0.022434979677200317
1 0.27707600593566895 0.6603919863700867 0.014101028442382812 0.017904043197631836
1 0.24526900053024292 0.7251719832420349 0.013906002044677734 0.045536041259765625
1 0.1968809962272644 0.6584500074386597 0.027148008346557617 0.030179977416992188
1 0.9618459939956665 0.7400910258293152 0.02249002456665039 0.014538049697875977
1 0.9890620112419128 0.6784719824790955 0.020313024520874023 0.03194403648376465
1 0.4876610040664673 0.072393998503685 0.011454999446868896 0.02733500301837921
