1 0.7303109765052795 0.6857550144195557 0.040107011795043945 0.028059005737304688
1 0.4223789870738983 0.038155000656843185 0.024757027626037598 0.019009999930858612
1 0.4608460068702698 0.5878350138664246 0.028397977352142334 0.03388702869415283
1 0.4514710009098053 0.7726119756698608 0.025340020656585693 0.03234398365020752
1 0.4707750082015991 0.9520819783210754 0.026340007781982422 0.03241395950317383
1 0.24950000643730164 0.9933329820632935 0.027000010013580322 0.010666966438293457
1 0.2891309857368469 0.7991520166397095 0.023397982120513916 0.03353703022003174
1 0.30630600452423096 0.7358829975128174 0.019572973251342773 0.037258028984069824
1 0.29440799355506897 0.7031490206718445 0.031989991664886475 0.024832963943481445
1 0.25849101692438126 0.6454749703407288 0.029398009181022644 0.03395700454711914
1 0.2764970064163208 0.43006300926208496 0.024281024932861328 0.030941009521484375
1 0.2905769944190979 0.18181000649929047 0.02222299575805664 0.029466986656188965
