1 0.44763797521591187 0.5750370025634766 0.059481024742126465 0.032637953758239746
1 0.4451500177383423 0.7158089876174927 0.05059504508972168 0.046154022216796875
1 0.47467702627182007 0.8619740009307861 0.06381797790527344 0.03441905975341797
1 0.4910460114479065 0.9161149859428406 0.055824995040893555 0.037106990814208984
1 0.4878780245780945 0.9736379981040955 0.05875802040100098 0.045027971267700195
1 0.21483498811721802 0.7750309705734253 0.05756795406341553 0.03409099578857422
1 0.16547197103500366 0.9182609915733337 0.05391097068786621 0.03856003284454346
1 0.17714399099349976 0.6308649778366089 0.07631802558898926 0.03507399559020996
1 0.19340801239013672 0.4626559913158417 0.05357098579406738 0.0354350209236145
1 0.20101898908615112 0.2823300063610077 0.06173503398895264 0.03430896997451782
1 0.11585700511932373 0.48165199160575867 0.0443880558013916 0.027185022830963135
1 0.44642800092697144 0.11153200268745422 0.05289101600646973 0.029184997081756592
1 0.3690260052680969 0.1415189951658249 0.047830939292907715 0.03979399800300598
1 0.38922202587127686 0.07681799493730068 0.051148056983947754 0.03219999745488167
1 0.5007010102272034 0.061542998999357224 0.06364798545837402 0.03285599499940872
1 0.8305460065603256 0.628026008605957 0.07181099057197571 0.0317310094833374
