1 0.7450879812240601 0.6241369843482971 0.0256270170211792 0.05627405643463135
1 0.4412359893321991 0.09793899580836296 0.03513997793197632 0.06756899505853653
1 0.19565199315547943 0.14124199748039246 0.05376899242401123 0.019703000783920288
1 0.4416069984436035 0.5929639935493469 0.019563019275665283 0.05452096462249756
1 0.4697839915752411 0.7437649965286255 0.038793981075286865 0.03991901874542236
1 0.5385000109672546 0.9653329849243164 0.03900003433227539 0.06666696071624756
1 0.6642810106277466 0.5188259929418564 0.03311502933502197 0.04616597294807434
1 0.5207539796829224 0.6430109739303589 0.026857972145080566 0.04041397571563721
0 0.6444740295410156 0.07559799961745739 0.08294796943664551 0.06692299619317055
0 0.6174100041389465 0.5182089954614639 0.05490899085998535 0.0848970115184784
0 0.5951550006866455 0.853518009185791 0.07140994071960449 0.0342249870300293
