1 0.8245909810066223 0.16666699945926666 0.02146601676940918 0.026666998863220215
1 0.8014289736747742 0.8920000195503235 0.028604984283447266 0.034667015075683594
1 0.5714319944381714 0.691332995891571 0.021535038948059082 0.03066694736480713
1 0.5862789750099182 0.8146669864654541 0.033604979515075684 0.034667015075683594
1 0.5760239958763123 0.7720000147819519 0.02783799171447754 0.04799997806549072
1 0.3175100088119507 0.9160000085830688 0.031466007232666016 0.026666998863220215
1 0.3700459897518158 0.7993329763412476 0.02467501163482666 0.03866696357727051
1 0.3687799870967865 0.757332980632782 0.030466020107269287 0.026666998863220215
1 0.32666298747062683 0.7639999985694885 0.02660501003265381 0.034667015075683594
1 0.34698501229286194 0.2586669921875 0.02155900001525879 0.03200000524520874
