1 0.4152190089225769 0.3247389793395996 0.0194319486618042 0.04224896430969238
1 0.35085397958755493 0.28435397148132324 0.02069103717803955 0.07143902778625488
1 0.34680497646331787 0.44289302825927734 0.01701200008392334 0.08520698547363281
1 0.38481801748275757 0.5924839973449707 0.02177596092224121 0.04232102632522583
1 0.3721960186958313 0.6331740021705627 0.05141794681549072 0.04046499729156494
1 0.4747210144996643 0.7126739919185638 0.042983055114746094 0.04992002248764038
1 0.5481429994106293 0.9243929982185364 0.02492302656173706 0.043806999921798706
1 0.5571599900722504 0.9907069997861981 0.0247420072555542 0.01858600042760372
1 0.3277130126953125 0.947907998226583 0.03664195537567139 0.04417100362479687
1 0.33678001165390015 0.9898979999125004 0.03269004821777344 0.020204000174999237
1 0.25672101974487305 0.765294998884201 0.0322270393371582 0.060692012310028076
1 0.2823150157928467 0.39486902952194214 0.03957700729370117 0.08035504817962646
