1 0.2524789869785309 0.7105699777603149 0.027422010898590088 0.03026604652404785
1 0.09863699972629547 0.533379003405571 0.039424002170562744 0.06682899594306946
1 0.09605800360441208 0.6051009893417358 0.02573700249195099 0.026033997535705566
1 0.12111499905586243 0.6457809805870056 0.012946993112564087 0.0421520471572876
1 0.11696899682283401 0.9164209961891174 0.03868700563907623 0.04182898998260498
1 0.33391499519348145 0.7002480030059814 0.026961982250213623 0.09405803680419922
1 0.5134069919586182 0.7790369987487793 0.026343941688537598 0.09958100318908691
1 0.7683770060539246 0.6454200148582458 0.020470023155212402 0.05910897254943848
1 0.859512984752655 0.8314629793167114 0.02228105068206787 0.04115104675292969
1 0.950963020324707 0.8026490211486816 0.03642594814300537 0.04451000690460205
1 0.7351440191268921 0.3937090039253235 0.043251991271972656 0.037856996059417725
1 0.14462900161743164 0.03712399862706661 0.04320800304412842 0.06282399967312813
1 0.14588800072669983 0.15944300591945648 0.031035006046295166 0.07341799139976501
1 0.7654970288276672 0.011711999773979187 0.04407393932342529 0.023423999547958374
