1 0.7678170055150986 0.9728440018370748 0.01714301109313965 0.02738099731504917
1 0.9126750007271767 0.7692739963531494 0.05533599853515625 0.08270901441574097
1 0.9774520006030798 0.39270102977752686 0.014922000467777252 0.031206965446472168
1 0.45827800035476685 0.20528298616409302 0.020637035369873047 0.04033398628234863
1 0.38544100522994995 0.24835199117660522 0.029806971549987793 0.03474998474121094
1 0.3533629775047302 0.2149760127067566 0.018375039100646973 0.04277205467224121
1 0.24223297834396362 0.8181640058755875 0.021705031394958496 0.05017000436782837
1 0.18487399816513062 0.8375519961118698 0.013483047485351562 0.035147011280059814
1 0.16465699672698975 0.9428239986300468 0.03132498264312744 0.05986399948596954
1 0.1871039867401123 0.7487199902534485 0.0225679874420166 0.05306100845336914
1 0.44815701246261597 0.8124819993972778 0.03757894039154053 0.034494996070861816
