1 0.4859609752893448 0.6343919932842255 0.042054980993270874 0.020663022994995117
1 0.4794920086860657 0.590505987405777 0.04807901382446289 0.0435749888420105
1 0.258201003074646 0.7465089783072472 0.043379008769989014 0.017602011561393738
1 0.2967180013656616 0.7603799998760223 0.03636997938156128 0.014158010482788086
1 0.27327001094818115 0.8365280032157898 0.04483199119567871 0.02079099416732788
1 0.3314740061759949 0.8275990039110184 0.03107297420501709 0.02640300989151001
1 0.4594210088253021 0.8299359977245331 0.036354005336761475 0.013377010822296143
1 0.8993809819221497 0.021485984325408936 0.0521160364151001 0.037515997886657715
1 0.518559992313385 0.09332102537155151 0.06569802761077881 0.023309946060180664
1 0.49874500930309296 0.21074700355529785 0.04628601670265198 0.023980021476745605
1 0.20533399283885956 0.2070159912109375 0.04958099126815796 0.04910695552825928
1 0.3394109904766083 0.23683100938796997 0.04105401039123535 0.03934895992279053
1 0.6689350008964539 0.3397809863090515 0.04492902755737305 0.025478005409240723
