1 0.021784000098705292 0.7986660003662109 0.043568000197410583 0.062095046043395996
1 0.42628100514411926 0.6264740228652954 0.060630977153778076 0.04375505447387695
1 0.7055000066757202 0.9333329796791077 0.06500005722045898 0.13066697120666504
1 0.697297990322113 0.3565550148487091 0.05127096176147461 0.05733299255371094
1 0.5968499779701233 0.1259160041809082 0.04080605506896973 0.0455780029296875
1 0.5808889865875244 0.21527600288391113 0.04066896438598633 0.0880270004272461
0 0.5345450043678284 0.22965700179338455 0.028522968292236328 0.15172801911830902
0 0.4250450134277344 0.2177400067448616 0.12542599439620972 0.11450301110744476
0 0.28752601146698 0.22621600329875946 0.06625199317932129 0.10408100485801697
0 0.16726799309253693 0.23054299503564835 0.07831999659538269 0.08416299521923065
0 0.04994299914687872 0.21375499665737152 0.048833997920155525 0.11545601487159729
1 0.14097599312663078 0.09639400243759155 0.0429219976067543 0.04846200346946716
1 0.022412999533116817 0.07344199530780315 0.03604799695312977 0.02780899778008461
