1 0.3157449960708618 0.875702977180481 0.021404027938842773 0.03346097469329834
1 0.39034199714660645 0.9236199855804443 0.01457202434539795 0.016113996505737305
1 0.4050599932670593 0.9033399820327759 0.017841994762420654 0.02062094211578369
1 0.35662901401519775 0.7747470140457153 0.024164974689483643 0.0233839750289917
1 0.4342379868030548 0.1571660041809082 0.020821988582611084 0.01679399609565735
1 0.4827669858932495 0.12697898969054222 0.016426026821136475 0.024616993963718414
1 0.3275580108165741 0.04736499860882759 0.021185994148254395 0.027211003005504608
1 0.4958900064229965 0.018666999880224466 0.0257280170917511 0.023554000072181225
1 0.4802570044994354 0.5776169896125793 0.01798802614212036 0.024786949157714844
1 0.42896199226379395 0.30820798873901367 0.011664986610412598 0.02202397584915161
0 0.41477298736572266 0.6698359847068787 0.0839809775352478 0.13159000873565674
1 0.12381800264120102 0.7554640173912048 0.03477700054645538 0.05982100963592529
