1 0.711991012096405 0.47400499880313873 0.02827596664428711 0.058358997106552124
1 0.49791499972343445 0.7743059992790222 0.027221977710723877 0.04165196418762207
1 0.4772540032863617 0.8184139728546143 0.01378101110458374 0.031242966651916504
1 0.030789999291300774 0.8418869972229004 0.025750000029802322 0.04712700843811035
1 0.011016000527888536 0.7761920094490051 0.022031000815331936 0.04283905029296875
1 0.042691996321082115 0.7118359804153442 0.040366996079683304 0.034005045890808105
1 0.18805299699306488 0.40589600801467896 0.016580015420913696 0.05914199352264404
1 0.27946001291275024 0.21948999911546707 0.019773006439208984 0.06346999108791351
1 0.47510799765586853 0.11354099959135056 0.023846983909606934 0.026211991906166077
1 0.2289070039987564 0.0834290012717247 0.013803988695144653 0.03263099491596222
1 0.09995099902153015 0.2470420002937317 0.03872799873352051 0.07694000005722046
