1 0.43573999404907227 0.5592780113220215 0.06907397508621216 0.04242396354675293
1 0.5262349843978882 0.601436972618103 0.024914979934692383 0.025364995002746582
1 0.42118000984191895 0.2645629942417145 0.0284460186958313 0.06581300497055054
1 0.37330499291419983 0.20748600363731384 0.01960998773574829 0.030524998903274536
1 0.5637869834899902 0.18881599605083466 0.033877015113830566 0.0384880006313324
1 0.8870570063591003 0.5182340145111084 0.02055501937866211 0.03613698482513428
1 0.9201710224151611 0.5659419894218445 0.018211007118225098 0.03596699237823486
1 0.9676100015640259 0.6613270044326782 0.029394030570983887 0.04509305953979492
1 0.16173900663852692 0.8122619986534119 0.029190003871917725 0.03814804553985596
1 0.2810499966144562 0.9156630039215088 0.02367997169494629 0.03636300563812256
1 0.3350270092487335 0.675137996673584 0.03428298234939575 0.07870900630950928
1 0.41784000396728516 0.17781400680541992 0.04452097415924072 0.08222299814224243
