1 0.21494901180267334 0.27736198902130127 0.09623098373413086 0.040022969245910645
1 0.4778140187263489 0.42416900396347046 0.06784200668334961 0.04522198438644409
1 0.583526998758316 0.7858260273933411 0.06112098693847656 0.03564596176147461
1 0.6106399893760681 0.7416800260543823 0.018803000450134277 0.017788052558898926
1 0.48752395808696747 0.6995739936828613 0.04516300559043884 0.029626965522766113
1 0.22417497634887695 0.9494410157203674 0.07184302806854248 0.03292202949523926
1 0.2084360122680664 0.924547016620636 0.021289944648742676 0.015545010566711426
1 0.052915990352630615 0.39119601249694824 0.033663034439086914 0.026100993156433105
1 0.17525500059127808 0.4395520091056824 0.03210902214050293 0.01360100507736206
1 0.015972018241882324 0.18671900033950806 0.0291670560836792 0.02968698740005493
1 0.5436779856681824 0.18052400648593903 0.0388299822807312 0.023176997900009155
1 0.684814989566803 0.06083599850535393 0.03408098220825195 0.018339000642299652
1 0.20031201839447021 0.23798899352550507 0.08980202674865723 0.03279200196266174
1 0.6274259984493256 0.3765909969806671 0.0909380316734314 0.053053975105285645
1 0.7461409866809845 0.33064600825309753 0.09416300058364868 0.0345039963722229
