1 0.6257339715957642 0.35299500823020935 0.023229002952575684 0.03104299306869507
1 0.6186829805374146 0.4330979883670807 0.03287696838378906 0.04570800065994263
1 0.6411970257759094 0.5219089984893799 0.018350958824157715 0.02093195915222168
1 0.9059200286865234 0.21134400367736816 0.024528980255126953 0.05749601125717163
1 0.9585390090942383 0.301256000995636 0.014127016067504883 0.044155001640319824
1 0.9500740170478821 0.21430400013923645 0.03115105628967285 0.0372450053691864
1 0.3169440031051636 0.13823099434375763 0.04537701606750488 0.0467430055141449
1 0.4628709852695465 0.3381190001964569 0.011729001998901367 0.0411829948425293
1 0.37459298968315125 0.3704569935798645 0.01600700616836548 0.02073800563812256
1 0.1976509988307953 0.036536998115479946 0.02813500165939331 0.042541997507214546
