1 0.2813960015773773 0.5579419732093811 0.030619025230407715 0.046463966369628906
1 0.5222640037536621 0.8469709753990173 0.023646950721740723 0.06437397003173828
1 0.5778170228004456 0.5835189819335938 0.012632012367248535 0.04053604602813721
1 0.6597970128059387 0.36228299140930176 0.026643991470336914 0.025548994541168213
1 0.8034899830818176 0.5020710229873657 0.018128037452697754 0.048982977867126465
1 0.9367979764938354 0.35342898964881897 0.029211044311523438 0.09365397691726685
1 0.9022909998893738 0.27354300767183304 0.05644500255584717 0.06088601052761078
1 0.8984060287475586 0.7443280220031738 0.032917022705078125 0.0326230525970459
1 0.9147199988365173 0.6536870002746582 0.018087029457092285 0.036483049392700195
1 0.9724979996681213 0.7847520112991333 0.015710949897766113 0.02671194076538086
1 0.8366259932518005 0.8812540173530579 0.019603967666625977 0.022626042366027832
