1 0.45323100686073303 0.2157209888100624 0.03902798891067505 0.07093898952007294
1 0.5648540258407593 0.20715999603271484 0.04878497123718262 0.08867400884628296
1 0.6753889918327332 0.2970770001411438 0.02491903305053711 0.03331500291824341
1 0.6376360058784485 0.3463990092277527 0.02189004421234131 0.03712499141693115
1 0.43290698528289795 0.5414950251579285 0.026641011238098145 0.04043698310852051
1 0.4184199869632721 0.6976019740104675 0.037355005741119385 0.03196096420288086
1 0.2882609963417053 0.05304599925875664 0.02581000328063965 0.07220400124788284
1 0.2648110166192055 0.5661870241165161 0.037706002593040466 0.047238945960998535
1 0.3440850079059601 0.5751640200614929 0.05135202407836914 0.09866297245025635
1 0.48726698756217957 0.4985930025577545 0.0208510160446167 0.09380298852920532
