1 0.159339 0.513960 0.051981 0.086474
1 0.283337 0.488202 0.063562 0.074753
1 0.248341 0.816453 0.044189 0.063644
1 0.345980 0.794079 0.039329 0.067528
1 0.437077 0.884794 0.023003 0.057822
1 0.778574 0.835455 0.060096 0.061350
1 0.856956 0.805305 0.050910 0.055807
1 0.972500 0.549333 0.053000 0.080000
1 0.734056 0.705191 0.054189 0.063877
1 0.625792 0.523484 0.035584 0.046125
1 0.657160 0.205806 0.036863 0.054148
1 0.579906 0.225324 0.042584 0.046288
1 0.595842 0.123778 0.038003 0.058171
1 0.233090 0.193938 0.069655 0.077559
1 0.221110 0.108395 0.078400 0.099079
