1 0.588964 0.407712 0.024401 0.031598
1 0.617202 0.428817 0.027401 0.031714
1 0.699160 0.588076 0.029436 0.034458
1 0.728089 0.709259 0.026506 0.039675
1 0.808060 0.676344 0.025401 0.031637
1 0.933606 0.448429 0.028524 0.041086
1 0.265305 0.369142 0.032489 0.038575
1 0.142438 0.392389 0.035454 0.036025
1 0.073330 0.474418 0.031401 0.031869
1 0.236650 0.685524 0.021419 0.032815
1 0.302139 0.650713 0.021454 0.035481
1 0.388066 0.736088 0.017576 0.044660
1 0.225380 0.056101 0.032785 0.061241
1 0.569540 0.095466 0.019384 0.030070
1 0.655215 0.085450 0.018454 0.035365
