1 0.147161 0.217090 0.015826 0.051691
1 0.279375 0.231260 0.025382 0.022293
1 0.254484 0.239663 0.025764 0.041737
1 0.166381 0.318604 0.020541 0.053614
1 0.249990 0.369631 0.015099 0.054380
1 0.276915 0.524555 0.023557 0.048414
1 0.329670 0.659137 0.023502 0.045637
1 0.552303 0.592709 0.022785 0.088514
1 0.589606 0.498676 0.045104 0.034240
1 0.497412 0.429139 0.018624 0.035380
1 0.464039 0.344549 0.017542 0.020014
1 0.484950 0.532175 0.017842 0.035291
1 0.677651 0.735725 0.026999 0.025248
1 0.342888 0.893574 0.019715 0.090936
