1 0.322930 0.470133 0.014717 0.025145
1 0.503625 0.508123 0.030071 0.044743
1 0.465782 0.684863 0.019805 0.040472
1 0.357581 0.624005 0.057543 0.079740
1 0.712368 0.638789 0.026710 0.065536
1 0.817295 0.794777 0.025456 0.047473
1 0.699883 0.474032 0.034540 0.036459
1 0.646703 0.505435 0.022695 0.061329
1 0.109566 0.485987 0.044279 0.050444
1 0.044891 0.866671 0.052346 0.060247
1 0.604249 0.843282 0.036794 0.062864
1 0.589209 0.477750 0.057271 0.099177
1 0.734795 0.438967 0.024095 0.084948
1 0.297398 0.102408 0.043097 0.035159
