1 0.044168 0.660755 0.038852 0.039440
1 0.105146 0.181019 0.027664 0.031930
1 0.114476 0.157577 0.022726 0.024743
1 0.154801 0.147142 0.044901 0.034208
1 0.349001 0.203888 0.016195 0.038268
1 0.326941 0.189027 0.010376 0.028263
1 0.391498 0.275438 0.043920 0.028612
1 0.427795 0.402968 0.011789 0.024177
1 0.424894 0.463647 0.010957 0.022748
1 0.535642 0.463484 0.018489 0.037000
1 0.574554 0.457297 0.029166 0.073596
1 0.870688 0.432238 0.018409 0.056404
1 0.923486 0.528998 0.018820 0.024541
1 0.513322 0.322012 0.078073 0.218915
