1 0.195810 0.744083 0.027998 0.031917
1 0.056395 0.545380 0.040712 0.069161
1 0.048187 0.616423 0.026230 0.027589
1 0.069965 0.660557 0.013769 0.042880
1 0.044562 0.929442 0.039482 0.044161
1 0.277793 0.745592 0.028798 0.095563
1 0.450508 0.850026 0.028290 0.101038
1 0.715151 0.753885 0.021621 0.060275
1 0.791368 0.952326 0.023076 0.042462
1 0.884786 0.936872 0.037275 0.046696
1 0.701809 0.498438 0.043965 0.040479
1 0.141241 0.057900 0.044414 0.065398
1 0.132882 0.179879 0.032460 0.075215
1 0.762710 0.114571 0.044814 0.041949
