1 0.500017 0.944374 0.065465 0.056865
1 0.479419 0.784902 0.055710 0.084321
1 0.725878 0.833483 0.047489 0.058553
1 0.708525 0.703155 0.050431 0.052050
1 0.776049 0.582208 0.043244 0.030336
1 0.737045 0.126545 0.045675 0.079778
1 0.713971 0.027814 0.041570 0.055629
1 0.639580 0.185148 0.047605 0.071887
1 0.503893 0.328455 0.034396 0.047181
1 0.265388 0.284773 0.040407 0.048840
1 0.280480 0.387904 0.034477 0.056514
1 0.204207 0.366060 0.043419 0.050336
1 0.258954 0.850188 0.057780 0.092430
1 0.194849 0.865665 0.073873 0.103966
