1 0.258008 0.441394 0.018589 0.039067
1 0.178110 0.423907 0.033133 0.030887
1 0.127230 0.366458 0.024439 0.028020
1 0.150462 0.382664 0.010426 0.029264
1 0.072347 0.338817 0.027053 0.057203
1 0.056544 0.138728 0.018539 0.037678
1 0.284665 0.054314 0.025540 0.058576
1 0.336082 0.494959 0.016145 0.036265
1 0.340569 0.543599 0.013802 0.036240
1 0.363190 0.586178 0.027814 0.034997
1 0.431325 0.472342 0.038922 0.061491
1 0.508967 0.643915 0.024939 0.041909
1 0.398529 0.819096 0.042708 0.036539
1 0.056322 0.739196 0.018389 0.033511
1 0.036891 0.741772 0.019551 0.022416
1 0.632393 0.796524 0.014663 0.016812
1 0.736866 0.748317 0.018439 0.034900
1 0.954502 0.459704 0.031590 0.053085
1 0.886769 0.422212 0.024589 0.032187
1 0.869007 0.297769 0.027764 0.033608
1 0.593726 0.362952 0.021995 0.025218
