1 0.367663 0.448767 0.016353 0.028586
1 0.419577 0.512646 0.025310 0.042919
1 0.237893 0.460134 0.013101 0.053384
1 0.249127 0.553897 0.023694 0.070576
1 0.502903 0.631695 0.014754 0.027116
1 0.748338 0.789031 0.031398 0.066813
1 0.676610 0.973770 0.046749 0.027384
1 0.848169 0.949962 0.033106 0.072450
1 0.504055 0.692253 0.034069 0.079435
1 0.645915 0.712108 0.041226 0.054839
1 0.276175 0.939844 0.056524 0.043147
1 0.661003 0.494538 0.018405 0.017596
1 0.705255 0.432851 0.016717 0.042475
1 0.648954 0.312419 0.022566 0.027520
1 0.892815 0.290959 0.014790 0.028505
1 0.926398 0.337897 0.023202 0.022005
