1 0.876373 0.235537 0.018828 0.039361
1 0.937610 0.135880 0.038901 0.064994
1 0.766535 0.459022 0.041134 0.026429
1 0.928386 0.753592 0.016166 0.025229
1 0.636061 0.581301 0.027518 0.044417
1 0.705217 0.810156 0.035075 0.034115
1 0.532712 0.594847 0.019610 0.039441
1 0.542156 0.649863 0.019274 0.058805
1 0.402360 0.637467 0.019306 0.060194
1 0.400324 0.735633 0.013328 0.037405
1 0.379531 0.780590 0.023820 0.019093
1 0.157046 0.646013 0.025078 0.040008
1 0.199027 0.233296 0.032954 0.043594
1 0.171352 0.147988 0.021730 0.029962
1 0.456974 0.282868 0.017570 0.018446
