1 0.047804 0.107417 0.023366 0.036345
1 0.135383 0.211774 0.023594 0.087726
1 0.555412 0.320958 0.022748 0.044671
1 0.648821 0.304567 0.013619 0.057074
1 0.738614 0.263143 0.019405 0.033527
1 0.914564 0.293429 0.020268 0.037702
1 0.558633 0.385562 0.011002 0.043161
1 0.549733 0.509056 0.020940 0.032155
1 0.940616 0.685286 0.024229 0.040520
1 0.795624 0.779600 0.032150 0.046157
1 0.539482 0.722795 0.028353 0.051672
1 0.805523 0.885931 0.035357 0.050356
1 0.605078 0.971528 0.017969 0.054167
1 0.283435 0.233440 0.014772 0.036257
1 0.955107 0.508388 0.023185 0.066893
1 0.913694 0.646821 0.016952 0.027947
