1 0.330714 0.198188 0.034584 0.067448
1 0.431029 0.231499 0.019772 0.075633
1 0.431570 0.066221 0.013404 0.038875
1 0.615731 0.270075 0.040830 0.066706
1 0.449219 0.991667 0.017188 0.013889
1 0.551373 0.473204 0.016502 0.030865
1 0.546854 0.421330 0.019636 0.033967
1 0.485641 0.618533 0.015752 0.040507
1 0.255799 0.641973 0.034520 0.048004
1 0.317926 0.762333 0.023547 0.035760
1 0.285915 0.872251 0.018082 0.036583
1 0.228115 0.384853 0.016552 0.046143
1 0.607082 0.763791 0.014149 0.027845
1 0.670998 0.098654 0.012609 0.034628
