1 0.007701 0.572116 0.015402 0.033690
1 0.053431 0.633278 0.031122 0.037783
1 0.074187 0.707557 0.032819 0.032481
1 0.020514 0.685077 0.028743 0.031086
1 0.495961 0.661048 0.026425 0.043039
1 0.636635 0.682179 0.030046 0.036434
1 0.773188 0.652751 0.026425 0.043039
1 0.822756 0.641991 0.028197 0.039070
1 0.876915 0.647145 0.036970 0.035210
1 0.852722 0.914618 0.033046 0.036481
1 0.804055 0.944681 0.035046 0.036512
1 0.655700 0.891698 0.026122 0.037706
1 0.540192 0.928792 0.027955 0.052388
1 0.375048 0.898716 0.028970 0.035086
1 0.192602 0.874238 0.025349 0.041690
1 0.208246 0.326478 0.020197 0.038946
1 0.275905 0.331423 0.016425 0.042884
1 0.575610 0.296800 0.029410 0.060403
