1 0.672194 0.597326 0.019500 0.048554
1 0.665112 0.506212 0.025773 0.050850
1 0.634037 0.333366 0.018423 0.030385
1 0.596630 0.475967 0.020804 0.080612
1 0.609586 0.065338 0.021457 0.025283
1 0.661072 0.014913 0.023065 0.028288
1 0.471665 0.301505 0.018742 0.049830
1 0.395905 0.692151 0.023702 0.067177
1 0.569788 0.068342 0.040298 0.033560
1 0.394838 0.376391 0.042134 0.050453
1 0.339809 0.595680 0.014031 0.047761
1 0.289776 0.676377 0.030392 0.047364
1 0.268722 0.581748 0.016171 0.035601
1 0.237913 0.607003 0.023847 0.028401
1 0.265436 0.006463 0.021571 0.012927
