1 0.219363 0.463685 0.017937 0.034692
1 0.403690 0.460961 0.025590 0.065765
1 0.485155 0.548648 0.027105 0.047903
1 0.460960 0.589536 0.043128 0.040928
1 0.548891 0.521410 0.014812 0.034433
1 0.498221 0.807772 0.019627 0.037599
1 0.609708 0.752666 0.012404 0.032850
1 0.664316 0.772407 0.026467 0.034014
1 0.760187 0.538214 0.018782 0.036145
1 0.770830 0.507272 0.017873 0.033303
1 0.925493 0.646679 0.034343 0.036050
1 0.857540 0.658347 0.015402 0.030331
1 0.855236 0.820039 0.023071 0.044802
1 0.866468 0.886690 0.019228 0.045868
1 0.956966 0.789721 0.043654 0.035438
1 0.987810 0.469894 0.022911 0.075228
