1 0.322932 0.010976 0.053676 0.015827
1 0.327035 0.341451 0.021965 0.046043
1 0.340570 0.435306 0.028265 0.047497
1 0.381644 0.610665 0.018970 0.027964
1 0.411037 0.472827 0.022485 0.082146
1 0.374384 0.929222 0.023607 0.026623
1 0.423172 0.885298 0.021164 0.023821
1 0.464919 0.884342 0.042458 0.029595
1 0.547924 0.663061 0.018940 0.048789
1 0.620571 0.598559 0.043740 0.043492
1 0.600563 0.281803 0.025690 0.062742
1 0.709402 0.311390 0.029627 0.041958
1 0.663277 0.385885 0.014783 0.041804
1 0.736319 0.408161 0.013752 0.034852
1 0.765621 0.386944 0.023557 0.025234
1 0.776953 0.989583 0.024219 0.018056
