1 0.784977 0.257108 0.022180 0.095094
1 0.939360 0.297872 0.019645 0.036542
1 0.591575 0.225898 0.025899 0.038513
1 0.538899 0.239040 0.026717 0.049697
1 0.440664 0.291674 0.015730 0.033400
1 0.518599 0.360028 0.046207 0.039017
1 0.261258 0.241636 0.014976 0.041661
1 0.286551 0.333549 0.013399 0.037349
1 0.287576 0.407927 0.016647 0.075140
1 0.191398 0.492688 0.029760 0.024988
1 0.413105 0.581379 0.027444 0.033103
1 0.450260 0.718133 0.024464 0.077256
1 0.628335 0.719451 0.035293 0.044942
1 0.817059 0.633594 0.021198 0.033910
1 0.612947 0.909626 0.023601 0.052184
1 0.570475 0.818890 0.023515 0.025795
1 0.558786 0.946234 0.019604 0.024042
1 0.571094 0.988889 0.015625 0.019444
1 0.227257 0.949363 0.018873 0.039247
