1 0.525427 0.754110 0.010705 0.015288
1 0.578376 0.748037 0.029371 0.051010
1 0.575672 0.366066 0.010282 0.027226
0 0.868264 0.570123 0.039922 0.042360
0 0.697476 0.565535 0.021115 0.045180
0 0.674360 0.556075 0.030243 0.048405
0 0.580257 0.531509 0.027218 0.026948
0 0.455072 0.548475 0.017922 0.040994
0 0.430912 0.550318 0.011987 0.041954
0 0.426078 0.515248 0.040089 0.025089
0 0.330917 0.512681 0.034153 0.026049
0 0.306001 0.519827 0.016243 0.047536
0 0.245976 0.537496 0.020884 0.061118
0 0.210572 0.533291 0.018282 0.027722
0 0.190078 0.500592 0.017705 0.015722
0 0.161443 0.480760 0.014307 0.048745
0 0.136686 0.484572 0.034922 0.042049
0 0.111847 0.531841 0.036243 0.048778
