1 0.867565 0.007089 0.028220 0.014177
1 0.968503 0.265950 0.023000 0.029563
1 0.909090 0.539589 0.014761 0.036650
1 0.732075 0.839956 0.015187 0.028430
1 0.594418 0.617691 0.024669 0.050510
1 0.377229 0.139189 0.033488 0.075255
1 0.443498 0.287616 0.019674 0.060828
1 0.370716 0.474166 0.017034 0.053543
1 0.307890 0.490875 0.014228 0.024150
1 0.323934 0.624506 0.011044 0.022307
1 0.264204 0.595906 0.018312 0.028883
1 0.494537 0.538325 0.012666 0.023923
1 0.200912 0.541597 0.039264 0.065051
1 0.071411 0.200822 0.039489 0.088549
