1 0.518133 0.363923 0.017184 0.027577
1 0.371796 0.547486 0.018951 0.034635
1 0.468130 0.665813 0.024748 0.046142
1 0.572535 0.709564 0.038728 0.044383
1 0.788933 0.659127 0.037988 0.045715
1 0.799225 0.602110 0.019115 0.040191
1 0.788194 0.511537 0.027832 0.044980
1 0.387429 0.774099 0.038974 0.052716
1 0.473430 0.791464 0.036630 0.052547
1 0.400207 0.858536 0.032932 0.032876
1 0.306081 0.638764 0.018334 0.040134
1 0.109838 0.908487 0.040247 0.069440
1 0.503296 0.907063 0.020265 0.052747
1 0.272017 0.333568 0.029067 0.033982
