1 0.611392 0.543982 0.020442 0.027042
1 0.592276 0.510229 0.021512 0.031128
1 0.578089 0.472049 0.022535 0.032546
1 0.575300 0.599143 0.022489 0.029880
1 0.586781 0.052015 0.026209 0.014222
1 0.559818 0.228579 0.016512 0.030700
1 0.546409 0.866005 0.033303 0.020153
1 0.535850 0.806150 0.028233 0.015726
1 0.337770 0.933239 0.022582 0.035213
1 0.351578 0.519445 0.026628 0.038222
1 0.303286 0.449461 0.030372 0.023897
1 0.706669 0.379608 0.022628 0.037880
1 0.711430 0.709694 0.022652 0.039213
1 0.712048 0.831155 0.035233 0.016324
0 0.825160 0.541073 0.067652 0.043058
