1 0.283840 0.537743 0.028938 0.036137
1 0.217792 0.805209 0.010906 0.033818
1 0.175724 0.882012 0.018192 0.039738
1 0.178530 0.943123 0.017937 0.034182
1 0.429096 0.807133 0.021110 0.052359
1 0.396866 0.673835 0.022305 0.027480
1 0.367760 0.676486 0.021014 0.016329
1 0.606910 0.733196 0.013568 0.040884
1 0.608831 0.970231 0.042985 0.053490
1 0.810307 0.257375 0.010316 0.037945
1 0.831783 0.402587 0.024123 0.033116
1 0.454958 0.182184 0.017347 0.038308
1 0.225996 0.092747 0.074187 0.104986
1 0.840607 0.874837 0.015466 0.031283
1 0.577279 0.741362 0.040083 0.092137
