1 0.615571 0.267416 0.021955 0.053180
1 0.159364 0.612429 0.025743 0.032157
1 0.576228 0.618388 0.026046 0.037490
1 0.717054 0.650384 0.024819 0.033428
1 0.850182 0.643372 0.024894 0.034762
1 0.898924 0.633113 0.024046 0.037366
1 0.953447 0.654435 0.028516 0.028343
1 0.964224 0.914187 0.025273 0.041428
1 0.920694 0.946028 0.029819 0.033739
1 0.757981 0.870820 0.025667 0.030824
1 0.707965 0.841142 0.028364 0.025677
1 0.684761 0.853651 0.019349 0.042389
1 0.645799 0.895741 0.026122 0.038824
1 0.480716 0.848952 0.023743 0.032033
1 0.291321 0.803975 0.022591 0.029304
