1 0.710991 0.632838 0.020553 0.047580
1 0.698764 0.541277 0.026857 0.049551
1 0.657787 0.366666 0.019061 0.029452
1 0.628039 0.507441 0.022591 0.079597
1 0.618173 0.097137 0.021968 0.024188
1 0.667261 0.049350 0.023640 0.027111
1 0.492321 0.326323 0.019826 0.048896
1 0.437758 0.713357 0.025169 0.066000
1 0.578220 0.098071 0.040936 0.031490
1 0.419052 0.397272 0.043154 0.048302
1 0.375821 0.613882 0.015084 0.047071
1 0.329888 0.692042 0.031381 0.045822
1 0.303381 0.596237 0.016936 0.034789
1 0.273731 0.619909 0.024421 0.027184
1 0.267409 0.013099 0.022241 0.026198
