1 0.773958 0.853285 0.043750 0.044589
1 0.780208 0.926247 0.031250 0.044498
1 0.778125 0.983073 0.039583 0.028646
1 0.776042 0.667102 0.035417 0.047133
1 0.789583 0.500534 0.041667 0.052386
1 0.612500 0.366433 0.058333 0.057716
1 0.596875 0.734809 0.047917 0.049828
1 0.320833 0.534885 0.045833 0.049812
1 0.368750 0.591223 0.054167 0.052477
1 0.383333 0.027527 0.050000 0.049843
1 0.190625 0.240970 0.018750 0.026178
1 0.165625 0.412663 0.027083 0.031447
1 0.182292 0.442732 0.014583 0.028752
1 0.117708 0.545127 0.018750 0.041803
1 0.153125 0.695124 0.022917 0.028812
1 0.164583 0.791561 0.016667 0.039184
