1 0.872572 0.099978 0.018091 0.038429
1 0.936591 0.010980 0.037700 0.021960
1 0.756567 0.341355 0.040698 0.024324
1 0.911125 0.611786 0.015702 0.024419
1 0.622528 0.484377 0.026699 0.043041
1 0.685863 0.703285 0.034475 0.032334
1 0.518542 0.514057 0.018873 0.038470
1 0.526568 0.567800 0.018155 0.057874
1 0.386717 0.577117 0.018160 0.059263
1 0.382098 0.675950 0.012618 0.036758
1 0.360068 0.724304 0.023492 0.017879
1 0.140512 0.623875 0.024341 0.038753
1 0.193443 0.203152 0.032163 0.041935
1 0.167932 0.121847 0.021185 0.028869
1 0.450790 0.212753 0.017242 0.017556
