1 0.773724 0.197185 0.036944 0.056491
1 0.832275 0.192343 0.036508 0.040866
1 0.887338 0.200364 0.042903 0.046393
1 0.624838 0.186994 0.038737 0.046181
1 0.491977 0.163275 0.043122 0.054206
1 0.062156 0.164854 0.042831 0.043789
1 0.033948 0.091701 0.036653 0.046075
1 0.379544 0.379218 0.047870 0.075251
1 0.673790 0.413764 0.041257 0.061912
1 0.505817 0.750752 0.041184 0.059308
1 0.552282 0.693137 0.043558 0.069831
1 0.089213 0.652600 0.062090 0.062973
1 0.266895 0.901574 0.021488 0.024499
1 0.403522 0.939828 0.025946 0.035128
1 0.428062 0.920215 0.023426 0.019396
1 0.629127 0.966966 0.023717 0.029813
1 0.706610 0.956569 0.031832 0.022425
