1 0.310164 0.551334 0.011582 0.014273
1 0.314106 0.620735 0.038573 0.039161
1 0.600829 0.568341 0.020524 0.013709
1 0.753409 0.872782 0.017408 0.010786
0 0.449700 0.755269 0.034107 0.028153
0 0.457068 0.723423 0.036631 0.040324
0 0.476601 0.595560 0.020514 0.036290
0 0.465324 0.431808 0.030932 0.023897
0 0.464221 0.400021 0.031582 0.015982
0 0.490600 0.389133 0.019271 0.053453
0 0.493633 0.262680 0.019922 0.045538
0 0.488560 0.230569 0.035815 0.021657
0 0.475996 0.153269 0.046048 0.027845
0 0.479564 0.105808 0.020990 0.024376
0 0.504345 0.074466 0.011990 0.023607
0 0.519564 0.033980 0.036699 0.019076
0 0.516991 0.012468 0.031922 0.024936
