1 0.050221 0.572100 0.022475 0.032821
1 0.812932 0.304558 0.027054 0.027750
1 0.599561 0.357312 0.019241 0.026941
1 0.180184 0.282009 0.022421 0.030043
1 0.141315 0.406888 0.017679 0.026780
1 0.159020 0.435057 0.017733 0.029557
1 0.609556 0.469232 0.025382 0.022033
1 0.883931 0.584964 0.020967 0.035437
1 0.896957 0.533643 0.030233 0.030852
1 0.829462 0.590413 0.017951 0.040669
1 0.750092 0.558632 0.025382 0.022033
1 0.877406 0.451227 0.022639 0.041154
1 0.888351 0.373354 0.025928 0.049811
0 0.340697 0.435850 0.100203 0.179475
1 0.261825 0.350063 0.021022 0.038214
1 0.253576 0.327032 0.023929 0.027427
