1 0.358297 0.574795 0.011524 0.013504
1 0.368049 0.644686 0.038415 0.036574
1 0.652448 0.612257 0.020472 0.012310
0 0.515814 0.789150 0.033996 0.025845
0 0.520582 0.757723 0.036467 0.037876
0 0.529603 0.630839 0.020363 0.034961
0 0.504605 0.465793 0.030839 0.021799
0 0.500847 0.433832 0.031524 0.013814
0 0.526506 0.424762 0.019044 0.052264
0 0.519028 0.298134 0.019729 0.044279
0 0.511244 0.265568 0.035734 0.019210
0 0.492152 0.187150 0.045943 0.024698
0 0.491791 0.139793 0.020891 0.022977
0 0.514138 0.110095 0.011891 0.022837
0 0.526092 0.070552 0.036629 0.016559
0 0.520808 0.037948 0.031729 0.044465
0 0.483786 0.016393 0.037572 0.032786
