1 0.599704 0.573330 0.036924 0.044171
1 0.639576 0.468694 0.071968 0.074404
1 0.846941 0.635053 0.018828 0.038058
1 0.918838 0.580776 0.022321 0.020123
1 0.886500 0.492954 0.023658 0.078457
1 0.940795 0.048528 0.029925 0.045341
1 0.262972 0.026652 0.025619 0.053305
1 0.219767 0.102131 0.027723 0.085522
1 0.129908 0.139617 0.028267 0.041126
1 0.719496 0.915894 0.017552 0.050509
1 0.899117 0.845089 0.017298 0.039398
1 0.823400 0.844663 0.023166 0.022925
1 0.201781 0.478116 0.023611 0.042370
1 0.166335 0.611067 0.018143 0.042200
