1 0.761731 0.207608 0.030001 0.033787
1 0.861127 0.231823 0.019173 0.044220
1 0.700837 0.844409 0.052163 0.064312
1 0.532000 0.387672 0.016693 0.030185
1 0.513058 0.525994 0.013554 0.028602
1 0.410245 0.710467 0.042020 0.065071
1 0.373762 0.533309 0.017665 0.049678
1 0.302811 0.543479 0.020585 0.029039
1 0.249681 0.499927 0.035756 0.063294
1 0.257808 0.651728 0.022257 0.040247
1 0.300027 0.856310 0.027685 0.036420
1 0.359919 0.793402 0.012895 0.041054
1 0.262891 0.981250 0.017969 0.034722
1 0.049309 0.807432 0.031864 0.064440
1 0.130047 0.084416 0.041734 0.035904
1 0.033088 0.109627 0.028411 0.030913
