1 0.575037 0.552362 0.032638 0.059481
1 0.715809 0.554850 0.046154 0.050595
1 0.861974 0.525323 0.034419 0.063818
1 0.916115 0.508954 0.037107 0.055825
1 0.973638 0.512122 0.045028 0.058758
1 0.775031 0.785165 0.034091 0.057568
1 0.918261 0.834528 0.038560 0.053911
1 0.630865 0.822856 0.035074 0.076318
1 0.462656 0.806592 0.035435 0.053571
1 0.282330 0.798981 0.034309 0.061735
1 0.481652 0.884143 0.027185 0.044388
1 0.111532 0.553572 0.029185 0.052891
1 0.141519 0.630974 0.039794 0.047831
1 0.076818 0.610778 0.032200 0.051148
1 0.061543 0.499299 0.032856 0.063648
1 0.628026 0.169454 0.031731 0.071811
