1 0.417346 0.239465 0.025370 0.034704
1 0.424962 0.157681 0.034996 0.042716
1 0.398254 0.078424 0.020382 0.025836
1 0.073222 0.396931 0.018008 0.046314
1 0.083043 0.469813 0.034945 0.041327
1 0.129743 0.469334 0.024559 0.055359
1 0.456737 0.495708 0.048777 0.058118
1 0.381627 0.572040 0.029327 0.036537
1 0.615728 0.606922 0.016095 0.036413
1 0.626629 0.509549 0.022115 0.052314
1 0.587122 0.655826 0.025551 0.018126
1 0.704807 0.715036 0.020052 0.038247
1 0.531845 0.775545 0.015695 0.025302
1 0.752585 0.436414 0.019320 0.039547
1 0.763763 0.493234 0.018459 0.058814
1 0.859320 0.400048 0.031189 0.045049
1 0.675068 0.147860 0.018720 0.022880
1 0.584078 0.211479 0.011658 0.042824
1 0.737390 0.339939 0.045983 0.045351
1 0.133261 0.684710 0.019551 0.024358
1 0.066884 0.659075 0.018770 0.024269
