1 0.488351 0.786959 0.040559 0.042977
1 0.512620 0.960121 0.036524 0.040279
1 0.502099 0.347474 0.025367 0.028194
1 0.509584 0.308079 0.025593 0.045527
1 0.624240 0.204512 0.021593 0.045496
1 0.716525 0.149124 0.025524 0.040194
1 0.689216 0.049326 0.025559 0.042861
1 0.760599 0.612829 0.037314 0.024287
1 0.697161 0.732667 0.029401 0.030892
1 0.729340 0.822427 0.029454 0.034892
1 0.248732 0.856158 0.047681 0.052365
1 0.211077 0.691766 0.028454 0.034884
1 0.261114 0.388681 0.022419 0.032171
1 0.249035 0.268096 0.027367 0.028209
1 0.186634 0.352588 0.028436 0.033551
1 0.188163 0.049212 0.053663 0.051078
