1 0.061406 0.573318 0.023077 0.033502
1 0.817280 0.329761 0.027546 0.028578
1 0.605386 0.375819 0.019733 0.027526
1 0.185380 0.287463 0.022968 0.030725
1 0.149054 0.411052 0.018171 0.027315
1 0.167280 0.439756 0.018280 0.030093
1 0.617569 0.487982 0.025765 0.022812
1 0.893667 0.612212 0.021624 0.036070
1 0.905654 0.561329 0.030780 0.031777
1 0.839417 0.615956 0.018717 0.041204
1 0.759582 0.581715 0.025765 0.022812
1 0.884516 0.478353 0.023405 0.041836
1 0.893902 0.400870 0.026857 0.050590
0 0.348601 0.446223 0.103540 0.182495
1 0.268198 0.358026 0.021733 0.038847
1 0.259511 0.334751 0.024421 0.028157
