1 0.291767 0.345168 0.024519 0.033063
1 0.353460 0.468104 0.035166 0.084115
1 0.279452 0.481947 0.026931 0.040250
1 0.217171 0.497697 0.024597 0.120482
1 0.939976 0.190290 0.025382 0.041477
1 0.974956 0.295197 0.026436 0.069336
1 0.871854 0.644572 0.048778 0.039738
1 0.935103 0.608109 0.015048 0.022370
1 0.712617 0.602416 0.022984 0.035679
1 0.639218 0.519198 0.013677 0.041653
1 0.600996 0.561027 0.017583 0.042057
1 0.646200 0.673931 0.023024 0.039846
1 0.609341 0.735326 0.018282 0.033805
1 0.323140 0.917282 0.024519 0.033063
1 0.262835 0.856232 0.017474 0.030946
1 0.124334 0.859235 0.020022 0.052022
1 0.198336 0.964021 0.062936 0.050916
