1 0.322485 0.052573 0.053161 0.040701
1 0.330828 0.394546 0.022207 0.045705
1 0.346513 0.488329 0.028575 0.048871
1 0.390602 0.663525 0.018431 0.030234
1 0.416891 0.530792 0.023805 0.083205
1 0.435379 0.937114 0.022041 0.023532
1 0.388084 0.979198 0.023781 0.027795
1 0.476063 0.941025 0.041146 0.033029
1 0.556736 0.722322 0.017697 0.049581
1 0.627510 0.664381 0.044141 0.048452
1 0.602714 0.347705 0.028386 0.062712
1 0.711829 0.384954 0.030682 0.043461
1 0.738960 0.482218 0.015483 0.034206
1 0.768121 0.462557 0.022100 0.024921
1 0.666079 0.454145 0.017519 0.045414
