1 0.301897 0.335057 0.039349 0.044161
1 0.416868 0.223375 0.037723 0.042610
1 0.856512 0.318797 0.032254 0.042044
1 0.768151 0.582624 0.055469 0.073475
1 0.674369 0.830964 0.030883 0.046049
1 0.226777 0.297482 0.068256 0.114886
1 0.366940 0.084809 0.040322 0.048408
1 0.283904 0.088523 0.017873 0.033643
1 0.268200 0.037120 0.016821 0.044593
1 0.709127 0.220325 0.020456 0.056027
1 0.545232 0.300791 0.035108 0.053398
1 0.571779 0.246409 0.022226 0.043770
1 0.733146 0.495541 0.061448 0.085153
1 0.458274 0.560983 0.087787 0.116908
1 0.622504 0.504904 0.074218 0.143149
1 0.062586 0.687777 0.061846 0.076900
