1 0.141274 0.425049 0.027040 0.037732
1 0.193358 0.427702 0.022873 0.037519
1 0.124360 0.465973 0.038957 0.027952
1 0.147343 0.521987 0.020790 0.037413
1 0.122554 0.572956 0.035373 0.038156
1 0.198661 0.631676 0.034499 0.022531
1 0.417346 0.587971 0.032707 0.027633
1 0.412341 0.509369 0.030332 0.022319
1 0.319101 0.495479 0.030769 0.030131
1 0.292404 0.505871 0.024665 0.032417
1 0.270390 0.451213 0.028394 0.024817
1 0.268285 0.432824 0.022144 0.024499
1 0.693016 0.851419 0.033435 0.040654
1 0.825264 0.634864 0.030915 0.032736
1 0.881485 0.675595 0.018269 0.029495
1 0.872612 0.535424 0.022290 0.027103
1 0.854809 0.517541 0.022436 0.029707
0 0.667768 0.518461 0.100014 0.116754
