1 0.679035 0.639925 0.019050 0.047386
1 0.671046 0.548276 0.025309 0.049292
1 0.638225 0.373312 0.018151 0.029266
1 0.602169 0.513723 0.020040 0.079395
1 0.611100 0.103483 0.021239 0.023969
1 0.662163 0.056223 0.022820 0.026876
1 0.475307 0.331276 0.018278 0.048710
1 0.403285 0.717589 0.023074 0.065765
1 0.571275 0.104005 0.040026 0.031077
1 0.399108 0.401440 0.041697 0.047873
1 0.346159 0.617515 0.013581 0.046933
1 0.296849 0.695169 0.029969 0.045514
1 0.274834 0.599128 0.015843 0.034627
1 0.244229 0.622485 0.023601 0.026941
1 0.265784 0.014423 0.021285 0.028847
