1 0.301897 0.376383 0.039349 0.041829
1 0.416868 0.282023 0.037723 0.040376
1 0.856512 0.440226 0.032254 0.040150
1 0.768151 0.689560 0.055469 0.070221
1 0.674369 0.922729 0.030883 0.044252
1 0.226777 0.328221 0.068256 0.110952
1 0.366940 0.137173 0.040322 0.046028
1 0.283904 0.128886 0.017873 0.032623
1 0.268200 0.075558 0.016821 0.043670
1 0.709127 0.321148 0.020456 0.054910
1 0.545232 0.377441 0.035108 0.051358
1 0.571779 0.327248 0.022226 0.042507
1 0.733146 0.598006 0.061448 0.081559
1 0.458274 0.623368 0.087787 0.111760
1 0.622504 0.591348 0.074218 0.138924
1 0.062586 0.692249 0.061846 0.073258
