1 0.265427 0.802647 0.042842 0.033770
1 0.320285 0.216782 0.020377 0.043258
1 0.305606 0.148892 0.019214 0.023805
1 0.199718 0.211085 0.025682 0.034981
1 0.083426 0.186599 0.051074 0.094954
1 0.074146 0.460251 0.030960 0.025315
1 0.024040 0.505899 0.015799 0.048765
1 0.595388 0.069521 0.022666 0.040504
1 0.714859 0.369613 0.032713 0.035054
1 0.783573 0.569556 0.026218 0.022489
1 0.950702 0.749735 0.021295 0.050210
1 0.883938 0.887898 0.030526 0.122513
1 0.817173 0.926775 0.037510 0.040658
1 0.635459 0.952261 0.034330 0.037847
