1 0.767098 0.095221 0.039244 0.057525
1 0.825978 0.082736 0.038151 0.041900
1 0.880822 0.083522 0.044765 0.047608
1 0.618322 0.104549 0.040599 0.047275
1 0.486173 0.098303 0.045312 0.055421
1 0.055366 0.156118 0.044583 0.045004
1 0.030170 0.086923 0.038515 0.047108
1 0.364430 0.328168 0.050937 0.076588
1 0.657855 0.324085 0.043775 0.063067
1 0.475371 0.681820 0.043593 0.060462
1 0.524355 0.618337 0.046406 0.071046
1 0.061998 0.638541 0.064609 0.064735
1 0.229604 0.863355 0.022474 0.025106
1 0.364917 0.883591 0.027369 0.035857
1 0.390334 0.860838 0.024193 0.020065
1 0.466975 0.934976 0.034974 0.026108
1 0.589865 0.881109 0.024922 0.030482
1 0.667951 0.860612 0.032708 0.023337
