1 0.494597 0.270478 0.028962 0.033690
1 0.561452 0.388053 0.038829 0.082835
1 0.484954 0.410192 0.032232 0.039440
1 0.429195 0.432434 0.031327 0.123968
1 0.838016 0.400793 0.016045 0.046755
1 0.800154 0.449052 0.020659 0.044268
1 0.848360 0.556655 0.025238 0.040392
1 0.812679 0.628428 0.017134 0.028796
1 0.910048 0.477008 0.024274 0.033399
1 0.344361 0.808441 0.024857 0.055622
1 0.477182 0.785589 0.018696 0.028893
1 0.540429 0.840090 0.029780 0.035128
1 0.601633 0.921151 0.044152 0.077619
1 0.420064 0.905295 0.067534 0.047178
1 0.194064 0.881069 0.035195 0.063197
1 0.064429 0.831384 0.033305 0.050600
1 0.237196 0.630767 0.016717 0.042637
1 0.123754 0.467394 0.020878 0.052601
1 0.156015 0.772835 0.017389 0.038519
