1 0.164408 0.072242 0.038392 0.028628
1 0.155321 0.129986 0.036632 0.023605
1 0.165380 0.177382 0.033059 0.028535
1 0.189103 0.322184 0.037059 0.028605
1 0.189338 0.473405 0.038222 0.026628
1 0.190898 0.937068 0.036717 0.024605
1 0.250624 0.964067 0.036205 0.018605
1 0.259822 0.899811 0.031726 0.028512
1 0.436357 0.082517 0.038222 0.026628
1 0.474202 0.126923 0.039213 0.022652
1 0.415548 0.292192 0.027726 0.028442
1 0.451117 0.403738 0.042392 0.028698
1 0.453976 0.593471 0.034307 0.027559
1 0.433920 0.765076 0.044461 0.021745
1 0.779610 0.849176 0.040803 0.025675
1 0.797441 0.432745 0.032888 0.026535
1 0.755708 0.381896 0.049315 0.031815
1 0.737741 0.101292 0.036717 0.024605
