1 0.780760 0.273388 0.023703 0.095548
1 0.934539 0.317355 0.020213 0.036947
1 0.587660 0.238165 0.026491 0.039048
1 0.534571 0.250213 0.027490 0.050248
1 0.434919 0.300804 0.016252 0.033725
1 0.511453 0.370771 0.046776 0.039973
1 0.256277 0.247044 0.015635 0.041969
1 0.279518 0.339475 0.013991 0.037624
1 0.278839 0.413870 0.017852 0.075480
1 0.180513 0.496628 0.030124 0.025604
1 0.400661 0.589916 0.027944 0.033671
1 0.434761 0.727433 0.025692 0.077759
1 0.613186 0.732448 0.035975 0.045672
1 0.804281 0.650515 0.021721 0.034348
1 0.593405 0.922290 0.024420 0.052670
1 0.552923 0.830678 0.023901 0.026281
1 0.538290 0.957771 0.019968 0.024447
1 0.205981 0.954016 0.019487 0.039636
