1 0.178778 0.402936 0.015576 0.046242
1 0.191880 0.686059 0.031197 0.040693
1 0.204995 0.732793 0.018728 0.049118
1 0.224540 0.770016 0.028819 0.033887
1 0.210216 0.833425 0.021834 0.016134
1 0.363083 0.596428 0.017273 0.041048
1 0.363101 0.798291 0.020122 0.038591
1 0.395990 0.973898 0.010349 0.041892
1 0.302417 0.028436 0.018834 0.015924
1 0.666478 0.694654 0.015273 0.040908
1 0.632397 0.252692 0.014212 0.022242
1 0.602616 0.219402 0.015501 0.044908
1 0.634388 0.173813 0.016834 0.015785
0 0.545879 0.579320 0.026016 0.072204
0 0.536417 0.623148 0.048909 0.019354
0 0.531738 0.829995 0.064212 0.025736
