1 0.760099 0.842099 0.021126 0.036542
1 0.983959 0.753592 0.026913 0.043996
1 0.763495 0.762277 0.030054 0.095458
1 0.855005 0.474087 0.042156 0.037118
1 0.948086 0.279903 0.029400 0.030398
1 0.805596 0.132773 0.038488 0.058904
1 0.803874 0.197793 0.027519 0.023308
1 0.831441 0.234280 0.011097 0.038373
1 0.690345 0.433635 0.057892 0.057946
1 0.578897 0.501207 0.037037 0.078130
1 0.517115 0.163835 0.021700 0.049042
1 0.405364 0.617803 0.022752 0.038076
1 0.183497 0.732625 0.030740 0.059565
1 0.143501 0.758669 0.022911 0.075431
1 0.125406 0.347485 0.024633 0.045166
