1 0.414906 0.423245 0.020996 0.026265
1 0.434795 0.459439 0.022153 0.030311
1 0.449841 0.499401 0.023205 0.031691
1 0.449862 0.372967 0.023101 0.029024
1 0.450297 0.917323 0.026472 0.013211
1 0.473457 0.744720 0.017153 0.030078
1 0.472985 0.110527 0.033681 0.018870
1 0.484870 0.171636 0.028524 0.014637
1 0.680546 0.070948 0.023310 0.034358
1 0.675740 0.481970 0.027415 0.037211
1 0.725649 0.558159 0.030839 0.022730
1 0.323037 0.574682 0.023415 0.037024
1 0.311067 0.244728 0.023467 0.038358
1 0.307797 0.123465 0.035524 0.014963
0 0.200803 0.397970 0.068467 0.040453
