1 0.415882 0.316265 0.040771 0.048046
1 0.525937 0.338978 0.028943 0.042248
1 0.466969 0.006400 0.023874 0.012800
1 0.242749 0.065783 0.029561 0.033931
1 0.230355 0.022027 0.021994 0.044054
1 0.250117 0.724391 0.037455 0.038260
1 0.345629 0.513472 0.025255 0.053279
1 0.340671 0.845384 0.037646 0.047982
1 0.434105 0.760152 0.036811 0.045188
1 0.449422 0.914633 0.040580 0.038324
1 0.276292 0.982077 0.044940 0.021755
1 0.653692 0.474474 0.017651 0.023967
1 0.675279 0.548302 0.017225 0.042006
1 0.724422 0.471622 0.018487 0.026761
