1 0.681079 0.616572 0.027040 0.051637
1 0.692560 0.712912 0.018432 0.049269
1 0.415830 0.743816 0.024819 0.063870
1 0.354678 0.635574 0.015307 0.048913
1 0.306957 0.702972 0.029329 0.046349
1 0.282181 0.603730 0.012827 0.034757
1 0.251526 0.621047 0.021339 0.027403
1 0.403312 0.422609 0.041856 0.050551
1 0.477691 0.367959 0.015307 0.048913
1 0.611193 0.572539 0.019555 0.084081
1 0.645747 0.435661 0.019050 0.032692
1 0.610234 0.156923 0.020503 0.021759
1 0.569198 0.150167 0.040130 0.033706
1 0.660161 0.115442 0.021339 0.027403
