1 0.776046 0.165307 0.023755 0.090714
1 0.932272 0.187785 0.018951 0.033705
1 0.527793 0.176696 0.028736 0.047788
1 0.580756 0.156839 0.027504 0.032494
1 0.818844 0.543125 0.021131 0.028198
1 0.630447 0.649168 0.035644 0.043767
1 0.576569 0.757292 0.027340 0.026938
1 0.620123 0.842554 0.025734 0.051890
1 0.567075 0.886039 0.019405 0.022610
1 0.580411 0.940657 0.015168 0.037791
1 0.450860 0.669559 0.027951 0.074144
1 0.411383 0.536961 0.027340 0.026938
1 0.511124 0.300728 0.047076 0.034287
1 0.429944 0.238479 0.018170 0.033689
1 0.276976 0.300012 0.012002 0.036337
1 0.277954 0.372953 0.018494 0.071173
1 0.247773 0.210978 0.015168 0.037791
1 0.186289 0.472131 0.029602 0.024209
