1 0.252479 0.710570 0.027422 0.030266
1 0.098637 0.533379 0.039424 0.066829
1 0.096058 0.605101 0.025737 0.026034
1 0.121115 0.645781 0.012947 0.042152
1 0.116969 0.916421 0.038687 0.041829
1 0.333915 0.700248 0.026962 0.094058
1 0.513407 0.779037 0.026344 0.099581
1 0.768377 0.645420 0.020470 0.059109
1 0.859513 0.831463 0.022281 0.041151
1 0.950963 0.802649 0.036426 0.044510
1 0.735144 0.393709 0.043252 0.037857
1 0.144629 0.037124 0.043208 0.062824
1 0.145888 0.159443 0.031035 0.073418
1 0.765497 0.011712 0.044074 0.023424
