1 0.666648 0.050013 0.035383 0.033873
1 0.689078 0.108194 0.043660 0.017117
1 0.635713 0.290094 0.029739 0.028733
1 0.648734 0.316978 0.013677 0.027314
1 0.344650 0.385638 0.035288 0.010908
1 0.326056 0.254940 0.012778 0.034279
1 0.317205 0.053381 0.037954 0.010978
1 0.007708 0.691757 0.015415 0.031489
1 0.025174 0.229030 0.024157 0.024594
0 0.406022 0.666198 0.056252 0.048397
0 0.406774 0.568059 0.073180 0.020886
0 0.470708 0.431008 0.030732 0.044733
0 0.447357 0.280152 0.045399 0.045117
0 0.502117 0.280084 0.050670 0.044257
