1 0.473251 0.339469 0.018182 0.041836
1 0.613683 0.547081 0.017223 0.037662
1 0.751162 0.163256 0.012595 0.039002
1 0.804406 0.258210 0.016809 0.027939
1 0.897623 0.200866 0.025403 0.028028
1 0.751015 0.856005 0.027865 0.030830
1 0.221846 0.606195 0.019460 0.016861
1 0.234867 0.636872 0.028457 0.044719
1 0.059663 0.346298 0.028623 0.066933
1 0.122441 0.335147 0.027616 0.043322
1 0.080767 0.236842 0.022396 0.030774
1 0.076966 0.074375 0.023959 0.030790
1 0.487500 0.985417 0.012500 0.026389
1 0.859968 0.673185 0.010926 0.018161
