1 0.433333 0.922422 0.029167 0.031462
1 0.433333 0.857318 0.029167 0.026254
1 0.466667 0.940894 0.020833 0.047027
1 0.510417 0.908660 0.029167 0.023650
1 0.552083 0.936307 0.029167 0.041879
1 0.595833 0.837666 0.016667 0.041788
1 0.552083 0.567817 0.020833 0.039214
1 0.489583 0.579081 0.016667 0.036580
1 0.482292 0.696216 0.022917 0.036625
1 0.491667 0.728836 0.025000 0.028828
1 0.448958 0.759775 0.018750 0.033991
1 0.434375 0.763576 0.018750 0.026178
1 0.751042 0.207285 0.031250 0.039290
1 0.572917 0.056250 0.025000 0.036640
1 0.492708 0.011396 0.022917 0.015792
1 0.478125 0.026915 0.022917 0.026208
0 0.486458 0.260048 0.089583 0.117839
