1 0.476419 0.427410 0.050273 0.029329
1 0.690838 0.437537 0.054602 0.072506
1 0.791056 0.418417 0.041911 0.052674
1 0.676735 0.321786 0.037895 0.041441
1 0.551803 0.709001 0.026835 0.028602
1 0.492061 0.784253 0.063786 0.053353
1 0.486109 0.833389 0.043296 0.034667
1 0.206852 0.661479 0.041239 0.063761
1 0.160368 0.819113 0.034112 0.053820
1 0.183108 0.293964 0.030028 0.035643
1 0.246379 0.097951 0.029452 0.056453
1 0.588386 0.325991 0.050532 0.055718
1 0.812903 0.819912 0.029315 0.042564
1 0.710146 0.779212 0.063690 0.043630
