1 0.788234 0.496707 0.029819 0.033304
1 0.785229 0.682002 0.028743 0.031924
1 0.799807 0.859126 0.027591 0.029211
1 0.810020 0.924156 0.028591 0.029257
1 0.581824 0.940129 0.023894 0.034358
1 0.387415 0.977255 0.028682 0.013304
1 0.623965 0.728948 0.021667 0.030265
1 0.632009 0.632319 0.030212 0.022684
1 0.645865 0.664427 0.024894 0.034404
1 0.591054 0.582089 0.030819 0.033350
1 0.602702 0.363638 0.024667 0.030404
1 0.621335 0.118125 0.021516 0.027598
1 0.360985 0.008565 0.025819 0.017130
1 0.344667 0.551450 0.024591 0.029071
