1 0.692336 0.164356 0.036938 0.062970
1 0.682366 0.343495 0.041975 0.036864
1 0.775335 0.338686 0.021480 0.024702
1 0.806533 0.501100 0.030256 0.036258
1 0.676805 0.672533 0.036338 0.074041
1 0.943473 0.220869 0.030733 0.065425
1 0.189683 0.768624 0.032577 0.034990
1 0.241942 0.402419 0.036369 0.028248
1 0.556984 0.565441 0.016884 0.030015
1 0.585753 0.555612 0.018537 0.035652
1 0.469539 0.453894 0.022330 0.028909
1 0.436293 0.046935 0.026000 0.062404
1 0.374049 0.161360 0.019432 0.042637
1 0.309456 0.108403 0.020054 0.032955
1 0.861275 0.644920 0.028443 0.020899
1 0.966764 0.592896 0.018074 0.055056
1 0.398475 0.674420 0.015253 0.025768
1 0.778006 0.764603 0.019114 0.023192
