1 0.550000 0.224173 0.026562 0.043330
1 0.407422 0.284675 0.025781 0.047489
1 0.414453 0.591547 0.064844 0.050671
1 0.317969 0.696711 0.037500 0.078166
1 0.359375 0.232394 0.021875 0.039115
1 0.409766 0.204095 0.044531 0.083794
1 0.828516 0.028473 0.046094 0.056947
1 0.137500 0.828439 0.025000 0.040536
1 0.507422 0.632252 0.014844 0.030709
1 0.561719 0.902524 0.032813 0.044784
1 0.902344 0.628167 0.021875 0.041893
1 0.946875 0.715207 0.031250 0.025323
1 0.256641 0.943873 0.021094 0.054385
1 0.922656 0.136985 0.042188 0.082381
1 0.901172 0.144846 0.022656 0.036345
1 0.975000 0.037138 0.014063 0.055701
