1 0.382916 0.667908 0.018110 0.044916
1 0.337186 0.654842 0.022070 0.061987
1 0.290874 0.702807 0.013395 0.036097
1 0.529898 0.596351 0.029960 0.086407
1 0.568602 0.729481 0.018914 0.051941
1 0.601992 0.312942 0.019618 0.028411
1 0.547652 0.294125 0.028243 0.039023
1 0.668246 0.153886 0.020422 0.035437
1 0.692291 0.461134 0.013368 0.027764
1 0.513729 0.070549 0.021198 0.034129
1 0.546891 0.061487 0.032844 0.013120
1 0.346274 0.210101 0.011823 0.033158
1 0.376870 0.371549 0.023497 0.020482
1 0.458369 0.098139 0.022915 0.081513
