1 0.440000 0.989333 0.036000 0.018667
1 0.686500 0.992667 0.037000 0.012000
1 0.713179 0.978484 0.024786 0.037864
1 0.570843 0.769100 0.030436 0.022330
1 0.723178 0.796237 0.028524 0.026174
1 0.853009 0.775705 0.031233 0.013074
1 0.910212 0.789465 0.015640 0.030498
1 0.966276 0.773853 0.024582 0.028530
1 0.136187 0.773947 0.031495 0.025074
1 0.053986 0.621145 0.025320 0.016608
1 0.914107 0.487614 0.030233 0.012996
1 0.620143 0.374938 0.030378 0.019663
1 0.289405 0.361233 0.016378 0.018576
1 0.266720 0.396741 0.033378 0.019896
1 0.229716 0.347946 0.011466 0.022188
0 0.542975 0.521353 0.053640 0.033449
0 0.576824 0.539954 0.013397 0.064932
0 0.733304 0.574069 0.017833 0.085243
