1 0.693522 0.270562 0.026514 0.036414
1 0.647031 0.227951 0.033340 0.032903
1 0.618070 0.251908 0.022097 0.049398
1 0.562755 0.274383 0.016048 0.025048
1 0.572711 0.308912 0.025806 0.043010
1 0.404551 0.290090 0.024456 0.034941
1 0.209589 0.257189 0.022573 0.037467
1 0.093888 0.612212 0.025806 0.043010
1 0.520951 0.660796 0.024456 0.034941
1 0.573985 0.599267 0.023980 0.046871
1 0.858527 0.338788 0.029631 0.039290
1 0.904774 0.295678 0.030747 0.042026
1 0.868325 0.616584 0.019806 0.042591
1 0.908179 0.617122 0.023281 0.030871
