1 0.715881 0.369438 0.025908 0.036414
1 0.666176 0.320049 0.032803 0.032903
1 0.638752 0.340092 0.021257 0.049398
1 0.584741 0.354951 0.015629 0.025048
1 0.597167 0.391088 0.025083 0.043010
1 0.426864 0.348577 0.023873 0.034941
1 0.228641 0.288144 0.021943 0.037467
1 0.137256 0.629122 0.025083 0.043010
1 0.569816 0.737871 0.023873 0.034941
1 0.618797 0.683399 0.023187 0.046871
1 0.886476 0.461212 0.028978 0.039290
1 0.929929 0.424322 0.030048 0.042026
1 0.915792 0.742083 0.019083 0.042591
1 0.955879 0.748211 0.022768 0.030871
