1 0.171668 0.307189 0.025096 0.028357
1 0.123231 0.406980 0.012085 0.019344
1 0.136146 0.426494 0.015466 0.023681
1 0.241264 0.361136 0.017538 0.032099
1 0.029258 0.533561 0.019101 0.032184
1 0.695266 0.461051 0.012596 0.027678
1 0.710126 0.525612 0.018463 0.021767
1 0.863665 0.399131 0.019101 0.032184
1 0.795728 0.318101 0.020408 0.028102
1 0.862629 0.505679 0.023023 0.019938
1 0.850384 0.449621 0.014541 0.034012
1 0.846860 0.545582 0.015848 0.029931
1 0.789829 0.542484 0.017666 0.034182
1 0.369979 0.524899 0.018591 0.023850
1 0.581984 0.454897 0.016518 0.015432
0 0.311018 0.438085 0.098692 0.111258
1 0.293989 0.050462 0.044866 0.046042
