1 0.575789 0.214275 0.025003 0.059837
1 0.042192 0.603089 0.024444 0.043837
1 0.064107 0.674422 0.027211 0.037496
1 0.009159 0.660735 0.018318 0.031728
1 0.501224 0.594968 0.025304 0.039945
1 0.647433 0.601636 0.025304 0.039945
1 0.789724 0.563568 0.024304 0.039837
1 0.840807 0.541405 0.025164 0.035945
1 0.894655 0.554140 0.032164 0.036707
1 0.881270 0.823242 0.028304 0.040272
1 0.834396 0.867528 0.027164 0.036163
1 0.670701 0.819595 0.027118 0.034830
1 0.623156 0.797540 0.032164 0.036707
1 0.596050 0.817758 0.019537 0.045959
1 0.541935 0.798411 0.018699 0.021959
1 0.550920 0.869159 0.028444 0.044272
1 0.186993 0.849661 0.022211 0.036952
1 0.382701 0.850941 0.025118 0.034612
