1 0.242309 0.323611 0.017449 0.061111
1 0.148849 0.339583 0.020467 0.040278
1 0.504939 0.308333 0.021189 0.038889
1 0.698702 0.381944 0.011695 0.036111
1 0.727506 0.260417 0.016395 0.018056
1 0.943019 0.248611 0.027889 0.086111
1 0.881932 0.712500 0.015246 0.027778
1 0.790455 0.775000 0.035725 0.050000
1 0.510932 0.659722 0.015128 0.025000
1 0.399428 0.793056 0.034825 0.047222
1 0.152572 0.949306 0.051291 0.048611
1 0.423908 0.900000 0.038732 0.047222
1 0.338729 0.422917 0.046366 0.043056
1 0.975159 0.498611 0.020052 0.030556
1 0.958606 0.632639 0.029297 0.045833
1 0.714352 0.529167 0.038258 0.036111
1 0.537140 0.697222 0.025995 0.041667
1 0.155177 0.405556 0.011932 0.041667
1 0.153053 0.529861 0.018667 0.034722
1 0.140023 0.746528 0.031215 0.054167
1 0.604288 0.247222 0.018490 0.030556
