1 0.185221 0.379604 0.027709 0.050275
1 0.305688 0.114941 0.027167 0.026664
1 0.264312 0.149921 0.014763 0.030701
1 0.419805 0.544492 0.022558 0.064107
1 0.505058 0.515519 0.021027 0.065480
1 0.469185 0.705381 0.029685 0.068346
1 0.538845 0.677636 0.016134 0.022384
1 0.553045 0.820110 0.031502 0.079474
1 0.406846 0.865115 0.025683 0.064139
1 0.286731 0.702105 0.033082 0.046165
1 0.172865 0.573180 0.027341 0.068322
1 0.757186 0.525764 0.022639 0.033560
1 0.753335 0.357709 0.039474 0.086499
1 0.869241 0.286008 0.024887 0.029417
1 0.939975 0.322148 0.025509 0.022481
1 0.879366 0.693655 0.021250 0.075202
1 0.817004 0.835337 0.015640 0.034876
1 0.708920 0.634961 0.024329 0.039131
1 0.944574 0.556862 0.017888 0.030733
