1 0.180109 0.404684 0.026358 0.038278
1 0.232192 0.400892 0.022192 0.037975
1 0.167078 0.447413 0.038470 0.028772
1 0.195157 0.500204 0.020108 0.037823
1 0.175223 0.553880 0.034692 0.038885
1 0.256427 0.602804 0.034110 0.023260
1 0.470014 0.532418 0.032220 0.028317
1 0.457728 0.454976 0.029943 0.022957
1 0.363639 0.452686 0.030234 0.030769
1 0.338034 0.466301 0.024081 0.032918
1 0.311045 0.414736 0.027957 0.025409
1 0.307240 0.396734 0.021707 0.024954
1 0.768864 0.760033 0.032705 0.041338
1 0.880360 0.528656 0.030331 0.033373
1 0.940100 0.562169 0.017734 0.029859
1 0.918242 0.424060 0.021804 0.027558
1 0.898861 0.408498 0.021901 0.030163
0 0.712791 0.432489 0.097922 0.118805
