1 0.277362 0.785051 0.040023 0.096231
1 0.424169 0.522186 0.045222 0.067842
1 0.785826 0.416473 0.035646 0.061121
1 0.741680 0.389360 0.017788 0.018803
1 0.699574 0.512476 0.029627 0.045163
1 0.949441 0.775825 0.032922 0.071843
1 0.924547 0.791564 0.015545 0.021290
1 0.391196 0.947084 0.026101 0.033663
1 0.439552 0.824745 0.013601 0.032109
1 0.186719 0.984028 0.029687 0.029167
1 0.180524 0.456322 0.023177 0.038830
1 0.060836 0.315185 0.018339 0.034081
1 0.237989 0.799688 0.032792 0.089802
1 0.376591 0.372574 0.053054 0.090938
1 0.330646 0.253859 0.034504 0.094163
