1 0.166044 0.518354 0.053101 0.087995
1 0.289666 0.496479 0.064525 0.076647
1 0.258994 0.823286 0.045012 0.064948
1 0.356309 0.803971 0.040204 0.068677
1 0.448570 0.897418 0.023756 0.058474
1 0.789315 0.858747 0.060884 0.063151
1 0.867277 0.831066 0.051627 0.057329
1 0.975500 0.578000 0.047000 0.081333
1 0.743099 0.727240 0.055012 0.065492
1 0.632480 0.542365 0.036179 0.047181
1 0.659664 0.226008 0.037563 0.055235
1 0.582689 0.243103 0.043179 0.047561
1 0.597287 0.142163 0.038756 0.059289
1 0.235568 0.200972 0.070653 0.079640
1 0.222466 0.115150 0.079678 0.101408
