1 0.322592 0.029318 0.053284 0.038033
1 0.332062 0.371744 0.022353 0.044655
1 0.348054 0.464678 0.028731 0.047497
1 0.392712 0.637215 0.018527 0.029344
1 0.418558 0.502161 0.024075 0.082155
1 0.438383 0.908399 0.022114 0.022440
1 0.391237 0.954047 0.023868 0.026623
1 0.479072 0.909368 0.041247 0.030968
1 0.559007 0.684129 0.017857 0.048773
1 0.629575 0.620870 0.044292 0.046270
1 0.603738 0.305015 0.028587 0.061378
1 0.712954 0.334455 0.030819 0.041966
1 0.740401 0.430050 0.015593 0.033479
1 0.769491 0.408211 0.022178 0.023829
1 0.667442 0.407182 0.017666 0.044606
