1 0.603126 0.090290 0.021995 0.033397
1 0.545823 0.225971 0.018457 0.045371
1 0.486909 0.627478 0.035893 0.029736
1 0.633687 0.650589 0.046049 0.031104
1 0.635075 0.735480 0.014677 0.022728
1 0.731033 0.621567 0.019282 0.020581
1 0.626319 0.425400 0.025778 0.029757
1 0.313229 0.843855 0.031083 0.024938
1 0.377122 0.471421 0.022117 0.037564
1 0.339361 0.366529 0.011838 0.032029
1 0.235776 0.316848 0.020633 0.066415
1 0.240285 0.533430 0.026883 0.067257
1 0.206497 0.953686 0.017184 0.028599
1 0.304404 0.009917 0.020142 0.019835
