1 0.581861 0.268916 0.023751 0.057690
1 0.007544 0.548480 0.015088 0.041644
1 0.055514 0.609015 0.023541 0.041690
1 0.079046 0.682635 0.026454 0.035070
1 0.021307 0.663535 0.022384 0.029675
1 0.515464 0.643870 0.024489 0.037706
1 0.662168 0.664256 0.024489 0.037706
1 0.803964 0.639394 0.023489 0.037690
1 0.854683 0.621944 0.024436 0.033706
1 0.908938 0.639765 0.031436 0.033814
1 0.901421 0.908494 0.027489 0.037752
1 0.855406 0.948533 0.026436 0.033737
1 0.690270 0.885109 0.026419 0.032403
1 0.642128 0.858528 0.031436 0.033814
1 0.615401 0.876272 0.018576 0.044279
1 0.560733 0.851792 0.018262 0.020279
1 0.571290 0.923614 0.027541 0.041752
1 0.206067 0.869959 0.021454 0.034992
1 0.402270 0.889577 0.024419 0.032372
