1 0.723093 0.842672 0.018639 0.041523
1 0.781612 0.790808 0.016085 0.078740
1 0.663992 0.954060 0.045052 0.039280
1 0.660396 0.562463 0.019020 0.030468
1 0.598211 0.555881 0.019551 0.023580
1 0.556594 0.590268 0.021514 0.034805
1 0.514116 0.589962 0.012820 0.031404
1 0.430469 0.495938 0.024148 0.086250
1 0.408976 0.375249 0.017958 0.044244
1 0.361553 0.497180 0.018228 0.073354
1 0.114058 0.386439 0.027483 0.049090
1 0.148369 0.343903 0.024870 0.019810
1 0.068364 0.967017 0.034765 0.056544
1 0.499515 0.833403 0.022245 0.033472
1 0.971701 0.832976 0.017858 0.041466
