1 0.526568 0.201235 0.040931 0.043287
1 0.500786 0.028243 0.036873 0.040559
1 0.516656 0.640871 0.025611 0.028388
1 0.509514 0.680328 0.025989 0.045721
1 0.395755 0.784794 0.021989 0.045659
1 0.303948 0.840904 0.025873 0.040388
1 0.332130 0.940500 0.025931 0.043055
1 0.255822 0.377493 0.037524 0.024574
1 0.318218 0.257152 0.029669 0.031117
1 0.285254 0.167633 0.029757 0.035117
1 0.765599 0.130170 0.048135 0.052729
1 0.804692 0.294286 0.028757 0.035101
1 0.757297 0.597790 0.022698 0.032341
1 0.770431 0.718294 0.027611 0.028419
1 0.832098 0.633309 0.028727 0.033768
1 0.833217 0.936728 0.054106 0.051489
