1 0.486588 0.397736 0.019551 0.031137
1 0.290462 0.268295 0.022513 0.054821
1 0.237594 0.339437 0.020004 0.018662
1 0.249799 0.462075 0.020967 0.025630
1 0.428038 0.102784 0.018607 0.054700
1 0.576350 0.123202 0.027763 0.046658
1 0.772100 0.417372 0.030325 0.055064
1 0.758831 0.522730 0.011665 0.028117
1 0.867271 0.274721 0.019551 0.031137
1 0.891827 0.809116 0.028071 0.028626
1 0.761607 0.897253 0.016171 0.021318
1 0.585354 0.690745 0.026727 0.036911
1 0.355396 0.239870 0.017170 0.029676
1 0.218426 0.577725 0.021077 0.029797
