1 0.521337 0.320236 0.016925 0.026559
1 0.376906 0.515441 0.018624 0.033519
1 0.474333 0.625522 0.024311 0.044687
1 0.579092 0.660542 0.038318 0.042055
1 0.794841 0.592352 0.037564 0.043435
1 0.804567 0.534624 0.018733 0.039075
1 0.792655 0.445182 0.027408 0.043330
1 0.394752 0.740210 0.038482 0.050388
1 0.480862 0.750429 0.036138 0.050364
1 0.408349 0.823386 0.032631 0.030887
1 0.312133 0.611924 0.017951 0.039067
1 0.118677 0.897201 0.039591 0.067063
1 0.511841 0.863280 0.019759 0.051583
1 0.275098 0.310286 0.028752 0.032235
