1 0.583091 0.565065 0.033378 0.058787
1 0.724096 0.570825 0.046757 0.049572
1 0.870083 0.544733 0.035214 0.063087
1 0.924087 0.529644 0.037793 0.055020
1 0.978125 0.534375 0.040625 0.060417
1 0.786418 0.802236 0.034804 0.056837
1 0.930500 0.854871 0.039218 0.053071
1 0.642541 0.836527 0.036035 0.075587
1 0.473879 0.816370 0.036093 0.052804
1 0.293196 0.804574 0.035078 0.061003
1 0.493918 0.894269 0.027734 0.043803
1 0.118941 0.555491 0.029843 0.052270
1 0.149985 0.633496 0.040371 0.046954
1 0.084926 0.611820 0.032832 0.050453
1 0.068170 0.500121 0.033652 0.062953
1 0.631141 0.183857 0.032636 0.071153
