1 0.606515 0.262733 0.019908 0.053032
1 0.135555 0.611458 0.024535 0.031971
1 0.553206 0.614167 0.024628 0.037304
1 0.693114 0.645080 0.023559 0.033250
1 0.826846 0.637026 0.023582 0.034583
1 0.876113 0.626382 0.022628 0.037195
1 0.929927 0.647289 0.027466 0.028134
1 0.930466 0.907072 0.023698 0.041250
1 0.885571 0.939266 0.028559 0.033521
1 0.725431 0.865295 0.024512 0.030637
1 0.676465 0.835993 0.027419 0.025467
1 0.652710 0.848689 0.017722 0.042257
1 0.611989 0.891101 0.024652 0.038637
1 0.448349 0.845579 0.022535 0.031862
1 0.260267 0.802059 0.021489 0.029141
