1 0.063214 0.382356 0.025777 0.082795
1 0.299650 0.518426 0.043432 0.053458
1 0.492193 0.367392 0.024805 0.063237
1 0.473113 0.256806 0.019886 0.038945
1 0.697363 0.147765 0.059385 0.089059
1 0.957282 0.324935 0.024696 0.052126
1 0.973250 0.317750 0.012909 0.043481
1 0.913254 0.422426 0.020803 0.052948
1 0.437265 0.669532 0.018378 0.044274
1 0.573345 0.664388 0.021271 0.021117
1 0.649408 0.642223 0.023697 0.029790
1 0.726859 0.681750 0.015171 0.035487
1 0.845870 0.651266 0.053411 0.036876
1 0.955947 0.706922 0.022148 0.030952
1 0.924062 0.806128 0.034784 0.046655
1 0.191134 0.621798 0.054588 0.077267
1 0.172035 0.748357 0.023420 0.081066
1 0.706761 0.507331 0.024133 0.074235
1 0.021197 0.804323 0.027067 0.055244
