1 0.697124 0.849869 0.017319 0.041701
1 0.757487 0.798633 0.013536 0.078877
1 0.634223 0.960602 0.043868 0.039734
1 0.643485 0.569114 0.018064 0.030655
1 0.581369 0.561888 0.018823 0.023775
1 0.538523 0.595830 0.020422 0.035015
1 0.495954 0.595082 0.011819 0.031526
1 0.415197 0.500225 0.021371 0.086469
1 0.397618 0.379357 0.016547 0.044414
1 0.346077 0.500750 0.015861 0.073516
1 0.101631 0.387479 0.025936 0.049357
1 0.137421 0.345316 0.024278 0.020061
1 0.036750 0.967365 0.032990 0.056884
1 0.473319 0.838280 0.021198 0.033691
1 0.946643 0.842759 0.016538 0.041636
