1 0.381345 0.935236 0.034681 0.019181
1 0.593688 0.927691 0.030520 0.040242
1 0.628738 0.911817 0.036839 0.023289
1 0.656655 0.887017 0.025415 0.037304
1 0.704212 0.908382 0.012101 0.028598
1 0.526464 0.695847 0.030786 0.021630
1 0.677861 0.702923 0.028943 0.025521
1 0.809567 0.665166 0.031419 0.012351
1 0.866200 0.671403 0.016153 0.030148
1 0.923486 0.648333 0.025048 0.027971
1 0.089444 0.758174 0.031891 0.024351
1 0.016209 0.615800 0.025576 0.016025
1 0.888596 0.368165 0.030419 0.012297
1 0.600134 0.294030 0.030681 0.018963
1 0.268662 0.324013 0.016681 0.018203
1 0.243695 0.362623 0.033681 0.019126
1 0.209503 0.318578 0.011839 0.021931
0 0.513633 0.451070 0.054153 0.032213
0 0.546504 0.465250 0.014516 0.064652
0 0.701640 0.478774 0.019302 0.084869
