1 0.546824 0.388345 0.037695 0.064774
1 0.623552 0.548223 0.027471 0.042572
1 0.451995 0.429605 0.018096 0.041309
1 0.373307 0.387404 0.020431 0.038847
1 0.457216 0.472671 0.012614 0.036406
1 0.480016 0.513369 0.025118 0.039479
1 0.150479 0.723112 0.018023 0.019087
1 0.169222 0.718503 0.018082 0.037143
1 0.518656 0.737431 0.043096 0.044677
1 0.748657 0.682826 0.014117 0.018561
1 0.852795 0.620164 0.019640 0.035964
1 0.977864 0.146865 0.029020 0.038616
1 0.295506 0.377737 0.033689 0.033692
1 0.298445 0.320371 0.022752 0.032219
1 0.267254 0.342637 0.010252 0.030535
1 0.242985 0.330622 0.021180 0.029230
1 0.184296 0.309348 0.024405 0.060207
1 0.166840 0.110222 0.015757 0.042383
1 0.398590 0.011557 0.026749 0.023115
