1 0.657692 0.247754 0.055915 0.078861
1 0.922711 0.467485 0.024442 0.039358
1 0.973189 0.851529 0.032509 0.045075
1 0.967895 0.906552 0.021221 0.071205
1 0.925405 0.849737 0.019117 0.025372
1 0.896443 0.942785 0.033099 0.040924
1 0.815520 0.772768 0.050622 0.031574
1 0.730579 0.787732 0.010969 0.034916
1 0.698587 0.780748 0.013504 0.039131
1 0.880340 0.558030 0.019547 0.051744
1 0.671539 0.608922 0.023119 0.061531
1 0.578714 0.528819 0.026371 0.064374
1 0.460028 0.430485 0.021620 0.062888
1 0.437316 0.319043 0.019372 0.030927
1 0.545638 0.736645 0.020297 0.017071
1 0.620351 0.728843 0.022178 0.024047
1 0.408776 0.719318 0.018383 0.043395
1 0.364348 0.748041 0.025925 0.054652
1 0.267051 0.544998 0.041884 0.045269
1 0.328331 0.798139 0.024298 0.053230
1 0.143063 0.748448 0.022513 0.082332
