1 0.729567 0.0115518 0.0360577 0.0231036 0.290283
1 0.734375 0.0153913 0.0336538 0.0307826 0.262939
1 0.93149 0.540598 0.03125 0.0662393 0.262207
1 0.734375 0.0167601 0.0336538 0.0335203 0.263672
1 0.734976 0.0145566 0.0336539 0.0291132 0.256104
1 0.731971 0.0124866 0.0336538 0.0249733 0.265137
1 0.930288 0.546474 0.03125 0.0630342 0.275146
1 0.93149 0.543803 0.0336538 0.0619658 0.256836
1 0.930288 0.542735 0.0300481 0.0598291 0.253174
1 0.930288 0.544872 0.0288462 0.0576923 0.255371
1 0.930288 0.543269 0.0288462 0.0619658 0.250244
1 0.930288 0.542735 0.0300481 0.0587607 0.255371
1 0.93089 0.543803 0.0324519 0.0598291 0.269775
1 0.930288 0.542735 0.03125 0.0598291 0.274414
1 0.929688 0.542735 0.03125 0.0619658 0.258301
1 0.930288 0.543269 0.03125 0.0630342 0.26123
1 0.929087 0.541667 0.03125 0.0641026 0.294189
1 0.930288 0.543269 0.03125 0.0630342 0.325928
1 0.0602464 0.29594 0.0309495 0.0587607 0.260498
1 0.929688 0.542735 0.0324519 0.0641026 0.346924
1 0.0599459 0.297009 0.0315505 0.0608974 0.282959
1 0.929688 0.542735 0.03125 0.0598291 0.374756
1 0.0602464 0.298077 0.0300481 0.0566239 0.294922
1 0.930288 0.540064 0.03125 0.0619658 0.395996
1 0.0599459 0.296474 0.03125 0.0598291 0.305664
1 0.731971 0.0132212 0.0384615 0.0264423 0.282227
1 0.929087 0.53953 0.03125 0.0619658 0.356689
1 0.0596454 0.29594 0.0300481 0.0587607 0.286865
1 0.731971 0.0132545 0.0372596 0.0265091 0.268066
1 0.930288 0.540598 0.03125 0.0619658 0.392334
1 0.0600962 0.296474 0.0307993 0.0587607 0.332031
1 0.731971 0.0130542 0.0384615 0.0261084 0.288574
1 0.930288 0.542201 0.03125 0.0619658 0.359375
1 0.0603215 0.297009 0.0307993 0.0576923 0.293457
1 0.733173 0.0127871 0.0384615 0.0255743 0.283691
1 0.929688 0.540598 0.03125 0.0619658 0.38501
1 0.731971 0.0132545 0.0384615 0.0265091 0.345947
1 0.060021 0.29594 0.0315505 0.0576923 0.319092
1 0.930288 0.540598 0.03125 0.0619658 0.389648
1 0.731971 0.0138221 0.0384615 0.0276442 0.332764
1 0.0600962 0.29594 0.030649 0.0576923 0.324219
1 0.930288 0.540598 0.03125 0.0619658 0.371094
1 0.733173 0.0142895 0.0384615 0.0285791 0.326904
1 0.0605469 0.29594 0.0303486 0.0566239 0.299072
1 0.930288 0.540598 0.0324519 0.0641026 0.368408
1 0.732572 0.0138555 0.0384615 0.027711 0.334473
1 0.0602464 0.29594 0.0314002 0.0598291 0.305664
1 0.93089 0.541667 0.0324519 0.0619658 0.384033
1 0.0603215 0.297009 0.0314002 0.0576923 0.332031
1 0.733173 0.0146568 0.0384615 0.0293136 0.305664
1 0.930288 0.542201 0.0324519 0.0630342 0.386719
1 0.0602464 0.297543 0.0309495 0.0587607 0.345947
1 0.733173 0.0150908 0.0384615 0.0301816 0.282959
1 0.930288 0.541667 0.0336538 0.0630342 0.371094
1 0.0602464 0.297009 0.0309495 0.0582265 0.320068
1 0.732572 0.0148237 0.0396635 0.0296474 0.27124
1 0.930288 0.540598 0.03125 0.0619658 0.396973
1 0.0600962 0.297009 0.03125 0.0587607 0.325195
1 0.731971 0.0148905 0.0384615 0.029781 0.289307
1 0.930288 0.541133 0.03125 0.0630342 0.375732
1 0.0603966 0.297009 0.0309495 0.0587607 0.303955
1 0.732572 0.0149573 0.0384615 0.0299145 0.282959
1 0.930288 0.541667 0.0324519 0.0619658 0.38501
1 0.0603966 0.297009 0.03125 0.0576923 0.317383
1 0.731971 0.015024 0.0384615 0.0300481 0.294922
1 0.929087 0.53953 0.03125 0.0619658 0.357666
1 0.0596454 0.29594 0.0300481 0.0587607 0.286865
1 0.731971 0.0132545 0.0372596 0.0265091 0.268066
