1 0.404147 0.342949 0.03125 0.0566239 0.263672
1 0.396034 0.341079 0.0390625 0.0683761 0.336426
1 0.266827 0.777778 0.0697115 0.0833333 0.268066
1 0.398137 0.341613 0.0360577 0.0619658 0.260498
1 0.398438 0.340545 0.0360577 0.0657051 0.275879
1 0.399038 0.342415 0.0390625 0.0651709 0.260498
1 0.266076 0.779915 0.070613 0.0961539 0.287842
1 0.263672 0.785256 0.0724159 0.0940171 0.283691
1 0.396334 0.34562 0.0390625 0.0673077 0.250244
1 0.266977 0.78312 0.070012 0.0876069 0.275146
1 0.265174 0.784722 0.0670072 0.0865384 0.265137
1 0.267127 0.782051 0.0703125 0.0918804 0.256836
1 0.26878 0.782051 0.0694111 0.0876069 0.262207
1 0.267879 0.78312 0.070012 0.0908119 0.252441
1 0.266526 0.78312 0.0685096 0.0929487 0.297363
1 0.264573 0.781517 0.0688101 0.094017 0.29834
1 0.399038 0.340278 0.0480769 0.0790598 0.257568
1 0.398137 0.340812 0.0426683 0.073718 0.26123
1 0.266977 0.782051 0.0676082 0.0876069 0.251709
1 0.40024 0.339744 0.0420673 0.0699787 0.299805
1 0.266376 0.778846 0.0694111 0.0876068 0.27832
1 0.399038 0.343483 0.0444711 0.0721154 0.269775
1 0.266827 0.781517 0.0691106 0.0918803 0.27124
1 0.398738 0.340278 0.0414664 0.0683761 0.307373
1 0.265925 0.779915 0.0679086 0.0897436 0.293457
1 0.397536 0.339744 0.0408654 0.0694444 0.308105
1 0.266376 0.779915 0.0682091 0.0918804 0.294922
1 0.163462 0.981838 0.0252404 0.0363247 0.251709
1 0.397236 0.340812 0.0408654 0.0694444 0.348633
1 0.265925 0.778846 0.0679086 0.0929487 0.266602
1 0.397837 0.34375 0.0420673 0.0673077 0.341553
1 0.265475 0.780983 0.0676082 0.0918804 0.293457
1 0.163011 0.982906 0.0252404 0.034188 0.257568
1 0.265024 0.779915 0.0697115 0.0918804 0.402588
1 0.397536 0.34188 0.0402644 0.0673077 0.400635
1 0.163612 0.981838 0.0249399 0.0363247 0.265869
1 0.397837 0.342147 0.0402644 0.0699786 0.346924
1 0.266226 0.782051 0.0673077 0.0908119 0.293457
1 0.16271 0.982372 0.0243389 0.0352564 0.257568
1 0.227464 0.340545 0.0252404 0.0389957 0.252441
1 0.397536 0.344551 0.0408654 0.0683761 0.391357
1 0.265174 0.782051 0.0682091 0.0918804 0.306641
1 0.163462 0.982372 0.0252404 0.0352564 0.283691
1 0.227764 0.340011 0.0252404 0.0395299 0.252441
1 0.397837 0.344551 0.0390625 0.0673077 0.351318
1 0.163762 0.982372 0.0240385 0.0352564 0.277588
1 0.265625 0.782051 0.0667067 0.0876069 0.269775
1 0.397837 0.344017 0.0408654 0.0662393 0.35498
1 0.265775 0.780983 0.0670072 0.0876069 0.269043
1 0.163161 0.982906 0.0240385 0.034188 0.260498
1 0.397536 0.344017 0.0402644 0.0662393 0.38501
1 0.265925 0.780983 0.0667067 0.0876069 0.330322
1 0.163311 0.981838 0.0249399 0.0363247 0.304932
1 0.399038 0.344284 0.0426682 0.0689103 0.373047
1 0.265775 0.782051 0.0676082 0.0876069 0.336426
1 0.163161 0.982372 0.0243389 0.0352564 0.276611
1 0.397837 0.344551 0.0408654 0.0673077 0.385742
1 0.265625 0.782586 0.0685096 0.0886753 0.328613
1 0.163462 0.982372 0.0258414 0.0352564 0.296631
1 0.397837 0.345086 0.0396635 0.0673077 0.381104
1 0.163762 0.982372 0.0252404 0.0352564 0.296631
1 0.265925 0.782586 0.0685096 0.0886753 0.293457
1 0.397837 0.345887 0.0408654 0.0673077 0.38501
1 0.265325 0.78312 0.0685096 0.0897436 0.352295
1 0.163462 0.982639 0.0249399 0.0347222 0.283691
1 0.398438 0.34562 0.0426682 0.0678419 0.378418
1 0.265925 0.782586 0.0685096 0.0886753 0.331055
1 0.163762 0.982372 0.0258414 0.0352564 0.277588
1 0.398438 0.344551 0.0420673 0.0683761 0.403564
1 0.163762 0.981838 0.0258414 0.0363247 0.310791
1 0.265475 0.78312 0.0688101 0.0897436 0.286865
1 0.227163 0.340545 0.0258414 0.0405983 0.251709
1 0.398438 0.344551 0.0426682 0.0683761 0.38501
1 0.265625 0.782586 0.0685096 0.0886753 0.291748
1 0.163762 0.982105 0.0258414 0.0357906 0.276611
1 0.398438 0.344551 0.0426682 0.0673077 0.386719
1 0.265625 0.78312 0.0679087 0.0886752 0.299805
1 0.163762 0.982372 0.0258414 0.0352564 0.279053
1 0.227314 0.34188 0.0261418 0.0400641 0.250244
1 0.397837 0.342147 0.0408654 0.0699786 0.347656
1 0.266226 0.782051 0.0673077 0.0908119 0.29248
1 0.16271 0.982372 0.0243389 0.0352564 0.257568
1 0.227464 0.340545 0.0252404 0.0389957 0.252441
