1 0.571815 0.0800614 0.0354568 0.0653045 0.275879
1 0.571514 0.0799947 0.0348558 0.0622329 0.304932
1 0.571514 0.0809295 0.0348558 0.0630342 0.264404
1 0.572115 0.0812634 0.0348558 0.0637019 0.309082
1 0.572115 0.0878739 0.0336539 0.0665064 0.27124
1 0.572115 0.088742 0.0348558 0.0674412 0.300781
1 0.571514 0.0864717 0.0360577 0.0677083 0.274414
1 0.572115 0.0878739 0.0348558 0.0659722 0.291016
1 0.572115 0.087273 0.0360577 0.0677083 0.294189
1 0.572115 0.0874065 0.0348558 0.06664 0.33374
1 0.572115 0.0880075 0.0348558 0.0670406 0.343262
1 0.571815 0.0873398 0.0354568 0.0662393 0.306641
1 0.572115 0.0877404 0.0348558 0.0665064 0.317383
1 0.572115 0.0884749 0.0348558 0.06664 0.313965
1 0.571815 0.088141 0.0354568 0.0665064 0.326904
1 0.571514 0.0809963 0.0348558 0.0629006 0.264404
