0 0.514423 0.311432 0.0444712 0.101496 0.32251
1 0.346755 0.532586 0.0757212 0.0886752 0.297363
1 0.51262 0.313568 0.0420673 0.104701 0.279785
1 0.513522 0.314103 0.0414664 0.100427 0.251709
1 0.512019 0.313034 0.0408654 0.099359 0.282959
1 0.503606 0.439904 0.0336539 0.106838 0.275146
1 0.606971 0.250801 0.0432693 0.0913462 0.260498
1 0.513221 0.314637 0.0420673 0.102564 0.256836
1 0.506911 0.439904 0.030649 0.105235 0.260498
1 0.507212 0.439103 0.03125 0.104701 0.255371
1 0.490385 0.754273 0.0294471 0.0662393 0.258301
1 0.506611 0.438034 0.0300481 0.103632 0.257568
1 0.51232 0.309562 0.0396635 0.0961538 0.250244
1 0.512019 0.314637 0.0408654 0.103632 0.265137
1 0.50631 0.447115 0.030048 0.105769 0.294189
1 0.51262 0.320513 0.0414663 0.105769 0.281494
1 0.605769 0.260083 0.0408654 0.0888088 0.258301
1 0.505409 0.443376 0.0300481 0.107906 0.385742
1 0.51262 0.316239 0.0414663 0.106303 0.383057
1 0.60637 0.250267 0.0420673 0.0924145 0.297363
1 0.490385 0.757479 0.0288462 0.0662393 0.282227
1 0.51232 0.311165 0.0402644 0.103098 0.320068
1 0.505108 0.441239 0.0294471 0.103632 0.26123
1 0.51262 0.305556 0.0396635 0.100427 0.380371
1 0.50601 0.437767 0.0300481 0.105769 0.274414
1 0.490986 0.751603 0.0300481 0.0662393 0.269043
1 0.606971 0.245727 0.0408654 0.0897436 0.264404
1 0.512019 0.298611 0.0384615 0.0929487 0.343262
1 0.505709 0.439904 0.030649 0.105235 0.300781
1 0.605769 0.246795 0.0408654 0.090812 0.250244
1 0.505709 0.441774 0.030649 0.107906 0.351318
1 0.512921 0.311699 0.0402644 0.105235 0.32251
1 0.605769 0.250067 0.0432693 0.0949519 0.265869
1 0.50601 0.439637 0.030649 0.105769 0.303223
1 0.51262 0.305823 0.0396635 0.104167 0.29248
1 0.605769 0.247329 0.0408654 0.0892094 0.282959
1 0.490986 0.751068 0.0300481 0.0662393 0.272705
1 0.51262 0.314103 0.0384615 0.101496 0.370117
1 0.506611 0.441773 0.0288462 0.104701 0.327637
1 0.490986 0.756944 0.0276443 0.065171 0.294922
1 0.605769 0.255409 0.0384615 0.0874733 0.259766
1 0.513221 0.312233 0.0396635 0.106303 0.30249
1 0.491286 0.755876 0.0282452 0.065171 0.291748
1 0.605769 0.254274 0.0408654 0.0892094 0.275879
1 0.512921 0.313301 0.0390625 0.10203 0.38208
1 0.50601 0.442308 0.0300481 0.106838 0.346924
1 0.491286 0.757479 0.0282452 0.0662393 0.2854
1 0.605769 0.254006 0.0408654 0.0897436 0.27124
1 0.513221 0.30609 0.0396635 0.101496 0.38208
1 0.505709 0.438034 0.030649 0.106838 0.337158
1 0.605769 0.247596 0.0420673 0.0918804 0.284668
1 0.490986 0.751603 0.0288462 0.0662393 0.268066
1 0.513221 0.314637 0.0408654 0.104701 0.343262
1 0.505709 0.443643 0.03125 0.10844 0.32251
1 0.605769 0.255609 0.0420673 0.0902778 0.277588
1 0.490986 0.754273 0.0300481 0.0662393 0.255371
1 0.513221 0.309295 0.0396635 0.104701 0.345215
1 0.50601 0.440705 0.0300481 0.107906 0.291748
1 0.491286 0.751068 0.0288461 0.065171 0.279785
1 0.605769 0.252738 0.0408654 0.0906784 0.275879
1 0.750601 0.399573 0.0384615 0.0801282 0.256836
1 0.513221 0.315171 0.0402644 0.105769 0.328613
1 0.50601 0.444712 0.030649 0.109509 0.288574
1 0.605769 0.255876 0.0408654 0.090812 0.257568
1 0.490986 0.754273 0.0288462 0.0662393 0.254639
1 0.512921 0.311432 0.0396635 0.103632 0.33374
1 0.605769 0.254006 0.0408654 0.0902778 0.262207
1 0.505409 0.443109 0.0300481 0.106303 0.262207
1 0.490986 0.752671 0.0288462 0.065171 0.256104
1 0.51232 0.310897 0.0402644 0.102564 0.320068
1 0.505108 0.441239 0.0294471 0.103632 0.260498
