1 0.799279 0.894231 0.0216346 0.0470085 0.255371
1 0.417668 0.681624 0.0336539 0.0384615 0.272705
1 0.419772 0.683227 0.0342548 0.0384615 0.27124
1 0.19982 0.338675 0.0793269 0.0897436 0.253174
1 0.674279 0.303419 0.0360577 0.0566239 0.263672
1 0.603365 0.0101496 0.0180289 0.0202991 0.254639
1 0.603365 0.0111512 0.0180289 0.0223024 0.263672
1 0.602163 0.00954861 0.0168269 0.0190972 0.265137
1 0.609976 0.0778579 0.0228365 0.0325855 0.270508
1 0.603365 0.00878072 0.0180289 0.0175614 0.253174
1 0.603365 0.0093149 0.0180289 0.0186298 0.2854
1 0.609375 0.079594 0.0216346 0.0323184 0.262207
1 0.603365 0.0104834 0.016827 0.0209669 0.291016
1 0.602764 0.0116854 0.0192308 0.0233707 0.254639
1 0.603966 0.00966546 0.0192308 0.0193309 0.283691
1 0.603365 0.00944845 0.0192308 0.0188969 0.283691
1 0.603966 0.0105502 0.0180289 0.0211004 0.323486
1 0.603365 0.0110844 0.0192308 0.0221688 0.264404
1 0.603966 0.0105168 0.0192308 0.0210337 0.276611
1 0.610577 0.0791266 0.0240385 0.0329861 0.251709
1 0.603365 0.0104334 0.0192308 0.0208667 0.250244
1 0.610577 0.0772569 0.0240385 0.0351229 0.271973
1 0.602163 0.00959869 0.0180288 0.0191974 0.308105
1 0.608774 0.0797276 0.0216346 0.0315171 0.259766
1 0.41857 0.683761 0.030649 0.0384616 0.290283
1 0.603365 0.00878072 0.016827 0.0175614 0.2854
1 0.609375 0.079594 0.0216346 0.0320513 0.274414
1 0.673678 0.300214 0.0372596 0.0582265 0.27124
1 0.853365 0.831197 0.0192307 0.0395299 0.256836
1 0.795072 0.915598 0.0348557 0.0470086 0.252441
1 0.675481 0.299145 0.0408654 0.0619658 0.329346
1 0.610577 0.0778579 0.0240385 0.0357906 0.318359
1 0.852163 0.830662 0.0216346 0.042735 0.295898
1 0.602764 0.00891426 0.0192308 0.0178285 0.260498
1 0.41887 0.684829 0.031851 0.0405983 0.250244
1 0.852764 0.827991 0.0204327 0.0405983 0.341553
1 0.602764 0.00876402 0.0180289 0.017528 0.320801
1 0.609976 0.0790598 0.0228365 0.0333868 0.313965
1 0.41887 0.683761 0.03125 0.0384616 0.275879
1 0.675481 0.299145 0.0360577 0.0534188 0.262207
1 0.675481 0.298611 0.0384615 0.0566239 0.365723
1 0.853365 0.82906 0.0192307 0.0384616 0.351318
1 0.603365 0.0090812 0.016827 0.0181624 0.348633
1 0.610577 0.0801282 0.0216346 0.0317842 0.342529
1 0.41887 0.684829 0.0300481 0.0384616 0.275146
1 0.796274 0.90812 0.0336539 0.042735 0.260498
1 0.852163 0.82906 0.0192307 0.0384616 0.330322
1 0.602163 0.00864717 0.0168269 0.0172943 0.325928
1 0.609375 0.0806624 0.0216346 0.0333868 0.305664
1 0.418269 0.684829 0.0300481 0.0384616 0.283691
1 0.675481 0.297009 0.0360577 0.0576923 0.281494
1 0.603365 0.00802951 0.016827 0.016059 0.39502
1 0.852764 0.827457 0.0204327 0.0395299 0.379395
1 0.609976 0.0789263 0.0216346 0.0323184 0.34082
1 0.676082 0.297009 0.0372596 0.0534188 0.323486
1 0.41857 0.683761 0.030649 0.0384616 0.295898
1 0.796274 0.90812 0.0336539 0.042735 0.269775
1 0.602764 0.00889757 0.0168269 0.0177951 0.419678
1 0.852764 0.827991 0.0204327 0.0405983 0.366699
1 0.675481 0.297543 0.0384615 0.0544872 0.365723
1 0.609375 0.079594 0.0216346 0.0331197 0.325928
1 0.41857 0.683761 0.030649 0.0384616 0.306641
1 0.795673 0.907051 0.0336538 0.042735 0.280518
1 0.602163 0.00868056 0.0168269 0.0173611 0.42334
1 0.852764 0.827991 0.0204327 0.0395299 0.380371
1 0.675481 0.296474 0.0384615 0.0544872 0.35498
1 0.609976 0.081063 0.0216346 0.0323184 0.2854
1 0.796875 0.907051 0.03125 0.042735 0.263672
1 0.41857 0.683761 0.03125 0.0363248 0.26123
1 0.602163 0.0090812 0.0168269 0.0181624 0.42334
1 0.852764 0.827991 0.0204327 0.0405983 0.396973
1 0.609976 0.0815972 0.0228365 0.0331197 0.353027
1 0.676082 0.297009 0.0396635 0.0544872 0.34082
1 0.418269 0.683761 0.0324519 0.0384616 0.327637
1 0.796274 0.90812 0.0324519 0.042735 0.2854
1 0.603365 0.00991587 0.016827 0.0198317 0.418701
1 0.852764 0.827991 0.0204327 0.0405983 0.385742
1 0.676082 0.297543 0.0372596 0.0544872 0.326904
1 0.610577 0.0819311 0.0216346 0.0329861 0.300781
1 0.796875 0.907051 0.03125 0.042735 0.262939
1 0.603365 0.0103499 0.016827 0.0206998 0.388672
1 0.852764 0.82906 0.0204327 0.0405983 0.380371
1 0.676082 0.298611 0.0396635 0.0566239 0.324219
1 0.610577 0.0819979 0.0228365 0.0339209 0.30249
1 0.41887 0.684295 0.0324519 0.0395299 0.275146
1 0.603365 0.00941506 0.016827 0.0188301 0.373779
1 0.853365 0.82906 0.0192307 0.0405983 0.36377
1 0.675481 0.298077 0.0384615 0.0544872 0.363037
1 0.610577 0.0821314 0.0228365 0.0344551 0.300781
1 0.41857 0.683227 0.03125 0.0395299 0.275879
1 0.796875 0.911325 0.032452 0.0438034 0.250244
1 0.602764 0.010617 0.0168269 0.021234 0.414062
1 0.852764 0.829594 0.0204327 0.0405983 0.381104
1 0.675481 0.298611 0.0384615 0.0566239 0.364746
1 0.610577 0.0826656 0.0228365 0.0336538 0.319092
1 0.41857 0.684829 0.03125 0.0405983 0.30249
1 0.796875 0.90812 0.0336538 0.042735 0.262939
1 0.602764 0.010617 0.0168269 0.021234 0.38208
1 0.852764 0.82906 0.0204327 0.0405983 0.363037
1 0.676082 0.299145 0.0396635 0.0566239 0.360352
1 0.610577 0.082265 0.0240385 0.034188 0.320801
1 0.418269 0.683761 0.03125 0.0395299 0.273682
1 0.603365 0.0109175 0.016827 0.0218349 0.400635
1 0.852764 0.82906 0.0204327 0.0405983 0.386719
1 0.676082 0.298611 0.0396635 0.0566239 0.379395
1 0.610577 0.0821982 0.0240385 0.0337874 0.347656
1 0.418269 0.683761 0.03125 0.0405983 0.326904
1 0.796274 0.90812 0.0336539 0.042735 0.266602
1 0.603365 0.0109509 0.016827 0.0219017 0.387695
1 0.852764 0.82906 0.0204327 0.0395299 0.36377
1 0.676683 0.298611 0.0384615 0.0566239 0.337158
1 0.610577 0.0829327 0.0228365 0.0333868 0.307373
1 0.418269 0.684829 0.03125 0.0405983 0.27832
1 0.603365 0.0106337 0.016827 0.0212674 0.394287
1 0.852764 0.82906 0.0204327 0.0384616 0.377441
1 0.676082 0.298611 0.0396635 0.0560897 0.335449
1 0.610577 0.0830662 0.0240385 0.0331197 0.32251
1 0.418269 0.684829 0.03125 0.0405983 0.303955
1 0.796875 0.908654 0.0336538 0.042735 0.253906
1 0.852163 0.82906 0.0192307 0.0384616 0.331055
1 0.602163 0.00864717 0.0168269 0.0172943 0.325928
1 0.609375 0.0806624 0.0216346 0.0333868 0.305664
1 0.418269 0.684829 0.0300481 0.0373932 0.283691
1 0.675481 0.297009 0.0360577 0.0576923 0.281494
