1 0.799279 0.469551 0.0480769 0.0886752 0.401611
1 0.116737 0.695513 0.0426683 0.0790598 0.269043
1 0.795673 0.479701 0.048077 0.0876069 0.331055
1 0.072491 0.543803 0.0392127 0.0427351 0.323486
1 0.223858 0.613248 0.0366586 0.0747863 0.307373
1 0.121544 0.714744 0.0378606 0.0641026 0.269775
1 0.795673 0.480769 0.048077 0.0854701 0.309814
1 0.138371 0.415064 0.0297476 0.0961539 0.266602
1 0.224008 0.613782 0.0333534 0.0683761 0.259766
1 0.138822 0.413996 0.0288462 0.0982906 0.309082
1 0.224159 0.61485 0.0270433 0.0705128 0.306641
1 0.13762 0.416667 0.0348558 0.100962 0.313232
1 0.140925 0.425481 0.0324519 0.10203 0.279053
1 0.794471 0.482639 0.0504808 0.0870727 0.250977
1 0.0742188 0.544872 0.038762 0.0448718 0.303223
1 0.139724 0.412126 0.0288462 0.0940171 0.276611
1 0.792668 0.482372 0.0576923 0.0918803 0.251709
1 0.138522 0.416132 0.0348558 0.100427 0.273682
1 0.140024 0.412927 0.0330529 0.101496 0.272705
1 0.133752 0.414797 0.0371845 0.103098 0.293457
1 0.225361 0.616987 0.0336538 0.0737179 0.282227
1 0.138672 0.413729 0.0321514 0.0950855 0.352295
1 0.225361 0.615385 0.0342548 0.0705128 0.254639
1 0.139423 0.412927 0.0336538 0.102564 0.252441
1 0.223407 0.619658 0.0309495 0.0705129 0.270508
1 0.22476 0.617521 0.03125 0.0694444 0.263672
1 0.139273 0.413996 0.0309495 0.0918803 0.300781
1 0.22476 0.618056 0.031851 0.0694444 0.269043
1 0.139724 0.417201 0.0330529 0.099359 0.287842
1 0.224159 0.619658 0.0336539 0.0705129 0.286865
1 0.138522 0.417735 0.0309495 0.0961539 0.291748
1 0.140325 0.419872 0.03125 0.099359 0.282227
1 0.794471 0.484509 0.0516827 0.0811966 0.250244
1 0.138522 0.423611 0.0300481 0.0982906 0.280518
1 0.138822 0.41266 0.0330529 0.100962 0.311523
1 0.139423 0.413729 0.031851 0.0998931 0.30249
1 0.224459 0.61859 0.0294471 0.0683761 0.255371
1 0.134916 0.416132 0.0336538 0.101496 0.326904
1 0.22506 0.616453 0.030649 0.0726496 0.277588
1 0.137921 0.417735 0.0330529 0.0950855 0.262207
1 0.224159 0.617521 0.0303486 0.0705128 0.257568
1 0.138822 0.415064 0.0324519 0.0972222 0.295898
1 0.138522 0.415064 0.0282452 0.0918804 0.318359
1 0.225361 0.616453 0.0330529 0.0683761 0.2854
1 0.13762 0.415598 0.03125 0.103632 0.329346
1 0.226412 0.615385 0.0315505 0.0747863 0.304932
1 0.137921 0.414797 0.030649 0.0988248 0.296631
1 0.224459 0.615385 0.0300481 0.0705128 0.290283
1 0.341046 0.551282 0.0234375 0.0320513 0.267334
1 0.139123 0.413996 0.030649 0.0982906 0.26123
1 0.223858 0.616453 0.0294471 0.0662393 0.256836
1 0.139724 0.415064 0.03125 0.0982906 0.263672
1 0.224159 0.618056 0.0300481 0.0662393 0.269043
1 0.139724 0.4164 0.0294471 0.0913462 0.260498
1 0.224459 0.617521 0.0330529 0.0705128 0.279785
1 0.139724 0.423077 0.0336538 0.101496 0.265869
1 0.22506 0.615385 0.03125 0.0705128 0.282959
1 0.139123 0.413462 0.03125 0.0961539 0.275879
1 0.341346 0.552885 0.0228365 0.0320513 0.256836
1 0.139123 0.413462 0.03125 0.0950855 0.266602
1 0.138371 0.41453 0.0309495 0.0972222 0.279053
1 0.22476 0.618056 0.0330529 0.0715812 0.274414
1 0.138221 0.415064 0.0324519 0.0950855 0.266602
1 0.22491 0.615385 0.0315505 0.0747863 0.269775
1 0.13762 0.407051 0.0336538 0.10203 0.252441
1 0.224609 0.618056 0.0297476 0.0694444 0.299805
1 0.139724 0.4164 0.03125 0.0977564 0.266602
1 0.22491 0.617521 0.0333534 0.0705128 0.257568
1 0.138522 0.41453 0.0309495 0.0961539 0.256836
1 0.138221 0.412927 0.031851 0.0988248 0.301514
1 0.224459 0.617521 0.030649 0.0705128 0.2854
1 0.340144 0.550214 0.0240385 0.0320513 0.258301
1 0.137921 0.41453 0.0321514 0.0950855 0.251709
1 0.138221 0.413996 0.03125 0.0961539 0.267334
1 0.341346 0.551282 0.0240385 0.0299146 0.263672
1 0.225511 0.616453 0.031851 0.0705128 0.250977
1 0.224459 0.616453 0.031851 0.0705128 0.269043
1 0.341346 0.552885 0.0240385 0.0331197 0.265869
1 0.138371 0.413462 0.031851 0.101496 0.254639
1 0.22491 0.615385 0.0309495 0.0715812 0.320801
1 0.139123 0.414797 0.030649 0.0988248 0.315674
1 0.341346 0.55235 0.0240385 0.0299145 0.281494
1 0.225361 0.61485 0.031851 0.0705128 0.286865
1 0.139423 0.415064 0.0327524 0.100427 0.275146
1 0.342248 0.54968 0.0252404 0.0309829 0.256836
1 0.350661 0.615385 0.0252404 0.0555556 0.252441
1 0.224459 0.617521 0.03125 0.0683761 0.280518
1 0.340745 0.550214 0.0240385 0.0299146 0.264404
1 0.138822 0.415598 0.031851 0.0982906 0.256104
1 0.22491 0.61859 0.0309495 0.0705128 0.308105
1 0.139123 0.415064 0.03125 0.0972222 0.287842
1 0.341346 0.551282 0.0234375 0.0299146 0.269043
1 0.22476 0.61859 0.030649 0.0683761 0.268066
1 0.341346 0.55235 0.0240385 0.0299145 0.267334
1 0.138822 0.415865 0.0333534 0.0977564 0.262939
1 0.341947 0.55235 0.0252404 0.0320513 0.280518
1 0.225811 0.618056 0.0303486 0.0694444 0.275146
1 0.138822 0.41453 0.03125 0.0950855 0.265137
1 0.139423 0.41453 0.0330529 0.100427 0.269043
1 0.341947 0.550214 0.0252404 0.0320513 0.266602
1 0.341947 0.548611 0.0252404 0.0320513 0.282959
1 0.140325 0.407051 0.0288461 0.0998932 0.253174
1 0.224609 0.614316 0.0327524 0.0705128 0.250977
1 0.224159 0.617521 0.0330529 0.0705128 0.331055
1 0.136869 0.416667 0.0342548 0.0972222 0.318359
1 0.0709135 0.547009 0.0414663 0.0448718 0.293457
1 0.32482 0.440171 0.0288461 0.0550214 0.291748
1 0.341346 0.55235 0.0240385 0.0277778 0.286865
1 0.22476 0.616453 0.031851 0.0715812 0.331055
1 0.0710637 0.54594 0.0405649 0.0448718 0.330322
1 0.325421 0.439103 0.0276442 0.0528846 0.307373
1 0.139423 0.417468 0.0300481 0.102564 0.304932
1 0.341346 0.551282 0.0240385 0.0277778 0.279053
1 0.350361 0.617521 0.0222356 0.0555556 0.266602
1 0.542668 0.247329 0.0252404 0.0598291 0.253906
1 0.22491 0.616453 0.0333534 0.0726496 0.366699
1 0.138221 0.417735 0.030649 0.103098 0.351318
1 0.0710637 0.548077 0.0414663 0.0491453 0.339844
1 0.325721 0.43937 0.0288461 0.0560898 0.305664
1 0.542067 0.247262 0.0264423 0.061031 0.287842
1 0.341647 0.552885 0.0246394 0.0309829 0.286865
1 0.34976 0.617521 0.0240385 0.0576923 0.275146
1 0.138822 0.418803 0.0297476 0.100427 0.378418
1 0.0713642 0.547543 0.0414664 0.0470085 0.35498
1 0.22491 0.61859 0.031851 0.0705128 0.349609
1 0.542368 0.247262 0.0252404 0.0599626 0.315674
1 0.35006 0.61859 0.0222356 0.0555556 0.303223
1 0.325721 0.43937 0.0276442 0.0534188 0.296631
1 0.341346 0.55235 0.0240385 0.0299145 0.289307
1 0.196514 0.479167 0.0177284 0.0448718 0.250977
1 0.138221 0.418269 0.0288461 0.101496 0.428223
1 0.224459 0.616987 0.031851 0.0705128 0.40918
1 0.0710637 0.547543 0.0405649 0.0480769 0.386719
1 0.32512 0.438568 0.0276442 0.0534188 0.35498
1 0.793269 0.480235 0.0552885 0.0876069 0.332764
1 0.341947 0.553953 0.0228365 0.0277778 0.325928
1 0.34976 0.61859 0.0216346 0.0544872 0.320068
1 0.542067 0.248665 0.0240385 0.0576923 0.303955
1 0.196514 0.480235 0.0171274 0.0448718 0.256836
1 0.430288 0.507479 0.0210337 0.0405983 0.252441
1 0.138522 0.418269 0.0288462 0.099359 0.399902
1 0.224459 0.616453 0.030649 0.0726496 0.373779
1 0.0714393 0.547009 0.0405649 0.0470085 0.352295
1 0.340745 0.55235 0.0240385 0.0277778 0.338135
1 0.32512 0.4375 0.0276442 0.0528846 0.306641
1 0.542067 0.248397 0.0240385 0.0592949 0.29248
1 0.34976 0.61859 0.0216346 0.0544872 0.27832
1 0.429087 0.507479 0.0204327 0.0405983 0.257568
1 0.138822 0.418536 0.0303486 0.100962 0.455078
1 0.0710637 0.54594 0.0405649 0.0459401 0.427246
1 0.22506 0.617521 0.03125 0.0726496 0.408203
1 0.341346 0.550214 0.0240385 0.0299146 0.394287
1 0.325721 0.436966 0.0276442 0.0518162 0.357666
1 0.350361 0.61859 0.0216346 0.0555556 0.34082
1 0.542668 0.249199 0.0264423 0.0603633 0.320801
1 0.429988 0.507479 0.0216346 0.0405983 0.29248
1 0.196214 0.479167 0.0174279 0.0459402 0.279785
1 0.79387 0.48344 0.0540866 0.0865384 0.279785
1 0.139423 0.419338 0.0294471 0.0972222 0.433105
1 0.225361 0.617521 0.030649 0.0705128 0.410156
1 0.340445 0.551282 0.0234375 0.0299146 0.404541
1 0.071214 0.54594 0.0401142 0.0470086 0.389648
1 0.350361 0.619658 0.0216346 0.0555556 0.360352
1 0.325721 0.4375 0.0270433 0.0528846 0.34082
1 0.542668 0.249533 0.0252404 0.0596955 0.338135
1 0.79387 0.48344 0.0528846 0.0844017 0.334473
1 0.430288 0.508547 0.0210337 0.0405983 0.282227
1 0.196214 0.479701 0.0174279 0.0470086 0.259033
1 0.138822 0.419872 0.0303486 0.0982906 0.439697
1 0.0712891 0.54594 0.0410156 0.0448718 0.428223
1 0.225361 0.617521 0.03125 0.0705128 0.42627
1 0.340445 0.55235 0.0240385 0.0299145 0.408203
1 0.794471 0.483707 0.0528846 0.0849359 0.355713
1 0.326022 0.436966 0.0282452 0.0518162 0.345947
1 0.350361 0.619124 0.0228365 0.056624 0.338867
1 0.542668 0.248665 0.0252404 0.0592949 0.332031
1 0.196364 0.479167 0.0186298 0.0480769 0.27832
1 0.429688 0.507479 0.0216346 0.0384615 0.277588
1 0.0709886 0.54594 0.0413161 0.0470086 0.435059
1 0.22476 0.616453 0.0324519 0.0705128 0.434082
1 0.138822 0.419071 0.0300481 0.0998932 0.432129
1 0.794471 0.482906 0.0528846 0.0854701 0.395996
1 0.340745 0.551816 0.0240385 0.0299145 0.38208
1 0.325421 0.436432 0.0282452 0.0512821 0.364746
1 0.34976 0.61859 0.0228365 0.0555556 0.355713
1 0.542067 0.248464 0.0252404 0.0596955 0.353027
1 0.429688 0.50641 0.0216346 0.0405983 0.325928
1 0.196214 0.478365 0.0186298 0.0475427 0.266602
1 0.139423 0.418803 0.0294471 0.0982906 0.44751
1 0.0712139 0.547009 0.0411659 0.0470085 0.428223
1 0.341346 0.553419 0.0240385 0.0299145 0.412109
1 0.225511 0.616453 0.0315505 0.0705128 0.402588
1 0.325721 0.437767 0.0276442 0.0518163 0.356689
1 0.350361 0.61859 0.0216346 0.0555556 0.350342
1 0.795072 0.481838 0.0516827 0.0833333 0.337158
1 0.542668 0.248665 0.0252404 0.0592949 0.334473
1 0.429688 0.506944 0.0210337 0.0395299 0.280518
1 0.196364 0.479968 0.0183293 0.0464744 0.279053
1 0.138822 0.42094 0.0300481 0.100427 0.433105
1 0.0715144 0.547009 0.0420673 0.0470085 0.429199
1 0.225661 0.617521 0.0324519 0.0726496 0.396973
1 0.341647 0.553419 0.0240385 0.0299145 0.356689
1 0.325721 0.436966 0.0288461 0.0544872 0.353027
1 0.794471 0.48344 0.0528846 0.0865384 0.345215
1 0.542368 0.249199 0.0258413 0.0603633 0.34082
1 0.34976 0.619124 0.0228365 0.056624 0.332764
1 0.196214 0.480235 0.0183293 0.0480769 0.299072
1 0.429387 0.508013 0.0222356 0.0416667 0.282227
1 0.0713642 0.548077 0.0408654 0.0470086 0.437744
1 0.139123 0.42094 0.0297476 0.0961539 0.421631
1 0.225361 0.61859 0.031851 0.0705128 0.413086
1 0.341647 0.553419 0.0240385 0.0277778 0.386719
1 0.325721 0.436966 0.0276442 0.0523504 0.375732
1 0.350361 0.619658 0.0228365 0.0555556 0.351318
1 0.794471 0.48344 0.0528846 0.0833333 0.327637
1 0.542668 0.249466 0.0252404 0.0592949 0.320068
1 0.429688 0.508013 0.0216346 0.0405983 0.294922
1 0.196514 0.481036 0.0180289 0.0464744 0.287842
1 0.138672 0.420406 0.0303486 0.0982906 0.449463
1 0.0714393 0.548077 0.0416166 0.0470086 0.446533
1 0.225361 0.61859 0.031851 0.0705128 0.431152
1 0.341346 0.554487 0.0240385 0.0288461 0.394287
1 0.326022 0.438034 0.0276442 0.0534188 0.376709
1 0.34976 0.620192 0.0228365 0.056624 0.360352
1 0.794471 0.484509 0.0528846 0.0844017 0.354004
1 0.542368 0.249399 0.0258413 0.0599626 0.330322
1 0.429387 0.508547 0.0210336 0.0405983 0.308105
1 0.196214 0.481303 0.0177284 0.0480769 0.289307
1 0.138522 0.42094 0.0303486 0.099359 0.424316
1 0.0709135 0.548077 0.0414663 0.0470086 0.421631
1 0.22506 0.61859 0.0324519 0.0715812 0.404541
1 0.341346 0.553419 0.0246394 0.0299145 0.384033
1 0.325421 0.4375 0.0282452 0.0534188 0.365723
1 0.795072 0.483974 0.0516827 0.0833333 0.350342
1 0.34976 0.619658 0.0228365 0.0576923 0.343262
1 0.542067 0.249466 0.0264423 0.0603633 0.313965
1 0.195913 0.481303 0.0186298 0.0480769 0.277588
1 0.429387 0.508013 0.0216346 0.0405983 0.276611
1 0.138822 0.42094 0.0300481 0.100962 0.443604
1 0.0710637 0.547009 0.0411659 0.0470085 0.442627
1 0.22491 0.618056 0.031851 0.0715812 0.417725
1 0.341346 0.553419 0.0240385 0.0299145 0.396973
1 0.325721 0.436966 0.0288461 0.0534188 0.384033
1 0.34976 0.61859 0.0228365 0.0555556 0.367432
1 0.542067 0.249466 0.0264423 0.0603633 0.336426
1 0.794471 0.484241 0.0528846 0.0849359 0.335449
1 0.429688 0.508013 0.0216346 0.0416667 0.303955
1 0.196214 0.480235 0.0183293 0.0480769 0.295898
1 0.138822 0.42094 0.0294471 0.100427 0.431152
1 0.0711388 0.548077 0.0413161 0.0470086 0.427246
1 0.22506 0.618056 0.03125 0.0715812 0.385742
1 0.341346 0.554487 0.0240385 0.0299145 0.381104
1 0.325721 0.4375 0.0276442 0.0534188 0.35498
1 0.34976 0.619658 0.0228365 0.0555556 0.342529
1 0.794471 0.483974 0.0528846 0.0844017 0.32251
1 0.542368 0.249466 0.0258413 0.0603633 0.312256
1 0.196214 0.480502 0.0180289 0.0475427 0.281494
1 0.429688 0.508013 0.0216346 0.0405983 0.274414
1 0.0711388 0.548077 0.0416166 0.0470086 0.445557
1 0.138672 0.421474 0.0300481 0.100427 0.436768
1 0.22476 0.61859 0.0315505 0.0715812 0.402588
1 0.341346 0.554487 0.0240385 0.0277778 0.388672
1 0.325721 0.4375 0.0276442 0.0523504 0.37207
1 0.794471 0.484509 0.0528846 0.0844017 0.357666
1 0.34976 0.619658 0.0228365 0.0555556 0.348633
1 0.542067 0.249733 0.0264423 0.0603633 0.326904
1 0.196214 0.480769 0.0180289 0.0470086 0.294922
1 0.429688 0.508013 0.0216346 0.0405983 0.29248
1 0.138522 0.418269 0.0288462 0.099359 0.399902
1 0.224459 0.616453 0.030649 0.0726496 0.373047
1 0.0714393 0.547009 0.0405649 0.0470085 0.352295
1 0.340745 0.55235 0.0240385 0.0277778 0.338135
1 0.32512 0.4375 0.0276442 0.0528846 0.306641
1 0.542067 0.248397 0.0240385 0.0592949 0.291748
1 0.34976 0.61859 0.0216346 0.0544872 0.27832
1 0.429087 0.507479 0.0204327 0.0405983 0.257568
