1 0.683894 0.491453 0.0264423 0.0769231 0.260498
1 0.470853 0.278045 0.078125 0.139957 0.349609
1 0.682692 0.50414 0.0384615 0.0836004 0.315674
1 0.300481 0.779915 0.0456731 0.0790599 0.29248
1 0.692909 0.0315338 0.0408654 0.0394965 0.260498
1 0.301683 0.777244 0.0396635 0.0694444 0.299072
1 0.683293 0.501603 0.0288462 0.0705129 0.269775
1 0.682692 0.509482 0.0324519 0.0686432 0.265137
1 0.300481 0.782586 0.0492788 0.0726496 0.262207
1 0.301082 0.779915 0.0492789 0.0865384 0.275879
1 0.697115 0.0383948 0.0372596 0.0511485 0.253906
1 0.716346 0.723291 0.0384615 0.0405983 0.265869
1 0.697115 0.0396468 0.0384615 0.0478432 0.290283
1 0.715745 0.725427 0.0396635 0.0459402 0.2854
1 0.302284 0.782051 0.0432692 0.0790598 0.276611
1 0.683894 0.507479 0.03125 0.0747863 0.256104
1 0.716346 0.724893 0.0384615 0.0416667 0.34082
1 0.685096 0.499199 0.0336538 0.0827992 0.257568
1 0.302885 0.776709 0.0444711 0.0790599 0.253174
1 0.695913 0.0380442 0.0432692 0.0545206 0.268066
1 0.301082 0.780449 0.0432692 0.0811966 0.288574
1 0.684495 0.506277 0.0336538 0.0771902 0.250244
1 0.301683 0.774573 0.0438702 0.0811966 0.282959
1 0.684495 0.500935 0.03125 0.0771902 0.266602
1 0.301082 0.780983 0.0516827 0.076923 0.257568
1 0.682692 0.503339 0.0336539 0.085203 0.274414
1 0.300481 0.778846 0.0480769 0.0865384 0.307373
1 0.682692 0.504274 0.0336539 0.0811966 0.251709
1 0.301683 0.779915 0.0456731 0.076923 0.299072
1 0.683293 0.495192 0.0336538 0.0779914 0.282227
1 0.716346 0.726496 0.0360577 0.042735 0.281494
1 0.301082 0.775641 0.0456731 0.0897436 0.36377
1 0.683894 0.504274 0.0336538 0.0876068 0.311523
1 0.301082 0.778846 0.0456731 0.0833333 0.305664
1 0.683293 0.505342 0.0336538 0.0801282 0.296631
1 0.682692 0.496261 0.0348558 0.0779914 0.27124
1 0.711538 0.725962 0.0384615 0.0395299 0.263672
1 0.69351 0.0376603 0.0408654 0.0480769 0.254639
1 0.30018 0.770299 0.0432692 0.0790598 0.252441
1 0.303486 0.778846 0.0456731 0.0811966 0.300781
1 0.683894 0.504274 0.0360577 0.082265 0.299805
1 0.683293 0.502671 0.0372596 0.082265 0.251709
1 0.301082 0.776175 0.046875 0.0833333 0.250244
1 0.301082 0.779915 0.0432692 0.0811966 0.331055
1 0.696514 0.0399973 0.0384615 0.051015 0.309814
1 0.682692 0.508547 0.0336539 0.0801282 0.29248
1 0.716346 0.730235 0.0384615 0.0416667 0.266602
1 0.817308 0.278846 0.0276443 0.0598291 0.257568
1 0.683894 0.506944 0.0360577 0.0790598 0.279785
1 0.697115 0.0387286 0.0408654 0.0467415 0.265869
1 0.301082 0.780983 0.0438702 0.0747863 0.259033
1 0.301683 0.778846 0.0438702 0.0779915 0.341553
1 0.683894 0.505342 0.0360577 0.0811966 0.324219
1 0.697115 0.0379274 0.0432692 0.048344 0.269043
1 0.683293 0.504808 0.0348558 0.0801282 0.320068
1 0.300481 0.777778 0.0420673 0.0769231 0.307373
1 0.695913 0.0398638 0.0420673 0.0500801 0.262939
1 0.16226 0.209669 0.0222356 0.0400641 0.256836
1 0.81851 0.277511 0.0264422 0.053953 0.251709
1 0.302584 0.778846 0.0438702 0.0779915 0.251709
1 0.302284 0.777244 0.0450721 0.0811966 0.282227
1 0.682692 0.505342 0.03125 0.0779915 0.256836
1 0.682692 0.505475 0.0360577 0.0809295 0.287842
1 0.301683 0.778846 0.047476 0.0779915 0.286865
1 0.695913 0.037727 0.0432692 0.0490118 0.286133
1 0.801683 0.202991 0.0288461 0.0475427 0.265869
1 0.763221 0.243122 0.0264423 0.046875 0.256836
1 0.303486 0.769231 0.0492788 0.0833333 0.325928
1 0.682692 0.49359 0.0360577 0.0790598 0.310791
1 0.695312 0.040398 0.0420673 0.0490118 0.275146
1 0.763822 0.242254 0.0252404 0.0475427 0.258301
1 0.300781 0.776709 0.0450721 0.082265 0.307373
1 0.68149 0.503072 0.0336539 0.0814637 0.294922
1 0.713942 0.722222 0.0408654 0.0384616 0.260498
1 0.302885 0.771368 0.047476 0.0854701 0.320068
1 0.682692 0.496261 0.03125 0.0833333 0.313232
1 0.695913 0.0321848 0.0456731 0.0466079 0.272705
1 0.81851 0.274038 0.0216346 0.0587607 0.264404
1 0.763221 0.243056 0.0240385 0.0480769 0.255371
1 0.300481 0.775641 0.0456731 0.0758547 0.293457
1 0.817909 0.275107 0.0264423 0.0587607 0.301514
1 0.300781 0.775641 0.0438702 0.0790599 0.279785
1 0.682692 0.501603 0.0348558 0.0779914 0.260498
1 0.714543 0.725962 0.0384615 0.0373932 0.250977
1 0.81851 0.276442 0.0288461 0.0619658 0.289307
1 0.301382 0.777778 0.046274 0.0865384 0.266602
1 0.819111 0.274573 0.0264423 0.0576923 0.269775
1 0.81851 0.27484 0.0288461 0.0582265 0.304932
1 0.302284 0.769765 0.0456731 0.0811966 0.29834
1 0.682692 0.496261 0.0360577 0.0844017 0.273682
1 0.695312 0.0387286 0.0432693 0.0496795 0.269775
1 0.713942 0.721154 0.0408654 0.0363247 0.264404
1 0.763822 0.241453 0.0276443 0.0480769 0.262939
1 0.802885 0.200855 0.0288461 0.0475427 0.258301
1 0.301683 0.776709 0.0456731 0.0758547 0.31665
1 0.682692 0.503205 0.0336539 0.0844017 0.308105
1 0.697115 0.0387286 0.0432692 0.0459402 0.279785
1 0.819712 0.274306 0.0264422 0.0587607 0.267334
1 0.802885 0.201923 0.0288461 0.0464744 0.263672
1 0.301082 0.770299 0.0480769 0.0811966 0.332031
1 0.817308 0.275641 0.0276443 0.0587607 0.317383
1 0.68149 0.496261 0.0348558 0.0811966 0.289307
1 0.802284 0.203926 0.0276442 0.0472757 0.279785
1 0.695913 0.0331364 0.0432692 0.0461739 0.275146
1 0.764423 0.243056 0.0240385 0.0480769 0.262207
1 0.715144 0.722222 0.0408654 0.0405983 0.253906
1 0.301983 0.770299 0.046274 0.0779915 0.271973
1 0.682692 0.494925 0.0336539 0.0785256 0.262207
1 0.301683 0.768162 0.046875 0.0779915 0.268066
1 0.683293 0.494391 0.0348558 0.0785256 0.250244
1 0.81851 0.276709 0.0264422 0.0566239 0.288574
1 0.301683 0.770833 0.0432692 0.0758547 0.260498
1 0.801683 0.205796 0.0264423 0.0451389 0.253174
1 0.817909 0.274573 0.0288462 0.0630342 0.26123
1 0.81851 0.276175 0.0276443 0.0614316 0.315674
1 0.682692 0.504274 0.0348558 0.0833333 0.262939
1 0.800481 0.205929 0.0288461 0.0507479 0.262207
1 0.301983 0.770299 0.0450721 0.0790598 0.256104
1 0.819712 0.276709 0.0240384 0.053953 0.293457
1 0.301683 0.770299 0.0444711 0.0801282 0.283691
1 0.713942 0.724359 0.0432692 0.0405983 0.280518
1 0.764423 0.245459 0.0240385 0.0448718 0.270508
1 0.694712 0.0351896 0.0408654 0.043937 0.262939
1 0.683894 0.496261 0.0336538 0.0779914 0.253174
1 0.819712 0.27297 0.0240384 0.0566239 0.301514
1 0.302885 0.777244 0.0480769 0.082265 0.287842
1 0.695913 0.0391293 0.0420673 0.0459402 0.257568
1 0.81851 0.275107 0.0264422 0.0598291 0.314941
1 0.301683 0.769231 0.0432692 0.0790598 0.269775
1 0.301382 0.780449 0.0450721 0.082265 0.324219
1 0.81851 0.276175 0.0288461 0.0619658 0.303223
1 0.301082 0.771368 0.0456731 0.0801282 0.324219
1 0.81851 0.275107 0.0264422 0.0619658 0.287842
1 0.682692 0.497329 0.0360577 0.082265 0.282959
1 0.301082 0.778846 0.0456731 0.0854701 0.275879
1 0.81851 0.27484 0.0264422 0.0630342 0.259766
1 0.682692 0.504274 0.0360577 0.0844017 0.259766
1 0.81851 0.275107 0.0240384 0.0566239 0.308105
1 0.301082 0.779915 0.0444711 0.0790599 0.287842
1 0.682692 0.505342 0.0336539 0.0811966 0.259033
1 0.81851 0.274573 0.0264422 0.0598291 0.289307
1 0.301683 0.77938 0.0456731 0.0790599 0.287842
1 0.301683 0.776709 0.0456731 0.0811966 0.277588
1 0.819111 0.275107 0.0276442 0.0608974 0.259033
1 0.817909 0.276175 0.0276442 0.0576923 0.327637
1 0.303185 0.768162 0.0456731 0.0811965 0.309814
1 0.682091 0.503205 0.0348558 0.0801282 0.259033
1 0.802284 0.203259 0.0288462 0.0496795 0.252441
1 0.301683 0.770299 0.046875 0.0811966 0.317383
1 0.81851 0.275107 0.0276443 0.0619658 0.300781
1 0.819712 0.274573 0.0240384 0.0555556 0.339844
1 0.302885 0.771368 0.046875 0.0854701 0.338867
1 0.683894 0.504274 0.0336538 0.0833333 0.259033
1 0.302284 0.771368 0.046274 0.0790599 0.332031
1 0.81851 0.275107 0.0276443 0.0608974 0.314941
1 0.683293 0.50414 0.0348558 0.0836004 0.269043
1 0.713942 0.723291 0.0408654 0.0405983 0.253906
1 0.764423 0.243857 0.0276443 0.0507479 0.251709
1 0.302885 0.771902 0.046875 0.082265 0.414062
1 0.81851 0.27484 0.0264422 0.0608974 0.345215
1 0.682692 0.50227 0.0336539 0.085203 0.317383
1 0.802885 0.203526 0.0288461 0.0491453 0.293457
1 0.764423 0.244124 0.0264423 0.0496795 0.290283
1 0.713341 0.724359 0.0396635 0.0363248 0.259033
1 0.301082 0.773504 0.0456731 0.0854701 0.284668
1 0.81851 0.275374 0.0264422 0.0603632 0.266602
1 0.302885 0.769231 0.046875 0.082265 0.350342
1 0.682692 0.500534 0.0360577 0.0801282 0.27832
1 0.819712 0.273237 0.0276443 0.0614316 0.27124
1 0.765024 0.243056 0.0276443 0.0496795 0.250977
1 0.303486 0.770299 0.046875 0.0833333 0.335449
1 0.81851 0.275107 0.0276443 0.0608974 0.305664
1 0.682692 0.502137 0.0336539 0.0811966 0.258301
1 0.802885 0.203926 0.0288461 0.0494124 0.250977
1 0.302885 0.772436 0.047476 0.0865384 0.399902
1 0.81851 0.275641 0.0264422 0.0630342 0.317383
1 0.683293 0.498397 0.0348558 0.0844017 0.314941
1 0.608173 0.653312 0.0216346 0.0438034 0.256836
1 0.764423 0.244391 0.0264423 0.0518162 0.253174
1 0.302885 0.771368 0.0480769 0.0876068 0.374756
1 0.81851 0.276175 0.0264422 0.0614316 0.336426
1 0.682692 0.503739 0.0360577 0.0833333 0.279785
1 0.695312 0.0335871 0.0432693 0.0494124 0.265869
1 0.713942 0.723825 0.0384615 0.0395299 0.254639
1 0.302284 0.771902 0.0480769 0.0865384 0.357666
1 0.820913 0.275641 0.0240384 0.0592949 0.337158
1 0.683293 0.502137 0.0336538 0.0865385 0.294922
1 0.765625 0.244391 0.0264423 0.0507479 0.258301
1 0.713942 0.723825 0.0408654 0.0405983 0.258301
1 0.608173 0.653312 0.0216346 0.0448718 0.257568
1 0.695913 0.0337206 0.0432692 0.0471421 0.254639
1 0.303486 0.771368 0.047476 0.0854701 0.339844
1 0.819111 0.273504 0.0264423 0.0598291 0.320068
1 0.302885 0.768162 0.046875 0.0833333 0.38208
1 0.819111 0.27297 0.0252403 0.0576923 0.332764
1 0.764423 0.241386 0.0264423 0.0492789 0.280518
1 0.608173 0.650641 0.0216346 0.0405983 0.272705
1 0.71274 0.724359 0.0384615 0.0384616 0.27124
1 0.68149 0.500935 0.0336539 0.0878739 0.269775
1 0.301082 0.774039 0.0456731 0.0865384 0.386719
1 0.81851 0.274573 0.0240384 0.0576923 0.361084
1 0.764423 0.242521 0.0264423 0.0491453 0.360352
1 0.68149 0.501603 0.0336539 0.0865385 0.339844
1 0.802885 0.203526 0.0288461 0.0496795 0.332764
1 0.71274 0.725962 0.0384615 0.034188 0.290283
1 0.606971 0.652778 0.0204327 0.0405983 0.279785
1 0.301683 0.774039 0.0456731 0.082265 0.410156
1 0.682091 0.5 0.0348558 0.0844017 0.387695
1 0.764423 0.242521 0.0264423 0.0486111 0.375732
1 0.607572 0.652244 0.0216346 0.0416667 0.365723
1 0.819111 0.274573 0.0240385 0.0576923 0.361084
1 0.802885 0.203259 0.0288461 0.0470085 0.345947
1 0.695312 0.0292635 0.0408654 0.0435029 0.309082
1 0.71274 0.727564 0.0384615 0.0363248 0.277588
1 0.162861 0.211004 0.0204327 0.0373931 0.274414
1 0.301683 0.775641 0.0456731 0.0854701 0.428223
1 0.682692 0.500534 0.0360577 0.0854701 0.392334
1 0.81851 0.274306 0.0264422 0.0619658 0.378418
1 0.764423 0.244725 0.0276443 0.0522169 0.371094
1 0.608173 0.653312 0.0216346 0.0438034 0.349609
1 0.802885 0.204327 0.0288461 0.0502137 0.323486
1 0.713942 0.729167 0.0384615 0.0373931 0.308105
1 0.694712 0.0305823 0.0432693 0.0466079 0.301514
1 0.16256 0.213408 0.0216346 0.0395299 0.280518
1 0.569712 0.867521 0.0192307 0.051282 0.253174
1 0.292668 0.626068 0.0210337 0.0320513 0.250977
1 0.301983 0.774039 0.0450721 0.0844017 0.454346
1 0.682091 0.501603 0.0348558 0.0822649 0.430176
1 0.764423 0.244391 0.0276443 0.0507479 0.384033
1 0.608173 0.651709 0.0216346 0.0405983 0.379395
1 0.819712 0.273504 0.0240384 0.0587607 0.363037
1 0.802885 0.20406 0.0288461 0.0480769 0.32251
1 0.16226 0.209135 0.0216346 0.0384615 0.315674
1 0.713341 0.72703 0.0384615 0.0352564 0.311523
1 0.695312 0.0317842 0.0420673 0.0458066 0.297363
1 0.292668 0.623932 0.0204327 0.0299145 0.293457
1 0.569712 0.866453 0.0180288 0.0502137 0.27124
1 0.301082 0.77297 0.0456731 0.082265 0.516602
1 0.682091 0.498397 0.0348558 0.082265 0.457031
1 0.764423 0.244191 0.0276443 0.0490118 0.435791
1 0.819712 0.272436 0.0240384 0.0576923 0.419678
1 0.608173 0.650641 0.0204327 0.0405983 0.413086
1 0.802885 0.203125 0.0276443 0.048344 0.369385
1 0.71274 0.727564 0.0384615 0.034188 0.355713
1 0.694712 0.030599 0.0432693 0.0453726 0.331055
1 0.162861 0.209535 0.0204327 0.0371261 0.325928
1 0.569111 0.867521 0.0180288 0.0491453 0.301514
1 0.292668 0.625 0.0186298 0.0299145 0.275146
1 0.301683 0.774573 0.0456731 0.0833333 0.437744
1 0.682091 0.499466 0.0336539 0.0811966 0.402588
1 0.819712 0.274573 0.0216346 0.0571581 0.399902
1 0.764423 0.244391 0.0264423 0.0480769 0.396973
1 0.607572 0.651709 0.0204327 0.0395299 0.389648
1 0.802885 0.203392 0.0276443 0.0472757 0.338867
1 0.161959 0.210737 0.0198317 0.0363248 0.330322
1 0.71274 0.728098 0.0384615 0.034188 0.309814
1 0.694712 0.0308327 0.0408654 0.0435697 0.30249
1 0.56851 0.86859 0.0180288 0.0491453 0.282227
1 0.301382 0.774039 0.0444711 0.0801282 0.505859
1 0.682091 0.5 0.0348558 0.082265 0.474609
1 0.764423 0.244191 0.0264423 0.0500801 0.457031
1 0.819712 0.275107 0.0240384 0.0587607 0.439697
1 0.608173 0.650641 0.0216346 0.0405983 0.433105
1 0.803486 0.202457 0.0276442 0.0470085 0.388672
1 0.71274 0.726496 0.0384615 0.0352564 0.373779
1 0.694712 0.0310497 0.0408654 0.0442041 0.366699
1 0.162861 0.209936 0.0210337 0.0384615 0.360352
1 0.569712 0.866987 0.0192307 0.0502136 0.317383
1 0.292668 0.622863 0.0192308 0.0299145 0.304932
1 0.301683 0.773504 0.0438702 0.0811966 0.466797
1 0.819712 0.275107 0.0240384 0.0603632 0.440674
1 0.682692 0.500534 0.0336539 0.0811966 0.420654
1 0.764423 0.244591 0.0264423 0.0492789 0.410156
1 0.608173 0.651175 0.0216346 0.0416667 0.403564
1 0.802885 0.203793 0.0276443 0.0480769 0.356689
1 0.713341 0.726496 0.0396635 0.0363248 0.342529
1 0.16256 0.210604 0.0210337 0.0387286 0.34082
1 0.695312 0.0307826 0.0420673 0.0450053 0.334473
1 0.292668 0.623932 0.0192308 0.0299145 0.295898
1 0.569411 0.867521 0.0186298 0.0502137 0.291748
1 0.301683 0.774573 0.0444711 0.0811966 0.500977
1 0.682091 0.499466 0.0336539 0.0811966 0.464844
1 0.764423 0.244725 0.0276443 0.0490118 0.44165
1 0.819111 0.275107 0.0240385 0.0598291 0.435791
1 0.607572 0.651709 0.0216346 0.0405983 0.406494
1 0.694712 0.0323351 0.0420673 0.0432358 0.379395
1 0.16241 0.211004 0.0207332 0.0373931 0.377441
1 0.802885 0.203125 0.0288461 0.045406 0.373047
1 0.713341 0.72703 0.0408654 0.0352564 0.353027
1 0.569111 0.866987 0.0180288 0.0502136 0.319092
1 0.292668 0.624466 0.0204327 0.0309829 0.290283
1 0.301382 0.770299 0.0444711 0.0790598 0.481445
1 0.682091 0.5 0.0348558 0.0811966 0.470703
1 0.764423 0.244057 0.0288462 0.0492789 0.453369
1 0.607572 0.650641 0.0228365 0.042735 0.44458
1 0.819111 0.274038 0.0252403 0.0598291 0.425293
1 0.161959 0.211004 0.0210337 0.0384616 0.403564
1 0.802885 0.202591 0.0288461 0.0467414 0.383057
1 0.694712 0.0322516 0.0432693 0.0456731 0.377441
1 0.71274 0.727564 0.0408654 0.0363248 0.364746
1 0.569111 0.867521 0.0192307 0.051282 0.306641
1 0.292067 0.625534 0.0192307 0.0309829 0.275146
1 0.295072 0.915598 0.0198317 0.0438034 0.256104
1 0.302284 0.773504 0.0444711 0.0811966 0.49707
1 0.764423 0.244925 0.0264423 0.0491453 0.457031
1 0.682692 0.5 0.0336539 0.0811966 0.452393
1 0.819712 0.275107 0.0240384 0.0592949 0.422607
1 0.607572 0.650641 0.0204327 0.0405983 0.400635
1 0.802885 0.203259 0.0276443 0.0464744 0.384033
1 0.16256 0.210203 0.0204327 0.0379274 0.376709
1 0.695312 0.0348558 0.0420673 0.0446047 0.368408
1 0.713341 0.727564 0.0396635 0.0352564 0.362061
1 0.292668 0.624466 0.0204327 0.0299145 0.314941
1 0.569712 0.866453 0.0180288 0.051282 0.306641
1 0.302584 0.775641 0.0456731 0.0811966 0.494141
1 0.682692 0.501068 0.0336539 0.0811966 0.46582
1 0.765024 0.245459 0.0276443 0.0496795 0.453369
1 0.608173 0.651175 0.0216346 0.0405983 0.421631
1 0.819712 0.275107 0.0240384 0.0619658 0.395996
1 0.16241 0.210737 0.0210337 0.0389957 0.378418
1 0.802885 0.203926 0.0288461 0.0472757 0.377441
1 0.695312 0.0352564 0.0432693 0.0443376 0.370117
1 0.713942 0.727564 0.0408654 0.034188 0.363037
1 0.292368 0.625534 0.0198317 0.0309829 0.325195
1 0.569712 0.867521 0.0192307 0.051282 0.277588
1 0.302284 0.774573 0.0444711 0.0811966 0.503906
1 0.682692 0.500534 0.0336539 0.0801282 0.46875
1 0.764423 0.244725 0.0264423 0.0490118 0.457031
1 0.608173 0.650641 0.0216346 0.0405983 0.42334
1 0.819111 0.275107 0.0252403 0.0619658 0.413086
1 0.802885 0.202724 0.0288461 0.0464744 0.39502
1 0.695312 0.0343884 0.0420673 0.0448718 0.381104
1 0.162861 0.211271 0.0207332 0.0384616 0.373779
1 0.713942 0.728632 0.0384615 0.0341881 0.35498
1 0.569712 0.867521 0.0192307 0.051282 0.299805
1 0.292668 0.625 0.0192308 0.0299145 0.299072
1 0.295673 0.916667 0.0204327 0.042735 0.250977
1 0.301983 0.773504 0.0444711 0.0801282 0.516602
1 0.682692 0.501068 0.0336539 0.0811966 0.491211
1 0.764423 0.24566 0.0264423 0.0492789 0.467773
1 0.608173 0.652244 0.0216346 0.0405983 0.438721
1 0.819111 0.275107 0.0252403 0.0619658 0.436768
1 0.802885 0.203793 0.0276443 0.0470086 0.413086
1 0.695913 0.0378606 0.0432692 0.0463408 0.39502
1 0.16256 0.212206 0.0204327 0.0392628 0.394287
1 0.713341 0.728632 0.0396635 0.0341881 0.353027
1 0.292067 0.626068 0.0192307 0.0299146 0.321777
1 0.570012 0.867521 0.0186298 0.051282 0.306641
1 0.295072 0.917735 0.0192308 0.042735 0.253174
1 0.301983 0.775641 0.0456731 0.0811966 0.492188
1 0.682692 0.500935 0.0360577 0.0814637 0.46582
1 0.764423 0.245459 0.0288462 0.0496795 0.446533
1 0.819111 0.275107 0.0264423 0.0630342 0.421631
1 0.608173 0.651709 0.0228365 0.0405983 0.40918
1 0.802885 0.203526 0.0288461 0.0475427 0.39502
1 0.16241 0.212073 0.0213341 0.0389957 0.371094
1 0.695312 0.0355235 0.0432693 0.0455395 0.364746
1 0.713341 0.728098 0.0408654 0.0352564 0.332764
1 0.292067 0.626068 0.0204327 0.0299146 0.301514
1 0.569712 0.867521 0.0192307 0.051282 0.291748
1 0.301983 0.775107 0.0450721 0.0811965 0.505859
1 0.682692 0.500935 0.0348558 0.0814637 0.482422
1 0.764423 0.244925 0.0276443 0.0496795 0.46875
1 0.608173 0.651175 0.0228365 0.0416667 0.448486
1 0.819111 0.274573 0.0252403 0.0625 0.446533
1 0.802885 0.203392 0.0288461 0.048344 0.405518
1 0.694712 0.0359408 0.0420673 0.0459068 0.388672
1 0.16256 0.211672 0.0213341 0.0392628 0.388672
1 0.713341 0.727564 0.0396635 0.0352564 0.367432
1 0.292067 0.626068 0.0204327 0.0299146 0.309814
1 0.569712 0.867521 0.0192307 0.051282 0.308105
1 0.295373 0.917201 0.0204327 0.0448718 0.262207
1 0.301983 0.775641 0.0450721 0.0811966 0.491211
1 0.682692 0.500534 0.0336539 0.0811966 0.460938
1 0.764423 0.245259 0.0276443 0.0500801 0.44458
1 0.819712 0.274573 0.0240384 0.0619658 0.414795
1 0.608173 0.651709 0.0216346 0.0405983 0.411133
1 0.802885 0.203259 0.0288461 0.0480769 0.390381
1 0.695312 0.0359241 0.0420673 0.045406 0.37207
1 0.16256 0.212473 0.0210337 0.0387286 0.365723
1 0.713341 0.728632 0.0396635 0.0341881 0.349609
1 0.292067 0.626068 0.0204327 0.0299146 0.296631
1 0.569712 0.867521 0.0192307 0.051282 0.290283
1 0.301983 0.775641 0.0450721 0.0811966 0.50293
1 0.682692 0.501068 0.0348558 0.0811966 0.474609
1 0.764423 0.245192 0.0276443 0.0496795 0.461914
1 0.608173 0.651709 0.0216346 0.0405983 0.432129
1 0.819712 0.275107 0.0240384 0.0619658 0.42627
1 0.802885 0.203259 0.0288461 0.0480769 0.405518
1 0.694712 0.0360577 0.0432693 0.045406 0.391357
1 0.16256 0.212206 0.0210337 0.0381944 0.381104
1 0.71274 0.728632 0.0408654 0.0341881 0.367432
1 0.292067 0.626068 0.0198318 0.0299146 0.309082
1 0.569712 0.867521 0.0192307 0.0502137 0.287842
1 0.301683 0.774573 0.0456731 0.0833333 0.437744
1 0.682091 0.499466 0.0336539 0.0811966 0.402588
1 0.819712 0.274573 0.0216346 0.0571581 0.399902
1 0.764423 0.244391 0.0264423 0.0480769 0.396973
1 0.607572 0.651709 0.0204327 0.0395299 0.389648
1 0.802885 0.203392 0.0276443 0.0472757 0.338135
1 0.161959 0.210737 0.0198317 0.0363248 0.330322
1 0.71274 0.728098 0.0384615 0.034188 0.309814
1 0.694712 0.0307826 0.0408654 0.0436699 0.30249
1 0.56851 0.86859 0.0180288 0.0491453 0.282227
