1 0.907452 0.648504 0.03125 0.0918803 0.325928
1 0.904447 0.634615 0.0444711 0.115385 0.268066
1 0.201022 0.667735 0.0892428 0.173077 0.253906
1 0.90625 0.639957 0.03125 0.105769 0.259766
1 0.902644 0.643162 0.0384615 0.108974 0.251709
1 0.905048 0.636752 0.0360577 0.100427 0.27832
1 0.120493 0.576923 0.0354567 0.0769231 0.253906
1 0.906851 0.636752 0.0324519 0.108974 0.265869
1 0.123347 0.580128 0.031851 0.0779914 0.265137
1 0.257512 0.27297 0.0264423 0.0464744 0.253174
1 0.121544 0.575855 0.0360577 0.0811966 0.275146
1 0.257212 0.27297 0.0240385 0.0459402 0.256104
1 0.0967548 0.109241 0.046875 0.0523504 0.253906
1 0.122333 0.582265 0.0341797 0.0747863 0.269775
1 0.119854 0.582265 0.0385367 0.0769231 0.309082
1 0.122596 0.576923 0.0345553 0.0833333 0.294922
1 0.908053 0.637821 0.0336538 0.0982906 0.262207
1 0.120831 0.582265 0.0377855 0.0747863 0.284668
1 0.119854 0.580128 0.0385367 0.0833333 0.353027
1 0.90625 0.639957 0.0420673 0.108974 0.317383
1 0.0945012 0.115251 0.0486779 0.0491453 0.252441
1 0.120643 0.577457 0.0357572 0.0833333 0.299805
1 0.121995 0.579594 0.0378606 0.0790598 0.310791
1 0.90625 0.63515 0.0360577 0.102564 0.299805
1 0.121695 0.577991 0.0360577 0.0769231 0.253906
1 0.121244 0.577991 0.0417668 0.0854701 0.297363
1 0.902644 0.637821 0.0360577 0.108974 0.283691
1 0.121357 0.580128 0.0379357 0.0811966 0.332031
1 0.903846 0.638889 0.0384615 0.100427 0.266602
1 0.122333 0.580662 0.0359826 0.0769231 0.269775
1 0.0929988 0.11248 0.0453726 0.0512153 0.258301
1 0.120793 0.576923 0.0372596 0.0811966 0.345947
1 0.905649 0.638889 0.0336538 0.099359 0.33374
1 0.255709 0.269231 0.0216346 0.0470086 0.263672
1 0.122296 0.576923 0.0384615 0.0811966 0.286865
1 0.900841 0.637821 0.0348557 0.108974 0.251709
1 0.120944 0.581197 0.0372596 0.0790599 0.26123
1 0.122145 0.581731 0.0351562 0.0801282 0.310791
1 0.901442 0.639957 0.0360577 0.102564 0.291748
1 0.25631 0.271368 0.0252404 0.045406 0.2854
1 0.0963792 0.11672 0.0446214 0.0480769 0.268066
1 0.217698 0.315171 0.0252404 0.051282 0.262939
1 0.25631 0.272436 0.0240385 0.0459402 0.274414
1 0.905048 0.641026 0.0360577 0.106838 0.268066
1 0.122934 0.581197 0.0377855 0.0790599 0.262939
1 0.123235 0.579594 0.0383864 0.0790598 0.330322
1 0.90625 0.641026 0.0360577 0.100427 0.310791
1 0.901442 0.637821 0.0336538 0.102564 0.366699
1 0.122446 0.580662 0.0360577 0.0779914 0.275879
1 0.255258 0.268162 0.0240385 0.0470085 0.26123
1 0.217999 0.313301 0.0243389 0.0486111 0.256836
1 0.121995 0.581731 0.0357572 0.0726496 0.281494
1 0.902644 0.636218 0.0372597 0.101496 0.255371
1 0.121056 0.579594 0.0367338 0.0779914 0.320801
1 0.255258 0.270299 0.0255409 0.0470086 0.27832
1 0.217548 0.311966 0.0228365 0.0470086 0.256104
1 0.902644 0.633013 0.0360577 0.104701 0.345947
1 0.120643 0.577991 0.0369591 0.0801282 0.307373
1 0.255409 0.2711 0.0228365 0.0464744 0.267334
1 0.121244 0.581197 0.0360577 0.0790599 0.312256
1 0.901442 0.636752 0.0360577 0.106838 0.303955
1 0.902644 0.637821 0.0372597 0.104701 0.346924
1 0.120793 0.578526 0.0336539 0.0811966 0.325928
1 0.217849 0.314103 0.0204327 0.0464744 0.27832
1 0.255108 0.269765 0.0234375 0.0459402 0.264404
1 0.0948768 0.110043 0.0467248 0.0443376 0.250977
1 0.120756 0.580128 0.0379357 0.0790598 0.250977
1 0.121244 0.580128 0.0369591 0.0811966 0.253174
1 0.90625 0.638355 0.0360577 0.107906 0.306641
1 0.121244 0.57906 0.0369591 0.0769231 0.274414
1 0.122333 0.580128 0.0377855 0.0833333 0.32251
1 0.90625 0.634615 0.0360577 0.104701 0.27832
1 0.256911 0.273237 0.0264423 0.0502137 0.251709
1 0.120643 0.580128 0.0390625 0.0811966 0.297363
1 0.121394 0.580128 0.0375601 0.0758547 0.318359
1 0.905048 0.637286 0.0360577 0.104701 0.313965
1 0.255709 0.270299 0.0252404 0.0470086 0.275146
1 0.09375 0.111378 0.0477764 0.048344 0.257568
1 0.903846 0.637821 0.0360577 0.111111 0.36377
1 0.121544 0.57906 0.0372596 0.0833333 0.361084
1 0.255258 0.270833 0.024339 0.045406 0.275879
1 0.120493 0.577991 0.0348558 0.0769231 0.326904
1 0.905048 0.634615 0.0336538 0.106838 0.299805
1 0.0942007 0.110043 0.0501803 0.0491453 0.287842
1 0.254808 0.271902 0.0246394 0.0459402 0.262207
1 0.122446 0.577991 0.0336539 0.0747863 0.286133
1 0.90625 0.638355 0.0360577 0.108974 0.276611
1 0.25646 0.272436 0.0255409 0.0470085 0.259766
1 0.906851 0.638889 0.0372596 0.107906 0.291748
1 0.122033 0.57906 0.0365835 0.0790598 0.2854
1 0.90625 0.641026 0.0384615 0.102564 0.263672
1 0.121094 0.580662 0.0336538 0.0737179 0.260498
1 0.121244 0.57906 0.0366587 0.0811966 0.275146
1 0.902043 0.648504 0.0324519 0.0982906 0.271973
1 0.122446 0.581197 0.0372596 0.0790599 0.277588
1 0.90625 0.637821 0.0360577 0.108974 0.266602
1 0.255409 0.274038 0.0264423 0.0502137 0.259033
1 0.122145 0.578526 0.0357572 0.0790598 0.313965
1 0.901442 0.638889 0.0360577 0.106838 0.301514
1 0.25646 0.27297 0.0255409 0.0475427 0.293457
1 0.0942758 0.112046 0.0494291 0.0494124 0.275879
1 0.121995 0.580662 0.0372596 0.0779914 0.29248
1 0.905649 0.637821 0.0348557 0.104701 0.281494
1 0.255859 0.271368 0.0261418 0.0480769 0.26123
1 0.274038 0.342415 0.0252404 0.0587607 0.257568
1 0.120455 0.57906 0.0367338 0.0769231 0.288574
1 0.905048 0.638889 0.0360577 0.102564 0.286865
1 0.905048 0.639423 0.0360577 0.103632 0.305664
1 0.121732 0.582799 0.0371845 0.0758547 0.283691
1 0.256761 0.273771 0.0267428 0.0496795 0.259766
1 0.120643 0.57906 0.0381611 0.0790598 0.29834
1 0.905048 0.637821 0.0360577 0.106838 0.270508
1 0.0945012 0.111378 0.0483774 0.0491453 0.252441
1 0.121995 0.581197 0.0372596 0.0790599 0.313232
1 0.907452 0.64797 0.0360577 0.113248 0.313232
1 0.121732 0.581731 0.0359826 0.0779915 0.321777
1 0.90625 0.639957 0.0360577 0.108974 0.283691
1 0.273963 0.344551 0.0253906 0.0555556 0.281494
1 0.25601 0.274306 0.0258414 0.0475427 0.269043
1 0.121131 0.580128 0.0347806 0.0790598 0.299072
1 0.905048 0.642094 0.0348558 0.106838 0.258301
1 0.121657 0.580128 0.0373347 0.0790598 0.282227
1 0.90625 0.639957 0.0336538 0.104701 0.265869
1 0.904447 0.638889 0.0372596 0.107906 0.353027
1 0.120793 0.580128 0.0375601 0.0769231 0.30249
1 0.255709 0.271368 0.0267428 0.0480769 0.260498
1 0.121394 0.580128 0.0390625 0.0790598 0.291016
1 0.904447 0.636752 0.0372596 0.106838 0.275146
1 0.904447 0.636752 0.0372596 0.104701 0.296631
1 0.121394 0.582265 0.0396635 0.0790599 0.279053
1 0.25616 0.27297 0.0261418 0.0491453 0.258301
1 0.120643 0.580128 0.0396635 0.0790598 0.305664
1 0.903846 0.636752 0.0384615 0.104701 0.272705
1 0.255409 0.272436 0.0264423 0.0502137 0.26123
1 0.120455 0.580128 0.0379357 0.0769231 0.344238
1 0.905649 0.636752 0.0348557 0.100427 0.339844
1 0.25631 0.272436 0.0252404 0.0480769 0.313232
1 0.273438 0.343483 0.0264423 0.0598291 0.294189
1 0.0940505 0.112981 0.0492789 0.0496795 0.288574
1 0.835337 0.900107 0.0264422 0.0448718 0.264404
1 0.0933744 0.113248 0.0503305 0.0515491 0.260498
1 0.900841 0.646902 0.0348557 0.107906 0.258301
1 0.122446 0.578526 0.0381611 0.0779914 0.352295
1 0.905048 0.641026 0.0372597 0.121795 0.299072
1 0.274114 0.340812 0.027494 0.0587607 0.281494
1 0.257212 0.270299 0.0276443 0.0470086 0.265869
1 0.0935998 0.111412 0.0498798 0.0496127 0.265137
1 0.902644 0.636752 0.0360577 0.104701 0.284668
1 0.0942007 0.112179 0.0492789 0.0478098 0.259766
1 0.122296 0.581197 0.0354567 0.0747863 0.251709
1 0.121544 0.581731 0.0375601 0.0801282 0.351318
1 0.905649 0.638889 0.0360578 0.102564 0.305664
1 0.0939754 0.113381 0.050631 0.0520833 0.272705
1 0.256761 0.274038 0.0261418 0.0491453 0.269043
1 0.121394 0.580662 0.038762 0.0790599 0.346924
1 0.902644 0.645299 0.0360577 0.100427 0.288574
1 0.274038 0.344017 0.0264423 0.0598291 0.270508
1 0.0935998 0.112313 0.0510817 0.0523504 0.269043
1 0.120944 0.581197 0.0402644 0.0790599 0.365723
1 0.274339 0.344551 0.0264423 0.0603633 0.282227
1 0.903846 0.638889 0.0372597 0.110043 0.279053
1 0.0946514 0.11258 0.0492788 0.0520833 0.259033
1 0.25646 0.27297 0.0261418 0.0502137 0.258301
1 0.121131 0.57906 0.0401893 0.082265 0.303223
1 0.120643 0.580128 0.0378606 0.0811966 0.296631
1 0.0935998 0.111879 0.0501803 0.0534856 0.279053
1 0.273438 0.341613 0.0264423 0.0582265 0.264404
1 0.255859 0.270566 0.0255409 0.0486111 0.262939
1 0.901442 0.638889 0.0360577 0.101496 0.253174
1 0.120192 0.581731 0.0369591 0.0801282 0.390381
1 0.272837 0.342415 0.0270433 0.0603632 0.330322
1 0.255409 0.271902 0.0252404 0.0491453 0.327637
1 0.901442 0.639957 0.0384615 0.102564 0.299805
1 0.834135 0.901709 0.0276443 0.042735 0.281494
1 0.0929988 0.114717 0.0501803 0.048344 0.279053
1 0.217849 0.315171 0.0222356 0.0491453 0.253174
1 0.121544 0.580128 0.0372596 0.0801282 0.378418
1 0.25601 0.2711 0.0252404 0.0475427 0.341553
1 0.274639 0.342147 0.0246394 0.0582265 0.329346
1 0.90625 0.636218 0.0360577 0.108974 0.310791
1 0.455829 0.685897 0.0180288 0.0384616 0.282227
1 0.2186 0.314637 0.0216346 0.0470086 0.268066
1 0.0939002 0.116052 0.0495793 0.051015 0.262207
1 0.834736 0.902778 0.0276442 0.0448718 0.26123
1 0.669471 0.644765 0.0252404 0.0608974 0.257568
1 0.121357 0.581197 0.0373347 0.0790599 0.436768
1 0.255859 0.270833 0.0261418 0.0491453 0.346924
1 0.273137 0.342415 0.0276442 0.0608974 0.345947
1 0.905048 0.637821 0.0360577 0.108974 0.326904
1 0.0936749 0.11485 0.05003 0.0504808 0.325195
1 0.834736 0.901709 0.0288462 0.0448719 0.311523
1 0.217849 0.313568 0.023137 0.0491453 0.297363
1 0.669471 0.645299 0.0276443 0.0662393 0.269775
1 0.121695 0.581731 0.0357572 0.0769231 0.483398
1 0.905048 0.638889 0.0360577 0.104701 0.396973
1 0.255709 0.2711 0.0252404 0.0464744 0.362061
1 0.274038 0.342415 0.0246394 0.0587607 0.360352
1 0.09375 0.113649 0.0492789 0.0496795 0.353027
1 0.835337 0.900641 0.0288462 0.0448719 0.332764
1 0.218299 0.313034 0.0225361 0.0480769 0.308105
1 0.455529 0.684295 0.0180289 0.0395299 0.291748
1 0.66887 0.644765 0.0264423 0.0641026 0.275146
1 0.120944 0.57906 0.0360577 0.0769231 0.470703
1 0.905048 0.635684 0.0336538 0.106838 0.442627
1 0.255859 0.270566 0.0246394 0.0480769 0.397949
1 0.273738 0.341613 0.0240385 0.0582265 0.388672
1 0.0938251 0.11485 0.0491286 0.0470085 0.376709
1 0.835337 0.901709 0.0264422 0.0405983 0.343262
1 0.218299 0.313836 0.0210336 0.0464744 0.326904
1 0.45613 0.684295 0.0180289 0.0384616 0.305664
1 0.668269 0.643162 0.0264423 0.0619658 0.274414
1 0.121056 0.579594 0.0355318 0.0779914 0.464844
1 0.905048 0.637821 0.0336538 0.103632 0.386719
1 0.255409 0.270566 0.0246394 0.0475427 0.353027
1 0.273438 0.343483 0.0240385 0.0582265 0.342529
1 0.834736 0.902778 0.0276442 0.042735 0.318359
1 0.0940505 0.115118 0.0492789 0.0480769 0.299072
1 0.455529 0.685897 0.016827 0.0363248 0.297363
1 0.668269 0.642094 0.0240385 0.0619658 0.29248
1 0.217548 0.31437 0.0216346 0.0475427 0.287842
1 0.121657 0.57906 0.0361328 0.0769231 0.539062
1 0.905048 0.636752 0.0336538 0.104701 0.438721
1 0.0932242 0.113815 0.0497296 0.0485443 0.422607
1 0.25601 0.269765 0.0255409 0.0470086 0.40918
1 0.274038 0.343216 0.0252404 0.0582265 0.385742
1 0.835337 0.900641 0.0288462 0.0448719 0.385742
1 0.21845 0.313568 0.0228365 0.0475427 0.341553
1 0.669471 0.64156 0.0252404 0.0662393 0.34082
1 0.45613 0.683761 0.0174279 0.0384616 0.306641
1 0.72476 0.472222 0.0264423 0.034188 0.258301
1 0.121958 0.580128 0.0355319 0.0747863 0.491211
1 0.905048 0.637286 0.0336538 0.102564 0.425293
1 0.09375 0.113782 0.0498798 0.0486111 0.408203
1 0.274339 0.344017 0.0246394 0.0576923 0.393311
1 0.25601 0.271368 0.0252404 0.0480769 0.374756
1 0.835337 0.900641 0.0288462 0.0448719 0.355713
1 0.21845 0.314637 0.0222356 0.0480769 0.325195
1 0.669471 0.643162 0.0240385 0.065171 0.304932
1 0.72476 0.473024 0.0252404 0.034188 0.283691
1 0.455829 0.684295 0.0168269 0.0395299 0.27832
1 0.120944 0.57906 0.0360577 0.0758547 0.487305
1 0.905048 0.638355 0.0348558 0.101496 0.44458
1 0.273738 0.344017 0.0258414 0.0582265 0.408203
1 0.255709 0.270032 0.0252404 0.0464744 0.395996
1 0.0935998 0.114984 0.0504808 0.0470085 0.390381
1 0.834736 0.901709 0.0276442 0.042735 0.375732
1 0.218149 0.313034 0.0222356 0.0475427 0.355713
1 0.669471 0.643162 0.0252404 0.0662393 0.301514
1 0.455529 0.683761 0.0174279 0.0384616 0.286865
1 0.121695 0.57906 0.0354567 0.0769231 0.506836
1 0.905048 0.638889 0.0360577 0.102564 0.452393
1 0.09375 0.115118 0.0507812 0.0480769 0.435791
1 0.255709 0.269231 0.0252404 0.0470086 0.410156
1 0.274038 0.342415 0.0246394 0.0571581 0.404541
1 0.834736 0.901709 0.0288462 0.0448719 0.38501
1 0.217849 0.313034 0.0228365 0.0480769 0.353027
1 0.455529 0.683761 0.0186298 0.0384616 0.325195
1 0.669471 0.642094 0.0264423 0.0662393 0.320801
1 0.72476 0.472222 0.0264423 0.034188 0.29248
1 0.121845 0.57906 0.0351562 0.0769231 0.480469
1 0.90625 0.637286 0.0336538 0.103632 0.463867
1 0.09375 0.114049 0.0507812 0.0486111 0.427246
1 0.274038 0.34375 0.0252404 0.0576923 0.414062
1 0.255559 0.269765 0.0249399 0.0470086 0.393311
1 0.835337 0.902244 0.0264422 0.042735 0.376709
1 0.218149 0.313568 0.0222356 0.0470085 0.357666
1 0.455529 0.684829 0.016827 0.0384616 0.315674
1 0.669471 0.643162 0.0264423 0.0662393 0.313232
1 0.72476 0.473825 0.0252404 0.0331197 0.250244
1 0.905048 0.639957 0.0360577 0.105769 0.479492
1 0.121995 0.581197 0.0357572 0.0769231 0.439697
1 0.0939002 0.115652 0.0507812 0.0478098 0.420654
1 0.255709 0.271368 0.0258414 0.0480769 0.414062
1 0.274038 0.34375 0.0258414 0.0603632 0.396973
1 0.835337 0.903312 0.0288462 0.0438034 0.355713
1 0.217999 0.314637 0.0228365 0.0480769 0.353027
1 0.45613 0.684829 0.0180289 0.0384616 0.323486
1 0.669471 0.643162 0.0276443 0.0683761 0.312256
1 0.502404 0.615385 0.0228365 0.034188 0.257568
1 0.72476 0.473558 0.0264423 0.0336539 0.250977
1 0.121958 0.581197 0.0361328 0.0769231 0.484375
1 0.905048 0.639957 0.0360577 0.102564 0.46582
1 0.25601 0.270566 0.0255409 0.0470086 0.419678
1 0.0938251 0.117521 0.0497296 0.0475427 0.404541
1 0.274038 0.344551 0.0258414 0.0598291 0.383057
1 0.835337 0.903846 0.0288462 0.042735 0.366699
1 0.218149 0.315438 0.0222356 0.0475427 0.339844
1 0.45613 0.683227 0.0180289 0.0373931 0.330322
1 0.669471 0.643162 0.0264423 0.0662393 0.326904
1 0.72476 0.472756 0.0264423 0.0331197 0.282959
1 0.144982 0.810898 0.0336538 0.0341881 0.257568
1 0.121695 0.581197 0.0360577 0.0769231 0.480469
1 0.905048 0.639957 0.0360577 0.102564 0.474609
1 0.255709 0.271368 0.0255409 0.0480769 0.433105
1 0.0941256 0.116854 0.0503305 0.0467415 0.432129
1 0.273738 0.344551 0.0258414 0.0598291 0.394287
1 0.835337 0.903846 0.0288462 0.042735 0.377441
1 0.217698 0.315438 0.0225361 0.0491453 0.354004
1 0.669471 0.644231 0.0264423 0.0662393 0.332764
1 0.45613 0.684829 0.016827 0.0384616 0.331055
1 0.72476 0.473825 0.0264423 0.0331197 0.2854
1 0.121695 0.581197 0.0369591 0.0779915 0.448486
1 0.905048 0.640491 0.0348558 0.102564 0.44165
1 0.255859 0.271368 0.0261418 0.0480769 0.419678
1 0.0936749 0.116453 0.0509315 0.0475427 0.402588
1 0.273738 0.344017 0.0258414 0.0608974 0.378418
1 0.835337 0.903312 0.0300481 0.0438034 0.35498
1 0.217548 0.315171 0.023137 0.0491453 0.337158
1 0.45613 0.683761 0.0186298 0.0384616 0.318359
1 0.669471 0.644231 0.0264423 0.0662393 0.303223
1 0.72476 0.473024 0.0264423 0.034188 0.276611
1 0.121732 0.580128 0.0365835 0.0790598 0.488281
1 0.905048 0.641026 0.0348558 0.102564 0.467773
1 0.25601 0.270833 0.0258414 0.0486111 0.430176
1 0.0935998 0.116319 0.0501803 0.0470085 0.411133
1 0.273738 0.343483 0.0258414 0.0608974 0.401611
1 0.835337 0.902778 0.0288462 0.042735 0.373047
1 0.218149 0.314103 0.0228365 0.0491453 0.36377
1 0.45613 0.683761 0.0186298 0.0384616 0.345947
1 0.72476 0.472756 0.0264423 0.0352564 0.32251
1 0.669471 0.643162 0.0264423 0.0673077 0.32251
1 0.144832 0.809829 0.0342548 0.0341881 0.253174
1 0.121695 0.580662 0.0363582 0.0779914 0.466797
1 0.905048 0.641026 0.0348558 0.102564 0.456055
1 0.25601 0.2711 0.0258414 0.0486111 0.419678
1 0.09375 0.116854 0.0504808 0.0462073 0.394287
1 0.274038 0.34375 0.0252404 0.0603632 0.376709
1 0.835337 0.903846 0.0288462 0.042735 0.358398
1 0.218149 0.314637 0.0228365 0.0486111 0.345947
1 0.45613 0.683761 0.0180289 0.0384616 0.313232
1 0.669471 0.643162 0.0264423 0.0662393 0.29248
1 0.72476 0.473291 0.0264423 0.034188 0.270508
1 0.121544 0.580662 0.0366587 0.0779914 0.480469
1 0.905048 0.641026 0.0348558 0.102564 0.467773
1 0.25601 0.270833 0.0258414 0.0480769 0.435791
1 0.09375 0.117121 0.0504808 0.0464744 0.414062
1 0.273963 0.344017 0.0253906 0.0603633 0.38501
1 0.835337 0.903846 0.0288462 0.042735 0.37207
1 0.217999 0.314904 0.023137 0.0486111 0.358398
1 0.45613 0.684295 0.0180289 0.0384616 0.328613
1 0.669471 0.643162 0.0264423 0.0662393 0.29834
1 0.72476 0.473558 0.0264423 0.0336539 0.27124
1 0.121056 0.579594 0.0355318 0.0779914 0.46582
1 0.905048 0.637821 0.0336538 0.103632 0.386719
1 0.255409 0.270566 0.0246394 0.0475427 0.352295
1 0.273438 0.343483 0.0240385 0.0582265 0.342529
1 0.834736 0.902778 0.0276442 0.042735 0.318359
1 0.0940505 0.115118 0.0492789 0.0480769 0.29834
1 0.455529 0.685897 0.016827 0.0363248 0.297363
1 0.668269 0.642094 0.0240385 0.0619658 0.291748
1 0.217548 0.31437 0.0216346 0.0475427 0.288574
