1 0.480769 0.0334535 0.0552885 0.0669071 0.326904
1 0.779447 0.665598 0.0264423 0.0694444 0.283691
1 0.870192 0.584402 0.0300481 0.0576923 0.266602
1 0.370793 0.0387286 0.0420673 0.0590278 0.250977
1 0.464543 0.1664 0.0456731 0.0876068 0.317383
1 0.369591 0.0396802 0.0408654 0.0565905 0.277588
1 0.369591 0.0401309 0.0456731 0.0556891 0.30249
1 0.460938 0.16039 0.0492788 0.0878739 0.267334
1 0.778245 0.682692 0.0324519 0.0619659 0.289307
1 0.370192 0.0378606 0.0414663 0.0630342 0.262939
1 0.463341 0.16039 0.0408654 0.0827992 0.257568
1 0.464243 0.1664 0.0498798 0.0833333 0.275879
1 0.867788 0.590812 0.0360577 0.0747863 0.259766
1 0.367788 0.0400808 0.0444711 0.0630008 0.255371
1 0.455529 0.151175 0.0258414 0.0779915 0.304932
1 0.798678 0.387553 0.0276442 0.0972222 0.288574
1 0.364483 0.0357906 0.0348558 0.0502137 0.259766
1 0.463341 0.165465 0.046875 0.085203 0.264404
1 0.369591 0.0397803 0.0432692 0.0676082 0.299805
1 0.368389 0.0398137 0.0456731 0.0670072 0.267334
1 0.370493 0.038929 0.0456731 0.069578 0.274414
1 0.369291 0.0387954 0.0438702 0.0614316 0.330322
1 0.465144 0.159188 0.0456731 0.0892094 0.286865
1 0.86899 0.59188 0.0360577 0.0769231 0.267334
1 0.870192 0.588675 0.0324519 0.0683761 0.283691
1 0.467248 0.162393 0.0450721 0.090812 0.265137
1 0.369892 0.0405983 0.0432693 0.0579594 0.260498
1 0.36899 0.0367254 0.0438702 0.0649038 0.301514
1 0.870192 0.587073 0.0360577 0.0715812 0.263672
1 0.735577 0.522302 0.0456731 0.0451389 0.259766
1 0.368089 0.0404814 0.046274 0.0654047 0.307373
1 0.463942 0.16266 0.046875 0.090812 0.260498
1 0.464243 0.163729 0.0510818 0.090812 0.306641
1 0.368089 0.0402143 0.0456731 0.0662059 0.305664
1 0.965144 0.409188 0.0324519 0.0608974 0.253906
1 0.799279 0.394765 0.0336538 0.099359 0.290283
1 0.465745 0.155315 0.046875 0.0836004 0.266602
1 0.369591 0.0411158 0.0432692 0.0574586 0.262939
1 0.36869 0.0422175 0.0480769 0.066473 0.252441
1 0.368389 0.040398 0.046875 0.0647703 0.303955
1 0.798077 0.393162 0.0360577 0.101496 0.286865
1 0.465745 0.157318 0.0480769 0.088141 0.256104
1 0.369892 0.041266 0.047476 0.0616987 0.273682
1 0.367188 0.0438702 0.0480769 0.0679754 0.331055
1 0.463642 0.163462 0.0504807 0.0929487 0.300781
1 0.797476 0.39797 0.0348557 0.0950855 0.265869
1 0.865385 0.587607 0.0372596 0.0747863 0.250244
1 0.798077 0.399038 0.0360577 0.0929487 0.253906
1 0.467548 0.155315 0.046875 0.0926816 0.321777
1 0.371094 0.0409322 0.0456731 0.063969 0.291016
1 0.798678 0.394765 0.0396635 0.100427 0.286133
1 0.869591 0.587607 0.0348557 0.0683761 0.268066
1 0.371394 0.0397803 0.0456731 0.0678753 0.29248
1 0.466947 0.158921 0.0480769 0.0926816 0.252441
1 0.796875 0.399038 0.0384615 0.104701 0.284668
1 0.36899 0.041867 0.046875 0.0671741 0.264404
1 0.370493 0.0430188 0.0432692 0.0667401 0.362061
1 0.466346 0.163996 0.0444712 0.0940171 0.294922
1 0.870192 0.589744 0.0336538 0.0705128 0.269775
1 0.369892 0.040398 0.0492788 0.0657051 0.324219
1 0.466947 0.163462 0.0492788 0.0892094 0.276611
1 0.369892 0.0404814 0.047476 0.0624666 0.335449
1 0.466647 0.161058 0.047476 0.0897436 0.326904
1 0.798678 0.39797 0.0384615 0.0961538 0.317383
1 0.36899 0.0431357 0.0480769 0.0653045 0.38501
1 0.464243 0.161859 0.0480769 0.0902778 0.364746
1 0.798678 0.396368 0.0372596 0.0982906 0.29248
1 0.864784 0.590812 0.0360577 0.0747863 0.265137
1 0.465745 0.158921 0.0504807 0.0897436 0.301514
1 0.36899 0.0428853 0.0480769 0.0592615 0.299072
1 0.36869 0.0435363 0.047476 0.0637019 0.328613
1 0.464543 0.161592 0.046875 0.0897436 0.318359
1 0.368389 0.0416667 0.0486779 0.0638355 0.349609
1 0.464543 0.159188 0.0480769 0.0924145 0.2854
1 0.46274 0.151042 0.046875 0.0873397 0.373047
1 0.368389 0.042468 0.046875 0.065438 0.341553
1 0.798077 0.389957 0.0372596 0.0982906 0.307373
1 0.86899 0.589744 0.0348557 0.0790599 0.258301
1 0.368389 0.0444878 0.0450721 0.0595286 0.304932
1 0.464543 0.157051 0.046875 0.0918804 0.290283
1 0.796875 0.395566 0.0360577 0.100427 0.287842
1 0.798077 0.396902 0.0384615 0.100427 0.389648
1 0.369291 0.0363248 0.0486779 0.0630342 0.37207
1 0.463942 0.156517 0.046875 0.090812 0.358398
1 0.865385 0.588675 0.0348557 0.0747863 0.275146
1 0.462139 0.154915 0.0480769 0.088141 0.295898
1 0.36899 0.0414663 0.046875 0.0653045 0.293457
1 0.798077 0.397436 0.0396635 0.0972222 0.291748
1 0.465445 0.157051 0.0480769 0.0934829 0.291748
1 0.798077 0.397436 0.0360577 0.0982906 0.279785
1 0.368389 0.0429354 0.0480769 0.0653045 0.259033
1 0.369591 0.0422676 0.0456731 0.0631677 0.306641
1 0.798077 0.396635 0.0372596 0.0982906 0.306641
1 0.466346 0.160791 0.0456731 0.090812 0.304932
1 0.798077 0.397436 0.0360577 0.0982906 0.32251
1 0.466346 0.156517 0.047476 0.0918803 0.286133
1 0.370192 0.0431357 0.0456731 0.0635684 0.271973
1 0.797476 0.395566 0.0396634 0.103098 0.325195
1 0.369591 0.043937 0.0456731 0.0622329 0.262207
1 0.79988 0.393964 0.0384615 0.0988248 0.345215
1 0.36899 0.0421341 0.0456731 0.0635684 0.32251
1 0.465745 0.157986 0.046875 0.0910791 0.311523
1 0.86899 0.587607 0.0336538 0.0683761 0.26123
1 0.799279 0.394765 0.0384616 0.0998932 0.394287
1 0.465144 0.156517 0.0480769 0.0913462 0.377441
1 0.36899 0.0422175 0.0480769 0.0611311 0.349609
1 0.86899 0.588141 0.0336538 0.0737179 0.253174
1 0.798077 0.394231 0.0360577 0.0972222 0.348633
1 0.465144 0.155716 0.046875 0.0886752 0.346924
1 0.36899 0.0390625 0.0480769 0.0642361 0.31665
1 0.798077 0.395833 0.0348558 0.0940171 0.328613
1 0.466346 0.155983 0.046875 0.0892094 0.30249
1 0.36899 0.0408654 0.046875 0.0619658 0.297363
1 0.466346 0.156651 0.046875 0.0910791 0.309082
1 0.799279 0.395833 0.0360577 0.0950855 0.259766
1 0.799279 0.396902 0.0360577 0.0940171 0.32251
1 0.465144 0.159722 0.0480769 0.0860043 0.281494
1 0.369291 0.0439537 0.046875 0.0589944 0.250244
1 0.466346 0.15812 0.0480769 0.0913462 0.29248
1 0.798678 0.400107 0.0360577 0.0940171 0.282227
1 0.370192 0.0424846 0.046875 0.0640692 0.251709
1 0.798678 0.398237 0.0360577 0.0961539 0.351318
1 0.466046 0.161058 0.046274 0.0929487 0.325195
1 0.370192 0.0429354 0.0456731 0.0633013 0.282959
1 0.798678 0.398237 0.0348557 0.0961539 0.36377
1 0.466046 0.15852 0.0504808 0.0897436 0.332764
1 0.36899 0.0393964 0.047476 0.0625 0.312256
1 0.798678 0.397436 0.0360577 0.0950855 0.325928
1 0.466346 0.162126 0.046875 0.0902778 0.324219
1 0.36899 0.0382111 0.046875 0.0613982 0.309814
1 0.465745 0.157853 0.046875 0.0902778 0.31665
1 0.798077 0.39797 0.0360577 0.0956197 0.313232
1 0.370192 0.0408821 0.0456731 0.060864 0.277588
1 0.466346 0.162126 0.046875 0.0918803 0.325928
1 0.798678 0.39797 0.0360577 0.0961538 0.283691
1 0.370192 0.0436031 0.0456731 0.0622329 0.268066
1 0.798077 0.395833 0.0360577 0.099359 0.324219
1 0.369591 0.0381944 0.046875 0.0635684 0.309082
1 0.466346 0.157318 0.0456731 0.090812 0.307373
1 0.798077 0.39797 0.0384615 0.099359 0.323486
1 0.465745 0.161458 0.0492788 0.0948184 0.310791
1 0.36899 0.0430689 0.0492789 0.06664 0.257568
1 0.798678 0.398504 0.0360577 0.0972222 0.334473
1 0.466647 0.161325 0.046274 0.0918803 0.308105
1 0.370493 0.0392628 0.0486779 0.0633013 0.294189
1 0.798077 0.39984 0.0384615 0.099359 0.281494
1 0.36899 0.0385283 0.0480769 0.0667735 0.280518
1 0.466647 0.16226 0.0456731 0.0932158 0.279785
1 0.465745 0.155983 0.046875 0.0902778 0.303223
1 0.799279 0.396635 0.0384616 0.100427 0.299072
1 0.369591 0.0380776 0.0480769 0.0688769 0.296631
1 0.465144 0.15438 0.046875 0.0886752 0.349609
1 0.798077 0.396902 0.0360577 0.0961538 0.294922
1 0.368389 0.0383113 0.046875 0.0617321 0.291016
1 0.465445 0.156784 0.0480769 0.088141 0.318359
1 0.799279 0.397169 0.0360577 0.0956196 0.280518
1 0.36899 0.0424012 0.0480769 0.0615652 0.273682
1 0.799279 0.397169 0.0360577 0.0977564 0.299072
1 0.369591 0.0412827 0.0492788 0.0651376 0.291748
1 0.466346 0.160791 0.0492788 0.0934829 0.289307
1 0.466346 0.157719 0.0492788 0.0870727 0.296631
1 0.369291 0.0401309 0.0486779 0.0634348 0.276611
1 0.79988 0.396902 0.0372597 0.096688 0.259033
1 0.799279 0.393162 0.0360577 0.100427 0.359375
1 0.465745 0.157853 0.0480769 0.0870726 0.337158
1 0.368389 0.0425848 0.0492789 0.0611979 0.313965
1 0.869591 0.588675 0.0324519 0.0683761 0.294922
1 0.466346 0.159054 0.0492788 0.0934829 0.306641
1 0.36899 0.0406651 0.0492789 0.0658387 0.269043
1 0.798077 0.398237 0.0360577 0.096688 0.252441
1 0.799279 0.393697 0.0384616 0.0988248 0.357666
1 0.466346 0.155182 0.0492788 0.0902778 0.34082
1 0.369591 0.0389957 0.0480769 0.0625 0.2854
1 0.870192 0.587607 0.0348557 0.0705128 0.275879
1 0.466046 0.155315 0.0486779 0.0897436 0.370117
1 0.799279 0.395833 0.0360577 0.0950855 0.313965
1 0.369591 0.0409822 0.047476 0.0598624 0.294189
1 0.733173 0.522436 0.0492788 0.0427351 0.251709
1 0.465745 0.15852 0.0492788 0.0916133 0.398926
1 0.799279 0.396902 0.0384616 0.0972222 0.356689
1 0.36899 0.0426015 0.0480769 0.0622329 0.335449
1 0.466046 0.157318 0.0492788 0.0924145 0.381104
1 0.799279 0.397169 0.0384616 0.0988248 0.354004
1 0.369892 0.0416667 0.0486779 0.0622329 0.309814
1 0.733173 0.521368 0.0480769 0.0459402 0.259033
1 0.465445 0.157051 0.0492788 0.090812 0.365723
1 0.799279 0.396368 0.0360577 0.100427 0.334473
1 0.369591 0.042084 0.0492788 0.0595286 0.30249
1 0.733173 0.522436 0.0480769 0.0470086 0.260498
1 0.466346 0.158654 0.0480769 0.0902778 0.326904
1 0.369591 0.0401977 0.0504808 0.0599626 0.279785
1 0.800481 0.393697 0.0384616 0.104701 0.272705
1 0.732572 0.522436 0.0480769 0.0459402 0.253174
1 0.465745 0.157585 0.0480769 0.0921474 0.355713
1 0.369591 0.0375267 0.0480769 0.0633013 0.301514
1 0.733173 0.523504 0.0480769 0.051282 0.256836
1 0.799279 0.394231 0.0384616 0.102564 0.253906
1 0.464543 0.157853 0.0480769 0.0918803 0.413086
1 0.798678 0.393697 0.0372596 0.100427 0.368408
1 0.368389 0.0371928 0.046875 0.0608974 0.350342
1 0.965144 0.407586 0.03125 0.0566239 0.282959
1 0.731971 0.524038 0.0492788 0.0470086 0.270508
1 0.840144 0.45406 0.0240385 0.056624 0.269775
1 0.867788 0.587073 0.0336538 0.0715812 0.269043
1 0.697115 0.484776 0.0216346 0.0475427 0.26123
1 0.465745 0.157051 0.0480769 0.0897436 0.414062
1 0.799279 0.395566 0.0360577 0.100962 0.402588
1 0.369591 0.0400474 0.046875 0.0590612 0.373779
1 0.966346 0.407051 0.03125 0.0544872 0.291016
1 0.732572 0.525641 0.0480769 0.0491453 0.266602
1 0.869591 0.587073 0.0336538 0.0694444 0.264404
1 0.698317 0.486645 0.0216346 0.0459402 0.258301
1 0.465445 0.15625 0.0486779 0.0934829 0.460938
1 0.799279 0.396368 0.0360577 0.101496 0.452393
1 0.369892 0.0384448 0.046875 0.0609308 0.402588
1 0.86899 0.587607 0.0336538 0.0705128 0.332764
1 0.732572 0.526709 0.0492788 0.0470085 0.314941
1 0.965745 0.407051 0.0324519 0.0566239 0.294922
1 0.698317 0.488248 0.0240385 0.0480769 0.294189
1 0.841346 0.455128 0.0240385 0.0576923 0.26123
1 0.466947 0.646902 0.0210337 0.0427351 0.254639
1 0.465144 0.157051 0.0480769 0.0929487 0.478516
1 0.799279 0.39797 0.0372596 0.099359 0.449463
1 0.369291 0.0395967 0.046274 0.0591613 0.445557
1 0.86899 0.587607 0.03125 0.0683761 0.352295
1 0.733173 0.525641 0.0480769 0.0470085 0.325195
1 0.966346 0.407051 0.03125 0.0534188 0.308105
1 0.698317 0.487179 0.0228365 0.0459402 0.294189
1 0.509615 0.730769 0.0180289 0.034188 0.282227
1 0.467248 0.646368 0.0204327 0.0405983 0.269775
1 0.521935 0.0644364 0.0216346 0.0623665 0.267334
1 0.799279 0.395032 0.0384616 0.10203 0.53125
1 0.464844 0.154915 0.0486779 0.0924145 0.513672
1 0.36869 0.0385283 0.0480769 0.0592949 0.501953
1 0.86899 0.586538 0.03125 0.0683761 0.384033
1 0.733173 0.526175 0.0480769 0.0448718 0.371094
1 0.965745 0.406517 0.03125 0.0555556 0.341553
1 0.698317 0.486912 0.0216346 0.045406 0.33374
1 0.467548 0.645299 0.0192307 0.0405983 0.290283
1 0.509615 0.731838 0.016827 0.0320513 0.272705
1 0.125 0.89797 0.0225361 0.0363248 0.250977
1 0.465745 0.156384 0.0480769 0.0929487 0.46875
1 0.799279 0.396368 0.0360577 0.0972222 0.456055
1 0.369591 0.0377771 0.0456731 0.0611979 0.437744
1 0.86899 0.587607 0.03125 0.0705128 0.337158
1 0.733173 0.525641 0.0480769 0.0470085 0.335449
1 0.697716 0.487179 0.0216346 0.0459402 0.303223
1 0.965144 0.405983 0.03125 0.0555556 0.299805
1 0.466947 0.645833 0.0192307 0.0395299 0.282227
1 0.508714 0.731838 0.0168269 0.034188 0.270508
1 0.799279 0.397436 0.0384616 0.100427 0.559082
1 0.465445 0.15625 0.047476 0.0924145 0.521484
1 0.369591 0.0379274 0.046875 0.0604968 0.509766
1 0.733173 0.525641 0.0480769 0.0459401 0.410156
1 0.86899 0.588141 0.0336538 0.0694444 0.365723
1 0.698317 0.486645 0.0228365 0.0459402 0.351318
1 0.966346 0.405983 0.03125 0.0544872 0.345215
1 0.467548 0.646368 0.0204327 0.0405983 0.334473
1 0.509615 0.730769 0.0180289 0.0320513 0.289307
1 0.521635 0.0641693 0.0216346 0.0642361 0.275146
1 0.107948 0.222489 0.0244892 0.0411325 0.273682
1 0.841346 0.454861 0.0216347 0.0555556 0.269043
1 0.1247 0.897436 0.023137 0.0363248 0.259766
1 0.976562 0.518162 0.0264423 0.0320513 0.250977
1 0.800481 0.397436 0.0360578 0.100427 0.550781
1 0.465144 0.15625 0.046875 0.0918803 0.496094
1 0.36899 0.0385951 0.046875 0.0603632 0.466797
1 0.733173 0.524573 0.0480769 0.0470086 0.37207
1 0.698317 0.486645 0.0240385 0.0470086 0.353027
1 0.86899 0.587607 0.03125 0.0683761 0.353027
1 0.467548 0.646902 0.0198318 0.0416667 0.321777
1 0.966346 0.407051 0.03125 0.0555556 0.313232
1 0.509315 0.731838 0.0180288 0.0331197 0.2854
1 0.975962 0.519231 0.0264422 0.0320513 0.276611
1 0.841346 0.454594 0.0216347 0.0555556 0.27124
1 0.522236 0.0659722 0.0216346 0.0641026 0.267334
1 0.79988 0.398504 0.0360577 0.0982906 0.562988
1 0.464844 0.155449 0.0480769 0.088141 0.509766
1 0.36899 0.0395299 0.046875 0.0587607 0.500977
1 0.86899 0.587607 0.0336538 0.0683761 0.393311
1 0.698317 0.486912 0.0240385 0.0464744 0.377441
1 0.733173 0.524573 0.0480769 0.0448718 0.377441
1 0.965144 0.405983 0.03125 0.0534188 0.343262
1 0.467548 0.645299 0.0204327 0.0405983 0.325928
1 0.522236 0.0665732 0.0228365 0.0645032 0.280518
1 0.509014 0.731838 0.0174279 0.0320513 0.268066
1 0.975962 0.519765 0.0276443 0.0320513 0.26123
1 0.841346 0.455128 0.0240385 0.0566239 0.258301
1 0.799279 0.397436 0.0360577 0.0982906 0.564941
1 0.465144 0.156784 0.047476 0.0897436 0.514648
1 0.369591 0.0397302 0.046875 0.0600962 0.488281
1 0.86899 0.587607 0.0324519 0.0683761 0.403564
1 0.698317 0.486111 0.0240385 0.0470086 0.399902
1 0.733173 0.525641 0.0480769 0.0470085 0.380371
1 0.965745 0.405449 0.03125 0.0534188 0.355713
1 0.466947 0.644765 0.0204327 0.0405983 0.346924
1 0.509014 0.731838 0.0180289 0.0320513 0.306641
1 0.124136 0.898504 0.0239633 0.0384616 0.297363
1 0.107422 0.224092 0.0252404 0.0405983 0.277588
1 0.975962 0.519231 0.0276443 0.0320513 0.267334
1 0.841346 0.454594 0.0240385 0.0566239 0.26123
1 0.521935 0.0649706 0.0222355 0.0647703 0.259766
1 0.800481 0.396635 0.0360578 0.0982906 0.554688
1 0.465745 0.157585 0.046875 0.0897436 0.523438
1 0.370192 0.0409322 0.0456731 0.0596955 0.482422
1 0.733173 0.525641 0.0480769 0.0448718 0.400635
1 0.869591 0.587607 0.0324519 0.0694444 0.388672
1 0.698317 0.485577 0.0228365 0.0470086 0.385742
1 0.966346 0.406784 0.03125 0.053953 0.343262
1 0.466947 0.645299 0.0204327 0.0405983 0.338135
1 0.509615 0.731838 0.0174279 0.0320513 0.303955
1 0.522236 0.0665064 0.0216346 0.0638355 0.2854
1 0.977163 0.521368 0.0264423 0.0320513 0.275146
1 0.841947 0.454327 0.0228366 0.0576923 0.269043
1 0.108023 0.223157 0.0234375 0.039797 0.262207
1 0.79988 0.398771 0.0372597 0.0988248 0.547852
1 0.465745 0.159188 0.0480769 0.0892094 0.503906
1 0.369591 0.0423177 0.046875 0.0595954 0.485352
1 0.86899 0.588675 0.0336538 0.0715812 0.399902
1 0.733173 0.526709 0.0480769 0.0459401 0.383057
1 0.966346 0.407586 0.032452 0.0566239 0.348633
1 0.466947 0.646368 0.0210337 0.0405983 0.348633
1 0.698317 0.486912 0.0240385 0.0464744 0.341553
1 0.522236 0.0671074 0.0216346 0.0658387 0.305664
1 0.509615 0.732906 0.0180289 0.0331197 0.26123
1 0.800481 0.400107 0.0360578 0.0972222 0.530273
1 0.465144 0.159722 0.0480769 0.0886752 0.509766
1 0.369591 0.0426182 0.046875 0.0595286 0.5
1 0.86899 0.589744 0.0336538 0.0694444 0.396973
1 0.733173 0.527778 0.0480769 0.0459402 0.394287
1 0.966346 0.40812 0.032452 0.0544872 0.35498
1 0.698317 0.487714 0.0240385 0.0459402 0.348633
1 0.466947 0.646368 0.0204327 0.0405983 0.343262
1 0.522236 0.0676416 0.0216346 0.0637019 0.300781
1 0.841346 0.455662 0.0240385 0.0576923 0.265869
1 0.108173 0.229701 0.0252404 0.0422009 0.262207
1 0.509615 0.733974 0.0180289 0.034188 0.259766
1 0.800481 0.399573 0.0360578 0.096688 0.566895
1 0.465745 0.159188 0.046875 0.0897436 0.52832
1 0.369591 0.0426015 0.046875 0.0592949 0.506836
1 0.869591 0.589209 0.0324519 0.0705128 0.418701
1 0.733774 0.527778 0.0480769 0.0448718 0.406494
1 0.698317 0.487714 0.0228365 0.0470086 0.366699
1 0.966346 0.40812 0.03125 0.0555556 0.361084
1 0.466947 0.646902 0.0204327 0.0416667 0.353027
1 0.522236 0.0674412 0.0216346 0.0641026 0.303223
1 0.509315 0.73344 0.0180288 0.0331196 0.279053
1 0.841346 0.455128 0.0240385 0.0571581 0.273682
1 0.976562 0.523504 0.0276443 0.0320513 0.268066
1 0.108173 0.230302 0.0249399 0.0415331 0.253906
1 0.124737 0.899039 0.0239633 0.0373931 0.253174
1 0.79988 0.400107 0.0372597 0.0972222 0.548828
1 0.466046 0.158921 0.046875 0.0902778 0.505859
1 0.370192 0.0429354 0.046875 0.0594284 0.478516
1 0.86899 0.589744 0.0336538 0.0705128 0.397949
1 0.733173 0.527778 0.0480769 0.0470086 0.389648
1 0.966346 0.40812 0.032452 0.0550214 0.347656
1 0.698317 0.487981 0.0240385 0.0464744 0.345947
1 0.466947 0.646368 0.0204327 0.0405983 0.34082
1 0.521635 0.0678419 0.0216346 0.0649038 0.2854
1 0.509315 0.732906 0.0186298 0.034188 0.269043
1 0.841346 0.455128 0.0240385 0.0576923 0.262939
1 0.79988 0.39984 0.0360577 0.0977564 0.564941
1 0.465745 0.158921 0.046875 0.090812 0.521484
1 0.369892 0.0431357 0.046875 0.0598291 0.5
1 0.86899 0.589744 0.0336538 0.0726496 0.414062
1 0.733173 0.527778 0.0480769 0.0470086 0.405518
1 0.466947 0.646368 0.0210337 0.0416667 0.366699
1 0.698317 0.487714 0.0240385 0.0470086 0.36377
1 0.966346 0.407853 0.032452 0.0555556 0.362061
1 0.509615 0.732906 0.0186298 0.034188 0.307373
1 0.521935 0.0671742 0.0216346 0.0649039 0.299072
1 0.108098 0.229968 0.0256911 0.0427351 0.275879
1 0.841346 0.455128 0.0240385 0.0571581 0.268066
1 0.976562 0.52297 0.0276443 0.0320513 0.256836
1 0.1247 0.898504 0.0243389 0.0373932 0.252441
1 0.79988 0.400107 0.0360577 0.0977564 0.546875
1 0.465745 0.159188 0.046875 0.0902778 0.505859
1 0.370192 0.0432692 0.046875 0.0592949 0.482422
1 0.733173 0.527778 0.0480769 0.0448718 0.396973
1 0.869591 0.589744 0.0324519 0.0705128 0.381104
1 0.698317 0.488248 0.0240385 0.0470086 0.346924
1 0.466947 0.646368 0.0204327 0.0405983 0.346924
1 0.966346 0.408387 0.03125 0.0555556 0.343262
1 0.522236 0.0677751 0.0216346 0.0642361 0.284668
1 0.509615 0.73344 0.0186298 0.0331196 0.258301
1 0.841346 0.455929 0.0240385 0.0566239 0.251709
1 0.799279 0.400107 0.0360577 0.0982906 0.555664
1 0.465445 0.159455 0.046875 0.0902778 0.514648
1 0.369591 0.043336 0.046875 0.0594284 0.498047
1 0.733173 0.528312 0.0480769 0.0459402 0.406494
1 0.86899 0.589744 0.03125 0.0705128 0.394287
1 0.466947 0.646368 0.0204327 0.0405983 0.355713
1 0.966346 0.40812 0.032452 0.0555556 0.35498
1 0.698317 0.488782 0.0240385 0.0459402 0.354004
1 0.522236 0.068109 0.0216346 0.0638355 0.294189
1 0.509615 0.733974 0.0180289 0.0320513 0.259766
1 0.841346 0.456197 0.0240385 0.0566239 0.255371
1 0.108173 0.229968 0.0255409 0.0416667 0.254639
1 0.465745 0.156384 0.0480769 0.0929487 0.46875
1 0.799279 0.396368 0.0360577 0.0972222 0.457031
1 0.369591 0.0377771 0.0456731 0.0611979 0.437744
1 0.86899 0.587607 0.03125 0.0705128 0.337158
1 0.733173 0.525641 0.0480769 0.0470085 0.335449
1 0.697716 0.487179 0.0216346 0.0459402 0.303955
1 0.965144 0.405983 0.03125 0.0555556 0.299072
1 0.466947 0.645833 0.0192307 0.0395299 0.282227
1 0.508714 0.731838 0.0168269 0.034188 0.269775
