1 0.29988 0.824252 0.0186298 0.0491453 0.350342
1 0.416466 0.933761 0.0228365 0.0598291 0.291016
1 0.699519 0.210203 0.0192307 0.0502137 0.282227
1 0.551382 0.587607 0.0366587 0.0491453 0.265137
1 0.472055 0.688568 0.0270432 0.0555556 0.265137
1 0.298678 0.831197 0.0252404 0.059829 0.323486
1 0.697115 0.217281 0.0228365 0.0499466 0.291016
1 0.468149 0.693376 0.0348557 0.0737179 0.282959
1 0.970553 0.0253072 0.0516827 0.0506143 0.350342
1 0.414062 0.95406 0.0264423 0.0576923 0.27832
1 0.46875 0.694444 0.0336538 0.0683761 0.252441
1 0.415264 0.951923 0.0252404 0.0576923 0.264404
1 0.602163 0.478633 0.0276442 0.0747863 0.263672
1 0.549579 0.206197 0.0372596 0.0667735 0.250977
1 0.466346 0.698184 0.0336538 0.0737179 0.269775
1 0.600962 0.486645 0.03125 0.0769231 0.253906
1 0.602163 0.478633 0.0276442 0.0758547 0.282227
1 0.415264 0.95406 0.0222356 0.0576923 0.262939
1 0.553486 0.59188 0.0504807 0.0470086 0.259033
1 0.600962 0.481838 0.0360577 0.0886752 0.301514
1 0.602163 0.481838 0.0336538 0.0811966 0.269775
1 0.555288 0.590278 0.0480769 0.0438034 0.273682
1 0.46875 0.693376 0.0366587 0.0726496 0.256104
1 0.603365 0.481838 0.0360577 0.0865385 0.255371
1 0.550481 0.211806 0.047476 0.0860043 0.259766
1 0.603365 0.480235 0.0336539 0.0779914 0.290283
1 0.554087 0.590812 0.0480769 0.042735 0.259766
1 0.516827 0.525641 0.105769 0.145299 0.306641
1 0.553486 0.588675 0.0480769 0.042735 0.276611
1 0.551683 0.211004 0.046274 0.0876068 0.253906
1 0.551082 0.206864 0.0486779 0.0905449 0.297363
1 0.468149 0.698718 0.0372596 0.0715812 0.290283
1 0.602764 0.48344 0.0336539 0.0844017 0.26123
1 0.470252 0.695513 0.0390625 0.0683761 0.283691
1 0.552284 0.214477 0.0456731 0.0892094 0.265869
1 0.602163 0.479434 0.0336538 0.0763889 0.264404
1 0.513822 0.511752 0.102164 0.151709 0.262207
1 0.551082 0.212073 0.0444712 0.0838675 0.329346
1 0.553786 0.594017 0.0486779 0.0459402 0.274414
1 0.46905 0.695513 0.0342548 0.0673077 0.272705
1 0.971154 0.0305155 0.0504807 0.061031 0.262939
1 0.50601 0.243056 0.0228365 0.0459402 0.257568
1 0.969351 0.0264757 0.0540866 0.0529514 0.286865
1 0.550481 0.21234 0.0432692 0.0833333 0.274414
1 0.553786 0.592415 0.0486779 0.0438034 0.264404
1 0.469952 0.697115 0.0348558 0.0705128 0.253906
1 0.551382 0.211538 0.0438702 0.0827992 0.303223
1 0.969952 0.0245059 0.0552885 0.0490118 0.281494
1 0.469952 0.694979 0.0372596 0.0673077 0.270508
1 0.554087 0.590812 0.0516827 0.0448718 0.257568
1 0.469351 0.696581 0.0360577 0.0683761 0.27124
1 0.54988 0.21234 0.0420673 0.0806624 0.264404
1 0.298077 0.83547 0.0270433 0.0555556 0.262939
1 0.505108 0.240385 0.0210337 0.0416667 0.253174
1 0.516526 0.516026 0.102764 0.147436 0.269043
1 0.969952 0.031851 0.0528846 0.0637019 0.337158
1 0.551683 0.211806 0.0444712 0.0838675 0.300781
1 0.46875 0.695513 0.0372596 0.0683761 0.266602
1 0.969351 0.029781 0.0552884 0.059562 0.265137
1 0.505409 0.240318 0.0204327 0.0418002 0.265137
1 0.551683 0.208066 0.0492788 0.0924145 0.398926
1 0.46875 0.695513 0.0360577 0.0726496 0.29248
1 0.971154 0.0247062 0.0552884 0.0494124 0.286865
1 0.297175 0.833333 0.0264423 0.0555556 0.256104
1 0.554988 0.59188 0.0510818 0.0448718 0.255371
1 0.551683 0.212473 0.0456731 0.0836004 0.315674
1 0.468149 0.69765 0.0360577 0.0683761 0.279785
1 0.551983 0.211004 0.047476 0.0886752 0.344238
1 0.468149 0.695513 0.0336538 0.0747863 0.295898
1 0.96875 0.0236378 0.0528847 0.0472756 0.265137
1 0.50601 0.242254 0.0192307 0.0411325 0.251709
1 0.553486 0.589744 0.0480769 0.042735 0.258301
1 0.551382 0.210871 0.046875 0.0814637 0.256104
1 0.554087 0.213809 0.0492788 0.0846688 0.262939
1 0.552284 0.589744 0.0492788 0.042735 0.275879
1 0.46875 0.694444 0.0360577 0.0715812 0.262939
1 0.550481 0.217415 0.0420673 0.0876068 0.26123
1 0.552885 0.212473 0.0492788 0.0868056 0.305664
1 0.552885 0.596154 0.0516827 0.0491453 0.252441
1 0.551082 0.210871 0.0456731 0.0819979 0.359375
1 0.468149 0.69391 0.0360577 0.0694445 0.294922
1 0.552885 0.59562 0.0504807 0.0480769 0.29248
1 0.969952 0.0260083 0.0552885 0.0520166 0.268066
1 0.551082 0.211271 0.0498798 0.0892094 0.301514
1 0.554087 0.589744 0.0516827 0.0438034 0.291016
1 0.46875 0.694444 0.0366587 0.0705129 0.279053
1 0.550481 0.211004 0.0492788 0.0876068 0.384033
1 0.969351 0.0245393 0.0552884 0.0490785 0.272705
1 0.552284 0.594017 0.0504807 0.051282 0.270508
1 0.466947 0.695513 0.0360577 0.0726496 0.268066
1 0.551983 0.209936 0.0480769 0.0849359 0.325195
1 0.553185 0.59562 0.0522836 0.0470085 0.259766
1 0.46875 0.694444 0.0336538 0.0683761 0.259033
1 0.553486 0.211004 0.0492788 0.0913462 0.284668
1 0.551683 0.212473 0.0432693 0.0787927 0.295898
1 0.553486 0.589744 0.0516827 0.0470086 0.280518
1 0.552885 0.209802 0.0480769 0.0905449 0.286133
1 0.554087 0.59188 0.0528846 0.0491453 0.276611
1 0.552284 0.211806 0.0492788 0.0902778 0.318359
1 0.553486 0.59188 0.0528846 0.0480769 0.295898
1 0.469952 0.695513 0.0354567 0.0683761 0.266602
1 0.16256 0.143964 0.0279447 0.0352564 0.264404
1 0.553185 0.211405 0.0498798 0.0889423 0.309082
1 0.554087 0.588675 0.0516827 0.0470085 0.277588
1 0.46905 0.693376 0.0354567 0.0694444 0.252441
1 0.552584 0.208868 0.047476 0.0865385 0.29834
1 0.554087 0.210337 0.0480769 0.0841346 0.306641
1 0.515325 0.530983 0.106971 0.148504 0.265869
1 0.469351 0.694444 0.0366587 0.0705129 0.253174
1 0.551082 0.208333 0.0444712 0.0870727 0.330322
1 0.468149 0.695513 0.0360577 0.0705129 0.256104
1 0.553486 0.211806 0.046875 0.0897436 0.34082
1 0.553185 0.213275 0.047476 0.0926816 0.270508
1 0.163912 0.143964 0.0297476 0.0347222 0.251709
1 0.46905 0.696581 0.0348558 0.0705128 0.251709
1 0.553486 0.214744 0.046274 0.0929487 0.323486
1 0.550781 0.284188 0.0330529 0.0555556 0.262207
1 0.554087 0.589744 0.0504807 0.0491453 0.253906
1 0.553486 0.212607 0.0480769 0.0918804 0.293457
1 0.554688 0.590812 0.0516827 0.0470086 0.250244
1 0.553486 0.210203 0.0480769 0.0902778 0.35498
1 0.554087 0.595086 0.0504807 0.0470085 0.268066
1 0.551082 0.21047 0.046875 0.0870726 0.346924
1 0.554087 0.595086 0.0528846 0.0502137 0.265137
1 0.554387 0.210337 0.047476 0.0878739 0.369385
1 0.554387 0.590278 0.0522837 0.0502137 0.310791
1 0.469351 0.694444 0.0360577 0.0705129 0.262939
1 0.553786 0.210069 0.0456731 0.0857372 0.342529
1 0.554988 0.59188 0.0510818 0.0470086 0.291016
1 0.55018 0.286859 0.0300481 0.0523504 0.280518
1 0.46905 0.695513 0.0360577 0.0683761 0.256836
1 0.553486 0.211405 0.046875 0.0862714 0.418701
1 0.550481 0.287927 0.0300481 0.0502137 0.297363
1 0.469351 0.69765 0.0348557 0.0683761 0.284668
1 0.506611 0.242788 0.0204327 0.0448718 0.283691
1 0.553786 0.596154 0.0510817 0.0491453 0.283691
1 0.551382 0.213275 0.047476 0.0841346 0.367432
1 0.553786 0.595086 0.0522836 0.0491453 0.27124
1 0.552885 0.208333 0.0492788 0.0913462 0.411133
1 0.469351 0.697115 0.0372596 0.0747864 0.286133
1 0.550481 0.286859 0.0324519 0.0555556 0.264404
1 0.553486 0.21234 0.0492788 0.0886752 0.338135
1 0.555288 0.594017 0.0528846 0.0448718 0.286133
1 0.469351 0.696581 0.0348557 0.0726496 0.26123
1 0.551683 0.212073 0.0480769 0.0870727 0.445557
1 0.469351 0.696581 0.0360577 0.0726496 0.30249
1 0.554087 0.595086 0.0516827 0.0491453 0.291016
1 0.551983 0.283921 0.0354567 0.0571581 0.252441
1 0.507212 0.243122 0.0204327 0.0458066 0.250977
1 0.553786 0.209802 0.0498798 0.0921474 0.397949
1 0.554087 0.595086 0.0528846 0.0470085 0.335449
1 0.469351 0.695513 0.0366587 0.0726496 0.284668
1 0.969351 0.0231704 0.0552884 0.0463408 0.27832
1 0.551683 0.210203 0.046875 0.0865385 0.37207
1 0.554387 0.59188 0.0522837 0.051282 0.293457
1 0.516226 0.524038 0.104567 0.151709 0.284668
1 0.469952 0.694444 0.0360577 0.0694444 0.269043
1 0.507212 0.242788 0.0210337 0.0448718 0.251709
1 0.554087 0.209402 0.0504807 0.0924145 0.364746
1 0.554688 0.595086 0.0528846 0.0470085 0.250244
1 0.553486 0.208467 0.0480769 0.0916132 0.337158
1 0.467548 0.693376 0.0372596 0.0726496 0.293457
1 0.54988 0.286859 0.0300481 0.0512821 0.266602
1 0.506611 0.240451 0.0204327 0.0436699 0.255371
1 0.552284 0.208868 0.0492788 0.0892094 0.387695
1 0.467248 0.692308 0.0354567 0.0715812 0.347656
1 0.50601 0.240451 0.0192307 0.0447383 0.321777
1 0.549279 0.288462 0.030048 0.0496795 0.317383
1 0.296875 0.846154 0.0264423 0.0555556 0.299805
1 0.696514 0.231571 0.0264423 0.0486111 0.286865
1 0.553185 0.59562 0.0522836 0.0470085 0.275879
1 0.414664 0.956731 0.0264423 0.0630341 0.268066
1 0.96875 0.0208667 0.0552885 0.0417334 0.253906
1 0.553185 0.208868 0.0498798 0.0876068 0.414795
1 0.554087 0.594551 0.0516827 0.0480769 0.367432
1 0.55018 0.28953 0.0294471 0.0502137 0.354004
1 0.297476 0.844551 0.0270433 0.0544872 0.329346
1 0.50601 0.239249 0.0192307 0.0418002 0.327637
1 0.46875 0.694444 0.0348557 0.0683761 0.31665
1 0.163762 0.138622 0.0300481 0.0352564 0.311523
1 0.697115 0.229434 0.0264423 0.0480769 0.297363
1 0.415264 0.95406 0.0264423 0.0619658 0.280518
1 0.553185 0.210203 0.0486779 0.0892094 0.445557
1 0.550481 0.28766 0.03125 0.0518162 0.390381
1 0.46875 0.694444 0.0360577 0.0673077 0.379395
1 0.554087 0.593483 0.0516827 0.0502137 0.363037
1 0.50601 0.240385 0.0204327 0.0448718 0.345215
1 0.296274 0.842949 0.0276442 0.0566239 0.32251
1 0.96875 0.0215345 0.0552885 0.0430689 0.314941
1 0.163161 0.13969 0.031851 0.0379274 0.313232
1 0.415565 0.955128 0.0276443 0.0641025 0.29248
1 0.697115 0.229968 0.0264423 0.0480769 0.2854
1 0.552885 0.210737 0.0480769 0.0897436 0.474609
1 0.554087 0.589744 0.0504807 0.0512821 0.379395
1 0.468149 0.694444 0.0336538 0.0662393 0.37207
1 0.551082 0.287393 0.0324519 0.051282 0.36377
1 0.50601 0.240385 0.0192307 0.0416667 0.362061
1 0.296274 0.842415 0.0264423 0.0555556 0.337158
1 0.697115 0.230168 0.0264423 0.0460737 0.325928
1 0.164363 0.139423 0.0291466 0.0331197 0.312256
1 0.414964 0.954594 0.0264423 0.0608974 0.296631
1 0.140325 0.660256 0.0174279 0.0470086 0.269775
1 0.71875 0.905449 0.0288462 0.0416667 0.266602
1 0.969952 0.0223024 0.0552885 0.0446047 0.265869
1 0.552284 0.211405 0.0486779 0.0932158 0.477539
1 0.553486 0.594551 0.0516827 0.0459401 0.415771
1 0.550781 0.290331 0.030649 0.0475427 0.413086
1 0.50631 0.240385 0.0180289 0.0416667 0.396973
1 0.467548 0.694444 0.0336538 0.0662393 0.396973
1 0.164663 0.137954 0.0297476 0.0339209 0.35498
1 0.297476 0.839744 0.0264423 0.0502137 0.353027
1 0.969351 0.022703 0.0564904 0.045406 0.325195
1 0.415264 0.952991 0.0264423 0.0608975 0.323486
1 0.697115 0.229167 0.0252404 0.0459402 0.313965
1 0.719351 0.907051 0.0276442 0.0395298 0.264404
1 0.140174 0.661325 0.016226 0.0427351 0.252441
1 0.551983 0.21274 0.046875 0.0921474 0.473633
1 0.549279 0.290598 0.0276442 0.0470086 0.393311
1 0.553486 0.592949 0.0504807 0.0491453 0.384033
1 0.468149 0.695513 0.0336538 0.0683761 0.375732
1 0.505709 0.240318 0.0180289 0.0407318 0.368408
1 0.969952 0.0229033 0.0552885 0.0458066 0.345215
1 0.163612 0.140224 0.0270433 0.0304487 0.345215
1 0.296875 0.838675 0.0258414 0.0502137 0.341553
1 0.697115 0.229167 0.0240385 0.0459402 0.332764
1 0.414664 0.952991 0.0264423 0.0619658 0.305664
1 0.551382 0.211939 0.0456731 0.0916132 0.560059
1 0.550481 0.290598 0.03125 0.0491453 0.476562
1 0.553486 0.592949 0.0516827 0.0491453 0.47168
1 0.46845 0.694444 0.0342548 0.0683761 0.431152
1 0.50631 0.239917 0.0186298 0.0415331 0.421631
1 0.297175 0.84188 0.0276442 0.0555556 0.39502
1 0.164213 0.139423 0.0294471 0.0331197 0.394287
1 0.697115 0.229634 0.0264423 0.0460737 0.389648
1 0.969952 0.0231036 0.0552885 0.0462073 0.363037
1 0.415264 0.952991 0.0276442 0.0619658 0.341553
1 0.140325 0.661325 0.0174279 0.0459402 0.299805
1 0.71875 0.905983 0.0288462 0.0416667 0.297363
1 0.260817 0.988782 0.03125 0.0224358 0.282227
1 0.551683 0.213408 0.0450721 0.0902778 0.518555
1 0.550481 0.290865 0.03125 0.0480769 0.466797
1 0.554087 0.590812 0.0516827 0.0491453 0.457031
1 0.468149 0.694444 0.0336538 0.0683761 0.391357
1 0.50631 0.240652 0.0186298 0.0422009 0.384033
1 0.164964 0.139022 0.030649 0.0347222 0.364746
1 0.297476 0.839209 0.0276442 0.0502136 0.362061
1 0.697716 0.230502 0.0252404 0.0459402 0.337158
1 0.970553 0.0225027 0.0552885 0.0450053 0.33374
1 0.415865 0.95406 0.0264423 0.0608975 0.305664
1 0.140174 0.662393 0.0171274 0.0470086 0.301514
1 0.260517 0.989316 0.030649 0.0213675 0.286865
1 0.71875 0.905983 0.0288462 0.0405983 0.272705
1 0.551382 0.213675 0.047476 0.0924145 0.500977
1 0.553486 0.594017 0.0516827 0.0470086 0.484375
1 0.550481 0.291132 0.0300481 0.0470086 0.477539
1 0.50601 0.23985 0.0192307 0.0416667 0.416748
1 0.297175 0.838675 0.0264423 0.0491453 0.385742
1 0.467849 0.695513 0.0336539 0.0662393 0.38208
1 0.164663 0.138355 0.03125 0.0331197 0.369385
1 0.96875 0.0229701 0.0528847 0.0459402 0.36377
1 0.697115 0.2289 0.0264423 0.0448718 0.339844
1 0.415264 0.952991 0.0264423 0.0587607 0.32251
1 0.140174 0.661325 0.0180289 0.0470086 0.290283
1 0.260517 0.990385 0.030649 0.0192307 0.267334
1 0.71875 0.905983 0.0288462 0.0405983 0.250244
1 0.551683 0.212206 0.0456731 0.0900107 0.538086
1 0.54988 0.291132 0.0300481 0.0480769 0.500977
1 0.554087 0.590812 0.0516827 0.0502137 0.500977
1 0.50601 0.239249 0.0192307 0.0418002 0.40918
1 0.468149 0.695513 0.0348557 0.0683761 0.40918
1 0.164363 0.138889 0.030649 0.0336538 0.404541
1 0.296875 0.839209 0.0276442 0.0502136 0.402588
1 0.969351 0.0234375 0.0564904 0.046875 0.377441
1 0.697115 0.228365 0.0264423 0.0459402 0.362061
1 0.415264 0.951923 0.0288462 0.059829 0.324219
1 0.71875 0.906517 0.0288462 0.0416667 0.311523
1 0.140024 0.661325 0.0174279 0.0470086 0.305664
1 0.260517 0.989316 0.031851 0.0213675 0.270508
1 0.551983 0.211806 0.0456731 0.0886752 0.545898
1 0.553486 0.592949 0.0516827 0.0480769 0.495117
1 0.550481 0.291132 0.0294471 0.0470086 0.480469
1 0.50601 0.240385 0.0186298 0.0416667 0.414795
1 0.46875 0.695513 0.0336538 0.0683761 0.397949
1 0.297476 0.838675 0.0264423 0.0491453 0.392334
1 0.164663 0.139557 0.0300481 0.0325855 0.371094
1 0.972055 0.0239049 0.0558894 0.0478098 0.348633
1 0.697716 0.229434 0.0252404 0.0443376 0.330322
1 0.415264 0.95406 0.0264423 0.059829 0.313965
1 0.140325 0.661859 0.0174279 0.0470086 0.301514
1 0.71875 0.905983 0.0288462 0.0405983 0.267334
1 0.260817 0.990385 0.03125 0.0192307 0.262207
1 0.553486 0.213542 0.0480769 0.0942842 0.540039
1 0.554087 0.590812 0.0516827 0.0502137 0.496094
1 0.550481 0.291667 0.03125 0.0496795 0.451416
1 0.50601 0.241453 0.0192307 0.042735 0.418701
1 0.297175 0.840812 0.0276442 0.0555556 0.395996
1 0.697716 0.229701 0.0264423 0.0475427 0.391357
1 0.46875 0.69765 0.0348557 0.0705128 0.377441
1 0.165264 0.13969 0.0309495 0.0336538 0.358398
1 0.971755 0.0249065 0.0564903 0.049813 0.346924
1 0.415565 0.955128 0.0282452 0.0619658 0.310791
1 0.140024 0.661325 0.0174279 0.0470086 0.286865
1 0.261118 0.990652 0.03125 0.0186966 0.263672
1 0.552284 0.214209 0.0456731 0.090812 0.544922
1 0.553786 0.595086 0.0522836 0.0491453 0.504883
1 0.550781 0.292468 0.030649 0.0491453 0.458008
1 0.46875 0.69765 0.0348557 0.0683761 0.415771
1 0.297476 0.840812 0.0270433 0.0534188 0.403564
1 0.50601 0.241186 0.0192307 0.0416667 0.401611
1 0.697716 0.229434 0.0264423 0.045406 0.38501
1 0.971755 0.0245059 0.0564903 0.0490118 0.35498
1 0.165715 0.138622 0.03125 0.034188 0.327637
1 0.415865 0.95406 0.0276442 0.059829 0.325195
1 0.140024 0.661859 0.0174279 0.0470086 0.301514
1 0.261118 0.98985 0.03125 0.0202991 0.267334
1 0.71875 0.907051 0.0288462 0.042735 0.250977
1 0.552284 0.214477 0.046875 0.0902778 0.557129
1 0.553786 0.594017 0.0522836 0.0491453 0.53418
1 0.550481 0.292735 0.0300481 0.0480769 0.477539
1 0.469351 0.69765 0.0372596 0.0726496 0.433105
1 0.297476 0.840812 0.0264423 0.0534188 0.414795
1 0.505709 0.24192 0.0186298 0.0428686 0.411133
1 0.697115 0.229768 0.0264423 0.0458066 0.400635
1 0.971154 0.024172 0.0576923 0.048344 0.375732
1 0.164964 0.139824 0.03125 0.0352564 0.358398
1 0.415865 0.955128 0.0276442 0.059829 0.325195
1 0.139874 0.661859 0.0171274 0.0470086 0.290283
1 0.260817 0.990385 0.03125 0.0192307 0.282959
1 0.71875 0.907051 0.0288462 0.0416668 0.26123
1 0.553786 0.213275 0.047476 0.0910791 0.536133
1 0.553786 0.594017 0.0522836 0.0491453 0.50293
1 0.55018 0.292735 0.03125 0.0491453 0.459961
1 0.469651 0.697115 0.0378606 0.0715812 0.399902
1 0.505409 0.24172 0.0192307 0.0432692 0.392334
1 0.297476 0.840812 0.0276442 0.0534188 0.386719
1 0.697115 0.229167 0.0264423 0.0459402 0.370117
1 0.971755 0.0241052 0.0564903 0.0482105 0.357666
1 0.165114 0.138889 0.0321514 0.0352564 0.33374
1 0.415865 0.955128 0.0288461 0.0619658 0.308105
1 0.139573 0.662393 0.0177284 0.0470086 0.27832
1 0.552284 0.214477 0.046274 0.0934829 0.552734
1 0.553486 0.594017 0.0528846 0.0491453 0.515625
1 0.54988 0.292201 0.030649 0.0491453 0.499023
1 0.469351 0.696581 0.0372596 0.0726496 0.419678
1 0.50601 0.241186 0.0192307 0.0438034 0.411133
1 0.297476 0.840812 0.0270433 0.0534188 0.401611
1 0.697716 0.2289 0.0264423 0.0470086 0.392334
1 0.164964 0.138622 0.03125 0.0352564 0.379395
1 0.971755 0.024773 0.0564903 0.0495459 0.343262
1 0.415865 0.95406 0.0288461 0.0619658 0.326904
1 0.139724 0.661325 0.0180288 0.0470086 0.29834
1 0.260817 0.98985 0.0324519 0.0202991 0.259033
1 0.71875 0.907051 0.0300481 0.042735 0.253906
1 0.552284 0.214477 0.046875 0.0924145 0.53418
1 0.553786 0.594551 0.0522836 0.0491453 0.501953
1 0.550481 0.292735 0.0300481 0.0486111 0.476562
1 0.50601 0.241453 0.0192307 0.0432692 0.408203
1 0.46875 0.69765 0.0348557 0.0694444 0.397949
1 0.297476 0.840278 0.0276442 0.0544872 0.388672
1 0.697716 0.229233 0.0264423 0.046875 0.384033
1 0.164663 0.139423 0.030649 0.034188 0.359375
1 0.971755 0.0244057 0.0564903 0.0488114 0.33374
1 0.415865 0.95406 0.0276442 0.0619658 0.307373
1 0.139724 0.661859 0.0174279 0.0470086 0.26123
1 0.552284 0.214477 0.046875 0.0913462 0.539062
1 0.553786 0.594551 0.0522836 0.0491453 0.518555
1 0.54988 0.292735 0.0300481 0.0491453 0.485352
1 0.469351 0.697115 0.0372596 0.0715812 0.419678
1 0.50601 0.24152 0.0192307 0.0426015 0.418701
1 0.297476 0.840812 0.0276442 0.0534188 0.406494
1 0.697716 0.229167 0.0264423 0.0464744 0.401611
1 0.164814 0.13929 0.0309495 0.0339209 0.376709
1 0.971755 0.0245393 0.0564903 0.0490785 0.337158
1 0.415565 0.95406 0.0282452 0.0608975 0.319092
1 0.139874 0.662393 0.0171274 0.0470086 0.269043
1 0.261118 0.990652 0.031851 0.0186966 0.252441
1 0.551983 0.21274 0.046875 0.0921474 0.473633
1 0.549279 0.290598 0.0276442 0.0470086 0.393311
1 0.553486 0.592949 0.0504807 0.0491453 0.384033
1 0.468149 0.695513 0.0336538 0.0683761 0.376709
1 0.505709 0.240318 0.0180289 0.0407318 0.368408
1 0.969952 0.0229033 0.0552885 0.0458066 0.345215
1 0.163612 0.140091 0.0270433 0.0301816 0.345215
1 0.296875 0.838675 0.0258414 0.0502137 0.341553
1 0.697115 0.229167 0.0240385 0.0459402 0.332764
1 0.414664 0.952991 0.0264423 0.0619658 0.305664
