1 0.512019 0.755342 0.0192308 0.051282 0.355713
1 0.528846 0.553953 0.0264423 0.0502137 0.303955
1 0.427584 0.34562 0.0246394 0.0523504 0.271973
1 0.509615 0.760684 0.0240385 0.0641025 0.275146
1 0.526442 0.559295 0.03125 0.0523504 0.255371
1 0.633413 0.611645 0.0432692 0.0726496 0.332764
1 0.56851 0.958868 0.0528846 0.082265 0.329346
1 0.966346 0.18563 0.0625 0.107906 0.328613
1 0.50601 0.780449 0.0270432 0.0523504 0.27124
1 0.508113 0.765491 0.0258413 0.0502137 0.256836
1 0.964543 0.18336 0.0625 0.105502 0.266602
1 0.635817 0.615385 0.0408654 0.0747863 0.260498
1 0.509014 0.766026 0.0222356 0.0608974 0.264404
1 0.961538 0.192842 0.0649038 0.121261 0.256836
1 0.571214 0.965545 0.0558894 0.0689102 0.330322
1 0.571815 0.967949 0.0570913 0.0641025 0.373047
1 0.56851 0.963942 0.0576923 0.0721153 0.26123
1 0.508413 0.767094 0.0252404 0.0619659 0.250244
1 0.568209 0.966613 0.0546875 0.0667735 0.323486
1 0.963942 0.189904 0.0673077 0.114316 0.263672
1 0.567909 0.965812 0.0552885 0.0683761 0.267334
1 0.507812 0.762821 0.0264423 0.0576923 0.263672
1 0.638221 0.621795 0.0456731 0.0790599 0.267334
1 0.508413 0.767094 0.0276443 0.0598291 0.264404
1 0.89363 0.615385 0.0180288 0.0416667 0.259033
1 0.963942 0.189904 0.0625 0.107906 0.313232
1 0.639423 0.620727 0.0456731 0.0747863 0.258301
1 0.893029 0.615385 0.0168269 0.042735 0.254639
1 0.637019 0.618056 0.0456731 0.0833333 0.27124
1 0.507812 0.764957 0.0264423 0.0576923 0.268066
1 0.635817 0.619658 0.0432692 0.0844017 0.280518
1 0.506911 0.766026 0.0234375 0.0576923 0.262207
1 0.893029 0.616987 0.0168269 0.042735 0.260498
1 0.893029 0.61218 0.0180288 0.0395299 0.251709
1 0.531551 0.206197 0.0216346 0.0438034 0.250244
1 0.507212 0.764957 0.0264423 0.0566239 0.250244
1 0.638221 0.616453 0.0432693 0.0811966 0.318359
1 0.894231 0.615385 0.015625 0.0384616 0.259766
1 0.637019 0.617521 0.0408654 0.0769231 0.29834
1 0.532151 0.209535 0.0198318 0.0456731 0.270508
1 0.89363 0.617521 0.0168269 0.042735 0.262939
1 0.638221 0.616453 0.0432693 0.0769231 0.279785
1 0.638221 0.616453 0.0432693 0.0801282 0.280518
1 0.638221 0.619658 0.0408654 0.073718 0.259766
1 0.638221 0.61859 0.0432693 0.0790598 0.253174
1 0.638221 0.619658 0.0432693 0.0790598 0.259766
1 0.63762 0.61859 0.0444712 0.0790598 0.305664
1 0.638221 0.619658 0.0432693 0.0747863 0.273682
1 0.638221 0.61859 0.0408654 0.0769231 0.297363
1 0.63762 0.620727 0.0456731 0.0790598 0.282227
1 0.638221 0.621795 0.0420673 0.0747863 0.301514
1 0.894832 0.61859 0.0168269 0.0416667 0.255371
1 0.53125 0.211271 0.0180288 0.0411325 0.254639
1 0.63762 0.619658 0.0420673 0.0758547 0.255371
1 0.638822 0.619124 0.0420673 0.0779914 0.259766
1 0.53125 0.209535 0.0198318 0.0430022 0.250977
1 0.638221 0.617521 0.0432693 0.0769231 0.280518
1 0.531851 0.208868 0.0204327 0.0448718 0.275879
1 0.893029 0.615919 0.0168269 0.0448718 0.255371
1 0.63762 0.619124 0.0420673 0.0769231 0.293457
1 0.893029 0.615919 0.0168269 0.0448718 0.282227
1 0.531851 0.210069 0.0198317 0.0430022 0.281494
1 0.508413 0.776709 0.0258413 0.059829 0.250977
1 0.638221 0.617521 0.0456731 0.0801282 0.32251
1 0.639423 0.619658 0.0432693 0.0769231 0.286133
1 0.637019 0.620727 0.0456731 0.0790598 0.321777
1 0.531851 0.208734 0.0204327 0.0451389 0.26123
1 0.63762 0.620192 0.0456731 0.0790598 0.309814
1 0.63762 0.619658 0.0444712 0.0769231 0.259766
1 0.532752 0.209268 0.0204327 0.0435363 0.259033
1 0.532452 0.204995 0.0198317 0.0422009 0.295898
1 0.508113 0.762821 0.0270433 0.0619658 0.253906
1 0.53125 0.207265 0.0192307 0.0405983 0.325928
1 0.507212 0.776709 0.0276443 0.059829 0.299805
1 0.319111 0.613782 0.0192308 0.0502137 0.286133
1 0.637019 0.619658 0.0432693 0.0790598 0.270508
1 0.954327 0.0352564 0.0264423 0.0363248 0.265137
1 0.892428 0.617521 0.0180288 0.0448718 0.259766
1 0.86238 0.658654 0.0240385 0.0555556 0.259766
1 0.531851 0.207666 0.0192308 0.0408654 0.35498
1 0.638221 0.616453 0.0432693 0.0790599 0.35498
1 0.319712 0.611111 0.0192308 0.0491453 0.33374
1 0.742788 0.578526 0.0252404 0.0427351 0.332764
1 0.507812 0.773504 0.0276443 0.059829 0.320801
1 0.990084 0.955128 0.0198318 0.0459401 0.296631
1 0.527644 0.574786 0.0300481 0.0384616 0.294922
1 0.954928 0.0383113 0.0252404 0.0376936 0.275146
1 0.893029 0.615919 0.0168269 0.042735 0.268066
1 0.63762 0.617521 0.0432693 0.0790599 0.440674
1 0.532151 0.208868 0.0204327 0.0432692 0.35498
1 0.742788 0.57906 0.0264423 0.0438034 0.345215
1 0.507212 0.773504 0.0276443 0.059829 0.337158
1 0.319411 0.611111 0.0198318 0.051282 0.303955
1 0.989784 0.955662 0.0204327 0.048077 0.279053
1 0.893029 0.617521 0.0180288 0.0448718 0.271973
1 0.862981 0.659188 0.0240384 0.0576923 0.267334
1 0.955529 0.0363415 0.0264423 0.040832 0.262939
1 0.637019 0.615919 0.0432693 0.0769231 0.435059
1 0.531851 0.206998 0.0192308 0.0411325 0.385742
1 0.742788 0.577991 0.0264423 0.0405983 0.346924
1 0.507212 0.773504 0.0276443 0.0576923 0.342529
1 0.319411 0.610577 0.0186298 0.0491453 0.331055
1 0.990084 0.95406 0.0198318 0.0470086 0.291748
1 0.954327 0.0355068 0.0264423 0.0384949 0.290283
1 0.893029 0.615385 0.0168269 0.042735 0.288574
1 0.862981 0.659188 0.0228366 0.0555556 0.257568
1 0.63762 0.613248 0.0420673 0.0758547 0.503906
1 0.531851 0.205929 0.0192308 0.0389957 0.427246
1 0.742788 0.576923 0.0240385 0.0405983 0.39502
1 0.508113 0.770299 0.0270433 0.0555556 0.369385
1 0.319712 0.608974 0.0192308 0.0491453 0.363037
1 0.955529 0.034572 0.0264423 0.0368924 0.323486
1 0.990385 0.952991 0.0192307 0.0448718 0.32251
1 0.893029 0.614316 0.0168269 0.0405983 0.320068
1 0.862981 0.65812 0.0228366 0.0534188 0.281494
1 0.566707 0.966346 0.0576923 0.0673077 0.275146
1 0.638221 0.615385 0.0420673 0.0769231 0.410156
1 0.53125 0.207799 0.0180288 0.0384616 0.38501
1 0.742188 0.576923 0.0240385 0.0405983 0.362061
1 0.506911 0.772436 0.0264423 0.0576923 0.352295
1 0.31881 0.608974 0.0180288 0.0480769 0.344238
1 0.954327 0.0364416 0.0240385 0.0363582 0.313232
1 0.989784 0.952991 0.0204327 0.0470086 0.309082
1 0.892428 0.614316 0.015625 0.0405983 0.305664
1 0.862981 0.659188 0.0216346 0.0534188 0.289307
1 0.638221 0.615385 0.0432693 0.0769231 0.492188
1 0.532151 0.206998 0.0186298 0.0400641 0.448486
1 0.743389 0.576923 0.0252404 0.0405983 0.418701
1 0.507512 0.772436 0.0282452 0.0576923 0.408203
1 0.319712 0.610043 0.0186298 0.0491453 0.385742
1 0.954928 0.0348725 0.0252404 0.037894 0.36377
1 0.893029 0.614316 0.0168269 0.0416667 0.353027
1 0.990084 0.95406 0.0198318 0.0448719 0.335449
1 0.862981 0.658654 0.0228366 0.0544872 0.330322
1 0.528245 0.57265 0.030649 0.0373931 0.29834
1 0.425481 0.355769 0.0258414 0.0405983 0.270508
1 0.798077 0.272436 0.0216346 0.0320513 0.258301
1 0.450721 0.780983 0.0210337 0.0320513 0.254639
1 0.638221 0.615919 0.0432693 0.0737179 0.455078
1 0.531551 0.207799 0.0186298 0.0405983 0.414795
1 0.742788 0.577457 0.0240385 0.0416667 0.387695
1 0.508113 0.773504 0.0270433 0.0576923 0.374756
1 0.954928 0.0351062 0.0252404 0.038762 0.355713
1 0.319712 0.611111 0.0186298 0.0480769 0.344238
1 0.893029 0.616453 0.0168269 0.042735 0.339844
1 0.990385 0.956197 0.0192307 0.0470086 0.299072
1 0.862981 0.659188 0.0216346 0.0544872 0.291748
1 0.798077 0.273237 0.0216346 0.0325855 0.273682
1 0.638221 0.616453 0.0432693 0.0737179 0.440674
1 0.531851 0.207933 0.0192308 0.0403312 0.436768
1 0.742788 0.577991 0.0240385 0.0384615 0.407227
1 0.507812 0.771368 0.0264423 0.0576923 0.392334
1 0.954327 0.0365251 0.0264423 0.0375267 0.378418
1 0.319411 0.610043 0.0180288 0.0470085 0.359375
1 0.893029 0.615385 0.0168269 0.0405983 0.339844
1 0.990084 0.955662 0.0198318 0.042735 0.332031
1 0.862981 0.659188 0.0228366 0.0544872 0.325195
1 0.528245 0.57265 0.0300481 0.0352564 0.280518
1 0.425481 0.355502 0.0264423 0.0422008 0.264404
1 0.531551 0.206998 0.0204327 0.0411325 0.458984
1 0.638221 0.615919 0.0420673 0.0737179 0.458008
1 0.742788 0.576923 0.0264423 0.0405983 0.430176
1 0.507512 0.771368 0.0276442 0.0576923 0.407227
1 0.319111 0.609509 0.0192308 0.0470085 0.387695
1 0.954327 0.0352564 0.0264423 0.0393964 0.363037
1 0.989183 0.955128 0.0216346 0.0448719 0.354004
1 0.892428 0.613782 0.0168269 0.0416667 0.344238
1 0.862981 0.658654 0.0228366 0.0544872 0.327637
1 0.528245 0.571581 0.0300481 0.0384615 0.308105
1 0.430288 0.118857 0.0288462 0.0384615 0.272705
1 0.425481 0.356303 0.0252404 0.0416666 0.265869
1 0.450421 0.780449 0.0210337 0.0320513 0.256836
1 0.532151 0.207799 0.0186298 0.0395299 0.448486
1 0.638221 0.615385 0.0408654 0.0747863 0.439697
1 0.742788 0.576923 0.0240385 0.0405983 0.391357
1 0.507812 0.771902 0.0264423 0.0566239 0.387695
1 0.319111 0.608974 0.0180288 0.0470085 0.369385
1 0.955529 0.0382612 0.0264423 0.0385951 0.351318
1 0.893029 0.614316 0.0168269 0.0416667 0.338867
1 0.990084 0.955128 0.0198318 0.0448719 0.32251
1 0.862981 0.659188 0.0216346 0.0555556 0.311523
1 0.425781 0.355769 0.0258413 0.0405983 0.27832
1 0.638221 0.616987 0.0432693 0.0747863 0.451416
1 0.532452 0.2086 0.0204327 0.0400641 0.436768
1 0.742788 0.577991 0.0252404 0.0416667 0.415771
1 0.507812 0.77297 0.0276443 0.0576923 0.40918
1 0.319712 0.610043 0.0192308 0.0491453 0.381104
1 0.954928 0.0391126 0.0264423 0.0384949 0.351318
1 0.893029 0.615385 0.0168269 0.042735 0.348633
1 0.989784 0.957265 0.0204327 0.0448718 0.343262
1 0.862981 0.659188 0.0228366 0.0555556 0.320801
1 0.528245 0.572115 0.03125 0.0384615 0.301514
1 0.425481 0.356303 0.0264423 0.0416666 0.290283
1 0.450721 0.781517 0.0216346 0.0331197 0.289307
1 0.532452 0.207799 0.0204327 0.0389957 0.446533
1 0.743389 0.576923 0.0252404 0.0405983 0.428223
1 0.638221 0.617521 0.0432693 0.0747863 0.420654
1 0.507812 0.772436 0.0276443 0.0555556 0.416748
1 0.319712 0.608974 0.0192308 0.0470085 0.392334
1 0.955529 0.039196 0.0264423 0.0376603 0.358398
1 0.989784 0.956197 0.0204327 0.0448719 0.351318
1 0.893029 0.61485 0.0168269 0.0416667 0.344238
1 0.862981 0.65812 0.0216346 0.0555556 0.323486
1 0.528245 0.571581 0.0300481 0.0384615 0.312256
1 0.451322 0.780983 0.0216346 0.0320513 0.282227
1 0.425481 0.356838 0.0264423 0.0416667 0.277588
1 0.798077 0.272436 0.0228365 0.0320513 0.259033
1 0.532452 0.209669 0.0192308 0.0400641 0.462891
1 0.638221 0.617521 0.0432693 0.0747863 0.456055
1 0.742788 0.578526 0.0240385 0.0405983 0.440674
1 0.507812 0.772436 0.0276443 0.0576923 0.425293
1 0.319712 0.610043 0.0186298 0.0480769 0.410156
1 0.955529 0.0401309 0.0264423 0.0385951 0.377441
1 0.989784 0.957265 0.0204327 0.0448718 0.375732
1 0.892428 0.616453 0.0168269 0.042735 0.37207
1 0.528245 0.572115 0.0300481 0.0384615 0.32251
1 0.862981 0.659188 0.0216346 0.0555556 0.320801
1 0.450721 0.781517 0.0210337 0.0320513 0.299072
1 0.798077 0.274038 0.0216346 0.0320513 0.287842
1 0.425481 0.356838 0.0258414 0.0405983 0.27832
1 0.717548 0.711538 0.0228365 0.0299145 0.255371
1 0.532452 0.208868 0.0210336 0.0405983 0.438721
1 0.638221 0.617521 0.0432693 0.0747863 0.435791
1 0.742788 0.577991 0.0264423 0.0405983 0.416748
1 0.507812 0.772436 0.0282452 0.0566239 0.414795
1 0.319712 0.609509 0.0198317 0.0480769 0.387695
1 0.955529 0.0396468 0.0264423 0.038762 0.35498
1 0.989784 0.957265 0.0204327 0.0448718 0.35498
1 0.892428 0.615919 0.0168269 0.042735 0.348633
1 0.862981 0.658654 0.0240384 0.0555556 0.313965
1 0.528245 0.572115 0.03125 0.0384615 0.308105
1 0.450721 0.780983 0.0216346 0.0320513 0.272705
1 0.798077 0.273504 0.0240385 0.0320513 0.254639
1 0.425481 0.357372 0.0264423 0.0416667 0.250977
1 0.532452 0.208868 0.0204327 0.0405983 0.458008
1 0.742788 0.577991 0.0252404 0.0427351 0.445557
1 0.638221 0.617521 0.0432693 0.0769231 0.442627
1 0.507812 0.772436 0.0276443 0.0576923 0.432129
1 0.319712 0.609509 0.0198317 0.0491453 0.406494
1 0.955529 0.0406651 0.0264423 0.0387286 0.373047
1 0.989784 0.956197 0.0204327 0.0470086 0.369385
1 0.893029 0.615385 0.0168269 0.042735 0.359375
1 0.528245 0.571581 0.03125 0.0384615 0.336426
1 0.862981 0.65812 0.0228366 0.0555556 0.320801
1 0.450721 0.781517 0.0216346 0.0331197 0.309082
1 0.798077 0.273771 0.0228365 0.0331197 0.289307
1 0.717548 0.711539 0.0240385 0.0309829 0.265869
1 0.425481 0.357372 0.0264423 0.0405983 0.265137
1 0.532452 0.209936 0.0198317 0.0400641 0.435791
1 0.742788 0.577991 0.0252404 0.0416667 0.415771
1 0.638221 0.616987 0.0432693 0.0758547 0.413086
1 0.508113 0.772436 0.0276443 0.0576923 0.412109
1 0.319712 0.610043 0.0192308 0.0491453 0.38208
1 0.893029 0.615919 0.0168269 0.042735 0.352295
1 0.955529 0.0406651 0.0264423 0.0380609 0.351318
1 0.989784 0.956731 0.0204327 0.0459402 0.348633
1 0.528245 0.572115 0.03125 0.0384615 0.31665
1 0.862981 0.658654 0.0228366 0.0544872 0.300781
1 0.451022 0.780983 0.0216346 0.0320513 0.290283
1 0.798077 0.274573 0.0228365 0.0320513 0.256104
1 0.425481 0.357906 0.0264423 0.0405983 0.250244
1 0.532452 0.209936 0.0198317 0.0395299 0.456055
1 0.638221 0.617521 0.0432693 0.0747863 0.440674
1 0.742788 0.577991 0.0252404 0.0405983 0.434082
1 0.508113 0.772436 0.0276443 0.0566239 0.428223
1 0.319712 0.610043 0.0192308 0.0491453 0.400635
1 0.954928 0.0407318 0.0264423 0.0373932 0.368408
1 0.989784 0.956731 0.0204327 0.0459402 0.367432
1 0.893029 0.616453 0.0168269 0.042735 0.363037
1 0.528245 0.57265 0.03125 0.0384615 0.325195
1 0.862981 0.659188 0.0228366 0.0544872 0.315674
1 0.450721 0.781517 0.0216346 0.0320513 0.299072
1 0.798077 0.274573 0.0216346 0.0320513 0.277588
1 0.425481 0.357639 0.0264423 0.0400641 0.262207
1 0.638221 0.615385 0.0420673 0.0769231 0.410156
1 0.53125 0.207933 0.0180288 0.0387287 0.38501
1 0.742188 0.576923 0.0240385 0.0405983 0.362061
1 0.506911 0.772436 0.0264423 0.0576923 0.352295
1 0.31881 0.608974 0.0180288 0.0480769 0.344238
1 0.954327 0.0364416 0.0240385 0.0363582 0.313232
1 0.989784 0.952991 0.0204327 0.0470086 0.309082
1 0.892428 0.614316 0.015625 0.0405983 0.306641
1 0.862981 0.659188 0.0216346 0.0534188 0.289307
