1 0.643029 0.311432 0.0192308 0.051282 0.306641
1 0.680288 0.675748 0.0408654 0.0918804 0.268066
1 0.676683 0.690171 0.0360577 0.0854701 0.277588
1 0.973858 0.376603 0.0522837 0.10203 0.272705
1 0.640625 0.315972 0.0264423 0.0630342 0.314941
1 0.864183 0.963675 0.0240384 0.0587607 0.262207
1 0.486779 0.518697 0.0228365 0.0566239 0.256836
1 0.969651 0.357105 0.0606971 0.106303 0.367432
1 0.679087 0.676282 0.0384615 0.0961538 0.332764
1 0.280649 0.0648371 0.0342548 0.0496795 0.312256
1 0.677885 0.684295 0.0360577 0.090812 0.299072
1 0.54387 0.410791 0.0372596 0.0705128 0.275146
1 0.676683 0.689103 0.0336538 0.0897436 0.260498
1 0.540865 0.416132 0.0378605 0.0737179 0.251709
1 0.679087 0.682692 0.03125 0.0918804 0.290283
1 0.543269 0.410791 0.0324519 0.0779914 0.27124
1 0.544471 0.413194 0.0372596 0.0715812 0.257568
1 0.74399 0.683761 0.0288461 0.0384616 0.263672
1 0.544471 0.410791 0.0384615 0.073718 0.259033
1 0.542969 0.41453 0.0396635 0.0747863 0.314941
1 0.545673 0.412393 0.0372596 0.0769231 0.252441
1 0.674279 0.682692 0.0432692 0.102564 0.332031
1 0.543269 0.412927 0.0414663 0.0779914 0.271973
1 0.544471 0.412393 0.0396635 0.0726496 0.286865
1 0.543269 0.411859 0.0444712 0.0769231 0.283691
1 0.541767 0.415064 0.0414663 0.0737179 0.308105
1 0.675481 0.684829 0.0408654 0.0940171 0.29834
1 0.677284 0.682158 0.0360577 0.0886752 0.297363
1 0.54387 0.410791 0.0396635 0.0758547 0.284668
1 0.975661 0.36031 0.0486778 0.0913462 0.256836
1 0.977764 0.369124 0.0444712 0.0854701 0.286865
1 0.544471 0.415598 0.0384615 0.0737179 0.2854
1 0.544471 0.414263 0.0408654 0.0742522 0.253174
1 0.677885 0.685363 0.0384615 0.0918803 0.329346
1 0.545072 0.414263 0.0408654 0.0731837 0.283691
1 0.544471 0.415331 0.0390625 0.0726496 0.265869
1 0.678486 0.688034 0.0408654 0.0961539 0.265137
1 0.975361 0.367521 0.0492788 0.0865384 0.256104
1 0.676683 0.688034 0.0408654 0.0972223 0.303223
1 0.544171 0.415598 0.0396635 0.0726496 0.27832
1 0.542969 0.413462 0.0420673 0.0758547 0.27832
1 0.542668 0.413462 0.0408654 0.0811966 0.338867
1 0.676683 0.683761 0.0408654 0.100427 0.330322
1 0.676683 0.684829 0.0384615 0.0982906 0.324219
1 0.542969 0.416132 0.0402644 0.0763889 0.29834
1 0.74399 0.685897 0.0264423 0.0363248 0.251709
1 0.675481 0.686966 0.0408654 0.100427 0.334473
1 0.541767 0.413194 0.0402644 0.0806624 0.320068
1 0.675481 0.685897 0.0420673 0.0940171 0.269775
1 0.542668 0.415064 0.0420673 0.0769231 0.260498
1 0.676683 0.685897 0.0384615 0.0961539 0.254639
1 0.54387 0.413996 0.0396635 0.0758547 0.291748
1 0.676683 0.688034 0.0408654 0.0961539 0.272705
1 0.676683 0.685363 0.0384615 0.099359 0.266602
1 0.976562 0.360043 0.046875 0.0886752 0.260498
1 0.544471 0.414797 0.0396635 0.0763889 0.250244
1 0.677284 0.685897 0.0372596 0.0918804 0.288574
1 0.54357 0.412927 0.0402644 0.0726496 0.27832
1 0.676683 0.685898 0.0408654 0.101496 0.35498
1 0.54357 0.413996 0.0408654 0.0790598 0.341553
1 0.745793 0.683761 0.0252404 0.034188 0.250977
1 0.542668 0.413462 0.0384615 0.0758547 0.317383
1 0.675481 0.684829 0.0384615 0.0961539 0.314941
1 0.74399 0.684829 0.0264423 0.0395299 0.268066
1 0.677284 0.684829 0.0384615 0.0982906 0.303223
1 0.544171 0.412126 0.0396635 0.0753205 0.256104
1 0.677885 0.685897 0.0384615 0.0961539 0.304932
1 0.677885 0.686966 0.0360577 0.0918803 0.277588
1 0.679087 0.6875 0.0372596 0.0950855 0.277588
1 0.54357 0.412126 0.0402644 0.0758547 0.283691
1 0.676683 0.684829 0.0384615 0.0940171 0.259766
1 0.54387 0.412927 0.0396635 0.0747863 0.29834
1 0.677885 0.684829 0.0384615 0.0918804 0.29248
1 0.676683 0.684829 0.0384615 0.0918804 0.297363
1 0.543269 0.412126 0.0384615 0.0753205 0.258301
1 0.676683 0.686966 0.0384615 0.0918803 0.275879
1 0.544471 0.416132 0.0384615 0.0742522 0.265137
1 0.676082 0.684829 0.0372596 0.0918804 0.289307
1 0.54387 0.413194 0.0396635 0.0763889 0.27124
1 0.676683 0.6875 0.0396635 0.0929487 0.266602
1 0.54387 0.416667 0.0408654 0.0785256 0.255371
1 0.544171 0.416934 0.0390625 0.0801282 0.301514
1 0.677885 0.688034 0.0384615 0.0918803 0.296631
1 0.544171 0.4164 0.0390625 0.0790598 0.275879
1 0.677885 0.686966 0.0396635 0.0961539 0.281494
1 0.544471 0.4164 0.0396635 0.079594 0.265869
1 0.676082 0.685897 0.0396635 0.0961539 0.308105
1 0.542668 0.415598 0.0396635 0.0758547 0.276611
1 0.676683 0.685363 0.0396635 0.090812 0.303955
1 0.54387 0.415598 0.0408654 0.0779915 0.264404
1 0.676683 0.684829 0.0396635 0.0940171 0.323486
1 0.544171 0.415598 0.0402644 0.0774573 0.286133
1 0.677885 0.684295 0.0384615 0.0929487 0.331055
1 0.54387 0.41453 0.0396635 0.0753205 0.304932
1 0.677885 0.684829 0.0360577 0.0961539 0.417725
1 0.543269 0.414797 0.0396635 0.0753205 0.356689
1 0.486779 0.518697 0.0192308 0.0470085 0.255371
1 0.641827 0.321047 0.0264423 0.0523504 0.254639
1 0.677284 0.686966 0.0396635 0.0940171 0.297363
1 0.543269 0.416934 0.0396635 0.0763889 0.253174
1 0.677885 0.684829 0.0408654 0.0961539 0.388672
1 0.544471 0.412927 0.0408654 0.0790598 0.367432
1 0.168419 0.375534 0.134315 0.245727 0.291748
1 0.677885 0.685897 0.0384615 0.0961539 0.330322
1 0.544171 0.416132 0.0396635 0.0779915 0.294922
1 0.543269 0.416934 0.0414663 0.0806624 0.401611
1 0.677885 0.686966 0.0384615 0.0961539 0.395996
1 0.677885 0.688034 0.0408654 0.0982906 0.370117
1 0.54387 0.415598 0.0408654 0.0790599 0.345215
1 0.543269 0.414263 0.0414663 0.0774573 0.349609
1 0.677284 0.685897 0.0384615 0.0918804 0.344238
1 0.54357 0.412393 0.0414663 0.0801282 0.296631
1 0.165565 0.372329 0.128005 0.240385 0.284668
1 0.678486 0.688568 0.0396635 0.101496 0.274414
1 0.542668 0.40812 0.0408654 0.0779915 0.310791
1 0.677885 0.688034 0.0384615 0.0961539 0.268066
1 0.640625 0.317041 0.0252404 0.0560898 0.264404
1 0.486178 0.516026 0.0204327 0.0470086 0.251709
1 0.542067 0.410524 0.0396635 0.0774573 0.374756
1 0.676683 0.690171 0.0384615 0.0961538 0.348633
1 0.485577 0.518697 0.0204327 0.0480769 0.299072
1 0.74399 0.689103 0.0264423 0.034188 0.267334
1 0.639423 0.321047 0.0264423 0.0534188 0.253174
1 0.54387 0.409722 0.0396635 0.0769231 0.383057
1 0.677885 0.689103 0.0384615 0.0961538 0.368408
1 0.74399 0.684295 0.0252404 0.0352564 0.323486
1 0.486178 0.522436 0.0192308 0.0448718 0.2854
1 0.640625 0.329861 0.0264423 0.0534188 0.281494
1 0.28125 0.0600962 0.0330529 0.0528846 0.252441
1 0.54387 0.411859 0.0390625 0.0758547 0.425293
1 0.677284 0.689637 0.0384615 0.0972222 0.402588
1 0.74399 0.683761 0.0264423 0.0384616 0.33374
1 0.485577 0.522569 0.0210337 0.0467414 0.32251
1 0.641226 0.324252 0.0264423 0.0512821 0.288574
1 0.281776 0.059562 0.0338041 0.0550214 0.250244
1 0.54357 0.41266 0.0378606 0.0737179 0.47168
1 0.676683 0.689103 0.0384615 0.0940171 0.455078
1 0.486178 0.519231 0.0204327 0.0459401 0.381104
1 0.74399 0.682692 0.0264423 0.0352564 0.341553
1 0.641226 0.323718 0.0264423 0.0507479 0.321777
1 0.281776 0.0618323 0.0326022 0.0515492 0.281494
1 0.794471 0.282853 0.0216346 0.0347222 0.275146
1 0.860577 0.969017 0.0216346 0.0491453 0.250977
1 0.676683 0.6875 0.0384615 0.0950855 0.541016
1 0.543269 0.410791 0.0384615 0.0747863 0.507812
1 0.485877 0.520833 0.0186298 0.0438034 0.402588
1 0.74399 0.68109 0.0264423 0.0352564 0.38501
1 0.640625 0.326656 0.0252404 0.0486111 0.33374
1 0.281776 0.0600294 0.0326022 0.0548878 0.331055
1 0.79387 0.284722 0.0192307 0.0336539 0.279053
1 0.860577 0.969017 0.0216346 0.0459401 0.272705
1 0.54357 0.410524 0.0384615 0.0763889 0.466797
1 0.677885 0.688034 0.0360577 0.0940171 0.463867
1 0.485577 0.522436 0.0186298 0.0448718 0.369385
1 0.74399 0.682692 0.0264423 0.034188 0.364746
1 0.640625 0.325321 0.0252404 0.0502137 0.318359
1 0.281325 0.0596955 0.0323017 0.0536859 0.29834
1 0.860577 0.969551 0.0216346 0.048077 0.272705
1 0.793269 0.284188 0.0192308 0.0352564 0.269775
1 0.677885 0.161058 0.0192307 0.0438034 0.259766
1 0.677284 0.688034 0.0384615 0.0961539 0.543945
1 0.54387 0.410791 0.0384615 0.0758547 0.529297
1 0.486178 0.519097 0.0204327 0.0451389 0.438721
1 0.74399 0.68109 0.0264423 0.0352564 0.410156
1 0.641827 0.324252 0.0264423 0.0507479 0.36377
1 0.281851 0.0594284 0.0324519 0.0523504 0.359375
1 0.79387 0.28312 0.0204327 0.0352564 0.315674
1 0.860577 0.968483 0.0216346 0.048077 0.299805
1 0.678486 0.160123 0.0192307 0.0446047 0.289307
1 0.677885 0.688034 0.0384615 0.0940171 0.522461
1 0.54357 0.411859 0.0390625 0.073718 0.478516
1 0.486178 0.520299 0.0198317 0.0470086 0.413086
1 0.74399 0.682692 0.0264423 0.0363248 0.387695
1 0.282151 0.0603633 0.031851 0.0528846 0.329346
1 0.641226 0.325855 0.0264423 0.0496795 0.325928
1 0.79387 0.284722 0.0204327 0.0347222 0.276611
1 0.679087 0.161592 0.0192307 0.0448718 0.274414
1 0.860577 0.969017 0.0216346 0.0470086 0.26123
1 0.676683 0.688568 0.0384615 0.0929487 0.541016
1 0.542668 0.411325 0.0396635 0.0747863 0.498047
1 0.486178 0.520299 0.0204327 0.0470086 0.428223
1 0.74399 0.682692 0.0264423 0.034188 0.411133
1 0.641226 0.324786 0.0264423 0.0502137 0.341553
1 0.281776 0.0599626 0.0314002 0.0515492 0.339844
1 0.79387 0.284188 0.0216346 0.0357906 0.284668
1 0.859976 0.969551 0.0216346 0.048077 0.280518
1 0.679087 0.160791 0.0192307 0.0438034 0.277588
1 0.676683 0.688568 0.0384615 0.0950854 0.547852
1 0.54387 0.410791 0.0390625 0.0747863 0.495117
1 0.742788 0.682692 0.0276442 0.0363248 0.440674
1 0.485577 0.519765 0.0204327 0.0470085 0.438721
1 0.28155 0.0594284 0.0330529 0.0526175 0.379395
1 0.640625 0.325321 0.0264423 0.0507479 0.358398
1 0.793269 0.284188 0.0216347 0.0363248 0.320068
1 0.860577 0.969017 0.0216346 0.0480769 0.291748
1 0.678486 0.160524 0.0180288 0.0443376 0.276611
1 0.289062 0.88141 0.0216346 0.0662393 0.260498
1 0.45012 0.325321 0.0204327 0.034188 0.256104
1 0.677885 0.686966 0.0384615 0.0918803 0.563965
1 0.544471 0.410791 0.0372596 0.0758547 0.515625
1 0.486178 0.520166 0.0198317 0.0451389 0.434082
1 0.74399 0.682692 0.0264423 0.034188 0.419678
1 0.641827 0.324786 0.0264423 0.0491453 0.366699
1 0.281851 0.0612981 0.031851 0.0520833 0.332764
1 0.79387 0.283654 0.0204327 0.0352564 0.312256
1 0.860577 0.969017 0.0216346 0.0491453 0.291016
1 0.289663 0.88141 0.0222356 0.0662393 0.280518
1 0.679087 0.161325 0.0192307 0.0432692 0.268066
1 0.450721 0.324786 0.0204327 0.0331197 0.255371
1 0.676683 0.689637 0.0384615 0.0940171 0.536133
1 0.54387 0.41266 0.0396635 0.0763889 0.476562
1 0.486178 0.521902 0.0204327 0.0470086 0.434082
1 0.74399 0.682692 0.0264423 0.0363248 0.425293
1 0.282151 0.0619658 0.0330529 0.0536859 0.352295
1 0.641226 0.326656 0.0276442 0.0518162 0.344238
1 0.678486 0.161859 0.0192307 0.0459402 0.309082
1 0.79387 0.284188 0.0216346 0.0363248 0.296631
1 0.860577 0.969551 0.0216346 0.048077 0.2854
1 0.291466 0.879273 0.0228365 0.0630341 0.274414
1 0.677885 0.689103 0.0384615 0.0918803 0.525391
1 0.54387 0.412927 0.0390625 0.0747863 0.503906
1 0.74399 0.682692 0.0264423 0.034188 0.425293
1 0.486178 0.523504 0.0192308 0.0448718 0.414062
1 0.282151 0.0615652 0.0324519 0.0520833 0.356689
1 0.641226 0.327457 0.0264423 0.0534188 0.354004
1 0.679087 0.161725 0.0192307 0.0440705 0.327637
1 0.860577 0.969551 0.0216346 0.048077 0.293457
1 0.794471 0.284722 0.0216346 0.0363248 0.29248
1 0.289964 0.880342 0.0228365 0.0641026 0.289307
1 0.677284 0.688568 0.0396635 0.0929487 0.562988
1 0.54387 0.412393 0.0384615 0.0758547 0.509766
1 0.74399 0.683227 0.0264423 0.0352564 0.435059
1 0.485577 0.52297 0.0192308 0.0459402 0.414062
1 0.281851 0.0628339 0.0324519 0.0527511 0.377441
1 0.640625 0.327457 0.0264423 0.0534188 0.36377
1 0.678486 0.162393 0.0180288 0.0438034 0.343262
1 0.79387 0.285256 0.0216346 0.0363248 0.300781
1 0.860577 0.970086 0.0216346 0.0470086 0.293457
1 0.289663 0.882479 0.0228365 0.0662393 0.282227
1 0.677284 0.688568 0.0396635 0.0929487 0.532227
1 0.544471 0.412927 0.0396635 0.0758547 0.474609
1 0.74399 0.682692 0.0264423 0.0363248 0.417725
1 0.485577 0.52297 0.0204327 0.0459402 0.394287
1 0.281851 0.0623665 0.0330529 0.0526175 0.357666
1 0.640625 0.325855 0.0288462 0.0502137 0.332031
1 0.677885 0.161859 0.0192307 0.0448718 0.306641
1 0.860577 0.969551 0.0228365 0.048077 0.282959
1 0.793269 0.285256 0.0216347 0.0373932 0.275879
1 0.289062 0.88141 0.0228365 0.0662393 0.272705
1 0.677284 0.689103 0.0384615 0.0950855 0.550781
1 0.54387 0.41266 0.0396635 0.0774573 0.480469
1 0.74399 0.682692 0.0264423 0.0363248 0.440674
1 0.485577 0.522436 0.0204327 0.0459402 0.418701
1 0.281851 0.0628339 0.0330529 0.0532853 0.385742
1 0.641226 0.32719 0.0276442 0.0544872 0.358398
1 0.679087 0.162126 0.0192307 0.045406 0.343262
1 0.793269 0.284722 0.0216347 0.0363248 0.311523
1 0.289663 0.88141 0.0228365 0.0662393 0.29834
1 0.860577 0.969017 0.0216346 0.0470086 0.297363
1 0.677885 0.689103 0.0384615 0.0940171 0.541016
1 0.544171 0.412393 0.0390625 0.0758547 0.479492
1 0.74399 0.683761 0.0264423 0.0363248 0.419678
1 0.485877 0.52297 0.0198318 0.0459402 0.403564
1 0.281776 0.0627003 0.0326022 0.0527511 0.356689
1 0.641226 0.326656 0.0276442 0.0502137 0.335449
1 0.679087 0.162126 0.0192307 0.0443376 0.323486
1 0.793269 0.285524 0.0216347 0.0357906 0.284668
1 0.289663 0.880342 0.0222356 0.0662393 0.284668
1 0.860577 0.969017 0.0216346 0.0470086 0.279053
1 0.676683 0.689103 0.0384615 0.0940171 0.555664
1 0.54387 0.41266 0.0396635 0.0758547 0.490234
1 0.74399 0.683761 0.0264423 0.0352564 0.44165
1 0.485577 0.523504 0.0192308 0.0448718 0.421631
1 0.281851 0.0628339 0.0324519 0.0522169 0.380371
1 0.640625 0.326923 0.0264423 0.0534188 0.350342
1 0.679087 0.161993 0.0192307 0.0438034 0.338867
1 0.79387 0.285256 0.0216346 0.0352564 0.304932
1 0.860577 0.969551 0.0216346 0.0470085 0.291016
1 0.289062 0.880876 0.0228365 0.065171 0.280518
1 0.54357 0.410524 0.0384615 0.0763889 0.466797
1 0.677885 0.688034 0.0360577 0.0940171 0.462891
1 0.485577 0.522436 0.0186298 0.0448718 0.369385
1 0.74399 0.682692 0.0264423 0.034188 0.364746
1 0.640625 0.325588 0.0252404 0.0502137 0.318359
1 0.281325 0.0596955 0.0323017 0.0536859 0.299072
1 0.860577 0.969551 0.0216346 0.048077 0.272705
1 0.793269 0.284188 0.0192308 0.0352564 0.269775
1 0.677885 0.161058 0.0192307 0.0438034 0.259766
