1 0.451923 0.109208 0.0228365 0.0534856 0.296631
1 0.29357 0.103399 0.0558894 0.053352 0.253906
1 0.773438 0.954594 0.0252404 0.0651709 0.259766
1 0.776442 0.935898 0.0216346 0.0641026 0.301514
1 0.448918 0.115385 0.0252404 0.059562 0.286865
1 0.292368 0.105903 0.0558894 0.0576923 0.300781
1 0.18119 0.200053 0.0390625 0.0416667 0.253906
1 0.754808 0.113381 0.0360577 0.0528846 0.253174
1 0.774038 0.952991 0.0216346 0.0587607 0.312256
1 0.775841 0.957265 0.0204327 0.059829 0.271973
1 0.27524 0.751603 0.0246394 0.0384616 0.27124
1 0.449219 0.13328 0.0240385 0.0550214 0.251709
1 0.776442 0.95406 0.0216346 0.059829 0.265869
1 0.29079 0.109542 0.0602464 0.0699119 0.253174
1 0.44982 0.120059 0.0270432 0.0633013 0.258301
1 0.774038 0.952991 0.0264423 0.0619658 0.251709
1 0.774639 0.957265 0.0252404 0.0683761 0.269775
1 0.449219 0.132479 0.0276443 0.0614316 0.257568
1 0.274715 0.754273 0.0250901 0.0405983 0.27832
1 0.77524 0.95406 0.0240385 0.0662393 0.257568
1 0.77524 0.957799 0.0240385 0.0673077 0.250977
1 0.291541 0.113649 0.0599459 0.0699786 0.260498
1 0.289663 0.108407 0.0564904 0.06043 0.259033
1 0.292668 0.109909 0.0576923 0.065438 0.26123
1 0.448317 0.128873 0.0246395 0.0574252 0.254639
1 0.277043 0.896368 0.0192308 0.0438034 0.251709
1 0.274114 0.754808 0.0262921 0.0384615 0.272705
1 0.45012 0.131277 0.0276443 0.056891 0.264404
1 0.292067 0.106971 0.0576923 0.0608974 0.256104
1 0.290264 0.11258 0.0582933 0.065438 0.358398
1 0.291391 0.109776 0.0590445 0.0649038 0.29834
1 0.291466 0.110577 0.0612981 0.0633013 0.291748
1 0.292368 0.107238 0.0582933 0.0630342 0.282227
1 0.448317 0.131811 0.0240385 0.0542201 0.252441
1 0.292067 0.105636 0.0600962 0.0633013 0.2854
1 0.277043 0.898504 0.0186298 0.0438034 0.256104
1 0.291166 0.105536 0.0582933 0.0624332 0.269775
1 0.291166 0.10804 0.0594952 0.0651709 0.304932
1 0.290865 0.107772 0.0558894 0.0659722 0.253906
1 0.291541 0.111378 0.0599459 0.0657051 0.269043
1 0.449519 0.130609 0.0276442 0.0558227 0.251709
1 0.276743 0.89797 0.0198317 0.0438034 0.250977
1 0.273963 0.755342 0.0253906 0.0384616 0.276611
1 0.292368 0.111078 0.0612981 0.063101 0.272705
1 0.181791 0.201389 0.0390625 0.0448718 0.266602
1 0.448317 0.129941 0.0276442 0.0574252 0.255371
1 0.290565 0.107906 0.0606971 0.0646368 0.294189
1 0.448317 0.130342 0.0276442 0.0587607 0.270508
1 0.0323017 0.108307 0.0375601 0.0496795 0.253906
1 0.290565 0.109642 0.0594952 0.0633013 0.262939
1 0.45012 0.117788 0.0276443 0.0544872 0.262207
1 0.274339 0.75641 0.0258414 0.0384616 0.259766
1 0.291166 0.107105 0.0600961 0.0627671 0.263672
1 0.289663 0.112179 0.0643029 0.0678419 0.260498
1 0.290941 0.11031 0.0611479 0.0627671 0.266602
1 0.44982 0.133681 0.0294471 0.0600962 0.253906
1 0.290865 0.107606 0.0588942 0.0636352 0.284668
1 0.290565 0.108707 0.0612981 0.0694444 0.267334
1 0.449519 0.132479 0.0276442 0.0582265 0.253906
1 0.4372 0.21648 0.0198317 0.0440705 0.263672
1 0.290264 0.114049 0.061899 0.073985 0.254639
1 0.290865 0.111512 0.0606971 0.0665064 0.269775
1 0.291166 0.109642 0.0558894 0.0611645 0.268066
1 0.290865 0.109642 0.0570914 0.0630342 0.263672
1 0.289363 0.110577 0.0667067 0.0667735 0.291748
1 0.292067 0.108407 0.0594952 0.063101 0.291016
1 0.291767 0.111245 0.0625 0.0673077 0.294189
1 0.44982 0.128205 0.0276443 0.0598291 0.283691
1 0.274639 0.755342 0.0252404 0.0384616 0.267334
1 0.438101 0.218082 0.0186298 0.0413996 0.250244
1 0.29034 0.111645 0.0635517 0.0678419 0.29248
1 0.291166 0.110009 0.0637019 0.071648 0.293457
1 0.45012 0.126736 0.030649 0.0611645 0.264404
1 0.291391 0.108841 0.0578425 0.0622329 0.2854
1 0.4375 0.216346 0.0192307 0.0422009 0.256836
1 0.292067 0.110043 0.0606971 0.0673077 0.317383
1 0.4375 0.218216 0.0192307 0.0432692 0.279785
1 0.45012 0.119091 0.030649 0.0652377 0.27124
1 0.291166 0.107372 0.0594952 0.065438 0.319092
1 0.4375 0.21875 0.0192307 0.0416667 0.27832
1 0.291541 0.107639 0.058744 0.0635684 0.286133
1 0.438101 0.217949 0.0180288 0.0405983 0.265869
1 0.44982 0.130876 0.0294471 0.0598291 0.255371
1 0.449519 0.117922 0.0300481 0.065438 0.289307
1 0.0321139 0.110009 0.0376352 0.0497463 0.265869
1 0.277644 0.896902 0.0186298 0.042735 0.259766
1 0.29079 0.107939 0.0590445 0.061899 0.299805
1 0.447716 0.12687 0.030048 0.0635684 0.299072
1 0.273438 0.757479 0.0246394 0.0363248 0.2854
1 0.205078 0.78312 0.0177284 0.0405983 0.282959
1 0.751202 0.107606 0.0384615 0.0598958 0.272705
1 0.436899 0.219151 0.0192307 0.0381944 0.266602
1 0.0316632 0.112847 0.0371845 0.0451389 0.259766
1 0.773438 0.957265 0.0252404 0.0641025 0.257568
1 0.291466 0.112179 0.0594952 0.0608974 0.338135
1 0.449219 0.125801 0.030649 0.0614316 0.332764
1 0.205228 0.780449 0.0177284 0.0384616 0.320068
1 0.18119 0.197382 0.0396635 0.0464744 0.313232
1 0.274038 0.754273 0.0252404 0.0363248 0.309814
1 0.439904 0.304487 0.0240385 0.0491453 0.286865
1 0.774038 0.958333 0.0252404 0.0641026 0.269775
1 0.753606 0.113281 0.0372596 0.0608307 0.269775
1 0.277344 0.902244 0.0186298 0.0416667 0.258301
1 0.4372 0.219818 0.0174279 0.0363248 0.253906
1 0.290865 0.111245 0.0582933 0.0611645 0.393311
1 0.274038 0.75641 0.0264423 0.0384616 0.341553
1 0.448317 0.125534 0.030048 0.0625 0.339844
1 0.754808 0.111345 0.0384615 0.0647035 0.313965
1 0.205228 0.780983 0.0186298 0.0405983 0.303955
1 0.18119 0.19765 0.0399639 0.0464744 0.300781
1 0.439904 0.30422 0.0252404 0.0518162 0.299072
1 0.4378 0.219151 0.0180288 0.0403312 0.294922
1 0.277569 0.901709 0.019381 0.042735 0.294922
1 0.773438 0.957799 0.0264423 0.065171 0.294189
1 0.291391 0.110009 0.0590445 0.0620326 0.419678
1 0.274339 0.754273 0.0252404 0.0352564 0.365723
1 0.277569 0.900641 0.019381 0.0427351 0.365723
1 0.448317 0.124466 0.0288461 0.0603633 0.344238
1 0.205078 0.780983 0.0180288 0.0384616 0.31665
1 0.753606 0.110877 0.0360577 0.0592281 0.311523
1 0.18119 0.197917 0.0390625 0.0448718 0.309082
1 0.774038 0.957265 0.0240385 0.0619658 0.300781
1 0.4375 0.219284 0.0180288 0.0384615 0.282959
1 0.38101 0.233707 0.0234375 0.0438034 0.277588
1 0.439904 0.305823 0.0240385 0.0496795 0.276611
1 0.290565 0.110176 0.0612981 0.0616987 0.470703
1 0.273963 0.753205 0.0241887 0.0352564 0.400635
1 0.449219 0.122062 0.0294471 0.0587607 0.376709
1 0.277644 0.902778 0.0180289 0.0384616 0.360352
1 0.205529 0.779915 0.0180288 0.0363248 0.350342
1 0.753606 0.111111 0.0384615 0.0584936 0.344238
1 0.439904 0.303419 0.0240385 0.0502137 0.33374
1 0.773438 0.955662 0.0240385 0.0619659 0.325195
1 0.38101 0.232639 0.0228365 0.042735 0.291748
1 0.4375 0.219818 0.0168269 0.0357906 0.289307
1 0.18134 0.196314 0.0399639 0.0459402 0.280518
1 0.291391 0.11031 0.0602464 0.0630342 0.394287
1 0.273438 0.753205 0.0240385 0.0341881 0.362061
1 0.276743 0.902244 0.0180288 0.0405983 0.353027
1 0.204627 0.779915 0.0174279 0.0363248 0.350342
1 0.448317 0.123665 0.0288461 0.0598291 0.349609
1 0.439603 0.304754 0.0228365 0.0491453 0.309814
1 0.753606 0.11268 0.0360577 0.0588275 0.306641
1 0.436899 0.22102 0.0180288 0.0392628 0.304932
1 0.772837 0.956731 0.0240385 0.0641026 0.290283
1 0.18149 0.196581 0.0396635 0.0443376 0.286865
1 0.380709 0.232105 0.0240385 0.0438034 0.286133
1 0.291466 0.110176 0.0588942 0.0619658 0.512695
1 0.274038 0.753205 0.0252404 0.0352564 0.415771
1 0.277644 0.900641 0.0192308 0.0405983 0.414795
1 0.448918 0.122997 0.0300481 0.0608974 0.403564
1 0.205529 0.779915 0.0180288 0.0373932 0.381104
1 0.18119 0.196982 0.0396635 0.0438034 0.351318
1 0.754207 0.112179 0.0372596 0.0576923 0.346924
1 0.4375 0.219551 0.0174279 0.0379274 0.337158
1 0.439904 0.303953 0.0240385 0.0491453 0.319092
1 0.774038 0.957265 0.0264423 0.0641025 0.31665
1 0.38101 0.232372 0.0240385 0.0432692 0.314941
1 0.0319636 0.112046 0.0365835 0.0494124 0.263672
1 0.26232 0.446314 0.0192308 0.0491453 0.252441
1 0.292593 0.108307 0.0578426 0.0619658 0.50293
1 0.277644 0.901709 0.0186298 0.042735 0.410156
1 0.274038 0.755342 0.0252404 0.0341881 0.396973
1 0.449519 0.123932 0.0288462 0.0603633 0.384033
1 0.205379 0.780983 0.0177284 0.0384616 0.346924
1 0.436899 0.220085 0.0168269 0.0384615 0.33374
1 0.18104 0.196982 0.039363 0.0435363 0.320801
1 0.753606 0.112313 0.0372596 0.0579594 0.318359
1 0.439904 0.304487 0.0228365 0.0496795 0.315674
1 0.774639 0.958333 0.0252404 0.0641026 0.291016
1 0.031588 0.111245 0.0358323 0.0494124 0.279053
1 0.38101 0.233173 0.0228365 0.0438034 0.270508
1 0.291541 0.109375 0.0575421 0.0603633 0.476562
1 0.274038 0.753205 0.0252404 0.0341881 0.435059
1 0.277344 0.900641 0.0192308 0.0405983 0.429199
1 0.448918 0.122997 0.0288461 0.0600961 0.400635
1 0.205078 0.780449 0.0180288 0.0373932 0.36377
1 0.180889 0.196181 0.0402644 0.042468 0.353027
1 0.440204 0.304487 0.0240385 0.0502137 0.337158
1 0.753606 0.111679 0.0360577 0.061899 0.327637
1 0.436899 0.220887 0.0174279 0.0395299 0.323486
1 0.38101 0.232372 0.0240385 0.042735 0.319092
1 0.774038 0.957265 0.0252404 0.0619658 0.314941
1 0.291166 0.110877 0.0588942 0.0608307 0.46875
1 0.277344 0.901175 0.0192308 0.0416667 0.456055
1 0.274114 0.753205 0.0250901 0.0363248 0.448486
1 0.448918 0.122329 0.0294471 0.0608974 0.414062
1 0.18119 0.196314 0.0396635 0.0443376 0.40918
1 0.204928 0.779915 0.0192308 0.0384616 0.379395
1 0.753606 0.111946 0.0384615 0.0640358 0.363037
1 0.439904 0.304754 0.0240385 0.0502137 0.351318
1 0.4372 0.221154 0.0180289 0.0400641 0.350342
1 0.380709 0.232372 0.0246394 0.0438034 0.347656
1 0.774038 0.956731 0.0252404 0.0619659 0.325195
1 0.261719 0.445513 0.0216346 0.0502137 0.309814
1 0.0317007 0.113782 0.0368089 0.0475427 0.258301
1 0.915265 0.393697 0.0216346 0.0384616 0.253906
1 0.291767 0.110276 0.0643029 0.068977 0.501953
1 0.274038 0.753739 0.0246394 0.0331197 0.435791
1 0.277644 0.902244 0.0186298 0.0405983 0.432129
1 0.448918 0.124199 0.0288461 0.0592949 0.407227
1 0.204928 0.780983 0.0174279 0.0384616 0.377441
1 0.753606 0.114183 0.0384615 0.0641026 0.367432
1 0.440204 0.306357 0.0234375 0.0502137 0.334473
1 0.38101 0.233373 0.0240385 0.0428686 0.329346
1 0.4375 0.221154 0.0168269 0.0400641 0.317383
1 0.774038 0.957799 0.0240385 0.0630341 0.317383
1 0.180288 0.193777 0.0402644 0.0451389 0.317383
1 0.0323768 0.113916 0.0360577 0.048344 0.251709
1 0.292368 0.110844 0.0594952 0.0598291 0.459961
1 0.449219 0.125 0.0300481 0.0611645 0.440674
1 0.274114 0.755342 0.0250901 0.0352564 0.439697
1 0.277644 0.902778 0.0186298 0.0405983 0.40918
1 0.18119 0.196581 0.0402644 0.0459402 0.38501
1 0.205078 0.780983 0.0183293 0.0384616 0.38501
1 0.38101 0.23344 0.0240385 0.0448718 0.345215
1 0.754808 0.114316 0.0384615 0.0619658 0.336426
1 0.440204 0.30609 0.0246394 0.0507479 0.32251
1 0.774038 0.957799 0.0252404 0.0641026 0.318359
1 0.0321514 0.113749 0.0366587 0.0492121 0.281494
1 0.4372 0.221688 0.0174279 0.0395299 0.281494
1 0.26232 0.446581 0.0210336 0.0491453 0.254639
1 0.292142 0.110811 0.0623497 0.0668403 0.514648
1 0.449519 0.124733 0.0300481 0.059562 0.443604
1 0.274339 0.753739 0.0246394 0.0331197 0.430176
1 0.277644 0.903312 0.0192308 0.0405983 0.398926
1 0.18119 0.196047 0.0402644 0.0443376 0.394287
1 0.205379 0.780449 0.0183293 0.0373932 0.386719
1 0.754207 0.115084 0.0372596 0.0609642 0.386719
1 0.38101 0.232839 0.0240385 0.0428686 0.345947
1 0.440505 0.305556 0.0240385 0.0496795 0.342529
1 0.774038 0.957799 0.0264423 0.0630341 0.318359
1 0.4375 0.221688 0.0174279 0.0389957 0.306641
1 0.0320763 0.11485 0.0362079 0.0486111 0.264404
1 0.292067 0.110176 0.0637019 0.0683761 0.532227
1 0.448918 0.125267 0.0288461 0.0603633 0.462891
1 0.274038 0.754273 0.0246394 0.0341881 0.440674
1 0.18119 0.197115 0.0396635 0.0443376 0.433105
1 0.277344 0.902778 0.0186298 0.0395299 0.413086
1 0.205379 0.780983 0.0177284 0.0373931 0.393311
1 0.753606 0.115385 0.0384615 0.0619658 0.389648
1 0.38131 0.234041 0.0228365 0.0426015 0.362061
1 0.440505 0.306891 0.0240385 0.0502137 0.353027
1 0.774038 0.958333 0.0252404 0.0641026 0.330322
1 0.4375 0.221955 0.0168269 0.0384615 0.304932
1 0.0321139 0.114583 0.0364333 0.0486111 0.270508
1 0.26247 0.44765 0.0201322 0.0502137 0.262939
1 0.292067 0.11061 0.063101 0.0677751 0.541016
1 0.449519 0.124733 0.0300481 0.0608974 0.445557
1 0.273738 0.754273 0.0252404 0.0341881 0.425293
1 0.18149 0.196848 0.0402644 0.0443376 0.399902
1 0.754207 0.115685 0.0384615 0.061899 0.396973
1 0.277043 0.902778 0.0198317 0.0405983 0.391357
1 0.205379 0.780983 0.0189303 0.0384616 0.374756
1 0.439904 0.305823 0.0246395 0.0502137 0.353027
1 0.38101 0.23344 0.0240385 0.0432692 0.352295
1 0.4372 0.221955 0.0180289 0.0395299 0.323486
1 0.774038 0.958333 0.0264423 0.0641026 0.309814
1 0.0317758 0.114583 0.0371094 0.0486111 0.254639
1 0.291466 0.111679 0.0625 0.0677751 0.541992
1 0.449219 0.124733 0.0300481 0.0614316 0.460938
1 0.273738 0.754273 0.0252404 0.0363248 0.443604
1 0.18119 0.196848 0.0402644 0.0448718 0.433105
1 0.277344 0.902778 0.0198317 0.0405983 0.422607
1 0.753606 0.117388 0.0384615 0.0622329 0.419678
1 0.205529 0.780983 0.0186298 0.0384616 0.400635
1 0.38101 0.23344 0.0240385 0.0443376 0.383057
1 0.439904 0.305556 0.0246395 0.0512821 0.37207
1 0.4372 0.221421 0.0180289 0.0395299 0.351318
1 0.774038 0.957265 0.0264423 0.0641025 0.32251
1 0.26232 0.447115 0.0210336 0.051282 0.279785
1 0.0316256 0.114583 0.0366587 0.0486111 0.26123
1 0.291466 0.110544 0.0625 0.0668403 0.539062
1 0.449519 0.124466 0.0300481 0.0611645 0.446533
1 0.274114 0.754808 0.0250901 0.0352564 0.436768
1 0.18119 0.197115 0.0402644 0.0443376 0.405518
1 0.277344 0.903312 0.0192308 0.0395299 0.395996
1 0.753606 0.115518 0.0384615 0.0614316 0.395996
1 0.205529 0.780983 0.0186298 0.0384616 0.377441
1 0.38101 0.233173 0.0240385 0.0438034 0.366699
1 0.439904 0.305556 0.0240385 0.0507479 0.342529
1 0.4375 0.221955 0.0180288 0.0389957 0.310791
1 0.774038 0.957265 0.0252404 0.0641025 0.299805
1 0.291391 0.11071 0.0626503 0.0659722 0.553711
1 0.449219 0.124733 0.0300481 0.0608974 0.458984
1 0.274114 0.754808 0.0250901 0.034188 0.455078
1 0.18104 0.197115 0.0405649 0.0443376 0.430176
1 0.753606 0.115685 0.0384615 0.0602965 0.410156
1 0.277344 0.903846 0.0192308 0.0384616 0.406494
1 0.205529 0.780983 0.0186298 0.0384616 0.393311
1 0.38101 0.233373 0.0240385 0.0428686 0.392334
1 0.439904 0.30609 0.0240385 0.0502137 0.355713
1 0.4372 0.222222 0.0174279 0.0384615 0.309814
1 0.774038 0.957265 0.0252404 0.0630342 0.309082
1 0.0315505 0.114583 0.0363582 0.0475427 0.271973
1 0.26232 0.44765 0.0204327 0.0502137 0.264404
1 0.291391 0.11031 0.0602464 0.0630342 0.394287
1 0.273438 0.753205 0.0240385 0.0341881 0.362061
1 0.276743 0.902244 0.0180288 0.0405983 0.353027
1 0.204627 0.779915 0.0174279 0.0363248 0.350342
1 0.448317 0.123665 0.0288461 0.0598291 0.349609
1 0.439904 0.304754 0.0228365 0.0491453 0.309814
1 0.753606 0.11268 0.0360577 0.0588275 0.306641
1 0.436899 0.22102 0.0180288 0.0392628 0.303955
1 0.772837 0.956731 0.0240385 0.0641026 0.290283
1 0.18134 0.196581 0.039363 0.0443376 0.286865
1 0.380709 0.232105 0.0240385 0.0438034 0.286865
