1 0.723558 0.864316 0.0264423 0.0598291 0.293457
1 0.0908954 0.684829 0.0408654 0.0854701 0.297363
1 0.0911959 0.681624 0.0363582 0.0876068 0.368408
1 0.0916466 0.663462 0.0261418 0.0886752 0.349609
1 0.721154 0.869124 0.0288461 0.0630342 0.262939
1 0.0859375 0.676816 0.0315505 0.0865385 0.34082
1 0.39393 0.356838 0.0510817 0.0950855 0.27832
1 0.719952 0.885684 0.03125 0.0619658 0.263672
1 0.0873648 0.662393 0.028095 0.0833333 0.324219
1 0.0877404 0.682692 0.0261418 0.0769231 0.259033
1 0.0877404 0.678419 0.0232873 0.0811966 0.329346
1 0.0868389 0.678419 0.0297476 0.0769231 0.262939
1 0.0869892 0.665598 0.0292969 0.0876068 0.256836
1 0.0882662 0.669872 0.0276442 0.0833333 0.29248
1 0.399038 0.356838 0.046875 0.0950855 0.270508
1 0.0878906 0.678419 0.031851 0.0854701 0.268066
1 0.0886418 0.674145 0.0270433 0.0865384 0.299805
1 0.086238 0.675214 0.0327524 0.0961538 0.337158
1 0.085637 0.673077 0.03125 0.0950855 0.251709
1 0.0884916 0.668803 0.0292969 0.0854701 0.297363
1 0.0877404 0.675214 0.0315505 0.0918803 0.262207
1 0.0869892 0.679487 0.0309495 0.0811966 0.306641
1 0.086839 0.668803 0.0321514 0.0833333 0.262207
1 0.0863131 0.67468 0.0303486 0.0865385 0.299805
1 0.0871394 0.668803 0.03125 0.0833333 0.256836
1 0.398137 0.368857 0.0432692 0.0860043 0.259766
1 0.087515 0.670406 0.0329026 0.0876069 0.276611
1 0.0868389 0.67468 0.0307993 0.0886752 0.307373
1 0.397236 0.368323 0.0432693 0.0811966 0.250244
1 0.0865385 0.675748 0.0321514 0.0897436 0.301514
1 0.396635 0.367788 0.0420673 0.0817308 0.253174
1 0.0869892 0.669872 0.0315505 0.0876069 0.253174
1 0.395433 0.37313 0.0384615 0.0747863 0.274414
1 0.0869892 0.66453 0.0309495 0.0897436 0.269775
1 0.0861629 0.673611 0.027494 0.0886752 0.274414
1 0.0870643 0.669872 0.0250901 0.0876069 0.303955
1 0.0863882 0.676282 0.0307993 0.0854701 0.253174
1 0.086238 0.667735 0.03125 0.0918804 0.269775
1 0.396034 0.370459 0.0408654 0.0806624 0.254639
1 0.0868389 0.669338 0.0294471 0.0886753 0.259033
1 0.0875902 0.668803 0.0297476 0.090812 0.275146
1 0.0866887 0.668803 0.0297476 0.0897436 0.308105
1 0.0860877 0.669338 0.0288462 0.0865384 0.269775
1 0.087515 0.668803 0.0326022 0.090812 0.266602
1 0.0872897 0.669872 0.0294471 0.0811966 0.284668
1 0.0880409 0.668803 0.03125 0.0876068 0.262207
1 0.0878906 0.669872 0.0291466 0.0833333 0.29834
1 0.0878155 0.667735 0.0307993 0.0854701 0.250977
1 0.087515 0.668803 0.0292969 0.0854701 0.264404
1 0.0869892 0.668803 0.0291466 0.0886752 0.279053
1 0.0873648 0.669872 0.0279447 0.0876069 0.265137
1 0.0866887 0.667735 0.0291466 0.0854701 0.26123
1 0.0867638 0.668269 0.0289964 0.0865384 0.258301
1 0.0874399 0.668269 0.0295974 0.0865384 0.253174
1 0.0868389 0.667201 0.0288462 0.0876069 0.260498
1 0.0875902 0.668803 0.0279447 0.0865385 0.273682
1 0.0872145 0.669338 0.0286959 0.0876069 0.310791
1 0.394832 0.368323 0.0396635 0.0774573 0.263672
1 0.0877404 0.669872 0.0294471 0.0865385 0.303955
1 0.0866136 0.668803 0.030649 0.0854701 0.280518
1 0.0876653 0.67094 0.0295974 0.0897436 0.331055
1 0.0875902 0.67094 0.0300481 0.0918804 0.288574
1 0.0886418 0.670406 0.0288462 0.090812 0.294189
1 0.0871394 0.669872 0.0295974 0.0886752 0.250244
1 0.0848858 0.675214 0.0292969 0.0897436 0.320068
1 0.0803786 0.0144899 0.023738 0.0289797 0.289307
1 0.394231 0.367254 0.0408654 0.0763889 0.27832
1 0.279372 0.961539 0.0205829 0.0448718 0.275879
1 0.721154 0.882479 0.0336539 0.059829 0.256104
1 0.0858624 0.676282 0.0301983 0.0886753 0.364746
1 0.0818059 0.015024 0.0229868 0.0300481 0.296631
1 0.394832 0.367254 0.0396635 0.0747863 0.294922
1 0.279748 0.962607 0.0210337 0.0438035 0.29248
1 0.721154 0.882479 0.0336539 0.059829 0.291748
1 0.206731 0.277244 0.0216346 0.036859 0.253174
1 0.0851863 0.67735 0.0303486 0.0886753 0.392334
1 0.721154 0.88141 0.0336539 0.0598291 0.317383
1 0.279372 0.963675 0.0217849 0.0470085 0.300781
1 0.394531 0.36859 0.0402644 0.073718 0.295898
1 0.0814303 0.0148571 0.0247897 0.0297142 0.291016
1 0.0853365 0.678419 0.0294471 0.0876068 0.463867
1 0.0820312 0.0128873 0.0222356 0.0257746 0.32251
1 0.279748 0.963141 0.0204327 0.0448719 0.320801
1 0.721154 0.882479 0.0336539 0.0576923 0.31665
1 0.394531 0.368857 0.0384616 0.0689102 0.291016
1 0.207031 0.277778 0.0210337 0.0373932 0.271973
1 0.0878906 0.146635 0.0168269 0.0467415 0.252441
1 0.0851863 0.674145 0.0291466 0.0876069 0.503906
1 0.721154 0.880876 0.0336539 0.059829 0.352295
1 0.279748 0.962607 0.0198317 0.042735 0.345215
1 0.394832 0.366987 0.0384615 0.0705128 0.339844
1 0.081881 0.0123531 0.0210337 0.0247062 0.313232
1 0.206881 0.277244 0.0210336 0.0363248 0.295898
1 0.686298 0.347756 0.0396635 0.0662393 0.284668
1 0.0528095 0.315705 0.0286959 0.0475427 0.269775
1 0.0850361 0.675748 0.0282452 0.0865385 0.446533
1 0.278846 0.964209 0.0192308 0.042735 0.345215
1 0.0811298 0.0136552 0.0219351 0.0273104 0.315674
1 0.721154 0.880342 0.032452 0.0587607 0.309082
1 0.20643 0.278312 0.0207332 0.0352564 0.307373
1 0.394531 0.367788 0.0384616 0.0705128 0.29834
1 0.0525841 0.315705 0.0289964 0.0502137 0.277588
1 0.085637 0.675214 0.030649 0.0897436 0.519531
1 0.721154 0.88141 0.0336539 0.0598291 0.363037
1 0.0817308 0.0128205 0.0225361 0.025641 0.354004
1 0.280048 0.963675 0.0204327 0.0448718 0.351318
1 0.394231 0.368323 0.0396635 0.0721154 0.343262
1 0.206881 0.276976 0.0207332 0.036859 0.326904
1 0.0534856 0.315171 0.0300481 0.051282 0.307373
1 0.0880409 0.1461 0.0163762 0.0448718 0.262939
1 0.161358 0.678419 0.0228365 0.0299145 0.260498
1 0.359976 0.412927 0.015024 0.0416667 0.256836
1 0.0863882 0.675214 0.0295973 0.0886752 0.485352
1 0.0816557 0.0140224 0.0226863 0.0280449 0.359375
1 0.280048 0.963675 0.0204327 0.0448718 0.338135
1 0.722356 0.882479 0.0324519 0.0587607 0.332031
1 0.394231 0.369124 0.0384615 0.0715812 0.326904
1 0.20643 0.278045 0.0201322 0.0357906 0.283691
1 0.0531851 0.315171 0.0297476 0.0502137 0.280518
1 0.0860877 0.67468 0.0285457 0.0886752 0.500977
1 0.279447 0.963141 0.0198317 0.0438034 0.368408
1 0.0817308 0.0145232 0.0234375 0.0290465 0.361084
1 0.394231 0.36859 0.0396635 0.0694444 0.328613
1 0.721755 0.880342 0.0324519 0.0576924 0.320801
1 0.0532602 0.315171 0.0304988 0.051282 0.300781
1 0.20643 0.277778 0.0207332 0.0363248 0.2854
1 0.359375 0.412927 0.015625 0.042735 0.271973
1 0.0860877 0.675214 0.0300481 0.0876069 0.507812
1 0.279147 0.963141 0.0210336 0.0448719 0.376709
1 0.721154 0.880876 0.0336539 0.0576923 0.360352
1 0.0817308 0.0139557 0.0225361 0.0279113 0.355713
1 0.394231 0.368056 0.0384615 0.0683761 0.327637
1 0.20628 0.277511 0.0222356 0.0379274 0.326904
1 0.0527344 0.315705 0.0307993 0.0512821 0.308105
1 0.161058 0.677885 0.0222356 0.0309829 0.255371
1 0.359675 0.412927 0.015625 0.0416667 0.252441
1 0.0863882 0.674145 0.0294471 0.0886752 0.518555
1 0.0821815 0.0143897 0.0223858 0.0287794 0.373779
1 0.279447 0.963141 0.0192308 0.0448719 0.365723
1 0.394832 0.368323 0.0390625 0.0705128 0.320801
1 0.721755 0.881944 0.0324519 0.0576923 0.318359
1 0.206731 0.278312 0.0204327 0.0363248 0.312256
1 0.0534856 0.316239 0.0294471 0.0507479 0.309082
1 0.0863882 0.676282 0.0300481 0.0886753 0.511719
1 0.279447 0.963675 0.0204327 0.0448718 0.356689
1 0.721755 0.882479 0.0336539 0.0587607 0.348633
1 0.081881 0.0145232 0.0225361 0.0290465 0.332031
1 0.206731 0.277778 0.0216346 0.0373932 0.328613
1 0.394231 0.369124 0.0396635 0.071047 0.313232
1 0.0534105 0.315972 0.0295974 0.0502137 0.304932
1 0.161058 0.678419 0.0228365 0.0299145 0.250977
1 0.0864633 0.67735 0.0294471 0.0876069 0.499023
1 0.280048 0.963675 0.0204327 0.0438034 0.363037
1 0.207031 0.276976 0.0216346 0.0363248 0.343262
1 0.722356 0.882479 0.0336538 0.0576923 0.338135
1 0.0821064 0.0148905 0.0226863 0.029781 0.33374
1 0.394231 0.369124 0.0384615 0.0694444 0.31665
1 0.0535607 0.316506 0.0297476 0.0507479 0.306641
1 0.086238 0.676282 0.0294471 0.0886753 0.517578
1 0.279447 0.964209 0.0204327 0.0448718 0.364746
1 0.207031 0.278312 0.0216346 0.0373932 0.347656
1 0.721755 0.883013 0.0324519 0.0587607 0.341553
1 0.394531 0.369658 0.0390625 0.0715812 0.338867
1 0.0815805 0.0152244 0.023137 0.0304487 0.334473
1 0.0533353 0.316239 0.0294471 0.0502137 0.310791
1 0.359976 0.412927 0.0144231 0.0438034 0.26123
1 0.086238 0.676282 0.0303486 0.0886753 0.494141
1 0.279447 0.963675 0.0210336 0.0448718 0.346924
1 0.721755 0.881944 0.0336539 0.0576923 0.332764
1 0.394531 0.369391 0.0390625 0.071047 0.330322
1 0.206881 0.278045 0.0225361 0.0379274 0.329346
1 0.0811298 0.0153913 0.0240385 0.0307826 0.299805
1 0.0528658 0.316506 0.0300856 0.0507479 0.286133
1 0.0863882 0.676282 0.0294471 0.0876069 0.510742
1 0.279372 0.963141 0.0205829 0.0448719 0.37207
1 0.206731 0.277511 0.0225361 0.0384615 0.363037
1 0.722356 0.88141 0.0336538 0.0576923 0.349609
1 0.394231 0.369124 0.0384615 0.0705128 0.346924
1 0.0813552 0.0152244 0.0241887 0.0304487 0.303955
1 0.0528095 0.315705 0.0300481 0.0512821 0.303223
1 0.161358 0.678419 0.0228365 0.0299145 0.265137
1 0.359976 0.412393 0.015625 0.0438034 0.26123
1 0.893029 0.1039 0.0192307 0.0357906 0.253906
1 0.0863882 0.676282 0.0291466 0.0886753 0.503906
1 0.279748 0.963675 0.0204327 0.0448718 0.352295
1 0.394231 0.369124 0.0384615 0.0705128 0.329346
1 0.207031 0.278846 0.0216346 0.0373932 0.321777
1 0.722356 0.88141 0.0336538 0.0576923 0.320068
1 0.0815054 0.0153913 0.0238882 0.0307826 0.282959
1 0.0529597 0.316774 0.0295974 0.0502137 0.279053
1 0.161358 0.678419 0.0228365 0.0299145 0.252441
1 0.086238 0.676816 0.0294471 0.0886752 0.514648
1 0.279447 0.963675 0.0204327 0.0438034 0.365723
1 0.394231 0.369658 0.0384615 0.0705128 0.348633
1 0.206881 0.278846 0.0219351 0.0373932 0.343262
1 0.721154 0.88141 0.0336539 0.0576923 0.336426
1 0.0814303 0.0151576 0.0235877 0.0303152 0.299805
1 0.0528095 0.317041 0.0297476 0.0502137 0.299805
1 0.161358 0.678419 0.0228365 0.0299145 0.259033
1 0.359976 0.412927 0.015625 0.0416667 0.256836
1 0.0851112 0.675748 0.0282452 0.0865385 0.44751
1 0.278846 0.964209 0.0192308 0.042735 0.344238
1 0.0811298 0.0136552 0.0219351 0.0273104 0.315674
1 0.721154 0.880342 0.032452 0.0587607 0.309082
1 0.20643 0.278312 0.0207332 0.0352564 0.307373
1 0.394531 0.368056 0.0384616 0.0705128 0.29834
1 0.0525841 0.315705 0.0289964 0.0502137 0.276611
