1 0.408053 0.755342 0.0252404 0.0555556 0.365723
1 0.40625 0.760684 0.0348557 0.0705128 0.314941
1 0.860577 0.798077 0.0240385 0.0534188 0.297363
1 0.408053 0.766026 0.0264423 0.0619659 0.259033
1 0.984375 0.134348 0.03125 0.0523504 0.250244
1 0.443209 0.178285 0.0612981 0.082532 0.307373
1 0.40625 0.767094 0.0288461 0.0641026 0.260498
1 0.984676 0.138622 0.030649 0.0582265 0.273682
1 0.439303 0.172543 0.0625 0.0870726 0.275879
1 0.442909 0.176015 0.0661057 0.0817308 0.26123
1 0.440505 0.181891 0.0649039 0.0998932 0.260498
1 0.439303 0.172276 0.0637019 0.0833333 0.30249
1 0.439904 0.175214 0.061298 0.0785256 0.286133
1 0.440204 0.172543 0.0655048 0.0849359 0.270508
1 0.439904 0.179087 0.0600961 0.0838675 0.251709
1 0.441106 0.173878 0.0625 0.0854701 0.345947
1 0.441106 0.175481 0.0637019 0.0945513 0.317383
1 0.439904 0.173745 0.0625 0.0889423 0.275879
1 0.440805 0.176816 0.0606971 0.0844017 0.326904
1 0.442308 0.175614 0.0637019 0.0857372 0.305664
1 0.442909 0.175347 0.0588943 0.0790598 0.378418
1 0.439904 0.17922 0.0625 0.0844017 0.398926
1 0.375 0.518162 0.0228365 0.0384616 0.250977
1 0.442308 0.176683 0.0612981 0.0819979 0.29834
1 0.441106 0.176282 0.0625 0.0841346 0.38501
1 0.440505 0.175214 0.0649039 0.0838675 0.338135
1 0.441106 0.173611 0.0600961 0.088141 0.327637
1 0.441406 0.177885 0.0637019 0.0849359 0.345215
1 0.441106 0.17468 0.0649039 0.0913462 0.398926
1 0.374099 0.519231 0.0204327 0.0384616 0.252441
1 0.440505 0.176816 0.061298 0.0870727 0.310791
1 0.441106 0.17735 0.0649039 0.0892094 0.326904
1 0.440505 0.177217 0.063702 0.0892094 0.34082
1 0.439904 0.17695 0.0625 0.0929487 0.304932
1 0.440505 0.177083 0.063702 0.0849359 0.325195
1 0.440805 0.177083 0.063101 0.0929487 0.40918
1 0.440505 0.177618 0.063702 0.0913462 0.383057
1 0.442308 0.174412 0.0649038 0.088141 0.314941
1 0.442007 0.174947 0.063101 0.0886752 0.296631
1 0.442308 0.174947 0.0588943 0.0790598 0.299805
1 0.442308 0.173478 0.0637019 0.0921474 0.300781
1 0.439904 0.176282 0.063702 0.0892094 0.307373
1 0.440805 0.174145 0.0625 0.0897436 0.371094
1 0.440505 0.175748 0.061298 0.090812 0.383057
1 0.440204 0.174279 0.0643029 0.090812 0.331055
1 0.440505 0.176416 0.061298 0.085203 0.360352
1 0.440505 0.175214 0.063702 0.0918803 0.357666
1 0.440505 0.179888 0.063101 0.0916133 0.351318
1 0.441707 0.181757 0.0643029 0.0926816 0.365723
1 0.441406 0.178686 0.063101 0.0929487 0.352295
1 0.441106 0.174947 0.0637019 0.0924145 0.373779
1 0.440505 0.177217 0.061298 0.0868056 0.361084
1 0.440805 0.174947 0.0625 0.090812 0.404541
1 0.442308 0.175347 0.0637019 0.0878739 0.380371
1 0.442007 0.175614 0.0649038 0.085203 0.390381
1 0.440204 0.174947 0.0643029 0.090812 0.437744
1 0.441106 0.177618 0.0649039 0.0945513 0.374756
1 0.441106 0.174947 0.0661058 0.0956197 0.383057
1 0.440505 0.178152 0.063702 0.0897436 0.365723
1 0.441106 0.178686 0.0637019 0.0913462 0.453369
1 0.441106 0.173077 0.0649039 0.090812 0.411133
1 0.439904 0.173077 0.0643029 0.0884081 0.388672
1 0.440505 0.173745 0.0649039 0.0924145 0.376709
1 0.441106 0.175347 0.0643029 0.0916133 0.386719
1 0.375 0.514957 0.0204327 0.0373931 0.250977
1 0.440505 0.169071 0.0649039 0.0892094 0.437744
1 0.373798 0.514957 0.0192307 0.0363248 0.283691
1 0.440204 0.170807 0.0637019 0.0857372 0.485352
1 0.375 0.518162 0.0192308 0.0373932 0.297363
1 0.936298 0.472756 0.0288462 0.0598291 0.286865
1 0.871394 0.216346 0.0384615 0.0480769 0.253174
1 0.440204 0.171207 0.063101 0.0854701 0.481445
1 0.936298 0.472756 0.03125 0.0619658 0.31665
1 0.375 0.520299 0.0204327 0.0384616 0.300781
1 0.870793 0.218216 0.0396634 0.0502137 0.254639
1 0.929087 0.929487 0.0216346 0.042735 0.253174
1 0.440805 0.174546 0.063101 0.0844017 0.512695
1 0.3747 0.518029 0.0198317 0.0365919 0.345215
1 0.936298 0.473024 0.0288462 0.0592949 0.300781
1 0.929688 0.928419 0.0204327 0.0405983 0.293457
1 0.407151 0.773504 0.03125 0.0619658 0.27832
1 0.870793 0.216346 0.0384616 0.0480769 0.274414
1 0.440505 0.17321 0.0649039 0.0876068 0.568848
1 0.375 0.519231 0.0192308 0.0352564 0.359375
1 0.935697 0.472222 0.0300481 0.0598291 0.331055
1 0.870793 0.217014 0.0396634 0.0430022 0.324219
1 0.929688 0.92735 0.0192307 0.0384615 0.308105
1 0.406851 0.772436 0.0324519 0.0641026 0.286865
1 0.441106 0.172943 0.0637019 0.0878739 0.516602
1 0.373798 0.519231 0.0180288 0.034188 0.349609
1 0.935096 0.471688 0.0288462 0.059829 0.334473
1 0.929087 0.928419 0.0192307 0.0384615 0.281494
1 0.407452 0.768162 0.0300481 0.0598291 0.267334
1 0.440505 0.174813 0.063702 0.0868056 0.625
1 0.936298 0.471688 0.0288462 0.0587607 0.388672
1 0.375 0.518697 0.0192308 0.0352564 0.387695
1 0.407452 0.771902 0.03125 0.0630342 0.327637
1 0.929688 0.927885 0.0204327 0.0395298 0.320068
1 0.871394 0.21875 0.0384615 0.0475427 0.309814
1 0.858774 0.810898 0.0228366 0.0395298 0.273682
1 0.441106 0.17468 0.063101 0.0844017 0.57666
1 0.375 0.519765 0.0192308 0.0352564 0.373047
1 0.936298 0.473024 0.0288462 0.0592949 0.358398
1 0.930288 0.92735 0.0192307 0.0405983 0.310791
1 0.407752 0.772436 0.0318509 0.0619658 0.291748
1 0.870192 0.217949 0.0396635 0.0464744 0.286133
1 0.858774 0.811432 0.0228366 0.0384615 0.256836
1 0.440204 0.174947 0.0643029 0.0860043 0.580566
1 0.374399 0.519765 0.0192308 0.034188 0.376709
1 0.936298 0.473024 0.0288462 0.0582265 0.337158
1 0.929688 0.92735 0.0204327 0.0384615 0.327637
1 0.870192 0.217548 0.0396635 0.0462073 0.304932
1 0.407452 0.770299 0.03125 0.0619659 0.304932
1 0.858774 0.810898 0.0228366 0.0384616 0.265869
1 0.441106 0.174412 0.0637019 0.0857372 0.583008
1 0.374399 0.519231 0.0204327 0.0363248 0.406494
1 0.936298 0.471688 0.0300481 0.0587607 0.368408
1 0.929087 0.926282 0.0192307 0.0384616 0.327637
1 0.870793 0.217415 0.0396634 0.0486111 0.325928
1 0.407452 0.770299 0.031851 0.0630341 0.323486
1 0.858173 0.810898 0.0240385 0.0384616 0.27832
1 0.441106 0.174012 0.0637019 0.0862714 0.596191
1 0.375 0.520299 0.0192308 0.034188 0.396973
1 0.936298 0.472756 0.0288462 0.0587607 0.34082
1 0.929087 0.928419 0.0192307 0.0384615 0.331055
1 0.870793 0.21688 0.0384616 0.0464744 0.318359
1 0.407752 0.771368 0.030649 0.0608974 0.311523
1 0.858173 0.810898 0.0228365 0.0384616 0.263672
1 0.441406 0.176149 0.0643029 0.0876068 0.57959
1 0.375 0.520833 0.0204327 0.034188 0.388672
1 0.929087 0.928419 0.0192307 0.0395299 0.344238
1 0.408053 0.771368 0.0324519 0.0641026 0.339844
1 0.936298 0.472756 0.03125 0.0608974 0.335449
1 0.871394 0.217014 0.0408653 0.048344 0.308105
1 0.858173 0.810898 0.0240385 0.0405983 0.294922
1 0.441707 0.17508 0.063101 0.0862714 0.596191
1 0.375601 0.520299 0.0204327 0.034188 0.38208
1 0.936298 0.473291 0.0300481 0.0587607 0.361084
1 0.408053 0.771368 0.0324519 0.0630341 0.338135
1 0.929688 0.928419 0.0192307 0.0384615 0.325928
1 0.858774 0.810363 0.0240384 0.0395299 0.325195
1 0.870793 0.217682 0.0408654 0.0486111 0.306641
1 0.441106 0.176549 0.0637019 0.0870727 0.608398
1 0.375 0.521368 0.0198317 0.034188 0.389648
1 0.936298 0.473558 0.0288462 0.0592949 0.377441
1 0.407752 0.771902 0.0318509 0.0630342 0.345215
1 0.871394 0.217682 0.0408653 0.0480769 0.339844
1 0.929087 0.929487 0.0192307 0.0405983 0.327637
1 0.858173 0.810898 0.0240385 0.0384616 0.325195
1 0.441106 0.176015 0.0643029 0.0865385 0.583008
1 0.936298 0.473291 0.03125 0.0598291 0.368408
1 0.375 0.520299 0.0204327 0.034188 0.367432
1 0.407752 0.771368 0.0324519 0.0619659 0.328613
1 0.871394 0.218216 0.0408653 0.0486111 0.315674
1 0.929087 0.928953 0.0204328 0.0395299 0.308105
1 0.858173 0.810898 0.0240385 0.0395298 0.307373
1 0.440805 0.177083 0.0643029 0.0892094 0.598145
1 0.375 0.520299 0.0204327 0.034188 0.400635
1 0.936298 0.473825 0.0300481 0.0598291 0.389648
1 0.408053 0.771368 0.0324519 0.0630341 0.346924
1 0.858173 0.810898 0.0240385 0.0405983 0.336426
1 0.929087 0.928419 0.0192307 0.0405983 0.334473
1 0.871394 0.218483 0.0408653 0.0486111 0.330322
1 0.440805 0.176549 0.0637019 0.0876068 0.588867
1 0.375 0.521368 0.0204327 0.034188 0.373047
1 0.936298 0.473558 0.0300481 0.0592949 0.352295
1 0.408053 0.771368 0.0324519 0.0630341 0.328613
1 0.929087 0.928419 0.0192307 0.0395299 0.312256
1 0.871394 0.219017 0.0408653 0.0475427 0.305664
1 0.858774 0.810898 0.0240384 0.0405983 0.296631
1 0.440505 0.176683 0.063702 0.0865385 0.59082
1 0.375 0.521368 0.0204327 0.0331197 0.385742
1 0.936298 0.473558 0.0300481 0.0592949 0.361084
1 0.408053 0.771368 0.0324519 0.0619659 0.344238
1 0.929087 0.928419 0.0192307 0.0384615 0.324219
1 0.870192 0.219017 0.0408653 0.0480769 0.309082
1 0.858774 0.810898 0.0240384 0.0384616 0.30249
1 0.441106 0.172943 0.0637019 0.0878739 0.516602
1 0.373798 0.519231 0.0180288 0.034188 0.350342
1 0.935096 0.471688 0.0288462 0.059829 0.33374
1 0.929087 0.928419 0.0192307 0.0384615 0.281494
1 0.407452 0.768162 0.0300481 0.0598291 0.267334
