1 0.704928 0.552885 0.0408654 0.0544872 0.311523
1 0.109075 0.962607 0.0198317 0.0523504 0.283691
1 0.371995 0.0347222 0.0540865 0.0694444 0.263672
1 0.107572 0.968483 0.0225361 0.0608974 0.2854
1 0.784856 0.175481 0.0300481 0.0625 0.282959
1 0.370192 0.0330195 0.0576923 0.066039 0.400635
1 0.703125 0.574786 0.0432693 0.0641026 0.320068
1 0.456731 0.0299813 0.0384615 0.0448718 0.303223
1 0.704327 0.557158 0.0408654 0.0673077 0.283691
1 0.448017 0.44391 0.0222356 0.0534188 0.281494
1 0.722356 0.440171 0.0288462 0.0411325 0.268066
1 0.371394 0.0317174 0.0588942 0.0634348 0.262207
1 0.705529 0.568376 0.0408654 0.0641026 0.262207
1 0.371094 0.0338542 0.0618991 0.0677083 0.26123
1 0.372596 0.0381944 0.0649039 0.0763889 0.293457
1 0.704928 0.574786 0.048077 0.0769231 0.263672
1 0.370192 0.0343884 0.0600961 0.0687767 0.269775
1 0.371394 0.0359241 0.0637019 0.0718483 0.369385
1 0.704327 0.563034 0.0408654 0.0673077 0.265137
1 0.371995 0.038328 0.0588943 0.076656 0.367432
1 0.705529 0.576923 0.0408654 0.0726496 0.288574
1 0.706731 0.571581 0.0420673 0.0694444 0.305664
1 0.722957 0.443376 0.0276443 0.0405983 0.286865
1 0.459135 0.0305823 0.0348557 0.0455395 0.256104
1 0.369892 0.0366587 0.0582933 0.0733173 0.275146
1 0.706731 0.572115 0.0408654 0.0608974 0.266602
1 0.704928 0.5625 0.0444711 0.0694444 0.286133
1 0.706731 0.561966 0.0420673 0.0619658 0.294922
1 0.369591 0.0358574 0.0576923 0.0717147 0.300781
1 0.70613 0.563034 0.0444712 0.0705128 0.272705
1 0.704327 0.571581 0.0432692 0.0662393 0.262207
1 0.369291 0.0336872 0.0516827 0.0673745 0.254639
1 0.370493 0.0363248 0.0606971 0.0726496 0.2854
1 0.371094 0.0367254 0.0570914 0.0734509 0.336426
1 0.705529 0.571581 0.0432692 0.0747863 0.2854
1 0.369591 0.0377938 0.0612981 0.0755876 0.328613
1 0.70613 0.566239 0.0456731 0.0705128 0.272705
1 0.703125 0.563034 0.0396635 0.0641026 0.289307
1 0.367788 0.0355235 0.0552885 0.071047 0.288574
1 0.370793 0.0353232 0.0588942 0.0706464 0.29248
1 0.70613 0.563568 0.0444712 0.0673077 0.252441
1 0.370192 0.0358574 0.0552885 0.0717147 0.263672
1 0.704928 0.563034 0.0432692 0.0683761 0.259033
1 0.36869 0.0379274 0.0576923 0.0758547 0.253906
1 0.704327 0.559829 0.0420673 0.0726496 0.265137
1 0.36899 0.0372596 0.0528846 0.0745192 0.361084
1 0.704928 0.572115 0.0408654 0.0630342 0.30249
1 0.36899 0.0355903 0.0576923 0.0711806 0.365723
1 0.704928 0.563568 0.0420673 0.0694444 0.29248
1 0.370192 0.0357238 0.0552885 0.0714477 0.317383
1 0.705529 0.560897 0.0432692 0.0641026 0.284668
1 0.369291 0.036859 0.0582933 0.073718 0.405518
1 0.703125 0.561966 0.0408654 0.0619658 0.306641
1 0.369291 0.0355903 0.0570914 0.0711806 0.313965
1 0.36899 0.0374933 0.0576923 0.0749867 0.313232
1 0.70613 0.561966 0.0432692 0.0662393 0.252441
1 0.36899 0.0356571 0.0588942 0.0713141 0.273682
1 0.370192 0.0357906 0.0576923 0.0715812 0.332764
1 0.706731 0.561432 0.0456731 0.0705128 0.299805
1 0.36899 0.0358574 0.0564904 0.0717147 0.288574
1 0.705529 0.560897 0.0432692 0.0641026 0.265869
1 0.370793 0.03539 0.0600961 0.0707799 0.431152
1 0.70613 0.561966 0.0444712 0.0694444 0.294922
1 0.368389 0.0350895 0.0588942 0.070179 0.320801
1 0.368389 0.0371595 0.0588942 0.0743189 0.268066
1 0.36899 0.0381611 0.0576923 0.0763221 0.338867
1 0.36899 0.0378606 0.0576923 0.0757212 0.281494
1 0.369291 0.0323184 0.0552885 0.0646368 0.294922
1 0.705529 0.563034 0.0456731 0.0683761 0.279053
1 0.36899 0.0363248 0.0588942 0.0726496 0.312256
1 0.70613 0.560897 0.0456731 0.065171 0.284668
1 0.368389 0.0359575 0.0588942 0.0719151 0.325195
1 0.704327 0.563034 0.0456731 0.0705128 0.294922
1 0.838942 0.132746 0.0360577 0.0416667 0.262939
1 0.369591 0.0352564 0.0576923 0.0705128 0.309082
1 0.705529 0.563568 0.0456731 0.0673077 0.273682
1 0.369591 0.0316506 0.0540865 0.0633013 0.264404
1 0.369291 0.0355235 0.0558894 0.071047 0.309814
1 0.369591 0.0365251 0.0552885 0.0730502 0.267334
1 0.367488 0.0366587 0.0576923 0.0733173 0.299805
1 0.368389 0.0365251 0.0588942 0.0730502 0.263672
1 0.369591 0.0314503 0.0540865 0.0629006 0.251709
1 0.369591 0.0369925 0.0576923 0.073985 0.307373
1 0.369892 0.035223 0.0570913 0.070446 0.331055
1 0.368389 0.0375267 0.0588942 0.0750534 0.281494
1 0.369892 0.0354233 0.0582933 0.0708467 0.291748
1 0.369291 0.0357906 0.0570914 0.0715812 0.309082
1 0.369591 0.0351229 0.0576923 0.0702457 0.270508
1 0.36899 0.0339543 0.0552885 0.0679087 0.277588
1 0.368389 0.0351896 0.0564904 0.0703793 0.272705
1 0.36899 0.0359241 0.0564904 0.0718483 0.286133
1 0.370192 0.0359241 0.0564904 0.0718483 0.306641
1 0.369591 0.0354901 0.0564904 0.0709802 0.338135
1 0.704327 0.561432 0.0432692 0.0619658 0.274414
1 0.36899 0.0367922 0.0588942 0.0735844 0.286133
1 0.369591 0.0354567 0.0576923 0.0709135 0.320068
1 0.369291 0.0323184 0.0552885 0.0646368 0.331055
1 0.370192 0.0363248 0.0600961 0.0726496 0.366699
1 0.704928 0.563034 0.0444711 0.0694444 0.276611
1 0.370192 0.0372596 0.0576923 0.0745192 0.360352
1 0.369291 0.0370593 0.0582933 0.0741186 0.342529
1 0.459135 0.0339209 0.0360577 0.0486111 0.250977
1 0.369591 0.0331864 0.0564904 0.0663729 0.309082
1 0.369892 0.0331197 0.0558894 0.0662393 0.325928
1 0.369591 0.0343216 0.0564904 0.0686432 0.347656
1 0.458534 0.0295807 0.0360577 0.0434028 0.269043
1 0.704327 0.566774 0.0432692 0.0673077 0.269043
1 0.448017 0.446047 0.0252404 0.0598291 0.256836
1 0.36899 0.0365251 0.0558894 0.0730502 0.407227
1 0.704327 0.567308 0.0432692 0.0662393 0.350342
1 0.838942 0.131143 0.0360577 0.0419338 0.318359
1 0.458534 0.0302484 0.0348557 0.0428686 0.317383
1 0.722356 0.440705 0.03125 0.0448718 0.286133
1 0.448918 0.446581 0.0252404 0.0576923 0.27124
1 0.368389 0.0367254 0.0576923 0.0734509 0.413086
1 0.704327 0.565705 0.0432692 0.0694444 0.324219
1 0.458834 0.0313669 0.0360577 0.0462407 0.310791
1 0.722356 0.440705 0.03125 0.0459402 0.29834
1 0.448317 0.448985 0.0264423 0.0598291 0.284668
1 0.838942 0.132212 0.0360577 0.0443376 0.282959
1 0.36899 0.0357238 0.0576923 0.0714477 0.416748
1 0.704928 0.567308 0.0420673 0.0662393 0.368408
1 0.448918 0.44765 0.0252404 0.0566239 0.338135
1 0.459135 0.0326022 0.0360577 0.04377 0.330322
1 0.722356 0.440438 0.03125 0.0422009 0.312256
1 0.839543 0.132078 0.0360578 0.039797 0.257568
1 0.369291 0.0340545 0.0582933 0.068109 0.49707
1 0.704928 0.566239 0.0420673 0.0705128 0.415771
1 0.458534 0.0312333 0.0354568 0.0451723 0.370117
1 0.448317 0.446047 0.0240385 0.0576923 0.352295
1 0.723558 0.438568 0.03125 0.0422009 0.334473
1 0.839543 0.130609 0.0348557 0.0405983 0.264404
1 0.369591 0.0349225 0.0564904 0.0698451 0.386719
1 0.704928 0.565171 0.0420673 0.0641026 0.352295
1 0.458834 0.0301149 0.0348558 0.043937 0.346924
1 0.448317 0.446581 0.0240385 0.0598291 0.329346
1 0.722356 0.438034 0.0300481 0.0416667 0.297363
1 0.839543 0.131143 0.0348557 0.0389957 0.262207
1 0.36899 0.0351896 0.0576923 0.0703793 0.460938
1 0.704327 0.565171 0.0408654 0.0673077 0.430176
1 0.458534 0.0294471 0.0354568 0.0431357 0.407227
1 0.722356 0.439103 0.03125 0.0427351 0.363037
1 0.448918 0.447382 0.0258414 0.0587607 0.351318
1 0.105619 0.975427 0.0291466 0.0491453 0.300781
1 0.839543 0.130609 0.0348557 0.0389957 0.299805
1 0.784255 0.179888 0.0288462 0.0592949 0.272705
1 0.370192 0.034789 0.0564904 0.069578 0.476562
1 0.704928 0.566239 0.0408654 0.0673077 0.390381
1 0.458834 0.0296307 0.0354567 0.0449052 0.38501
1 0.722957 0.439103 0.0300481 0.0438034 0.337158
1 0.449519 0.44765 0.0252404 0.0592948 0.319092
1 0.839543 0.131143 0.0348557 0.0411325 0.31665
1 0.106145 0.975427 0.0277945 0.0491453 0.281494
1 0.783654 0.179487 0.0288461 0.0587607 0.256836
1 0.369291 0.0350561 0.0558894 0.0701122 0.491211
1 0.459135 0.0306991 0.0360577 0.0427684 0.417725
1 0.704928 0.564103 0.0420673 0.068376 0.416748
1 0.722356 0.438568 0.03125 0.0416667 0.353027
1 0.448918 0.446848 0.0252404 0.0587607 0.332764
1 0.838942 0.131677 0.0360577 0.0392628 0.32251
1 0.105919 0.974893 0.0270433 0.0502136 0.254639
1 0.369591 0.0339209 0.0552885 0.0678419 0.458008
1 0.704928 0.564103 0.0420673 0.068376 0.432129
1 0.458534 0.0304487 0.0372596 0.0442041 0.410156
1 0.722356 0.438568 0.03125 0.0438034 0.376709
1 0.448918 0.446848 0.0252404 0.0582265 0.356689
1 0.838942 0.131143 0.0360577 0.0411325 0.342529
1 0.105469 0.974893 0.0282452 0.0502136 0.311523
1 0.783654 0.180155 0.0300481 0.059562 0.273682
1 0.369591 0.0350227 0.0570913 0.0700454 0.476562
1 0.705529 0.565171 0.0408654 0.0662393 0.420654
1 0.459135 0.032719 0.0360577 0.0438034 0.399902
1 0.722356 0.438568 0.0300481 0.042735 0.342529
1 0.449219 0.446848 0.0252404 0.0592949 0.331055
1 0.838942 0.132212 0.0360577 0.0405983 0.325195
1 0.105619 0.975962 0.0273438 0.0480769 0.271973
1 0.784856 0.180956 0.0288462 0.0587607 0.250977
1 0.370192 0.0351896 0.0564904 0.0703793 0.437744
1 0.705529 0.565171 0.0420673 0.0673077 0.436768
1 0.459135 0.0334535 0.0372596 0.0450053 0.40918
1 0.722356 0.439103 0.03125 0.0448718 0.364746
1 0.838942 0.132479 0.0360577 0.0416667 0.358398
1 0.448918 0.44765 0.0258414 0.0592948 0.337158
1 0.105919 0.975427 0.0285457 0.0491453 0.309814
1 0.784255 0.181357 0.0300481 0.0598291 0.269043
1 0.370793 0.0358574 0.0564904 0.0717147 0.486328
1 0.705529 0.566239 0.0408654 0.0662393 0.44458
1 0.459135 0.0332532 0.0360577 0.0440705 0.428223
1 0.722957 0.438836 0.0300481 0.042735 0.376709
1 0.839543 0.13141 0.0360578 0.0400641 0.373047
1 0.449519 0.448718 0.0264423 0.0592949 0.327637
1 0.106295 0.975427 0.0277945 0.0491453 0.308105
1 0.783654 0.181624 0.0288461 0.0592949 0.259033
1 0.370192 0.0361912 0.0564904 0.0723825 0.506836
1 0.705529 0.566239 0.0408654 0.0662393 0.452393
1 0.459736 0.0339877 0.0360577 0.0440705 0.432129
1 0.839543 0.132479 0.0360578 0.0400641 0.395996
1 0.722356 0.439637 0.03125 0.0432692 0.38208
1 0.448918 0.448985 0.0258414 0.0592948 0.342529
1 0.10607 0.975962 0.0273437 0.0480769 0.312256
1 0.784255 0.181891 0.0288462 0.0587607 0.265137
1 0.370192 0.0363916 0.0576923 0.0727831 0.466797
1 0.704928 0.566239 0.0420673 0.0662393 0.430176
1 0.459135 0.0337874 0.0360577 0.0440705 0.413086
1 0.838942 0.132212 0.0360577 0.0405983 0.368408
1 0.722356 0.439103 0.03125 0.0438034 0.364746
1 0.448918 0.448718 0.0264423 0.0598291 0.320801
1 0.10622 0.975694 0.0282452 0.0486111 0.303955
1 0.783654 0.181624 0.0300481 0.0598291 0.252441
1 0.370192 0.036258 0.0564904 0.072516 0.476562
1 0.705529 0.566239 0.0408654 0.0662393 0.452393
1 0.458834 0.0339209 0.0366586 0.0451389 0.439697
1 0.838942 0.132479 0.0360577 0.0416667 0.394287
1 0.722356 0.43937 0.03125 0.0448718 0.389648
1 0.448918 0.448184 0.0264423 0.0598291 0.33374
1 0.106145 0.975962 0.0277945 0.0480769 0.325195
1 0.783654 0.181357 0.0300481 0.0598291 0.265869
1 0.370192 0.0353232 0.0552885 0.0706464 0.453369
1 0.705529 0.566239 0.0408654 0.0662393 0.433105
1 0.459135 0.0337206 0.0360577 0.0443376 0.420654
1 0.722957 0.43937 0.03125 0.0443376 0.364746
1 0.839543 0.132746 0.0360578 0.0405983 0.355713
1 0.449219 0.448451 0.0264423 0.0598291 0.320068
1 0.106295 0.975427 0.0277945 0.0491453 0.299805
1 0.369892 0.0361579 0.0570913 0.0723157 0.463867
1 0.705529 0.566239 0.0408654 0.0662393 0.44458
1 0.459135 0.0335036 0.0366587 0.0441039 0.438721
1 0.838942 0.132479 0.0360577 0.0400641 0.373779
1 0.722957 0.439103 0.03125 0.0438034 0.373047
1 0.448918 0.448718 0.0264423 0.0598291 0.338135
1 0.10622 0.975427 0.0279447 0.0491453 0.312256
1 0.783654 0.182158 0.0300481 0.0592949 0.252441
1 0.369591 0.0349225 0.0564904 0.0698451 0.386719
1 0.704928 0.565171 0.0420673 0.0641026 0.352295
1 0.458834 0.0301149 0.0348558 0.043937 0.346924
1 0.448317 0.446581 0.0240385 0.0598291 0.329346
1 0.722356 0.438034 0.0300481 0.0416667 0.297363
1 0.839543 0.131277 0.0348557 0.0389957 0.262207
