1 0.457332 0.0163595 0.03125 0.032719 0.269043
1 0.714543 0.42281 0.0288462 0.0523504 0.320068
1 0.694712 0.554487 0.0456731 0.0683761 0.282959
1 0.78125 0.174679 0.0264423 0.0625 0.250977
1 0.365385 0.0246394 0.0570914 0.0492788 0.305664
1 0.695312 0.554487 0.0420673 0.059829 0.303223
1 0.697115 0.55235 0.0408654 0.0683761 0.252441
1 0.989784 0.38328 0.0204327 0.0870727 0.319092
1 0.780048 0.172676 0.0228365 0.0574252 0.263672
1 0.365084 0.0313168 0.0570914 0.0626335 0.262207
1 0.694712 0.556624 0.0432693 0.0726496 0.271973
1 0.365685 0.0343884 0.0582933 0.0687767 0.260498
1 0.69351 0.554487 0.0432693 0.0683761 0.259033
1 0.367788 0.0297142 0.0576923 0.0594284 0.335449
1 0.695913 0.554487 0.0432692 0.0641026 0.269043
1 0.367788 0.0351896 0.0552885 0.0703793 0.290283
1 0.697115 0.555556 0.0408654 0.0641026 0.272705
1 0.697115 0.55235 0.0432692 0.0705128 0.325928
1 0.365986 0.027711 0.0576923 0.055422 0.250977
1 0.365986 0.0305155 0.0564904 0.061031 0.329346
1 0.695312 0.555556 0.0444712 0.0683761 0.286865
1 0.366587 0.0276108 0.0540865 0.0552217 0.262207
1 0.697115 0.556624 0.0420673 0.0608974 0.259033
1 0.366587 0.0314169 0.0588942 0.0628339 0.281494
1 0.987079 0.392361 0.0258413 0.0998932 0.252441
1 0.366587 0.0297142 0.0576923 0.0594284 0.331055
1 0.987981 0.392361 0.0240384 0.0892094 0.275879
1 0.695312 0.554487 0.0444712 0.0705128 0.264404
1 0.695913 0.555556 0.0408654 0.0662393 0.252441
1 0.366286 0.0273771 0.0534856 0.0547543 0.286133
1 0.695913 0.554487 0.0408654 0.0619658 0.271973
1 0.365986 0.0303486 0.0564904 0.0606971 0.307373
1 0.694712 0.555021 0.0432693 0.0587607 0.254639
1 0.367788 0.0322516 0.0540865 0.0645032 0.346924
1 0.696514 0.554487 0.0456731 0.0662393 0.260498
1 0.694712 0.557692 0.0432693 0.0662393 0.306641
1 0.365986 0.0298144 0.0552885 0.0596287 0.279785
1 0.365685 0.0329193 0.0546875 0.0658387 0.320068
1 0.368389 0.0310831 0.0576923 0.0621661 0.327637
1 0.987981 0.387019 0.0240384 0.0924146 0.253174
1 0.698317 0.554487 0.0432692 0.0662393 0.253174
1 0.365385 0.0314169 0.0558894 0.0628339 0.269043
1 0.365385 0.0321848 0.0528846 0.0643697 0.313965
1 0.695913 0.558227 0.0432692 0.0715812 0.253174
1 0.366587 0.0283787 0.0558894 0.0567575 0.253906
1 0.366286 0.0313168 0.0528846 0.0626335 0.365723
1 0.697115 0.556624 0.0408654 0.0662393 0.312256
1 0.837139 0.134348 0.0336538 0.0459402 0.252441
1 0.366587 0.027711 0.0564904 0.055422 0.378418
1 0.695913 0.555556 0.0456731 0.0683761 0.306641
1 0.367788 0.0255743 0.0546875 0.0511485 0.337158
1 0.697115 0.556624 0.045673 0.0651709 0.324219
1 0.365385 0.028145 0.0552885 0.0562901 0.389648
1 0.695913 0.557692 0.0432692 0.0641026 0.338867
1 0.367188 0.0283454 0.0540865 0.0566907 0.319092
1 0.695312 0.557158 0.0432693 0.0619658 0.272705
1 0.366587 0.0327858 0.0546875 0.0655716 0.315674
1 0.695312 0.557692 0.0432693 0.0641026 0.268066
1 0.695312 0.556624 0.0456731 0.0662393 0.288574
1 0.694712 0.557692 0.0432693 0.0705129 0.325928
1 0.365986 0.0255075 0.0546875 0.051015 0.269043
1 0.695913 0.559295 0.0420673 0.0641026 0.286133
1 0.366587 0.0302484 0.0552885 0.0604968 0.263672
1 0.366887 0.0303152 0.0582933 0.0606303 0.338867
1 0.694111 0.553419 0.0444712 0.0662393 0.334473
1 0.366286 0.0267094 0.0552885 0.0534188 0.29834
1 0.365385 0.0264423 0.0552885 0.0528846 0.288574
1 0.695913 0.558227 0.0444712 0.0673077 0.250244
1 0.365685 0.0305155 0.0546875 0.061031 0.332031
1 0.697115 0.55609 0.0432692 0.0683761 0.27832
1 0.366587 0.032719 0.0552885 0.065438 0.35498
1 0.697115 0.557692 0.0408654 0.0662393 0.281494
1 0.365385 0.0330195 0.0576923 0.066039 0.280518
1 0.365385 0.028145 0.0540865 0.0562901 0.34082
1 0.695913 0.556624 0.0432692 0.0641026 0.268066
1 0.695913 0.557692 0.0444712 0.0662393 0.303223
1 0.366587 0.0309829 0.0552885 0.0619658 0.295898
1 0.365986 0.0315171 0.0570913 0.0630342 0.365723
1 0.694712 0.554487 0.0444712 0.0673077 0.29248
1 0.366887 0.031851 0.0564904 0.0637019 0.34082
1 0.695913 0.557158 0.0408654 0.0641026 0.282227
1 0.365986 0.0318176 0.0540865 0.0636352 0.291016
1 0.366286 0.0313502 0.0552885 0.0627003 0.29834
1 0.367188 0.026242 0.0564904 0.052484 0.27832
1 0.365685 0.0333868 0.0540865 0.0667735 0.290283
1 0.365986 0.0267762 0.0576923 0.0535524 0.307373
1 0.695312 0.555021 0.0444712 0.0673077 0.27124
1 0.365986 0.031684 0.0552885 0.0633681 0.307373
1 0.697115 0.555556 0.0432692 0.0683761 0.282959
1 0.367788 0.0255409 0.0540865 0.0510817 0.309082
1 0.366587 0.0340545 0.0552885 0.068109 0.29834
1 0.366587 0.0271434 0.0552885 0.0542869 0.330322
1 0.694712 0.555556 0.0432693 0.0641026 0.254639
1 0.365385 0.0320513 0.0552885 0.0641026 0.269043
1 0.366587 0.0302484 0.0564904 0.0604968 0.270508
1 0.697115 0.558761 0.0432692 0.0641026 0.258301
1 0.366587 0.0311165 0.0552885 0.0622329 0.303223
1 0.366587 0.0313168 0.0552885 0.0626335 0.277588
1 0.366587 0.0290131 0.0516827 0.0580262 0.291748
1 0.695913 0.557692 0.0432692 0.0651709 0.259766
1 0.365986 0.0305489 0.0528846 0.0610978 0.293457
1 0.694712 0.556624 0.0432693 0.0683761 0.254639
1 0.365986 0.0272436 0.0552885 0.0544872 0.306641
1 0.697115 0.556624 0.0444711 0.0673077 0.263672
1 0.367788 0.0264423 0.0540865 0.0528846 0.342529
1 0.694712 0.556624 0.0432693 0.0662393 0.267334
1 0.366587 0.0297476 0.0528846 0.0594952 0.34082
1 0.695913 0.558761 0.0432692 0.0641026 0.309814
1 0.366587 0.0276108 0.0552885 0.0552217 0.296631
1 0.367188 0.0272436 0.0564904 0.0544872 0.310791
1 0.695312 0.556624 0.0432693 0.0683761 0.271973
1 0.366887 0.0263421 0.0546875 0.0526843 0.291748
1 0.697115 0.558761 0.0432692 0.0683761 0.253174
1 0.366286 0.0289129 0.0552885 0.0578259 0.36377
1 0.695913 0.558761 0.0432692 0.0683761 0.284668
1 0.366887 0.0281116 0.0546875 0.0562233 0.353027
1 0.697115 0.557692 0.0444711 0.0662393 0.256836
1 0.365986 0.0320847 0.0528846 0.0641693 0.344238
1 0.695312 0.554487 0.0432693 0.0662393 0.267334
1 0.366587 0.026242 0.0540865 0.052484 0.317383
1 0.367188 0.0273771 0.0540865 0.0547543 0.328613
1 0.694712 0.556624 0.0432693 0.0683761 0.251709
1 0.365986 0.0278112 0.0540865 0.0556223 0.371094
1 0.694111 0.555556 0.0432693 0.0662393 0.319092
1 0.365986 0.0307826 0.0540865 0.0615652 0.420654
1 0.83774 0.130876 0.0336538 0.0470085 0.334473
1 0.694712 0.557692 0.0432693 0.0662393 0.279785
1 0.365986 0.030649 0.0552885 0.0612981 0.378418
1 0.694712 0.558761 0.0420673 0.0651709 0.334473
1 0.83774 0.130876 0.0348557 0.0480769 0.311523
1 0.366286 0.0302484 0.0552885 0.0604968 0.413086
1 0.695913 0.557158 0.0432692 0.0630342 0.385742
1 0.83774 0.130609 0.0336538 0.0448718 0.275879
1 0.780048 0.173611 0.0288462 0.0608974 0.253174
1 0.365986 0.0294471 0.0552885 0.0588942 0.486328
1 0.695913 0.556624 0.0432692 0.0630342 0.437744
1 0.83774 0.129006 0.0336538 0.0459402 0.300781
1 0.780048 0.172543 0.0288462 0.0603633 0.275146
1 0.438702 0.43563 0.0264423 0.0560897 0.250244
1 0.365685 0.029781 0.0546875 0.059562 0.387695
1 0.696514 0.555556 0.0420673 0.0641026 0.37207
1 0.83774 0.129541 0.0336538 0.045406 0.297363
1 0.438401 0.434295 0.0258413 0.0566239 0.260498
1 0.780048 0.173611 0.0264423 0.0630342 0.257568
1 0.365986 0.0292468 0.0552885 0.0584936 0.484375
1 0.696514 0.555556 0.0420673 0.0619658 0.439697
1 0.83774 0.129274 0.0336538 0.045406 0.328613
1 0.78125 0.174412 0.0288462 0.0614316 0.29248
1 0.439002 0.435096 0.0258413 0.0560897 0.267334
1 0.366887 0.0293136 0.0540865 0.0586271 0.485352
1 0.694712 0.555556 0.0420673 0.0662393 0.402588
1 0.83774 0.130075 0.0336538 0.0462073 0.336426
1 0.78125 0.174679 0.0276442 0.0614316 0.269043
1 0.366587 0.0288462 0.0540865 0.0576923 0.508789
1 0.695913 0.555556 0.0432692 0.0619658 0.437744
1 0.836538 0.129808 0.0336538 0.0438034 0.338867
1 0.78125 0.174679 0.0276442 0.0614316 0.2854
1 0.366587 0.0287794 0.0552885 0.0575588 0.508789
1 0.695913 0.555556 0.0432692 0.0641026 0.44458
1 0.83714 0.129541 0.0348557 0.0456731 0.364746
1 0.78125 0.173878 0.0288462 0.0614316 0.299805
1 0.455829 0.0215678 0.0372596 0.0431357 0.268066
1 0.439002 0.434829 0.0270432 0.0555556 0.264404
1 0.366587 0.029614 0.0552885 0.0592281 0.522461
1 0.697115 0.555556 0.0408654 0.0641026 0.44751
1 0.837139 0.130609 0.0336538 0.0448718 0.323486
1 0.366587 0.0297142 0.0552885 0.0594284 0.50293
1 0.696514 0.556624 0.0432692 0.0641026 0.445557
1 0.83774 0.130876 0.0336538 0.0464744 0.354004
1 0.439303 0.43563 0.0270433 0.0571581 0.274414
1 0.78125 0.175614 0.0288462 0.0622329 0.269043
1 0.367188 0.0295473 0.0540865 0.0590946 0.52832
1 0.696514 0.557692 0.0432692 0.0630342 0.44751
1 0.83714 0.130342 0.0348557 0.0448718 0.394287
1 0.456731 0.0247062 0.0360577 0.0472756 0.275146
1 0.439303 0.436165 0.0264423 0.0555556 0.27124
1 0.78125 0.176149 0.0288462 0.0619658 0.263672
1 0.716346 0.433761 0.03125 0.0470086 0.256836
1 0.366587 0.0300815 0.0540865 0.0601629 0.552734
1 0.696514 0.556624 0.0432692 0.0630342 0.457031
1 0.83774 0.130876 0.0336538 0.0446047 0.399902
1 0.439303 0.436966 0.0264423 0.0555556 0.2854
1 0.78125 0.176416 0.0288462 0.0616987 0.269775
1 0.456731 0.0251068 0.0366586 0.0470085 0.253906
1 0.716346 0.433761 0.03125 0.0470086 0.251709
1 0.366887 0.029781 0.0552885 0.059562 0.520508
1 0.697115 0.557158 0.0432692 0.0630342 0.435791
1 0.83714 0.130876 0.0348557 0.0448718 0.383057
1 0.439002 0.436432 0.0270432 0.0555556 0.269043
1 0.78125 0.176015 0.0300481 0.0625 0.260498
1 0.45643 0.02499 0.0366587 0.0472423 0.256836
1 0.366587 0.0299145 0.0540865 0.0598291 0.53418
1 0.697115 0.556624 0.0432692 0.0641026 0.454346
1 0.83714 0.130876 0.0348557 0.0459402 0.414795
1 0.78125 0.175481 0.0288462 0.0619658 0.286133
1 0.45613 0.0255242 0.0360577 0.0475093 0.284668
1 0.439002 0.436432 0.0270432 0.0566239 0.282959
1 0.716346 0.433227 0.0324519 0.0480769 0.259033
1 0.366887 0.029614 0.0546875 0.0592281 0.519531
1 0.697115 0.557158 0.0432692 0.0630342 0.439697
1 0.83714 0.130876 0.0348557 0.045406 0.373047
1 0.78125 0.175748 0.0288462 0.0619658 0.262207
1 0.439303 0.436165 0.0264423 0.0560897 0.258301
1 0.366587 0.0296474 0.0546875 0.0592949 0.533203
1 0.696514 0.556624 0.0432692 0.0641026 0.455078
1 0.83714 0.130609 0.0348557 0.0448718 0.383057
1 0.78125 0.175881 0.0288462 0.0619658 0.275879
1 0.439002 0.436432 0.0270432 0.0555556 0.275879
1 0.45643 0.0245893 0.0366587 0.0467081 0.262939
1 0.365685 0.029781 0.0546875 0.059562 0.387695
1 0.696514 0.555556 0.0420673 0.0641026 0.37207
1 0.83774 0.129541 0.0336538 0.045406 0.297363
1 0.438401 0.434295 0.0258413 0.0566239 0.26123
1 0.780048 0.173611 0.0264423 0.0630342 0.257568
