1 0.739183 0.101763 0.0865385 0.168002 0.435059
1 0.653846 0.551282 0.0360577 0.0897436 0.265869
1 0.101713 0.109509 0.0360577 0.0536859 0.250977
1 0.651442 0.547009 0.0372596 0.090812 0.271973
1 0.652644 0.551282 0.0372596 0.0918803 0.29248
1 0.101112 0.107639 0.0372596 0.048344 0.289307
1 0.652644 0.554487 0.0372596 0.0940171 0.251709
1 0.0990835 0.108841 0.0395132 0.0523504 0.256836
1 0.734976 0.0944177 0.0865385 0.168536 0.323486
1 0.651442 0.554487 0.0408654 0.0982906 0.313232
1 0.101262 0.110844 0.0360577 0.0443376 0.283691
1 0.655048 0.551282 0.0396635 0.0876069 0.264404
1 0.101187 0.113548 0.0377103 0.0496127 0.299805
1 0.101262 0.110176 0.038762 0.0467415 0.279053
1 0.102163 0.111779 0.0345553 0.0470085 0.262207
1 0.651442 0.555021 0.0384615 0.0929487 0.256104
1 0.654447 0.553419 0.0420673 0.100427 0.294922
1 0.102163 0.109776 0.0360577 0.0470085 0.264404
1 0.652644 0.547543 0.0408654 0.0982906 0.30249
1 0.100661 0.111145 0.0372596 0.0442708 0.253906
1 0.653846 0.55235 0.0432693 0.100427 0.280518
1 0.653846 0.553419 0.0408654 0.100427 0.345947
1 0.10006 0.111245 0.0402644 0.0440705 0.258301
1 0.100436 0.110844 0.0413161 0.0448718 0.27832
1 0.653245 0.559829 0.0396635 0.0876068 0.250977
1 0.0993089 0.111378 0.0390625 0.0446047 0.265869
1 0.0989333 0.112981 0.0422176 0.0438034 0.269043
0 0.735577 0.0961538 0.0925481 0.18563 0.259766
1 0.652644 0.55235 0.0408654 0.0982906 0.250977
1 0.100962 0.110276 0.039363 0.0444044 0.251709
1 0.652644 0.551282 0.0408654 0.0940171 0.257568
1 0.652644 0.550748 0.0408654 0.0961538 0.293457
1 0.101412 0.111645 0.0369591 0.0446047 0.265137
1 0.237981 0.269765 0.0285457 0.0555556 0.258301
1 0.668269 0.411859 0.0384615 0.0598291 0.250977
1 0.655048 0.549145 0.0432693 0.0982906 0.282227
1 0.101262 0.109275 0.0411659 0.0469418 0.270508
1 0.652043 0.553419 0.0420673 0.0961539 0.32251
1 0.0993089 0.110009 0.0435697 0.0513488 0.269043
1 0.653846 0.551816 0.0432693 0.0972222 0.2854
1 0.653846 0.550214 0.0432693 0.0918803 0.287842
1 0.23738 0.254741 0.030649 0.0567575 0.264404
1 0.23738 0.254541 0.0300481 0.0592949 0.317383
1 0.100811 0.106838 0.0408654 0.0446047 0.294189
1 0.668269 0.411592 0.0396635 0.0635684 0.319092
1 0.102764 0.110043 0.0348558 0.0389957 0.315674
1 0.236028 0.267361 0.0300481 0.0576923 0.281494
1 0.652043 0.55235 0.0420673 0.0982906 0.281494
1 0.23738 0.264957 0.0300481 0.0555556 0.313965
1 0.102088 0.111378 0.0374099 0.0422009 0.309814
1 0.653245 0.557692 0.0408654 0.0940171 0.300781
1 0.668269 0.413996 0.0384615 0.0641026 0.297363
1 0.100811 0.111946 0.0408654 0.0453392 0.352295
1 0.236478 0.26656 0.030649 0.0576923 0.335449
1 0.668269 0.41453 0.0384615 0.0662393 0.329346
1 0.652644 0.554487 0.0420673 0.0982906 0.319092
1 0.101337 0.10814 0.0374099 0.043336 0.383057
1 0.653846 0.55235 0.0408654 0.0918803 0.35498
1 0.236779 0.267094 0.0294471 0.0544872 0.351318
1 0.66887 0.413996 0.0384615 0.0630342 0.321777
1 0.100962 0.108474 0.0384615 0.0410657 0.427246
1 0.653846 0.551282 0.0408654 0.0940171 0.389648
1 0.23723 0.264957 0.0297476 0.0566239 0.377441
1 0.668269 0.412927 0.0372596 0.0630342 0.350342
1 0.102088 0.109509 0.0347055 0.0389957 0.381104
1 0.652644 0.553953 0.0408654 0.0972222 0.345947
1 0.236478 0.265224 0.0294471 0.0560897 0.343262
1 0.66887 0.413462 0.0372596 0.0630342 0.289307
1 0.101262 0.108707 0.0378606 0.0422009 0.449463
1 0.652644 0.554487 0.0408654 0.0961539 0.418701
1 0.23723 0.26656 0.0300481 0.0555556 0.394287
1 0.668269 0.413996 0.0384615 0.0630342 0.305664
1 0.100962 0.108841 0.0378606 0.0422009 0.424316
1 0.23753 0.267094 0.0291466 0.0544872 0.38208
1 0.652644 0.554487 0.0408654 0.0940171 0.38208
1 0.668269 0.412927 0.0384615 0.0630342 0.309082
1 0.101112 0.110043 0.0375601 0.0405983 0.430176
1 0.236929 0.265491 0.0294471 0.0534188 0.406494
1 0.653245 0.555021 0.0420673 0.090812 0.390381
1 0.66887 0.413996 0.0384615 0.0630342 0.320801
1 0.102314 0.108841 0.0357572 0.0408654 0.452393
1 0.652644 0.554487 0.0420673 0.0918804 0.419678
1 0.237079 0.264957 0.0297476 0.0544872 0.417725
1 0.668269 0.413194 0.0384615 0.0614316 0.344238
1 0.102539 0.109776 0.035006 0.039797 0.436768
1 0.653245 0.554487 0.0420673 0.0940171 0.40918
1 0.237079 0.266026 0.0288462 0.0544872 0.405518
1 0.66887 0.413996 0.0384615 0.0630342 0.327637
1 0.365986 0.189103 0.0252404 0.0502137 0.253174
1 0.102464 0.110043 0.0366587 0.0413996 0.443604
1 0.23723 0.266293 0.0303486 0.0560897 0.411133
1 0.653846 0.555021 0.0408654 0.0929487 0.403564
1 0.669471 0.413996 0.0384615 0.0630342 0.33374
1 0.653245 0.55609 0.0408654 0.0918803 0.436768
1 0.102239 0.110577 0.0368089 0.0411325 0.431152
1 0.23753 0.26656 0.0297476 0.0544872 0.422607
1 0.66887 0.41453 0.0384615 0.0630342 0.331055
1 0.366587 0.190304 0.0252404 0.0488782 0.272705
1 0.653846 0.555556 0.0408654 0.0940171 0.456055
1 0.101487 0.111378 0.0380108 0.0422009 0.443604
1 0.237079 0.267094 0.0300481 0.0560897 0.424316
1 0.669471 0.415064 0.0384615 0.0630342 0.353027
1 0.366587 0.190705 0.0252404 0.0496795 0.262939
1 0.652644 0.555556 0.0408654 0.0918803 0.424316
1 0.101938 0.11071 0.0380108 0.0413996 0.422607
1 0.237079 0.267094 0.03125 0.0566239 0.407227
1 0.668269 0.415064 0.0384615 0.0630342 0.324219
1 0.365986 0.189904 0.0258413 0.0491453 0.256836
1 0.653846 0.555556 0.0408654 0.0940171 0.442627
1 0.101938 0.110577 0.0374099 0.0413996 0.44165
1 0.23738 0.26656 0.030649 0.0566239 0.429199
1 0.668269 0.41453 0.0384615 0.0630342 0.329346
1 0.366286 0.190171 0.0264423 0.0491453 0.277588
1 0.653846 0.55609 0.0408654 0.0929487 0.422607
1 0.102314 0.111111 0.0366587 0.0411325 0.417725
1 0.23753 0.26656 0.0303486 0.0566239 0.412109
1 0.668269 0.41453 0.0384615 0.0630342 0.30249
1 0.366286 0.189637 0.0264423 0.0491453 0.259766
1 0.653245 0.555556 0.0420673 0.0940171 0.440674
1 0.102013 0.110844 0.0372596 0.0411325 0.439697
1 0.23738 0.26656 0.030649 0.0566239 0.422607
1 0.668269 0.415064 0.0384615 0.0630342 0.332031
1 0.365986 0.189637 0.0264423 0.0486111 0.262939
1 0.102013 0.109509 0.0348558 0.0389957 0.38208
1 0.653245 0.553953 0.0420673 0.0972222 0.345947
1 0.236478 0.265491 0.0294471 0.0566239 0.343262
1 0.66887 0.413462 0.0372596 0.0630342 0.289307
