1 0.758413 0.0993256 0.0841346 0.160323 0.454346
1 0.669471 0.547009 0.0372596 0.0897436 0.251709
1 0.670673 0.550214 0.0360577 0.0918803 0.269775
1 0.116737 0.107138 0.0420673 0.0490785 0.253906
1 0.114859 0.107105 0.0374099 0.0405983 0.255371
1 0.115948 0.106971 0.0379357 0.0470085 0.264404
1 0.753606 0.0934829 0.0865385 0.169605 0.323486
1 0.671875 0.550214 0.0456731 0.100427 0.282227
1 0.670673 0.55235 0.0408654 0.0961539 0.295898
1 0.114633 0.111378 0.0402644 0.0432692 0.251709
1 0.112079 0.108841 0.0396635 0.0480769 0.254639
1 0.116887 0.111912 0.0366587 0.0496795 0.288574
1 0.116887 0.110009 0.0366587 0.043336 0.250977
1 0.114784 0.108307 0.0378606 0.0416667 0.262939
1 0.114633 0.111645 0.0399639 0.0475427 0.283691
1 0.669471 0.553419 0.0384615 0.0918804 0.256104
1 0.673077 0.551816 0.0408654 0.0982906 0.256104
1 0.115009 0.109108 0.0410156 0.0470086 0.270508
1 0.670673 0.547142 0.0384615 0.0980235 0.2854
1 0.115535 0.110176 0.039363 0.0459402 0.269775
1 0.671875 0.550748 0.0420673 0.099359 0.256104
1 0.671875 0.553419 0.0408654 0.100427 0.363037
1 0.114633 0.111912 0.0369591 0.045406 0.253906
1 0.114408 0.107873 0.0380108 0.0428018 0.250244
1 0.115948 0.112179 0.0391376 0.0488782 0.253906
1 0.115159 0.107639 0.0377103 0.0448718 0.253906
1 0.115159 0.108707 0.0389123 0.042468 0.274414
1 0.673077 0.551816 0.0432692 0.0972222 0.274414
1 0.112755 0.104834 0.0398137 0.0451389 0.287842
1 0.671274 0.54968 0.0408654 0.0950854 0.27832
1 0.114633 0.111111 0.0399639 0.0443376 0.256836
1 0.673077 0.542735 0.0420673 0.0950854 0.265137
1 0.113507 0.107372 0.0416166 0.0470086 0.258301
1 0.112755 0.106437 0.0413161 0.0438034 0.303955
1 0.112981 0.105636 0.0402644 0.0462073 0.282227
1 0.670072 0.550748 0.0396635 0.099359 0.281494
1 0.113281 0.105502 0.0399639 0.045406 0.267334
1 0.671274 0.553419 0.0396635 0.0961539 0.258301
1 0.670673 0.55235 0.0420673 0.0982906 0.270508
1 0.113131 0.104701 0.0405649 0.0459402 0.254639
1 0.113206 0.105502 0.0395132 0.0446047 0.282959
1 0.670673 0.550214 0.0420673 0.0972222 0.270508
1 0.670673 0.551282 0.0432693 0.099359 0.257568
1 0.113882 0.106571 0.0399639 0.0448718 0.255371
1 0.113131 0.10607 0.0408654 0.0464076 0.273682
1 0.113882 0.107138 0.0408654 0.0464076 0.2854
1 0.671274 0.551282 0.0408654 0.0940171 0.279785
1 0.671274 0.550748 0.0408654 0.0961538 0.336426
1 0.113732 0.107071 0.0399639 0.0470753 0.308105
1 0.670673 0.553419 0.0408654 0.0940171 0.256104
1 0.673077 0.549145 0.0432692 0.099359 0.301514
1 0.113432 0.104834 0.0405649 0.0456731 0.276611
1 0.670673 0.551816 0.0432693 0.0972222 0.2854
1 0.113657 0.105102 0.0407151 0.0470085 0.256104
1 0.670673 0.553419 0.0420673 0.0961539 0.362061
1 0.113431 0.105469 0.0429688 0.0534856 0.308105
1 0.673077 0.55235 0.0432692 0.0982906 0.303223
1 0.113807 0.104935 0.0434195 0.051883 0.27832
1 0.672476 0.550214 0.0432692 0.0929487 0.309082
1 0.114333 0.106537 0.0417668 0.0502805 0.286133
1 0.113507 0.106571 0.0416166 0.0446047 0.265137
1 0.113056 0.104968 0.0416166 0.0475427 0.307373
1 0.670673 0.559829 0.0432693 0.100427 0.253906
1 0.11268 0.106604 0.0405649 0.0442708 0.350342
1 0.6875 0.408654 0.0372596 0.059829 0.321777
1 0.670673 0.55235 0.0432693 0.0982906 0.300781
1 0.671274 0.557692 0.0408654 0.0961538 0.31665
1 0.113432 0.108741 0.0399639 0.0458734 0.313232
1 0.6875 0.410791 0.0360577 0.0608974 0.295898
1 0.113431 0.109275 0.0411659 0.0490785 0.343262
1 0.671274 0.555556 0.0420673 0.099359 0.327637
1 0.6875 0.412393 0.0360577 0.0630342 0.312256
1 0.252103 0.265759 0.0348558 0.0603632 0.296631
1 0.113582 0.10627 0.0411659 0.0486779 0.368408
1 0.671875 0.552885 0.0432693 0.0950855 0.366699
1 0.6875 0.412393 0.0360577 0.0598291 0.304932
1 0.113432 0.10607 0.0405649 0.0480101 0.412109
1 0.671875 0.552885 0.0408654 0.0972222 0.403564
1 0.6875 0.411058 0.0360577 0.0603633 0.337158
1 0.252704 0.261218 0.0348558 0.0598291 0.286865
1 0.113582 0.107639 0.0399639 0.0462073 0.37207
1 0.672476 0.55235 0.0408654 0.0961539 0.345215
1 0.688101 0.411592 0.0348558 0.0603633 0.290283
1 0.252404 0.263622 0.0336539 0.0592949 0.264404
1 0.113507 0.105769 0.0404147 0.0470086 0.46875
1 0.670673 0.553419 0.0408654 0.0950855 0.433105
1 0.688101 0.412126 0.0348558 0.0603633 0.315674
1 0.38101 0.185363 0.0264423 0.0544872 0.2854
1 0.253005 0.263889 0.0336538 0.0582265 0.281494
1 0.113732 0.105235 0.0402644 0.0472756 0.424316
1 0.671274 0.553953 0.0396635 0.0929487 0.398926
1 0.6875 0.410791 0.0360577 0.0598291 0.309814
1 0.252855 0.265224 0.0339543 0.0576923 0.301514
1 0.380409 0.18563 0.0264423 0.0528846 0.256104
1 0.113732 0.107772 0.0408654 0.0456731 0.431152
1 0.671875 0.553419 0.0420673 0.0918804 0.40918
1 0.252404 0.263088 0.0342548 0.0576923 0.325195
1 0.688101 0.411592 0.0360577 0.0592949 0.323486
1 0.671274 0.553419 0.0420673 0.0940171 0.439697
1 0.113431 0.107372 0.0411659 0.0464744 0.436768
1 0.253005 0.262286 0.0336538 0.0587607 0.34082
1 0.6875 0.410523 0.0360577 0.0571581 0.324219
1 0.380409 0.185897 0.0276442 0.0547543 0.273682
1 0.114032 0.107639 0.0411659 0.0472756 0.438721
1 0.671875 0.55235 0.0420673 0.0961539 0.42627
1 0.688101 0.411859 0.0360577 0.0598291 0.319092
1 0.253155 0.263622 0.0333534 0.0582265 0.301514
1 0.114633 0.107672 0.0417668 0.0485443 0.44165
1 0.671875 0.553419 0.0420673 0.0961539 0.431152
1 0.688101 0.411859 0.0360577 0.0603632 0.323486
1 0.252855 0.264156 0.0345553 0.0603632 0.32251
1 0.671875 0.554487 0.0408654 0.0940171 0.458984
1 0.114258 0.10844 0.0407151 0.048344 0.431152
1 0.253005 0.264423 0.0348558 0.0587607 0.352295
1 0.688101 0.411859 0.0360577 0.0598291 0.32251
1 0.671875 0.554487 0.0408654 0.0950855 0.483398
1 0.114258 0.109008 0.0413161 0.0485443 0.44751
1 0.252704 0.26469 0.0348558 0.0598291 0.374756
1 0.688101 0.412927 0.0360577 0.0598291 0.338867
1 0.381611 0.188835 0.0270432 0.0576923 0.259033
1 0.671875 0.554487 0.0408654 0.0940171 0.446533
1 0.113582 0.108173 0.0414664 0.0480769 0.420654
1 0.253005 0.264423 0.0348558 0.0598291 0.336426
1 0.6875 0.412393 0.0360577 0.0598291 0.313232
1 0.671875 0.554487 0.0420673 0.0961539 0.466797
1 0.113582 0.107939 0.0408654 0.0480101 0.437744
1 0.252704 0.264423 0.0348558 0.0603632 0.354004
1 0.6875 0.411859 0.0360577 0.0598291 0.317383
1 0.380709 0.1875 0.0270433 0.0534188 0.256836
1 0.671875 0.554487 0.0420673 0.0950855 0.44751
1 0.113732 0.108707 0.0411659 0.0475427 0.420654
1 0.253005 0.264423 0.0348558 0.0603632 0.327637
1 0.6875 0.412393 0.0360577 0.0598291 0.299072
1 0.671875 0.554487 0.0420673 0.0950855 0.464844
1 0.113732 0.108707 0.0414663 0.0480769 0.44458
1 0.252704 0.264423 0.0354567 0.0608974 0.34082
1 0.6875 0.41266 0.0360577 0.059829 0.326904
1 0.113582 0.107639 0.0399639 0.0462073 0.37207
1 0.672476 0.55235 0.0408654 0.0961539 0.345215
1 0.688101 0.411592 0.0348558 0.0603633 0.290283
1 0.252404 0.263622 0.0336539 0.0592949 0.265137
