1 0.71875 0.486378 0.0348558 0.0528846 0.373047
1 0.825721 0.895299 0.0264423 0.0491453 0.266602
1 0.473558 0.966346 0.0204327 0.0470085 0.266602
1 0.717548 0.493056 0.0384615 0.0544872 0.300781
1 0.824519 0.898504 0.03125 0.0534188 0.266602
1 0.488281 0.179354 0.0240385 0.0523504 0.255371
1 0.277945 0.49172 0.0192308 0.0592948 0.250244
1 0.470553 0.984509 0.0300481 0.0309829 0.324219
1 0.823317 0.896368 0.0336538 0.0405983 0.272705
1 0.275841 0.511619 0.0204327 0.0472756 0.266602
1 0.717548 0.491453 0.0360577 0.0438034 0.263672
1 0.71875 0.507479 0.0360577 0.0416667 0.262939
1 0.275766 0.509081 0.0217849 0.0534188 0.286865
1 0.471154 0.98344 0.0288461 0.0331196 0.262207
1 0.27832 0.510684 0.0202825 0.0523504 0.286133
1 0.471154 0.982639 0.0240385 0.0347222 0.263672
1 0.277043 0.512286 0.0228365 0.0576923 0.268066
1 0.832933 0.0129207 0.0300481 0.0258413 0.253906
1 0.471154 0.984776 0.030048 0.0304487 0.250977
1 0.276743 0.511619 0.0204327 0.0536859 0.304932
1 0.472356 0.985043 0.0300481 0.0299145 0.282959
1 0.719952 0.509482 0.0372596 0.0472756 0.271973
1 0.832933 0.0120192 0.03125 0.0240385 0.263672
1 0.275541 0.510684 0.0216346 0.0576923 0.270508
1 0.832933 0.012086 0.0300481 0.024172 0.275879
1 0.276743 0.513355 0.0222356 0.0555556 0.250244
1 0.833534 0.0116854 0.030048 0.0233707 0.259033
1 0.275541 0.509081 0.0216346 0.0523504 0.256104
1 0.834135 0.00998264 0.03125 0.0199653 0.251709
1 0.275541 0.51015 0.0222356 0.0523504 0.262939
1 0.834135 0.0129541 0.03125 0.0259081 0.259033
1 0.832332 0.0110844 0.0300481 0.0221688 0.258301
1 0.275841 0.508547 0.0198317 0.0480769 0.256104
1 0.275541 0.509482 0.0186298 0.0494124 0.263672
1 0.391226 0.208868 0.0252404 0.0486111 0.259033
1 0.275541 0.509749 0.0204327 0.0531517 0.258301
1 0.831731 0.0115184 0.0288462 0.0230369 0.256836
1 0.487981 0.181624 0.0264423 0.0432692 0.269043
1 0.392428 0.208868 0.0252404 0.0502137 0.26123
1 0.48768 0.179487 0.0270432 0.0475427 0.270508
1 0.832933 0.0101997 0.03125 0.0203993 0.257568
1 0.48738 0.174412 0.0264423 0.0416667 0.267334
1 0.486178 0.17735 0.0264423 0.0400641 0.299805
1 0.27494 0.507612 0.0204327 0.0531517 0.294922
1 0.390625 0.203526 0.0252404 0.0507479 0.275146
1 0.359375 0.253472 0.03125 0.0422009 0.272705
1 0.831731 0.00864717 0.0288462 0.0172943 0.264404
1 0.275541 0.506944 0.0198317 0.0502137 0.308105
1 0.832933 0.00804621 0.0300481 0.0160924 0.300781
1 0.48738 0.180689 0.0264423 0.0413996 0.293457
1 0.391827 0.205395 0.0258413 0.0486111 0.277588
1 0.71875 0.505876 0.0384615 0.0480769 0.267334
1 0.27524 0.507479 0.0210336 0.0523504 0.327637
1 0.48738 0.181891 0.0276442 0.0432692 0.309082
1 0.391226 0.20633 0.0264423 0.051015 0.305664
1 0.471454 0.982906 0.0324519 0.034188 0.273682
1 0.832933 0.0085804 0.03125 0.0171608 0.269043
1 0.275541 0.507479 0.0204327 0.0491453 0.351318
1 0.48738 0.180956 0.0264423 0.0408654 0.341553
1 0.391526 0.206597 0.0264423 0.048344 0.31665
1 0.832933 0.0078125 0.0300481 0.015625 0.290283
1 0.471154 0.983707 0.031851 0.0325855 0.265869
1 0.359976 0.254808 0.03125 0.0443376 0.251709
1 0.275541 0.50414 0.0204327 0.0515492 0.375732
1 0.487981 0.181891 0.0252404 0.0379274 0.357666
1 0.391827 0.204728 0.0258413 0.0478098 0.352295
1 0.360577 0.255609 0.0300481 0.0411325 0.281494
1 0.471755 0.982372 0.031851 0.0352564 0.281494
1 0.833534 0.00771234 0.03125 0.0154247 0.265869
1 0.275165 0.504808 0.0205829 0.0512821 0.350342
1 0.486779 0.182692 0.0252404 0.0405983 0.33374
1 0.391226 0.205662 0.0252404 0.0475427 0.330322
1 0.832332 0.00714477 0.0288462 0.0142895 0.30249
1 0.359976 0.256677 0.031851 0.0448718 0.259033
1 0.275841 0.506544 0.0210337 0.051015 0.38501
1 0.48768 0.181757 0.0270432 0.0413996 0.383057
1 0.391827 0.205929 0.0264423 0.0486111 0.383057
1 0.832933 0.00717815 0.03125 0.0143563 0.332031
1 0.359976 0.255609 0.03125 0.0432692 0.318359
1 0.824519 0.905449 0.03125 0.0438034 0.284668
1 0.471454 0.982906 0.031851 0.034188 0.277588
1 0.71875 0.503739 0.0384615 0.0448718 0.259033
1 0.276442 0.507345 0.0198318 0.0494124 0.375732
1 0.48768 0.183093 0.0264423 0.0408654 0.356689
1 0.391827 0.206197 0.0252404 0.0496795 0.35498
1 0.832933 0.00752871 0.0300481 0.0150574 0.305664
1 0.359675 0.255609 0.030649 0.042735 0.300781
1 0.823918 0.904915 0.0324519 0.042735 0.264404
1 0.353666 0.382746 0.0324519 0.0651709 0.260498
1 0.471755 0.982906 0.030649 0.034188 0.256104
1 0.275916 0.505876 0.0202824 0.0480769 0.407227
1 0.48738 0.183227 0.0264423 0.0408654 0.378418
1 0.391526 0.206063 0.0258414 0.048344 0.377441
1 0.832933 0.00747863 0.03125 0.0149573 0.352295
1 0.359976 0.255876 0.03125 0.042735 0.296631
1 0.827524 0.904915 0.0324519 0.0448718 0.275146
1 0.471454 0.982906 0.03125 0.034188 0.255371
1 0.275916 0.505876 0.0202824 0.0480769 0.428223
1 0.48738 0.182959 0.0270433 0.0419337 0.410156
1 0.391827 0.205395 0.0264423 0.0480769 0.402588
1 0.832933 0.00744525 0.0300481 0.0148905 0.358398
1 0.359375 0.255876 0.03125 0.042735 0.331055
1 0.471454 0.982639 0.031851 0.0347222 0.301514
1 0.71875 0.503205 0.0384615 0.0459402 0.294189
1 0.823317 0.906517 0.0336538 0.0438034 0.289307
1 0.275841 0.50641 0.0204327 0.0491453 0.405518
1 0.48768 0.184028 0.0258413 0.0405983 0.398926
1 0.391827 0.205796 0.0252404 0.0494124 0.394287
1 0.832933 0.00789597 0.0288461 0.0157919 0.343262
1 0.360276 0.255342 0.0300481 0.042735 0.319092
1 0.827524 0.905983 0.0324519 0.0438035 0.29248
1 0.718149 0.499199 0.0372596 0.0443376 0.255371
1 0.275541 0.507612 0.0210336 0.051015 0.420654
1 0.48768 0.184428 0.0270432 0.0413996 0.390381
1 0.391827 0.207532 0.0264423 0.0496795 0.386719
1 0.832933 0.00854701 0.03125 0.017094 0.350342
1 0.360276 0.25641 0.030649 0.0438034 0.309814
1 0.826923 0.907051 0.0336538 0.0459402 0.294189
1 0.71875 0.503205 0.0384615 0.0470086 0.291016
1 0.471755 0.982906 0.032452 0.034188 0.254639
1 0.275766 0.507345 0.0205829 0.0494124 0.414795
1 0.487981 0.184829 0.0264423 0.0411325 0.386719
1 0.391827 0.207666 0.0264423 0.0494124 0.383057
1 0.832933 0.00752871 0.03125 0.0150574 0.323486
1 0.71875 0.503205 0.0384615 0.0459402 0.320068
1 0.360276 0.256944 0.030649 0.0438034 0.313232
1 0.826923 0.907586 0.0336538 0.0459401 0.277588
1 0.275841 0.508681 0.0204327 0.051015 0.418701
1 0.48738 0.184963 0.0264423 0.0408654 0.398926
1 0.391827 0.208467 0.0264423 0.0499466 0.398926
1 0.832933 0.00814637 0.03125 0.0162927 0.338135
1 0.71875 0.503739 0.0384615 0.0459402 0.326904
1 0.359976 0.256677 0.03125 0.042735 0.317383
1 0.826923 0.907051 0.0336538 0.0448718 0.286865
1 0.275541 0.508013 0.0210336 0.0502137 0.400635
1 0.391827 0.207933 0.0264423 0.0499466 0.380371
1 0.48738 0.184428 0.0276442 0.0413996 0.376709
1 0.71875 0.503739 0.0384615 0.0459402 0.320068
1 0.832933 0.00792935 0.03125 0.0158587 0.313232
1 0.359976 0.256677 0.03125 0.0438034 0.30249
1 0.826923 0.907051 0.0336538 0.0448718 0.269775
1 0.275841 0.507479 0.0210337 0.051282 0.422607
1 0.391827 0.207799 0.0264423 0.0502137 0.401611
1 0.48738 0.184428 0.0276442 0.0408654 0.398926
1 0.71875 0.503739 0.0384615 0.0470086 0.348633
1 0.832933 0.00824653 0.03125 0.0164931 0.345215
1 0.359675 0.25641 0.031851 0.0438034 0.327637
1 0.823918 0.907051 0.0336538 0.0448718 0.291748
1 0.471755 0.982372 0.032452 0.0352564 0.255371
1 0.275841 0.507612 0.0210337 0.051015 0.408203
1 0.391827 0.208066 0.0264423 0.0502137 0.388672
1 0.48738 0.18523 0.0276442 0.0403312 0.381104
1 0.833534 0.00851362 0.03125 0.0170272 0.330322
1 0.71875 0.503739 0.0384615 0.0459402 0.318359
1 0.359675 0.256677 0.03125 0.042735 0.303955
1 0.824519 0.907586 0.0336538 0.0438034 0.273682
1 0.275841 0.508013 0.0210337 0.0502137 0.419678
1 0.391827 0.208066 0.0264423 0.0496795 0.400635
1 0.48738 0.185096 0.0276442 0.0405983 0.394287
1 0.832933 0.00801282 0.03125 0.0160256 0.343262
1 0.71875 0.503739 0.0384615 0.0459402 0.332031
1 0.359375 0.257212 0.03125 0.0432692 0.310791
1 0.826923 0.907051 0.0336538 0.0448718 0.29248
1 0.275165 0.504808 0.0205829 0.0512821 0.350342
1 0.486779 0.182692 0.0252404 0.0405983 0.334473
1 0.391226 0.205662 0.0252404 0.0475427 0.330322
1 0.832332 0.00714477 0.0288462 0.0142895 0.30249
1 0.359976 0.256677 0.031851 0.0448718 0.259033
