1 0.938702 0.248932 0.0288462 0.0608974 0.266602
1 0.163762 0.102965 0.0420673 0.0515491 0.276611
1 0.727163 0.544338 0.0384615 0.090812 0.274414
1 0.728966 0.548077 0.0372596 0.0940171 0.250977
1 0.164814 0.102965 0.0465745 0.0512821 0.260498
1 0.729567 0.54594 0.0432692 0.103632 0.29834
1 0.810096 0.0862714 0.0841346 0.165064 0.297363
1 0.163161 0.105903 0.0438702 0.051015 0.254639
1 0.728365 0.550214 0.0408654 0.0982906 0.294922
1 0.163462 0.105803 0.0429688 0.0469418 0.255371
1 0.731971 0.547009 0.0384615 0.0854701 0.265137
1 0.164964 0.105636 0.0411659 0.0507479 0.305664
1 0.165865 0.102564 0.0420673 0.0446047 0.294189
1 0.73137 0.548077 0.0384615 0.0865384 0.252441
1 0.165565 0.101796 0.0363582 0.0458734 0.268066
1 0.727163 0.54968 0.0384615 0.0929487 0.259033
1 0.730769 0.550214 0.0384615 0.0961538 0.251709
1 0.730769 0.549145 0.0408654 0.0961539 0.271973
1 0.165415 0.103399 0.0408654 0.0453392 0.253174
1 0.728365 0.542735 0.0384615 0.100427 0.306641
1 0.165565 0.1039 0.039363 0.0462073 0.275879
1 0.729567 0.545406 0.0408654 0.102564 0.264404
1 0.165865 0.106003 0.0378606 0.0428018 0.260498
1 0.729567 0.54594 0.0408654 0.099359 0.343262
1 0.164964 0.101763 0.0408654 0.0446047 0.275146
1 0.165565 0.105235 0.0390625 0.0534188 0.2854
1 0.73137 0.550214 0.0408654 0.0961538 0.259766
1 0.165264 0.101629 0.0396635 0.0475427 0.266602
1 0.166016 0.101262 0.0408654 0.0480101 0.314941
1 0.730769 0.548077 0.0408654 0.0972222 0.287842
1 0.163762 0.103632 0.0426683 0.0480769 0.325195
1 0.164363 0.103599 0.0414663 0.0454728 0.272705
1 0.165565 0.103399 0.0402644 0.0490785 0.260498
1 0.163612 0.105803 0.0414664 0.0480101 0.253906
1 0.730769 0.541133 0.0408654 0.0961539 0.262939
1 0.164213 0.106036 0.0417668 0.0504808 0.287842
1 0.164363 0.1039 0.0402644 0.045406 0.30249
1 0.729567 0.544872 0.0408654 0.099359 0.267334
1 0.730769 0.547009 0.0420673 0.0950855 0.267334
1 0.165264 0.103666 0.0408654 0.0469418 0.266602
1 0.727163 0.541667 0.0384615 0.0961539 0.259766
1 0.164213 0.102965 0.0423678 0.0499466 0.259033
1 0.164964 0.103365 0.0414663 0.0544872 0.262207
1 0.164363 0.105369 0.0411659 0.0478098 0.277588
1 0.729567 0.548077 0.0384615 0.0982906 0.277588
1 0.728365 0.547142 0.0408654 0.10016 0.262939
1 0.728365 0.54594 0.0408654 0.0961539 0.264404
1 0.165264 0.101763 0.0420673 0.0475427 0.259033
1 0.164213 0.103065 0.0429688 0.0486779 0.274414
1 0.729567 0.546074 0.0384615 0.09375 0.265137
1 0.164062 0.103365 0.0426683 0.0480769 0.301514
1 0.728966 0.545406 0.0396635 0.0961539 0.301514
1 0.728365 0.54594 0.0408654 0.0972222 0.275146
1 0.164062 0.102264 0.0426683 0.0486779 0.269043
1 0.728365 0.547009 0.0408654 0.0961539 0.27832
1 0.164363 0.102965 0.0414663 0.048344 0.258301
1 0.728365 0.548077 0.0408654 0.0961539 0.347656
1 0.164213 0.102698 0.0453726 0.0531517 0.2854
1 0.728365 0.546474 0.0408654 0.0961539 0.282959
1 0.164213 0.10203 0.0447716 0.0523504 0.256104
1 0.729567 0.546074 0.0408654 0.09375 0.299805
1 0.165114 0.103766 0.0435697 0.0488782 0.272705
1 0.164513 0.0981571 0.0441707 0.051015 0.262939
1 0.432692 0.17695 0.0288461 0.0552885 0.260498
1 0.728365 0.545807 0.0432692 0.0985577 0.319092
1 0.43119 0.178419 0.0276443 0.0528846 0.296631
1 0.164964 0.097723 0.0414663 0.046007 0.291016
1 0.164964 0.0986912 0.0402644 0.0467415 0.346924
1 0.728966 0.54968 0.0420673 0.100427 0.313232
1 0.432392 0.180422 0.0276443 0.0518162 0.282227
1 0.302284 0.263355 0.0360577 0.0630342 0.266602
1 0.164062 0.100427 0.0426683 0.0499466 0.371094
1 0.728365 0.54968 0.0408654 0.099359 0.356689
1 0.301983 0.264957 0.0372596 0.0646368 0.303955
1 0.432993 0.181357 0.0294471 0.0536859 0.282227
1 0.164964 0.0994925 0.0408654 0.0459402 0.390381
1 0.729567 0.550214 0.0432692 0.0961538 0.384033
1 0.432692 0.180556 0.0276442 0.0528846 0.33374
1 0.728365 0.548611 0.0432692 0.0982906 0.44458
1 0.164363 0.0992254 0.0414663 0.0470086 0.418701
1 0.432692 0.181357 0.0264423 0.0496795 0.373779
1 0.301683 0.263088 0.0360577 0.0625 0.258301
1 0.164513 0.100661 0.0411659 0.0454728 0.399902
1 0.728966 0.549145 0.0408654 0.0982906 0.39502
1 0.432091 0.182292 0.0252404 0.051015 0.336426
1 0.301683 0.262821 0.0360577 0.0619658 0.258301
1 0.728365 0.548611 0.0408654 0.0972222 0.476562
1 0.164062 0.100661 0.0426683 0.0470753 0.46875
1 0.433293 0.182158 0.0276442 0.0512821 0.39502
1 0.301983 0.262821 0.0366586 0.0608974 0.328613
1 0.729567 0.548611 0.0384615 0.0950855 0.445557
1 0.163912 0.100194 0.0417668 0.0480102 0.439697
1 0.432993 0.182826 0.0270432 0.0504808 0.369385
1 0.302284 0.263355 0.0354567 0.0608974 0.335449
1 0.745793 0.405449 0.0336538 0.0560897 0.279785
1 0.729567 0.549012 0.0408654 0.0985577 0.457031
1 0.163912 0.101362 0.0423678 0.0451389 0.44751
1 0.432692 0.182425 0.0264423 0.0504808 0.368408
1 0.302284 0.260684 0.0360577 0.0608974 0.313232
1 0.746394 0.40812 0.0360577 0.0576923 0.290283
1 0.728966 0.548211 0.0408654 0.0980235 0.476562
1 0.164363 0.100561 0.0414663 0.0459402 0.435791
1 0.432692 0.181624 0.0288461 0.0518162 0.412109
1 0.301683 0.260684 0.0372596 0.0619658 0.357666
1 0.746394 0.40812 0.0372596 0.0566239 0.320801
1 0.729567 0.547142 0.0408654 0.0958867 0.470703
1 0.164663 0.10203 0.0414663 0.0459402 0.440674
1 0.433293 0.183093 0.0264423 0.0502137 0.369385
1 0.302284 0.262286 0.0372596 0.0608974 0.344238
1 0.746995 0.407586 0.0384615 0.059829 0.312256
1 0.729567 0.549012 0.0408654 0.0985577 0.462891
1 0.164964 0.101629 0.0420673 0.0472756 0.449463
1 0.433594 0.183494 0.0282452 0.0515492 0.367432
1 0.302284 0.262286 0.0378606 0.0630342 0.348633
1 0.747596 0.407853 0.0384615 0.0598291 0.269043
1 0.729567 0.550214 0.0408654 0.0961538 0.46875
1 0.164663 0.100661 0.0420673 0.0454728 0.446533
1 0.302284 0.262286 0.0372596 0.0619658 0.392334
1 0.433894 0.184028 0.0276442 0.0507479 0.364746
1 0.747596 0.407586 0.0372596 0.0576923 0.312256
1 0.730168 0.550214 0.0408654 0.0961538 0.50293
1 0.164513 0.10203 0.0417668 0.0470086 0.466797
1 0.302284 0.263355 0.0372596 0.0619658 0.398926
1 0.433293 0.184028 0.0276442 0.0502137 0.376709
1 0.747596 0.40812 0.0384615 0.0608974 0.315674
1 0.729567 0.54968 0.0408654 0.0961539 0.463867
1 0.164363 0.101362 0.0414663 0.0462073 0.440674
1 0.301683 0.263088 0.0372596 0.0619658 0.370117
1 0.433293 0.184028 0.0294471 0.0507479 0.358398
1 0.746995 0.40812 0.0384615 0.059829 0.313965
1 0.729567 0.550214 0.0408654 0.0982906 0.484375
1 0.164363 0.101729 0.0414663 0.0460069 0.466797
1 0.301683 0.263355 0.0372596 0.0619658 0.397949
1 0.433293 0.183894 0.0288461 0.0504808 0.38208
1 0.747596 0.407853 0.0384615 0.0603632 0.334473
1 0.729567 0.550214 0.0408654 0.0972222 0.463867
1 0.164663 0.102431 0.0408654 0.0459402 0.438721
1 0.301683 0.262821 0.0372596 0.0619658 0.371094
1 0.433293 0.184428 0.0288461 0.0499466 0.357666
1 0.747596 0.407318 0.0384615 0.0603633 0.315674
1 0.729567 0.550214 0.0408654 0.0972222 0.479492
1 0.164363 0.102163 0.0417668 0.0459402 0.460938
1 0.301683 0.262821 0.0372596 0.0619658 0.385742
1 0.433293 0.184562 0.0288461 0.0502137 0.373047
1 0.747596 0.407051 0.0384615 0.0598291 0.320801
1 0.164513 0.100661 0.0411659 0.0454728 0.399902
1 0.728966 0.549145 0.0408654 0.0982906 0.39502
1 0.432091 0.182292 0.0252404 0.051015 0.337158
1 0.301683 0.262821 0.0360577 0.0619658 0.258301
