1 0.332332 0.441506 0.0300481 0.0491453 0.294189
1 0.394832 0.483974 0.0216346 0.0470085 0.279053
1 0.544471 0.315171 0.0234375 0.0320513 0.255371
1 0.332031 0.441239 0.030649 0.0502137 0.297363
1 0.394832 0.483707 0.0240385 0.0496795 0.271973
1 0.544471 0.317308 0.0252404 0.034188 0.256836
1 0.545072 0.314637 0.0240385 0.0315171 0.290283
1 0.394832 0.482906 0.0240385 0.0491453 0.287842
1 0.332332 0.440171 0.0288461 0.0470086 0.282959
1 0.394832 0.481838 0.0228365 0.0480769 0.315674
1 0.545072 0.316239 0.0228365 0.0299145 0.303223
1 0.332332 0.439103 0.0300481 0.0480769 0.299805
1 0.240986 0.388889 0.0240385 0.0288461 0.266602
1 0.332031 0.439637 0.0288461 0.0475427 0.259033
1 0.544171 0.315171 0.0228365 0.0299145 0.258301
1 0.394231 0.483707 0.0216346 0.0475427 0.258301
1 0.239784 0.38969 0.0240385 0.0293803 0.253906
1 0.545072 0.314103 0.0240385 0.0320513 0.318359
1 0.332632 0.438568 0.0294471 0.0459402 0.309082
1 0.394832 0.482105 0.0234375 0.0486111 0.300781
1 0.240685 0.388355 0.0258414 0.0299145 0.297363
1 0.63101 0.55235 0.0408654 0.0726496 0.270508
1 0.394832 0.481303 0.0228365 0.0491453 0.318359
1 0.545072 0.315171 0.0240385 0.0309829 0.293457
1 0.240385 0.388889 0.0252404 0.0299145 0.283691
1 0.332332 0.43937 0.0288461 0.0470085 0.268066
1 0.544471 0.315705 0.0240385 0.0309829 0.310791
1 0.332031 0.438836 0.0294471 0.0464744 0.309814
1 0.394832 0.482372 0.0240385 0.0491453 0.303955
1 0.240084 0.389423 0.0252404 0.0299145 0.253906
1 0.544471 0.315171 0.0246394 0.0320513 0.320801
1 0.332332 0.438568 0.0288461 0.0470086 0.313232
1 0.394531 0.481036 0.0252404 0.0507479 0.306641
1 0.63101 0.55235 0.0408654 0.0715812 0.288574
1 0.239934 0.389957 0.0264423 0.0299145 0.282959
1 0.544772 0.314637 0.0240385 0.0309829 0.329346
1 0.332332 0.438836 0.0288461 0.0464744 0.294922
1 0.394832 0.482105 0.0240385 0.0507479 0.286865
1 0.240385 0.388889 0.0246394 0.0288461 0.263672
1 0.545072 0.315171 0.0252404 0.0320513 0.300781
1 0.394832 0.481303 0.0252404 0.051282 0.290283
1 0.332332 0.438568 0.0300481 0.0480769 0.288574
1 0.332632 0.438836 0.0294471 0.0475427 0.317383
1 0.545072 0.315171 0.0252404 0.0309829 0.310791
1 0.394832 0.482906 0.0252404 0.0502137 0.29248
1 0.241136 0.389423 0.0258414 0.0299145 0.268066
1 0.544772 0.315705 0.0246395 0.0320513 0.337158
1 0.332332 0.439103 0.0288461 0.0475427 0.326904
1 0.394832 0.482906 0.0246394 0.051282 0.320068
1 0.240685 0.389957 0.0258414 0.0299145 0.286133
1 0.631611 0.554487 0.0408654 0.0747863 0.264404
1 0.394832 0.482906 0.0258414 0.051282 0.30249
1 0.332332 0.439103 0.0300481 0.0480769 0.300781
1 0.544471 0.315171 0.0252404 0.0320513 0.296631
1 0.240685 0.38969 0.0270433 0.0299145 0.252441
1 0.394832 0.481838 0.0252404 0.051282 0.325928
1 0.545072 0.315171 0.0252404 0.0320513 0.323486
1 0.332332 0.439103 0.0300481 0.0491453 0.303955
1 0.240685 0.38969 0.0264423 0.0299145 0.279053
1 0.332632 0.439103 0.0300481 0.0480769 0.293457
1 0.394832 0.482639 0.0252404 0.0507479 0.293457
1 0.545072 0.316239 0.0252404 0.0315171 0.291016
1 0.394531 0.482372 0.0246394 0.0502137 0.320068
1 0.332332 0.438568 0.0300481 0.0475427 0.30249
1 0.545072 0.316239 0.0252404 0.0309829 0.286865
1 0.240685 0.389957 0.0264423 0.0293803 0.251709
1 0.332031 0.439637 0.0288461 0.0475427 0.259033
1 0.544171 0.315171 0.0228365 0.0299145 0.258301
1 0.394231 0.483707 0.0216346 0.0475427 0.258301
1 0.239784 0.38969 0.0240385 0.0293803 0.254639
