1 0.526743 0.984776 0.0210337 0.0304487 0.252441
1 0.0533353 0.887821 0.0351563 0.100427 0.251709
1 0.527945 0.985577 0.0198317 0.0288461 0.253906
1 0.0555702 0.890491 0.0360953 0.0972222 0.271973
1 0.661058 0.165999 0.0456731 0.0977564 0.281494
1 0.65625 0.162927 0.0408654 0.0982906 0.361084
1 0.659856 0.168536 0.0432692 0.101496 0.291016
1 0.0521334 0.88141 0.0320012 0.0918804 0.256104
1 0.0507061 0.88141 0.0253906 0.0897436 0.29248
1 0.658654 0.164797 0.045673 0.10016 0.289307
1 0.660457 0.167468 0.0444712 0.0998932 0.269043
1 0.661058 0.168536 0.0432693 0.10203 0.269043
1 0.661058 0.167468 0.0432693 0.102564 0.29834
1 0.661659 0.169338 0.0432693 0.105769 0.306641
1 0.660457 0.170673 0.0432693 0.10203 0.262939
1 0.661058 0.166934 0.0408654 0.0972222 0.269775
1 0.661058 0.170807 0.0432693 0.101229 0.294189
1 0.553486 0.301816 0.0396635 0.0603633 0.267334
1 0.659856 0.167468 0.0408654 0.0982906 0.323486
1 0.659856 0.169338 0.0432692 0.09375 0.280518
1 0.660457 0.167735 0.0420673 0.103098 0.272705
1 0.660457 0.168002 0.0408654 0.099359 0.306641
1 0.553185 0.300748 0.0390625 0.0619658 0.256836
1 0.661058 0.168403 0.0420673 0.101496 0.299072
1 0.661058 0.17094 0.0420673 0.100427 0.38208
1 0.661058 0.169071 0.0432693 0.101229 0.327637
1 0.661058 0.167869 0.0408654 0.0990919 0.306641
1 0.554087 0.305021 0.0390625 0.0641026 0.251709
1 0.661058 0.167735 0.0408654 0.103365 0.270508
1 0.661058 0.167735 0.0408654 0.103098 0.281494
1 0.554087 0.291132 0.0396635 0.0630342 0.266602
1 0.659255 0.167334 0.0420673 0.103098 0.365723
1 0.552885 0.299412 0.0408654 0.0630342 0.317383
1 0.554087 0.299145 0.0396635 0.0619658 0.362061
1 0.661058 0.165598 0.0408654 0.101229 0.321777
1 0.536058 0.130342 0.0276443 0.0379274 0.257568
1 0.660457 0.168136 0.0420673 0.10016 0.369385
1 0.553486 0.300214 0.0396635 0.0651709 0.359375
1 0.661058 0.169071 0.0408654 0.0961539 0.427246
1 0.553486 0.300214 0.0402644 0.0608974 0.360352
1 0.0491286 0.872329 0.0234375 0.0641026 0.269043
1 0.553486 0.299679 0.0396635 0.0635684 0.42334
1 0.659856 0.168536 0.0420673 0.100427 0.401611
1 0.0489032 0.865919 0.0214844 0.0502136 0.29248
1 0.660457 0.167468 0.0408654 0.0998932 0.402588
1 0.553486 0.298611 0.0390625 0.0641026 0.366699
1 0.0484525 0.871795 0.0226863 0.0619658 0.31665
1 0.660457 0.167869 0.0408654 0.100694 0.44751
1 0.552885 0.298611 0.0384615 0.0614316 0.44165
1 0.0496545 0.876068 0.0244892 0.0705128 0.342529
1 0.539363 0.131677 0.0270432 0.0360577 0.26123
1 0.660457 0.169071 0.0408654 0.0977564 0.44165
1 0.553486 0.299412 0.0384615 0.0625 0.405518
1 0.0496545 0.885684 0.0264423 0.0854701 0.312256
1 0.539062 0.132479 0.0276443 0.0373932 0.260498
1 0.553486 0.298611 0.0384615 0.0625 0.435791
1 0.659255 0.169872 0.0420673 0.0998932 0.380371
1 0.048753 0.875534 0.023738 0.0662393 0.297363
1 0.539663 0.13328 0.0276442 0.0352564 0.268066
1 0.552885 0.298611 0.0396635 0.0630342 0.443604
1 0.659856 0.169338 0.0408654 0.100427 0.396973
1 0.0488281 0.875 0.0243389 0.0641025 0.309814
1 0.539663 0.132212 0.0264423 0.0357906 0.250977
1 0.553486 0.299679 0.0390625 0.0630342 0.437744
1 0.660457 0.168269 0.0408654 0.099359 0.413086
1 0.0495793 0.873932 0.0232873 0.0641025 0.325928
1 0.539964 0.133413 0.0264423 0.0331197 0.251709
1 0.553786 0.299679 0.0396635 0.0630342 0.452393
1 0.661058 0.17094 0.0408654 0.101763 0.369385
1 0.05003 0.880342 0.0249399 0.0747863 0.306641
1 0.539363 0.133681 0.0276443 0.0365919 0.284668
1 0.553486 0.300214 0.0384615 0.0619658 0.461914
1 0.660457 0.170807 0.0408654 0.0990919 0.39502
1 0.0501991 0.884615 0.0261043 0.0811966 0.314941
1 0.539363 0.13328 0.0282452 0.0357906 0.299805
1 0.553786 0.301282 0.0390625 0.0630342 0.472656
1 0.660457 0.170406 0.0408654 0.0998932 0.38501
1 0.0496545 0.876068 0.0241887 0.0673077 0.304932
1 0.539663 0.133413 0.0276442 0.0355235 0.300781
1 0.527945 0.982906 0.0198317 0.034188 0.259033
1 0.553185 0.301549 0.0390625 0.0630342 0.440674
1 0.661058 0.171207 0.0408654 0.0998932 0.388672
1 0.0494479 0.877671 0.0249023 0.0683761 0.280518
1 0.539663 0.133547 0.0276442 0.0357906 0.277588
1 0.553486 0.300748 0.0396635 0.0641026 0.458984
1 0.661058 0.171341 0.0408654 0.102297 0.394287
1 0.539062 0.133547 0.0276443 0.036859 0.299805
1 0.528245 0.982372 0.0204327 0.0352564 0.284668
1 0.0495042 0.878205 0.0247897 0.0705128 0.281494
1 0.553486 0.300748 0.0390625 0.0630342 0.44458
1 0.661058 0.170673 0.0408654 0.101496 0.391357
1 0.539663 0.133814 0.0276442 0.0357906 0.273682
1 0.528245 0.982906 0.0204327 0.034188 0.258301
1 0.0495042 0.877137 0.023738 0.0662393 0.252441
1 0.553486 0.300748 0.0396635 0.0630342 0.460938
1 0.661058 0.17094 0.0408654 0.100427 0.385742
1 0.539363 0.13328 0.0276443 0.0357906 0.2854
1 0.0495042 0.874466 0.0235877 0.0630341 0.27832
1 0.660457 0.167468 0.0408654 0.0998932 0.402588
1 0.553486 0.298611 0.0390625 0.0641026 0.366699
1 0.0484525 0.871795 0.0225361 0.0619658 0.315674
