1 0.24354 0.518697 0.0204327 0.0491453 0.330322
1 0.826322 0.18563 0.0444711 0.0745192 0.280518
1 0.329928 0.790064 0.0444711 0.0576924 0.265869
1 0.507212 0.17922 0.046274 0.0801282 0.314941
1 0.824519 0.184829 0.0480769 0.0860043 0.289307
1 0.507812 0.179621 0.046875 0.0857372 0.451416
1 0.823317 0.198451 0.0384615 0.0694444 0.338135
1 0.757212 0.271368 0.0420673 0.0464744 0.291748
1 0.326923 0.78312 0.0456731 0.0576924 0.287842
1 0.522837 0.685898 0.0444712 0.0854701 0.266602
1 0.241587 0.541667 0.031851 0.0491453 0.262939
1 0.327524 0.783654 0.0420673 0.0641025 0.320068
1 0.507512 0.17508 0.0438702 0.0670406 0.303955
1 0.826923 0.182158 0.0408653 0.0742521 0.289307
1 0.524038 0.685898 0.0432693 0.0854701 0.274414
1 0.106971 0.385684 0.0249399 0.0726496 0.260498
1 0.506911 0.184295 0.0546875 0.0838675 0.250977
1 0.326923 0.786325 0.0426683 0.0555556 0.251709
1 0.510216 0.182025 0.0528846 0.0876068 0.310791
1 0.327524 0.787927 0.046875 0.0758547 0.30249
1 0.757212 0.27484 0.0432693 0.0571581 0.269043
1 0.50601 0.182158 0.0504807 0.0860043 0.318359
1 0.507212 0.185897 0.0492788 0.0886752 0.395996
1 0.328425 0.784188 0.0432692 0.0598291 0.337158
1 0.521635 0.683761 0.0492788 0.100427 0.266602
1 0.330529 0.791667 0.0420673 0.059829 0.297363
1 0.506911 0.176015 0.0456731 0.0625 0.286133
1 0.830529 0.201656 0.0384616 0.0758547 0.254639
1 0.329327 0.786325 0.0420673 0.0630342 0.364746
1 0.454026 0.92468 0.0234375 0.0384616 0.271973
1 0.24369 0.53953 0.0324519 0.0555556 0.257568
1 0.328425 0.790598 0.0450721 0.0641025 0.301514
1 0.506911 0.185764 0.0510817 0.0873397 0.296631
1 0.326623 0.788462 0.0456731 0.0694444 0.291748
1 0.507212 0.176015 0.046875 0.0678419 0.2854
1 0.508714 0.178552 0.0444712 0.0686432 0.291016
1 0.330228 0.790598 0.0432692 0.0544872 0.279785
1 0.328425 0.787927 0.0510817 0.0651709 0.259766
1 0.50601 0.176149 0.0492788 0.0787927 0.300781
1 0.520733 0.688034 0.0546875 0.0961539 0.288574
1 0.328125 0.785256 0.046875 0.065171 0.254639
1 0.327825 0.785256 0.0438702 0.059829 0.27124
1 0.328726 0.786325 0.046875 0.0683761 0.272705
1 0.327224 0.787393 0.046274 0.0662393 0.326904
1 0.505409 0.181624 0.0492788 0.0849359 0.291748
1 0.325721 0.78953 0.0444711 0.059829 0.281494
1 0.508714 0.178686 0.047476 0.0779915 0.339844
1 0.523438 0.686966 0.0492788 0.0833334 0.294922
1 0.329327 0.790598 0.046875 0.0641025 0.281494
1 0.757212 0.27297 0.0456731 0.0502137 0.270508
1 0.328125 0.785791 0.047476 0.065171 0.27832
1 0.327524 0.788462 0.0432692 0.0641025 0.344238
1 0.757212 0.275107 0.0408654 0.0470085 0.306641
1 0.241887 0.53953 0.0330529 0.0523504 0.280518
1 0.507512 0.183227 0.046274 0.0827992 0.266602
1 0.106971 0.387286 0.0234375 0.0715812 0.258301
1 0.327524 0.787393 0.0444712 0.0619658 0.306641
1 0.757212 0.274573 0.0456731 0.0475427 0.303223
1 0.108173 0.387821 0.0234375 0.0747863 0.257568
1 0.329327 0.790598 0.0444711 0.0619658 0.325195
1 0.757212 0.273504 0.0456731 0.0470086 0.29834
1 0.507212 0.179888 0.0504807 0.0798611 0.295898
1 0.243239 0.538462 0.0348558 0.0555556 0.286133
1 0.328125 0.791667 0.0450721 0.0641025 0.329346
1 0.50601 0.183227 0.0510818 0.0860043 0.326904
1 0.107422 0.390491 0.0264423 0.073718 0.313965
1 0.75601 0.273504 0.0432693 0.0486111 0.296631
1 0.241887 0.53953 0.0333534 0.0555556 0.266602
1 0.506611 0.182826 0.0450721 0.0782586 0.369385
1 0.328125 0.791667 0.0444711 0.0619658 0.301514
1 0.241587 0.542735 0.0330529 0.0555556 0.263672
1 0.755409 0.278579 0.0432693 0.0432692 0.258301
1 0.75601 0.274306 0.0456731 0.0464744 0.341553
1 0.328726 0.788996 0.0444711 0.0630341 0.317383
1 0.241436 0.540064 0.0357572 0.0544872 0.288574
1 0.453125 0.924145 0.0264423 0.0405983 0.271973
1 0.505108 0.180021 0.0516827 0.0844017 0.269775
1 0.327224 0.785256 0.0450721 0.0641026 0.319092
1 0.755409 0.276442 0.0444712 0.0470086 0.318359
1 0.50601 0.180556 0.0486779 0.0844017 0.311523
1 0.241887 0.540598 0.0330529 0.0555556 0.271973
1 0.50601 0.179888 0.0480769 0.076656 0.345947
1 0.327825 0.786325 0.0456731 0.0619658 0.314941
1 0.755409 0.278312 0.0444712 0.0438034 0.2854
1 0.107422 0.388889 0.023137 0.0726496 0.275146
1 0.241286 0.542735 0.0324519 0.0534188 0.250244
1 0.328726 0.78312 0.046875 0.0619659 0.342529
1 0.75601 0.274573 0.0456731 0.0534188 0.323486
1 0.507212 0.180689 0.0564904 0.0942842 0.310791
1 0.106145 0.388889 0.0211839 0.0758547 0.303955
1 0.326322 0.785256 0.0444711 0.0619659 0.286133
1 0.75601 0.272703 0.0456731 0.0486111 0.253174
1 0.506611 0.177618 0.0510818 0.0793269 0.250244
1 0.506911 0.180556 0.0516827 0.082265 0.268066
1 0.506911 0.182559 0.0486779 0.0889423 0.335449
1 0.75601 0.273504 0.0456731 0.0459402 0.286133
1 0.329327 0.78953 0.0432692 0.0619658 0.27124
1 0.757212 0.275374 0.0432693 0.0507479 0.297363
1 0.506911 0.182692 0.0486779 0.088141 0.275146
1 0.329627 0.791667 0.0438702 0.0641025 0.252441
1 0.507212 0.179754 0.0504807 0.082265 0.259766
1 0.329026 0.790598 0.0450721 0.0641025 0.251709
1 0.756611 0.272703 0.046875 0.0523504 0.33374
1 0.327825 0.785791 0.0432692 0.0619658 0.290283
1 0.107121 0.384615 0.023137 0.0705128 0.277588
1 0.506611 0.177751 0.0480769 0.0745192 0.26123
1 0.243089 0.538996 0.0342548 0.0544872 0.26123
1 0.506611 0.180689 0.0516827 0.0884081 0.358398
1 0.75601 0.273504 0.0456731 0.0470086 0.342529
1 0.329327 0.788462 0.0456731 0.0619658 0.328613
1 0.242638 0.538462 0.0345553 0.0555556 0.272705
1 0.75601 0.273771 0.0456731 0.0491453 0.345215
1 0.327524 0.785791 0.046875 0.0630342 0.332031
1 0.50601 0.172943 0.0486779 0.068109 0.294922
1 0.241136 0.538462 0.0342548 0.0555556 0.283691
1 0.507812 0.178285 0.0528846 0.0844017 0.318359
1 0.329928 0.788462 0.0444711 0.0630342 0.274414
1 0.75601 0.274573 0.0480769 0.0480769 0.250977
1 0.506611 0.180288 0.0480769 0.085203 0.287842
1 0.328125 0.785791 0.0426683 0.0630342 0.258301
1 0.505409 0.183093 0.0480769 0.0787927 0.286133
1 0.327524 0.787927 0.0432692 0.0619659 0.269043
1 0.507212 0.179754 0.0504807 0.0892094 0.27832
1 0.327524 0.786859 0.046274 0.065171 0.277588
1 0.50601 0.190705 0.0480769 0.0876068 0.274414
1 0.757212 0.277244 0.0432693 0.0464744 0.262207
1 0.241587 0.541133 0.0354568 0.0576923 0.259766
1 0.327524 0.786325 0.046875 0.0683761 0.327637
1 0.755409 0.275908 0.046875 0.0432692 0.282227
1 0.505409 0.176416 0.0492788 0.0798611 0.281494
1 0.108023 0.388889 0.0213341 0.0726496 0.269775
1 0.454026 0.92735 0.0228365 0.0384615 0.250244
1 0.327524 0.786325 0.0456731 0.0641026 0.308105
1 0.507512 0.176816 0.0516827 0.079594 0.281494
1 0.757212 0.274038 0.0456731 0.0470086 0.272705
1 0.328125 0.786859 0.0444711 0.0630341 0.255371
1 0.108023 0.389423 0.0219351 0.073718 0.250244
1 0.757212 0.276442 0.0456731 0.0502137 0.282959
1 0.506611 0.179487 0.0480769 0.0769231 0.268066
1 0.326923 0.78953 0.0444712 0.065171 0.254639
1 0.507512 0.180422 0.0486779 0.0884081 0.320801
1 0.328726 0.785256 0.0456731 0.0641026 0.291016
1 0.757212 0.272436 0.0432693 0.0486111 0.250244
1 0.507212 0.189904 0.0516827 0.0876069 0.275146
1 0.327524 0.787393 0.046875 0.0683761 0.274414
1 0.75601 0.274573 0.0456731 0.0491453 0.254639
1 0.507212 0.181757 0.047476 0.0806624 0.312256
1 0.328425 0.787393 0.0456731 0.0619658 0.294922
1 0.242488 0.540598 0.0327524 0.0534188 0.259766
1 0.75601 0.275641 0.0432693 0.0438034 0.250244
1 0.327524 0.786325 0.0456731 0.0641026 0.283691
1 0.507812 0.180021 0.046875 0.0758547 0.280518
1 0.507812 0.181891 0.0528846 0.0929487 0.299805
1 0.328726 0.785256 0.0456731 0.0662393 0.279053
1 0.75601 0.273237 0.0432693 0.0486111 0.254639
1 0.327524 0.785791 0.0444712 0.0608974 0.303223
1 0.505409 0.176816 0.046875 0.0769231 0.289307
1 0.755409 0.272436 0.0444712 0.0480769 0.289307
1 0.506611 0.180823 0.0480769 0.0819979 0.290283
1 0.327524 0.785256 0.0456731 0.0662393 0.281494
1 0.75601 0.273504 0.0456731 0.0486111 0.27832
1 0.50631 0.180288 0.047476 0.0817308 0.286133
1 0.75601 0.272703 0.046875 0.0486111 0.281494
1 0.329327 0.78953 0.0456731 0.0662393 0.279785
1 0.328125 0.787393 0.0456731 0.0641025 0.304932
1 0.507212 0.176282 0.0486779 0.0758547 0.299805
1 0.756611 0.27297 0.0444712 0.0491453 0.293457
1 0.242037 0.538462 0.0336539 0.0598291 0.256836
1 0.50601 0.175881 0.046875 0.0734509 0.338135
1 0.328125 0.785256 0.0444711 0.0630341 0.335449
1 0.75601 0.273504 0.0456731 0.0448718 0.303223
1 0.243089 0.537927 0.031851 0.0544872 0.296631
1 0.327524 0.788462 0.0456731 0.0662393 0.268066
1 0.506611 0.176015 0.0492788 0.082265 0.264404
1 0.75601 0.274573 0.0456731 0.0491453 0.256104
1 0.507212 0.171741 0.0480769 0.0737179 0.33374
1 0.327825 0.785256 0.0450721 0.0619659 0.304932
1 0.757212 0.270833 0.0456731 0.0480769 0.268066
1 0.830529 0.18563 0.0444712 0.079594 0.265869
1 0.242638 0.536325 0.0339543 0.0576923 0.263672
1 0.506611 0.17922 0.0480769 0.0774573 0.306641
1 0.756611 0.273504 0.0444712 0.0459402 0.291016
1 0.327825 0.786325 0.0456731 0.059829 0.290283
1 0.327224 0.788996 0.0450721 0.0662393 0.332764
1 0.506611 0.180956 0.0510818 0.085203 0.312256
1 0.75601 0.274038 0.0456731 0.0491453 0.307373
1 0.241887 0.53953 0.0336538 0.059829 0.275879
1 0.828125 0.189637 0.0432693 0.0827992 0.273682
1 0.506611 0.177618 0.0504807 0.0833333 0.336426
1 0.328125 0.787393 0.0456731 0.0641025 0.332031
1 0.75601 0.273504 0.0456731 0.0507479 0.303223
1 0.828726 0.189904 0.0432693 0.0833333 0.259033
1 0.328726 0.787393 0.0444711 0.0641025 0.356689
1 0.50601 0.174813 0.0504807 0.0777244 0.327637
1 0.75601 0.274038 0.0456731 0.0486111 0.318359
1 0.243089 0.540064 0.031851 0.0544872 0.268066
1 0.328125 0.785791 0.0444711 0.0630342 0.307373
1 0.757212 0.262821 0.0492788 0.0518162 0.275879
1 0.506611 0.171608 0.0504807 0.0777244 0.252441
1 0.327825 0.786859 0.0450721 0.0641026 0.327637
1 0.75601 0.2711 0.0456731 0.0486111 0.2854
1 0.453425 0.924145 0.0240385 0.0405983 0.265137
1 0.241587 0.538462 0.0336538 0.0598291 0.264404
1 0.50631 0.170139 0.0498798 0.0758547 0.251709
1 0.327224 0.786325 0.0456731 0.0641026 0.401611
1 0.75601 0.271368 0.0456731 0.0459402 0.359375
1 0.50601 0.168403 0.0492788 0.0761218 0.351318
1 0.241286 0.537927 0.0336538 0.0566239 0.351318
1 0.452524 0.925214 0.0240385 0.0405983 0.320801
1 0.828125 0.186832 0.0408653 0.0737179 0.281494
1 0.75601 0.271368 0.0444712 0.0470085 0.410156
1 0.328425 0.787393 0.0450721 0.0641025 0.401611
1 0.241737 0.536325 0.0336539 0.0576923 0.379395
1 0.506611 0.173077 0.0480769 0.0793269 0.356689
1 0.453726 0.925214 0.0252404 0.0405983 0.35498
1 0.827524 0.197115 0.0420672 0.0779915 0.294189
1 0.108549 0.393964 0.0232873 0.0769231 0.268066
1 0.411058 0.854701 0.0222356 0.0299145 0.262939
1 0.506611 0.173611 0.0492788 0.0811966 0.458984
1 0.328125 0.788462 0.0450721 0.0641025 0.438721
1 0.75601 0.2711 0.0456731 0.0486111 0.400635
1 0.454026 0.924145 0.0264423 0.0438034 0.353027
1 0.241436 0.535256 0.0345553 0.0587607 0.347656
1 0.826923 0.196314 0.0432692 0.0817308 0.311523
1 0.107722 0.39156 0.0234375 0.0790598 0.291016
1 0.328726 0.787927 0.0432692 0.0608974 0.46582
1 0.75601 0.271902 0.0456731 0.0459402 0.459961
1 0.506911 0.173344 0.048077 0.0731838 0.455078
1 0.241436 0.536325 0.0333534 0.056624 0.388672
1 0.453425 0.924145 0.0246394 0.0405983 0.38208
1 0.828125 0.194444 0.0408653 0.0779914 0.320068
1 0.107722 0.39156 0.0225361 0.0769231 0.318359
1 0.560096 0.613782 0.0252404 0.0480769 0.265869
1 0.411058 0.853632 0.0234375 0.0267094 0.26123
1 0.50601 0.169872 0.0486779 0.0742521 0.514648
1 0.755409 0.270299 0.046875 0.0480769 0.509766
1 0.328425 0.786325 0.0444711 0.0619658 0.504883
1 0.241887 0.535791 0.0330529 0.0576923 0.422607
1 0.454026 0.922543 0.0240385 0.0405983 0.420654
1 0.828125 0.19164 0.0432693 0.0814637 0.364746
1 0.107046 0.391827 0.0229868 0.0785256 0.346924
1 0.559495 0.614316 0.0252404 0.0491453 0.286865
1 0.5625 0.341346 0.0252404 0.0277778 0.254639
1 0.75601 0.270833 0.0456731 0.0459402 0.472656
1 0.328125 0.785256 0.0444711 0.0619659 0.467773
1 0.507212 0.174012 0.0486779 0.0761218 0.44458
1 0.241737 0.535256 0.0324519 0.0566239 0.395996
1 0.453125 0.922543 0.0240385 0.0384616 0.386719
1 0.107347 0.39156 0.0223858 0.0769231 0.357666
1 0.826923 0.193109 0.0432692 0.0774573 0.297363
1 0.559495 0.614316 0.0252404 0.0470086 0.268066
1 0.561899 0.342415 0.0240385 0.0267094 0.259766
1 0.75601 0.271368 0.0456731 0.0459402 0.552734
1 0.327825 0.786325 0.0432692 0.0608974 0.544922
1 0.506911 0.174145 0.048077 0.073718 0.493164
1 0.241737 0.535256 0.0333534 0.0555556 0.464844
1 0.453726 0.922009 0.0240385 0.0395299 0.437744
1 0.108098 0.392094 0.0229868 0.0769231 0.379395
1 0.826923 0.194177 0.0420673 0.0785256 0.373779
1 0.560096 0.613782 0.0264423 0.0480769 0.32251
1 0.5625 0.341346 0.0252404 0.0288461 0.295898
1 0.411358 0.85203 0.0228365 0.0277778 0.290283
1 0.932692 0.377137 0.0432693 0.0641026 0.267334
1 0.328425 0.785256 0.0432692 0.0619659 0.506836
1 0.75601 0.272169 0.0456731 0.0470085 0.503906
1 0.50601 0.175347 0.0480769 0.0731838 0.478516
1 0.242188 0.536325 0.0324519 0.0555556 0.40918
1 0.453726 0.922009 0.0240385 0.0405983 0.394287
1 0.827524 0.194044 0.0408654 0.0793269 0.384033
1 0.107873 0.392628 0.0225361 0.0779914 0.344238
1 0.559796 0.615385 0.0264423 0.0491453 0.30249
1 0.5622 0.343483 0.0252404 0.0288462 0.291016
1 0.932091 0.377938 0.0432693 0.0646367 0.271973
1 0.411358 0.852564 0.0228365 0.0277778 0.253906
1 0.328125 0.785791 0.0444711 0.0608974 0.526367
1 0.75601 0.270833 0.0456731 0.0438034 0.520508
1 0.50601 0.17735 0.0492788 0.0753205 0.472656
1 0.453125 0.922009 0.0240385 0.0384616 0.419678
1 0.241587 0.534188 0.0324519 0.0544872 0.411133
1 0.828125 0.193376 0.0432693 0.0801282 0.388672
1 0.107873 0.393697 0.0216346 0.0769231 0.343262
1 0.560096 0.61485 0.0264423 0.0491453 0.303955
1 0.5622 0.34188 0.0258413 0.028312 0.280518
1 0.411058 0.852564 0.0228365 0.0267094 0.268066
1 0.75601 0.270566 0.0456731 0.0470086 0.532227
1 0.328125 0.786325 0.0456731 0.059829 0.527344
1 0.506611 0.176549 0.046875 0.073718 0.5
1 0.241587 0.534188 0.0333534 0.0555556 0.461914
1 0.453125 0.922009 0.0252404 0.0405983 0.433105
1 0.826923 0.193376 0.0432692 0.079594 0.422607
1 0.107572 0.392361 0.023738 0.0774573 0.368408
1 0.5622 0.341079 0.0258413 0.0293803 0.330322
1 0.559495 0.614316 0.0264423 0.0491453 0.318359
1 0.411058 0.851496 0.0228365 0.0277778 0.288574
1 0.932692 0.377137 0.0408653 0.0630342 0.259766
1 0.328125 0.786325 0.0444711 0.0619658 0.535156
1 0.75601 0.2711 0.0456731 0.0459402 0.522461
1 0.507212 0.177618 0.0480769 0.0758547 0.49707
1 0.241587 0.535256 0.0327524 0.0555556 0.436768
1 0.453125 0.922543 0.0240385 0.0395299 0.424316
1 0.827524 0.194311 0.0432693 0.0787928 0.392334
1 0.108398 0.391026 0.0220853 0.0769231 0.337158
1 0.5625 0.342949 0.0246394 0.0267094 0.313965
1 0.560096 0.615385 0.0264423 0.0491453 0.310791
1 0.410757 0.852564 0.0228365 0.025641 0.273682
1 0.329026 0.788462 0.0444711 0.0619658 0.526367
1 0.75601 0.271635 0.0456731 0.0470085 0.517578
1 0.507212 0.178285 0.0492788 0.0761218 0.504883
1 0.241887 0.534722 0.0336538 0.0576923 0.462891
1 0.453425 0.923077 0.0252404 0.0405983 0.432129
1 0.828125 0.194177 0.0420673 0.0801282 0.422607
1 0.108549 0.393162 0.0232873 0.0790598 0.336426
1 0.5625 0.344284 0.0264423 0.028312 0.311523
1 0.560096 0.616453 0.0264423 0.0512821 0.303955
1 0.411058 0.853098 0.0228365 0.0267094 0.275879
1 0.328125 0.787393 0.0444711 0.0619658 0.53125
1 0.75601 0.270566 0.046875 0.0443376 0.529297
1 0.50631 0.179487 0.0486779 0.0769231 0.514648
1 0.242188 0.534188 0.0330529 0.0555556 0.464844
1 0.453726 0.922543 0.0252404 0.0384616 0.440674
1 0.828125 0.194444 0.0432693 0.0779914 0.42334
1 0.108474 0.393162 0.0234375 0.0769231 0.353027
1 0.559796 0.616453 0.0270433 0.0512821 0.312256
1 0.562801 0.343483 0.0258413 0.0272436 0.299805
1 0.411058 0.852564 0.0228365 0.0267094 0.297363
1 0.75601 0.271368 0.0456731 0.0459402 0.552734
1 0.329026 0.788996 0.0444711 0.0630341 0.547852
1 0.506611 0.180422 0.0486779 0.0790598 0.545898
1 0.242188 0.535256 0.0330529 0.0555556 0.482422
1 0.828125 0.195246 0.0432693 0.079594 0.448486
1 0.453425 0.923611 0.0246394 0.0395299 0.443604
1 0.108624 0.393162 0.0234375 0.0785256 0.371094
1 0.560096 0.616453 0.0264423 0.0512821 0.321777
1 0.5625 0.344551 0.0258413 0.0277778 0.318359
1 0.411058 0.853098 0.0228365 0.0267094 0.315674
1 0.932692 0.379273 0.0432693 0.0651709 0.258301
1 0.756611 0.270833 0.0456731 0.0459402 0.532227
1 0.507212 0.180021 0.0480769 0.0790598 0.521484
1 0.329327 0.788462 0.0444711 0.0619658 0.517578
1 0.242188 0.534722 0.0336539 0.0544872 0.46582
1 0.453726 0.922543 0.0252404 0.0395299 0.431152
1 0.826923 0.194979 0.0432692 0.0790598 0.427246
1 0.108398 0.393162 0.0241887 0.0785256 0.350342
1 0.559495 0.616453 0.0264423 0.0512821 0.296631
1 0.5625 0.343483 0.0264423 0.0277778 0.290283
1 0.410757 0.852564 0.0228365 0.0277778 0.290283
1 0.75601 0.270299 0.0456731 0.0459402 0.548828
1 0.328125 0.786325 0.0444711 0.0619658 0.539062
1 0.506611 0.179888 0.0480769 0.0787927 0.526367
1 0.242188 0.534722 0.0330529 0.0555556 0.482422
1 0.453726 0.922009 0.0252404 0.0405983 0.451416
1 0.827524 0.195112 0.0432693 0.0787927 0.442627
1 0.108173 0.393697 0.0240385 0.0790599 0.368408
1 0.5625 0.343483 0.0264423 0.0288462 0.325195
1 0.559495 0.616453 0.0276443 0.0512821 0.318359
1 0.411058 0.852564 0.0234375 0.0277778 0.318359
1 0.75601 0.2711 0.0456731 0.0459402 0.533203
1 0.328125 0.786859 0.0444711 0.0630341 0.525391
1 0.506611 0.178953 0.0480769 0.0758547 0.505859
1 0.242188 0.534188 0.0330529 0.0555556 0.458984
1 0.453726 0.922543 0.0252404 0.0405983 0.432129
1 0.827524 0.194578 0.0432693 0.0787927 0.417725
1 0.108173 0.393697 0.023137 0.0785256 0.344238
1 0.5625 0.344017 0.0264423 0.0277778 0.301514
1 0.560096 0.616453 0.0264423 0.0512821 0.293457
1 0.411058 0.852564 0.0228365 0.0277778 0.291016
1 0.75601 0.271368 0.0456731 0.0459402 0.553711
1 0.328125 0.787393 0.0450721 0.0619658 0.545898
1 0.506611 0.178953 0.0480769 0.0747863 0.527344
1 0.242188 0.534722 0.0333534 0.0544872 0.475586
1 0.453726 0.922543 0.0252404 0.0395299 0.449463
1 0.826923 0.194979 0.0432692 0.0785256 0.439697
1 0.108173 0.394231 0.0234375 0.0785256 0.347656
1 0.5625 0.344017 0.0264423 0.0277778 0.313965
1 0.559796 0.616453 0.0264423 0.0512821 0.304932
1 0.411058 0.852564 0.0228365 0.025641 0.299072
1 0.75601 0.270833 0.0456731 0.0459402 0.472656
1 0.328125 0.785256 0.0444711 0.0619659 0.467773
1 0.507212 0.174012 0.0486779 0.0761218 0.44458
1 0.241737 0.535256 0.0324519 0.0566239 0.395996
1 0.453125 0.922543 0.0240385 0.0384616 0.386719
1 0.107347 0.39156 0.0223858 0.0769231 0.356689
1 0.826923 0.192975 0.0432692 0.0777244 0.29834
1 0.559495 0.614316 0.0258413 0.0470086 0.268066
1 0.561899 0.342415 0.0240385 0.0272436 0.259766
