1 0.80649 0.773504 0.0625 0.0897436 0.2854
1 0.280048 0.0300481 0.0270433 0.0600962 0.282959
1 0.377704 0.860043 0.0300481 0.0491453 0.258301
1 0.801683 0.770299 0.0552885 0.0918804 0.44751
1 0.377404 0.853632 0.0336538 0.0363248 0.27124
1 0.574519 0.551816 0.0396635 0.0715812 0.252441
1 0.803486 0.778846 0.0564903 0.0854701 0.308105
1 0.575721 0.550214 0.0372596 0.0619658 0.291748
1 0.351863 0.61485 0.0222356 0.0534188 0.287842
1 0.353365 0.617521 0.0204327 0.0555556 0.253174
1 0.279447 0.0350561 0.0234375 0.0701122 0.287842
1 0.354567 0.616453 0.0216346 0.059829 0.284668
1 0.575721 0.55235 0.0384615 0.0598291 0.254639
1 0.801683 0.778846 0.0625 0.0876068 0.267334
1 0.278921 0.0344551 0.0310998 0.0689103 0.255371
1 0.804688 0.780983 0.0588943 0.0897436 0.288574
1 0.803486 0.777778 0.0576923 0.0897436 0.269043
1 0.802885 0.782051 0.0625001 0.0929487 0.336426
1 0.353065 0.618056 0.0240385 0.0598291 0.265869
1 0.377404 0.857372 0.0288462 0.0363248 0.309082
1 0.802885 0.776709 0.0600961 0.0918803 0.266602
1 0.576923 0.557692 0.0408654 0.0641026 0.250977
1 0.805288 0.782051 0.0600962 0.0897436 0.299072
1 0.802885 0.774039 0.0600961 0.0886752 0.27832
1 0.377404 0.858974 0.03125 0.0363247 0.250244
1 0.804087 0.78312 0.0588943 0.0790598 0.281494
1 0.802284 0.779915 0.0625 0.0908119 0.34082
1 0.802885 0.776175 0.0552884 0.0844017 0.321777
1 0.376803 0.859509 0.0300481 0.0373931 0.260498
1 0.802885 0.782051 0.0588943 0.0876069 0.288574
1 0.80649 0.784188 0.0564904 0.0833333 0.318359
1 0.352163 0.618056 0.0228365 0.0598291 0.256836
1 0.377704 0.859509 0.0336538 0.0416667 0.253174
1 0.804688 0.782586 0.0576923 0.0822649 0.26123
1 0.802885 0.785256 0.0576923 0.0865384 0.269043
1 0.802885 0.784722 0.0564904 0.0844017 0.356689
1 0.375 0.861111 0.03125 0.0405983 0.286133
1 0.352163 0.620727 0.0252404 0.0619658 0.284668
1 0.803486 0.784188 0.0588942 0.0811966 0.2854
1 0.376202 0.860043 0.03125 0.0363247 0.269043
1 0.805288 0.781517 0.0564904 0.0811966 0.32251
1 0.376202 0.857906 0.0324519 0.0363247 0.259766
1 0.802284 0.784188 0.0588942 0.0833333 0.424316
1 0.573317 0.558761 0.0372596 0.0630342 0.299072
1 0.352163 0.617521 0.0240385 0.0576923 0.259766
1 0.376202 0.85844 0.0300481 0.0352564 0.256104
1 0.804688 0.78312 0.0540865 0.0811965 0.283691
1 0.804087 0.784188 0.0600962 0.0854701 0.350342
1 0.802885 0.782051 0.0576923 0.082265 0.275879
1 0.375601 0.856838 0.0330529 0.0384616 0.26123
1 0.351562 0.616453 0.0240385 0.059829 0.251709
1 0.803486 0.782586 0.0564903 0.0833333 0.307373
1 0.576022 0.559829 0.0390625 0.0619658 0.26123
1 0.804087 0.780449 0.0576922 0.0844017 0.33374
1 0.376803 0.858974 0.0294471 0.0352564 0.259766
1 0.353966 0.619658 0.0228365 0.0576923 0.253174
1 0.802885 0.78312 0.0552884 0.0876069 0.36377
1 0.376502 0.859509 0.030649 0.0363248 0.27832
1 0.352764 0.618056 0.0216346 0.0587607 0.270508
1 0.802885 0.782051 0.0552884 0.0811965 0.286865
1 0.804087 0.78312 0.0552884 0.0865384 0.266602
1 0.802885 0.78312 0.0576923 0.0854702 0.297363
1 0.376803 0.855769 0.030649 0.0363248 0.253906
1 0.802885 0.782051 0.0564904 0.0886752 0.279785
1 0.352764 0.619124 0.0252404 0.0608974 0.252441
1 0.98137 0.722222 0.0372596 0.0555556 0.252441
1 0.804087 0.783654 0.0576922 0.0886753 0.262939
1 0.802885 0.782051 0.0552884 0.0844017 0.275146
1 0.352163 0.618056 0.0228365 0.0566239 0.266602
1 0.376803 0.856303 0.03125 0.0373932 0.264404
1 0.804087 0.779915 0.0552884 0.0854701 0.301514
1 0.351562 0.616453 0.0216346 0.0555556 0.270508
1 0.377404 0.857906 0.03125 0.0363247 0.26123
1 0.802885 0.779915 0.0564904 0.0833333 0.313965
1 0.376202 0.857906 0.030649 0.0384615 0.27124
1 0.351562 0.617521 0.0216346 0.0555556 0.254639
1 0.574519 0.554487 0.0384615 0.0576923 0.252441
1 0.802885 0.777778 0.0576923 0.0833333 0.265869
1 0.804087 0.779915 0.0576922 0.0844017 0.275879
1 0.804087 0.780983 0.0552884 0.0854701 0.275879
1 0.802885 0.782586 0.0564904 0.0822649 0.258301
1 0.802885 0.78312 0.0552884 0.0833333 0.286133
1 0.352163 0.619124 0.0240385 0.0598291 0.271973
1 0.352764 0.61859 0.0216346 0.0566239 0.273682
1 0.802885 0.782586 0.0552884 0.0854701 0.270508
1 0.574519 0.556624 0.0384615 0.0608974 0.262207
1 0.376803 0.860043 0.0300481 0.0363247 0.26123
1 0.803486 0.782586 0.0576923 0.0833333 0.275879
1 0.57482 0.551282 0.0378606 0.0555556 0.266602
1 0.980769 0.720086 0.0384615 0.0576923 0.259766
1 0.352163 0.617521 0.0228365 0.0576923 0.251709
1 0.802284 0.772436 0.0576923 0.0790599 0.262207
1 0.804087 0.785791 0.0552884 0.0779915 0.272705
1 0.802885 0.781517 0.0552884 0.0801281 0.276611
1 0.376803 0.85844 0.031851 0.0384616 0.253906
1 0.803486 0.785256 0.0576923 0.0833333 0.263672
1 0.352764 0.619658 0.0228365 0.0544871 0.273682
1 0.802284 0.775641 0.0576923 0.0854701 0.273682
1 0.979567 0.720086 0.0408653 0.0576923 0.253174
1 0.979267 0.718483 0.0414663 0.0587607 0.262207
1 0.351562 0.616453 0.0216346 0.0576923 0.260498
1 0.978365 0.717949 0.0432693 0.0576923 0.250977
1 0.377103 0.85844 0.03125 0.0395298 0.270508
1 0.802885 0.780983 0.0576923 0.0833333 0.265137
1 0.351562 0.616453 0.0228365 0.0576923 0.253906
1 0.978966 0.718483 0.0420673 0.0587607 0.253174
1 0.802885 0.779915 0.0564904 0.0854701 0.332031
1 0.352764 0.617521 0.0216346 0.0555556 0.299072
1 0.979567 0.720086 0.0408653 0.0555556 0.270508
1 0.377404 0.859509 0.0300481 0.0363248 0.265137
1 0.574519 0.557692 0.0372596 0.0619658 0.264404
1 0.802885 0.773504 0.0588943 0.082265 0.282959
1 0.352764 0.615385 0.0228365 0.0555556 0.254639
1 0.803486 0.78312 0.0588942 0.0790598 0.284668
1 0.802885 0.782051 0.0552884 0.0833333 0.291748
1 0.377103 0.857906 0.030649 0.0384615 0.266602
1 0.978966 0.72062 0.0420673 0.0587607 0.258301
1 0.802885 0.782051 0.0576923 0.0886752 0.304932
1 0.979567 0.719551 0.0408653 0.0587607 0.282227
1 0.802284 0.783654 0.0576923 0.0833333 0.296631
1 0.980168 0.720086 0.0396634 0.0576923 0.284668
1 0.353065 0.61859 0.0222356 0.0566239 0.275146
1 0.378305 0.860043 0.030649 0.0384615 0.258301
1 0.979567 0.715278 0.0408653 0.056624 0.269043
1 0.803486 0.782051 0.0564903 0.0865384 0.262939
1 0.352163 0.616453 0.0228365 0.0555556 0.254639
1 0.377404 0.857372 0.03125 0.0363248 0.253174
1 0.350962 0.616453 0.0228365 0.0576923 0.341553
1 0.980168 0.713675 0.0396634 0.0576923 0.332764
1 0.801683 0.780983 0.0576923 0.0854701 0.328613
1 0.573918 0.557692 0.0384615 0.0619658 0.327637
1 0.376803 0.858974 0.03125 0.034188 0.30249
1 0.802885 0.780983 0.0576923 0.0854701 0.375732
1 0.351562 0.616453 0.0216346 0.0555556 0.347656
1 0.980769 0.715812 0.0384615 0.0555556 0.332764
1 0.377103 0.856838 0.030649 0.034188 0.320068
1 0.278771 0.0350561 0.0326022 0.0701122 0.275879
1 0.802885 0.78312 0.0552884 0.0865384 0.389648
1 0.350962 0.618056 0.0228365 0.0576923 0.381104
1 0.980469 0.715812 0.0390625 0.0576923 0.349609
1 0.27817 0.0345553 0.0326022 0.0691106 0.313965
1 0.377404 0.860577 0.0324519 0.0384616 0.312256
1 0.57512 0.559295 0.0396635 0.0651709 0.297363
1 0.802284 0.779915 0.0564904 0.0854701 0.453369
1 0.351562 0.616453 0.0216346 0.0555556 0.411133
1 0.980769 0.71688 0.0384615 0.0555556 0.368408
1 0.377103 0.857906 0.031851 0.0363247 0.349609
1 0.57512 0.557158 0.0396635 0.0641026 0.27832
1 0.27817 0.0347222 0.0326022 0.0694444 0.268066
1 0.802284 0.778846 0.0564904 0.0854701 0.483398
1 0.351562 0.615385 0.0216346 0.0555556 0.443604
1 0.980168 0.715812 0.0396634 0.0576923 0.418701
1 0.377404 0.857906 0.03125 0.0363247 0.37207
1 0.27817 0.0338542 0.0338041 0.0677083 0.336426
1 0.574519 0.555556 0.0384615 0.0619658 0.30249
1 0.549279 0.509081 0.0192308 0.0299146 0.258301
1 0.350962 0.61485 0.0216346 0.0555556 0.414062
1 0.802885 0.780449 0.0564904 0.0844017 0.398926
1 0.980769 0.715812 0.0384615 0.0555556 0.365723
1 0.377103 0.857906 0.030649 0.034188 0.351318
1 0.278245 0.0340211 0.03125 0.0680422 0.309082
1 0.57512 0.556624 0.0372596 0.0641026 0.275879
1 0.548077 0.508681 0.0180289 0.0296474 0.262207
1 0.802284 0.782051 0.0564904 0.0854702 0.485352
1 0.351562 0.616453 0.0228365 0.0555556 0.461914
1 0.377404 0.857372 0.03125 0.0363248 0.433105
1 0.980769 0.71688 0.0384615 0.0555556 0.412109
1 0.278846 0.0343216 0.0336539 0.0686432 0.363037
1 0.57512 0.557692 0.0396635 0.0641026 0.294922
1 0.548978 0.508547 0.0198318 0.0309829 0.291748
1 0.802284 0.782051 0.0552885 0.082265 0.439697
1 0.352163 0.616987 0.0222356 0.0566239 0.428223
1 0.376803 0.857906 0.030649 0.0363247 0.401611
1 0.980168 0.71688 0.0396634 0.0576923 0.38208
1 0.279447 0.0339877 0.031851 0.0679754 0.346924
1 0.574519 0.556624 0.0396635 0.0641026 0.304932
1 0.549279 0.508547 0.0192308 0.0320513 0.279053
1 0.351562 0.615919 0.0228365 0.0555556 0.466797
1 0.802284 0.782051 0.0564904 0.0811965 0.46582
1 0.376803 0.857906 0.03125 0.0363247 0.427246
1 0.979868 0.71688 0.0402644 0.0555556 0.406494
1 0.279147 0.0338208 0.03125 0.0676416 0.376709
1 0.57512 0.556624 0.0396635 0.0619658 0.320801
1 0.548678 0.509081 0.0198317 0.0288462 0.301514
1 0.803486 0.780449 0.0564903 0.082265 0.457031
1 0.351562 0.615385 0.0228365 0.0555556 0.451416
1 0.376803 0.857372 0.0324519 0.0373931 0.445557
1 0.980769 0.715812 0.0384615 0.0555556 0.403564
1 0.279147 0.0333868 0.0330529 0.0667735 0.343262
1 0.548077 0.508547 0.0204327 0.0309829 0.317383
1 0.57512 0.556624 0.0396635 0.0641026 0.306641
1 0.802885 0.779915 0.0564904 0.0833333 0.473633
1 0.351562 0.615385 0.0228365 0.0555556 0.453369
1 0.377103 0.858974 0.03125 0.0363247 0.431152
1 0.980469 0.71688 0.0390625 0.0566239 0.406494
1 0.279372 0.0343884 0.0314003 0.0687767 0.320068
1 0.548077 0.508547 0.0204327 0.0299146 0.306641
1 0.57512 0.556624 0.0396635 0.0641026 0.287842
1 0.802885 0.780983 0.0576923 0.082265 0.480469
1 0.351262 0.615385 0.0228365 0.0576923 0.451416
1 0.377404 0.85844 0.0324519 0.0363248 0.44751
1 0.980168 0.717949 0.0396634 0.0576923 0.420654
1 0.279447 0.0351229 0.0324519 0.0702457 0.31665
1 0.548077 0.508681 0.0204327 0.0317842 0.306641
1 0.57512 0.557692 0.0396635 0.0662393 0.290283
1 0.802885 0.780983 0.0552884 0.0833333 0.482422
1 0.351562 0.616453 0.0228365 0.0566239 0.44458
1 0.377404 0.857906 0.03125 0.034188 0.435791
1 0.979567 0.718483 0.0408653 0.0576923 0.428223
1 0.279447 0.0345887 0.031851 0.0691774 0.325195
1 0.548678 0.507612 0.0210336 0.0317842 0.320068
1 0.57482 0.558227 0.0402644 0.0651709 0.271973
1 0.802885 0.780983 0.0576923 0.0833333 0.500977
1 0.351262 0.617521 0.0228365 0.0576923 0.458008
1 0.377404 0.858974 0.03125 0.0352564 0.454346
1 0.979567 0.718483 0.0408653 0.0576923 0.453369
1 0.279147 0.0347556 0.031851 0.0695112 0.353027
1 0.548678 0.508013 0.0204327 0.0309829 0.311523
1 0.57512 0.557692 0.0396635 0.0651709 0.286133
1 0.802885 0.780983 0.0564904 0.0833333 0.46582
1 0.350962 0.616987 0.0234375 0.0576923 0.433105
1 0.377103 0.857906 0.0324519 0.0363247 0.424316
1 0.980168 0.717949 0.0396634 0.0576923 0.416748
1 0.279147 0.0349893 0.0330529 0.0699786 0.326904
1 0.548678 0.508681 0.0210336 0.0317842 0.307373
1 0.57482 0.558227 0.0390625 0.0651709 0.269775
1 0.802885 0.780983 0.0552884 0.0833333 0.483398
1 0.351262 0.615919 0.0234375 0.0576923 0.451416
1 0.377103 0.857906 0.031851 0.0363247 0.448486
1 0.979567 0.717949 0.0408653 0.0576923 0.430176
1 0.279147 0.035223 0.031851 0.070446 0.358398
1 0.548678 0.508013 0.0210336 0.0320513 0.332031
1 0.803486 0.779915 0.0576923 0.082265 0.475586
1 0.351562 0.616453 0.0228365 0.0576923 0.439697
1 0.377404 0.858974 0.03125 0.0363247 0.431152
1 0.980168 0.717949 0.0396634 0.0576923 0.410156
1 0.279147 0.0349893 0.031851 0.0699786 0.332764
1 0.548678 0.508547 0.0204327 0.0309829 0.315674
1 0.57512 0.558761 0.0396635 0.0641026 0.253174
1 0.802885 0.779915 0.0576923 0.0811966 0.483398
1 0.377404 0.859509 0.03125 0.0352564 0.456055
1 0.350962 0.616453 0.0228365 0.0576923 0.455078
1 0.979567 0.717949 0.0408653 0.0576923 0.432129
1 0.278846 0.0351562 0.0324519 0.0703125 0.345215
1 0.548678 0.508547 0.0210336 0.0309829 0.330322
1 0.574519 0.558761 0.0396635 0.0641026 0.279053
1 0.350962 0.61485 0.0216346 0.0555556 0.413086
1 0.802885 0.780449 0.0564904 0.0844017 0.398926
1 0.980769 0.715812 0.0384615 0.0555556 0.365723
1 0.377103 0.857906 0.030649 0.034188 0.351318
1 0.278245 0.0340211 0.030649 0.0680422 0.309082
1 0.57512 0.556624 0.0372596 0.0641026 0.275879
1 0.548077 0.508681 0.0180289 0.0296474 0.262207
