1 0.553486 0.152778 0.0432693 0.0670406 0.305664
1 0.360877 0.96688 0.046875 0.0619658 0.260498
1 0.555889 0.176149 0.0432692 0.0745192 0.364746
1 0.232272 0.0707632 0.0432692 0.12076 0.339844
1 0.798077 0.246327 0.0408654 0.0735844 0.27124
1 0.798077 0.24172 0.0456731 0.0854701 0.267334
1 0.554688 0.169738 0.0480769 0.0838675 0.262207
1 0.551683 0.168937 0.046875 0.0814637 0.449463
1 0.798077 0.240652 0.0432693 0.0774573 0.324219
1 0.359976 0.967949 0.0444711 0.0641025 0.320068
1 0.159856 0.954861 0.0697115 0.0902778 0.271973
1 0.225661 0.065438 0.0480769 0.130876 0.250244
1 0.553786 0.169872 0.0426683 0.0721154 0.331055
1 0.798077 0.242455 0.0384615 0.069578 0.29248
1 0.554688 0.180823 0.0528846 0.0849359 0.279053
1 0.554087 0.171207 0.046875 0.0790598 0.352295
1 0.799279 0.240652 0.0408654 0.071047 0.251709
1 0.552885 0.171741 0.046875 0.0737179 0.251709
1 0.553786 0.175214 0.0510817 0.088141 0.310791
1 0.551683 0.176683 0.0480769 0.0777244 0.29834
1 0.227764 0.0649205 0.0438702 0.12924 0.350342
1 0.554087 0.174412 0.046875 0.0870726 0.345215
1 0.554087 0.17922 0.0456731 0.0849359 0.280518
1 0.160306 0.956197 0.0748197 0.0876068 0.273682
1 0.554087 0.175347 0.046875 0.085203 0.313965
1 0.555288 0.178285 0.0480769 0.0785256 0.268066
1 0.553486 0.17695 0.0480769 0.0814637 0.320068
1 0.228666 0.0718483 0.0522836 0.143697 0.390381
1 0.553185 0.173878 0.045673 0.0806624 0.268066
1 0.555889 0.174412 0.0444711 0.0742521 0.306641
1 0.799279 0.246728 0.0408654 0.069578 0.269775
1 0.228065 0.0690438 0.0498798 0.138088 0.307373
1 0.553486 0.182425 0.0540865 0.0924145 0.307373
1 0.228365 0.0711806 0.0522836 0.142361 0.397949
1 0.554087 0.174813 0.0504807 0.0841346 0.32251
1 0.22506 0.0646368 0.0432692 0.129274 0.338135
1 0.553786 0.177885 0.0486779 0.0806624 0.281494
1 0.229718 0.068109 0.0465745 0.135684 0.289307
1 0.226713 0.0672409 0.0459736 0.134482 0.393311
1 0.554087 0.173344 0.0456731 0.079594 0.259033
1 0.227013 0.0655716 0.0453726 0.131143 0.347656
1 0.553486 0.177083 0.046875 0.0827992 0.312256
1 0.230168 0.0699119 0.0498798 0.131277 0.323486
1 0.230319 0.0649038 0.0519832 0.129808 0.325928
1 0.555589 0.175881 0.0486779 0.0777244 0.294922
1 0.225962 0.0661058 0.0459735 0.132212 0.326904
1 0.553486 0.17735 0.0480769 0.0892094 0.270508
1 0.229267 0.0679754 0.0486779 0.134882 0.332764
1 0.231971 0.0707799 0.0426683 0.136752 0.369385
1 0.552284 0.178953 0.0438702 0.0769231 0.345947
1 0.552284 0.176282 0.0456731 0.0758547 0.319092
1 0.798077 0.244591 0.0444711 0.0738515 0.281494
1 0.227915 0.0653713 0.0447716 0.130743 0.344238
1 0.554087 0.177083 0.0456731 0.0753205 0.313965
1 0.229718 0.0707799 0.0471755 0.13969 0.473633
1 0.552284 0.178953 0.0432693 0.0774573 0.337158
1 0.798077 0.245994 0.0408654 0.0715812 0.274414
1 0.23137 0.0678586 0.0498798 0.134048 0.361084
1 0.554988 0.177618 0.047476 0.0769231 0.291016
1 0.230168 0.0671742 0.047476 0.134348 0.274414
1 0.228966 0.0685096 0.0486779 0.137019 0.366699
1 0.553786 0.177618 0.047476 0.0790598 0.254639
1 0.228816 0.0644364 0.0492789 0.128873 0.397949
1 0.554688 0.176282 0.0480769 0.082265 0.358398
1 0.554688 0.178819 0.0492788 0.079594 0.334473
1 0.228516 0.0679087 0.0489784 0.135817 0.256104
1 0.554988 0.176549 0.0486779 0.0833333 0.364746
1 0.229868 0.069578 0.046875 0.139156 0.352295
1 0.227764 0.0668403 0.047476 0.133681 0.311523
1 0.552885 0.176416 0.046875 0.0787927 0.276611
1 0.230168 0.0693777 0.0456731 0.137954 0.304932
1 0.228065 0.0652377 0.046274 0.130475 0.413086
1 0.552885 0.17735 0.0444712 0.0817308 0.319092
1 0.230619 0.0643697 0.0456731 0.128739 0.319092
1 0.552885 0.177751 0.0450721 0.0830662 0.289307
1 0.230769 0.0650374 0.0420673 0.130075 0.420654
1 0.553185 0.176015 0.045673 0.0769231 0.337158
1 0.230769 0.06664 0.0480769 0.13328 0.408203
1 0.554688 0.176816 0.0480769 0.0854701 0.384033
1 0.23152 0.0658387 0.0489784 0.131677 0.457031
1 0.552885 0.177484 0.0480769 0.0809295 0.36377
1 0.229868 0.0678419 0.0498798 0.135684 0.399902
1 0.554087 0.176149 0.046875 0.0809295 0.295898
1 0.23152 0.0677751 0.0492788 0.13555 0.374756
1 0.553486 0.176015 0.0456731 0.0838675 0.290283
1 0.230168 0.0699786 0.0480769 0.138355 0.347656
1 0.553786 0.177885 0.0432692 0.0731838 0.252441
1 0.228966 0.0675748 0.0507812 0.13515 0.417725
1 0.554688 0.174279 0.046875 0.0830662 0.267334
1 0.23152 0.0697115 0.047476 0.139423 0.416748
1 0.553486 0.176149 0.0456731 0.0777244 0.281494
1 0.228666 0.0691774 0.0492789 0.138355 0.368408
1 0.553486 0.174947 0.046875 0.0801282 0.308105
1 0.229868 0.0661725 0.0492788 0.132345 0.325928
1 0.554087 0.174412 0.0480769 0.0785256 0.315674
1 0.23137 0.0697115 0.0486779 0.134615 0.5
1 0.553486 0.175614 0.0456731 0.0787927 0.284668
1 0.230469 0.0699953 0.0486779 0.136452 0.452393
1 0.552885 0.177885 0.0456731 0.0774573 0.313232
1 0.230168 0.0681758 0.046274 0.136352 0.459961
1 0.552885 0.176416 0.0456731 0.0819979 0.325195
1 0.230319 0.071648 0.0483774 0.138221 0.425293
1 0.553185 0.178152 0.046274 0.0811966 0.291748
1 0.230769 0.0675748 0.0510817 0.13515 0.425293
1 0.553185 0.179754 0.045673 0.0817308 0.318359
1 0.230619 0.067508 0.0486779 0.135016 0.408203
1 0.553786 0.178686 0.046274 0.0811966 0.307373
1 0.230168 0.0695112 0.0516827 0.139022 0.413086
1 0.553486 0.175214 0.0456731 0.0801282 0.335449
1 0.230018 0.0673745 0.0504808 0.134749 0.518555
1 0.553486 0.176549 0.0444712 0.0785256 0.368408
1 0.230769 0.0679754 0.0486779 0.135951 0.438721
1 0.553486 0.175614 0.0456731 0.0809295 0.348633
1 0.230168 0.0673077 0.0486779 0.134615 0.479492
1 0.554087 0.175214 0.0456731 0.0779915 0.307373
1 0.230769 0.0671074 0.047476 0.134215 0.442627
1 0.554087 0.175881 0.0456731 0.0782586 0.34082
1 0.230469 0.065438 0.046875 0.130876 0.53418
1 0.553486 0.176282 0.0456731 0.079594 0.414062
1 0.798077 0.245726 0.0408654 0.0726496 0.256104
1 0.228966 0.0662393 0.0522836 0.132479 0.418701
1 0.554087 0.174947 0.0456731 0.0811966 0.288574
1 0.228966 0.0679754 0.0528846 0.135951 0.449463
1 0.553185 0.175748 0.045673 0.0811966 0.338867
1 0.23152 0.0669738 0.0492788 0.133948 0.455078
1 0.553185 0.177484 0.045673 0.0774573 0.323486
1 0.23122 0.0665064 0.0507812 0.133013 0.481445
1 0.552885 0.177885 0.046875 0.0785256 0.406494
1 0.230769 0.0687767 0.0510817 0.137553 0.503906
1 0.553185 0.176549 0.045673 0.0779915 0.338135
1 0.229718 0.0694444 0.0498798 0.138889 0.483398
1 0.554087 0.175214 0.0444712 0.0763889 0.346924
1 0.230769 0.06664 0.0510817 0.13328 0.421631
1 0.553486 0.174947 0.0444712 0.0803953 0.286865
1 0.230769 0.0669071 0.0516827 0.133814 0.44458
1 0.553486 0.174947 0.0456731 0.0801282 0.319092
1 0.229567 0.0677083 0.053786 0.135417 0.501953
1 0.552885 0.173344 0.046875 0.0806624 0.400635
1 0.230919 0.0679754 0.0528846 0.135951 0.525391
1 0.553486 0.174279 0.046274 0.0801282 0.407227
1 0.797476 0.244191 0.0432692 0.0714476 0.27832
1 0.230168 0.0683761 0.0516827 0.136752 0.504883
1 0.553486 0.17508 0.0456731 0.0777244 0.431152
1 0.797476 0.246261 0.0432692 0.0715812 0.345947
1 0.230168 0.0686432 0.0516827 0.137286 0.551758
1 0.554087 0.176282 0.0456731 0.0753205 0.442627
1 0.798077 0.244391 0.0432693 0.0699787 0.393311
1 0.990986 0.626603 0.0180288 0.0320513 0.259033
1 0.229718 0.0684428 0.0516827 0.136886 0.651367
1 0.553486 0.174412 0.0456731 0.0758547 0.475586
1 0.797476 0.243523 0.0432692 0.069578 0.453369
1 0.359675 0.972489 0.0498798 0.0550213 0.289307
1 0.990986 0.627137 0.0180288 0.0299146 0.277588
1 0.23107 0.0691106 0.0498798 0.138221 0.5
1 0.554087 0.173611 0.0444712 0.0769231 0.438721
1 0.798077 0.243323 0.0420673 0.0705128 0.349609
1 0.990385 0.626603 0.0192307 0.0309829 0.287842
1 0.229267 0.068977 0.0519832 0.137954 0.643555
1 0.553486 0.174412 0.0438702 0.0763889 0.517578
1 0.797476 0.244725 0.0432692 0.0703793 0.396973
1 0.990685 0.625534 0.0186298 0.0320513 0.319092
1 0.491587 0.941239 0.0240385 0.0416667 0.255371
1 0.230168 0.0686432 0.0498798 0.137286 0.59375
1 0.554087 0.173878 0.0432693 0.0742521 0.480469
1 0.797476 0.243857 0.0420673 0.0683761 0.384033
1 0.990685 0.626068 0.0186298 0.0320513 0.289307
1 0.229417 0.0685096 0.0513822 0.137019 0.642578
1 0.553786 0.174546 0.0444711 0.0750534 0.490234
1 0.797476 0.244057 0.0432692 0.0685096 0.389648
1 0.990385 0.627137 0.0192307 0.0320513 0.313965
1 0.230319 0.0687099 0.0519832 0.13742 0.613281
1 0.553486 0.174412 0.0444712 0.0753205 0.519531
1 0.797476 0.244124 0.0420673 0.0689102 0.373047
1 0.990084 0.628205 0.0198318 0.0320513 0.314941
1 0.230469 0.0687767 0.0507812 0.137553 0.624512
1 0.554087 0.174412 0.0444712 0.0753205 0.523438
1 0.798077 0.244191 0.0432693 0.0693109 0.361084
1 0.990385 0.627137 0.0192307 0.0320513 0.338867
1 0.230769 0.0697115 0.0522836 0.138889 0.595703
1 0.554087 0.176149 0.0456731 0.0771902 0.520508
1 0.797476 0.245192 0.0444712 0.071047 0.400635
1 0.990385 0.628205 0.0192307 0.0320513 0.294922
1 0.23107 0.0691774 0.0510817 0.137821 0.631836
1 0.554087 0.175748 0.0438702 0.0753205 0.538086
1 0.796875 0.245192 0.0432693 0.0705128 0.385742
1 0.990685 0.628205 0.0186298 0.0320513 0.305664
1 0.230319 0.0691106 0.0525841 0.138221 0.652344
1 0.554688 0.176015 0.0444712 0.0753205 0.545898
1 0.797476 0.245793 0.0432692 0.0703793 0.393311
1 0.990385 0.628205 0.0192307 0.0320513 0.336426
1 0.230619 0.0689103 0.0513822 0.137286 0.619629
1 0.554087 0.175614 0.0444712 0.0755876 0.503906
1 0.796875 0.245793 0.0432693 0.0703793 0.383057
1 0.990385 0.628205 0.0192307 0.0320513 0.310791
1 0.230469 0.0701122 0.0516827 0.139156 0.631836
1 0.554087 0.175481 0.0444712 0.0769231 0.524414
1 0.797476 0.245727 0.0432692 0.071047 0.406494
1 0.990385 0.628739 0.0192307 0.0320513 0.313232
1 0.230469 0.0697115 0.0522837 0.139423 0.619629
1 0.554087 0.175214 0.0444712 0.0763889 0.512695
1 0.796875 0.245727 0.0432693 0.0705128 0.37207
1 0.990385 0.629274 0.0192307 0.0320513 0.294922
1 0.230469 0.069578 0.0522837 0.138088 0.625
1 0.554087 0.175481 0.0450721 0.0758547 0.522461
1 0.796875 0.246194 0.0432693 0.0706464 0.399902
1 0.990385 0.628739 0.0192307 0.0309829 0.303223
1 0.23107 0.0691106 0.0498798 0.138221 0.5
1 0.554087 0.173611 0.0444712 0.0769231 0.438721
1 0.798077 0.243323 0.0420673 0.0705128 0.349609
1 0.990385 0.626603 0.0192307 0.0309829 0.287842
