1 0.650841 0.209936 0.0408654 0.0657051 0.290283
1 0.655048 0.214477 0.0336538 0.0689103 0.310791
1 0.65024 0.212607 0.0408654 0.0769231 0.33374
1 0.647837 0.208333 0.0384615 0.0742521 0.367432
1 0.416466 0.142361 0.046274 0.0902778 0.35498
1 0.0883413 0.068109 0.0348558 0.0876068 0.253174
1 0.417668 0.147035 0.0444711 0.0814637 0.282959
1 0.651442 0.211538 0.0408654 0.071047 0.280518
1 0.41887 0.152244 0.0540865 0.090812 0.254639
1 0.417067 0.147436 0.046875 0.0886752 0.281494
1 0.417368 0.151709 0.0444712 0.0849359 0.290283
1 0.417969 0.164396 0.0408654 0.0793269 0.265869
1 0.417368 0.150775 0.0432692 0.0761218 0.267334
1 0.652644 0.215545 0.0360577 0.0630342 0.253906
1 0.417668 0.148771 0.0504808 0.0844017 0.313965
1 0.650841 0.215946 0.0420673 0.0707799 0.255371
1 0.652644 0.213542 0.0408654 0.068109 0.258301
1 0.417668 0.156784 0.0420673 0.0817308 0.265869
1 0.0919471 0.055422 0.0408654 0.110844 0.271973
1 0.417668 0.15438 0.047476 0.0844017 0.262939
1 0.419772 0.161325 0.0444711 0.0779915 0.254639
1 0.909255 0.174813 0.0360577 0.0389957 0.266602
1 0.416767 0.157853 0.0420673 0.0769231 0.265137
1 0.0973558 0.058093 0.0354567 0.116186 0.263672
1 0.65024 0.215678 0.0396635 0.0675748 0.254639
1 0.65024 0.215011 0.0396635 0.0651709 0.256836
1 0.649639 0.217548 0.0372596 0.068109 0.294189
1 0.416466 0.157318 0.0420673 0.073985 0.283691
1 0.418269 0.15812 0.0450721 0.0806624 0.262207
1 0.909856 0.173478 0.0360578 0.0352564 0.256104
1 0.419471 0.150374 0.0486779 0.0827991 0.305664
1 0.909856 0.175481 0.0372596 0.0379274 0.270508
1 0.41887 0.15211 0.0486779 0.0819979 0.273682
1 0.419471 0.151576 0.0492789 0.0870727 0.311523
1 0.909255 0.174145 0.0372597 0.0400641 0.262207
1 0.417668 0.149306 0.046875 0.0827992 0.264404
1 0.908654 0.173611 0.0384616 0.034188 0.267334
1 0.417067 0.155182 0.0444711 0.079594 0.259033
1 0.909856 0.176282 0.0360578 0.0379273 0.254639
1 0.417668 0.149706 0.0456731 0.0819979 0.275146
1 0.909255 0.172543 0.0384615 0.0384615 0.253906
1 0.909856 0.174279 0.0384616 0.0360577 0.299072
1 0.418269 0.149973 0.046875 0.0836004 0.290283
1 0.0966046 0.0579594 0.0357572 0.115919 0.254639
1 0.417368 0.150641 0.0480769 0.0854701 0.303955
1 0.093149 0.0567575 0.0360577 0.113515 0.275879
1 0.908654 0.174947 0.0384616 0.0357906 0.252441
1 0.0941256 0.0587607 0.0410156 0.117521 0.304932
1 0.418269 0.150107 0.047476 0.0817308 0.259033
1 0.908654 0.175748 0.0372596 0.0347222 0.251709
1 0.0934495 0.0564236 0.0408654 0.112847 0.256836
1 0.09375 0.0573584 0.0375601 0.114717 0.270508
1 0.0935246 0.0574252 0.0377103 0.11485 0.320801
1 0.417067 0.15024 0.0456731 0.0819979 0.268066
1 0.0955529 0.0579594 0.0389123 0.115919 0.27124
1 0.417067 0.157318 0.0456731 0.0844017 0.254639
1 0.416466 0.158921 0.0444711 0.0811966 0.262207
1 0.0935998 0.0575588 0.0396635 0.115118 0.317383
1 0.417668 0.158387 0.0444711 0.0811966 0.262207
1 0.417067 0.148237 0.0450721 0.0838675 0.275879
1 0.0939002 0.0572917 0.0360577 0.114583 0.272705
1 0.0932993 0.0572917 0.0381611 0.114583 0.324219
1 0.416466 0.149306 0.0432692 0.0798611 0.253174
1 0.416466 0.150107 0.0456731 0.0833333 0.27832
1 0.0932993 0.0575588 0.038762 0.115118 0.26123
1 0.0934495 0.0565572 0.0398137 0.113114 0.263672
1 0.909255 0.172142 0.0360577 0.0333868 0.262207
1 0.417067 0.148504 0.0450721 0.0817308 0.259033
1 0.417067 0.14984 0.0456731 0.0811966 0.282959
1 0.909255 0.172409 0.0360577 0.0376602 0.250244
1 0.416767 0.150374 0.0450721 0.0806624 0.334473
1 0.957933 0.205796 0.03125 0.0400641 0.265869
1 0.09375 0.0572917 0.0366587 0.114583 0.253906
1 0.416466 0.150107 0.0444711 0.0833333 0.2854
1 0.417067 0.150908 0.046875 0.0838675 0.344238
1 0.0934495 0.0592949 0.0405649 0.11859 0.300781
1 0.908654 0.173611 0.0360577 0.0363248 0.256836
1 0.416466 0.149573 0.0444711 0.0833333 0.294922
1 0.908654 0.17468 0.0360577 0.0379274 0.276611
1 0.0932993 0.05836 0.0405649 0.11672 0.264404
1 0.0948768 0.0600962 0.0386118 0.120192 0.274414
1 0.908654 0.174279 0.0360577 0.0347222 0.269775
1 0.417668 0.155716 0.0432692 0.0801282 0.257568
1 0.957933 0.202991 0.03125 0.0413996 0.256104
1 0.908654 0.169071 0.0360577 0.036859 0.253174
1 0.416466 0.145833 0.0444711 0.0790598 0.315674
1 0.957332 0.203793 0.0324519 0.0384615 0.310791
1 0.908654 0.169338 0.0336538 0.0344551 0.260498
1 0.956731 0.20446 0.03125 0.0400641 0.330322
1 0.909255 0.172009 0.0348557 0.0325855 0.315674
1 0.416466 0.151175 0.0444711 0.0806624 0.290283
1 0.989784 0.980235 0.0204327 0.0395299 0.287842
1 0.65024 0.224893 0.0384615 0.0678419 0.263672
1 0.416466 0.147703 0.0444711 0.079594 0.347656
1 0.0935998 0.0572249 0.0405649 0.11445 0.303223
1 0.956731 0.205929 0.0336538 0.0438034 0.30249
1 0.909255 0.17281 0.0360577 0.0344551 0.290283
1 0.416767 0.14797 0.0432693 0.0769231 0.314941
1 0.909255 0.171741 0.0336538 0.0299145 0.306641
1 0.956731 0.205395 0.03125 0.0400641 0.296631
1 0.989784 0.980769 0.0204327 0.0384616 0.279053
1 0.651442 0.217281 0.0408654 0.068109 0.270508
1 0.093149 0.0566239 0.0407151 0.113248 0.256104
1 0.0925481 0.0562233 0.0414663 0.112447 0.351318
1 0.956731 0.203659 0.03125 0.0419338 0.347656
1 0.415865 0.145833 0.0432692 0.0769231 0.328613
1 0.909255 0.170406 0.0360577 0.0325855 0.326904
1 0.651442 0.217281 0.0396635 0.0675748 0.300781
1 0.989784 0.979434 0.0204327 0.0411324 0.291748
1 0.908654 0.171474 0.0336538 0.0293803 0.328613
1 0.956731 0.204327 0.03125 0.0395299 0.328613
1 0.416466 0.147169 0.0432692 0.0785256 0.31665
1 0.989183 0.979167 0.0216346 0.0416667 0.27832
1 0.65024 0.21688 0.0396635 0.0667735 0.265137
1 0.0935246 0.0564236 0.0371094 0.112847 0.254639
1 0.416466 0.146902 0.0426683 0.0779915 0.394287
1 0.909255 0.170139 0.0348557 0.0315171 0.388672
1 0.956731 0.203659 0.03125 0.0405983 0.38501
1 0.0920974 0.0555556 0.0390625 0.111111 0.368408
1 0.989784 0.980235 0.0204327 0.0395299 0.327637
1 0.649639 0.218349 0.0396635 0.065438 0.313232
1 0.908654 0.171207 0.0360577 0.0331197 0.369385
1 0.416466 0.146635 0.0420673 0.0779915 0.352295
1 0.956731 0.204193 0.03125 0.0424679 0.339844
1 0.0923227 0.0548878 0.0365084 0.109776 0.335449
1 0.649639 0.21648 0.0396635 0.0659722 0.304932
1 0.990084 0.980235 0.0198318 0.0395299 0.299805
1 0.908654 0.170807 0.0360577 0.0325855 0.384033
1 0.416466 0.148237 0.0444711 0.079594 0.349609
1 0.956731 0.204327 0.0336538 0.039797 0.348633
1 0.0926232 0.0560897 0.0371094 0.112179 0.325928
1 0.649639 0.21875 0.0396635 0.0657051 0.309814
1 0.989784 0.980235 0.0204327 0.0395299 0.303223
1 0.908654 0.170406 0.0360577 0.0347222 0.39502
1 0.416466 0.147569 0.0438702 0.0803953 0.373047
1 0.956731 0.203793 0.0336538 0.0416667 0.346924
1 0.649038 0.22102 0.0408654 0.0691774 0.336426
1 0.989183 0.980235 0.0216346 0.0395299 0.329346
1 0.0915715 0.0556891 0.0372596 0.111378 0.29834
1 0.909255 0.171741 0.0348557 0.0315171 0.383057
1 0.957332 0.205262 0.0324519 0.0408654 0.358398
1 0.417067 0.14797 0.0444711 0.0811966 0.35498
1 0.65024 0.217014 0.0408654 0.0665064 0.315674
1 0.989183 0.980235 0.0216346 0.0395299 0.309082
1 0.0939002 0.0557559 0.0366587 0.111512 0.260498
1 0.909255 0.172543 0.0360577 0.0331197 0.396973
1 0.417067 0.148771 0.0444711 0.0806624 0.365723
1 0.956731 0.205262 0.0336538 0.0424679 0.356689
1 0.989483 0.980235 0.0210337 0.0395299 0.356689
1 0.651442 0.219017 0.0408654 0.0689103 0.318359
1 0.0930739 0.0566239 0.0378606 0.113248 0.277588
1 0.417067 0.148371 0.0432692 0.0790598 0.410156
1 0.909255 0.171074 0.0372597 0.0323184 0.39502
1 0.957332 0.204861 0.0324519 0.0411325 0.365723
1 0.989784 0.980235 0.0204327 0.0395299 0.355713
1 0.65024 0.221154 0.0384615 0.0683761 0.335449
1 0.0941256 0.0574252 0.0371094 0.11485 0.265869
1 0.417067 0.149306 0.0444711 0.0801282 0.455078
1 0.909255 0.171474 0.0360577 0.0320513 0.406494
1 0.989784 0.980769 0.0204327 0.0384616 0.379395
1 0.0929988 0.0564904 0.0378606 0.112981 0.369385
1 0.65024 0.221822 0.0396635 0.0691774 0.367432
1 0.957332 0.206197 0.0324519 0.0416667 0.364746
1 0.416466 0.148237 0.0444711 0.0790598 0.39502
1 0.909856 0.171074 0.0360578 0.0328526 0.381104
1 0.989784 0.980235 0.0204327 0.0395299 0.350342
1 0.956731 0.205662 0.0324519 0.0416667 0.348633
1 0.0923978 0.0559562 0.0380108 0.111912 0.328613
1 0.649639 0.221421 0.0396635 0.0678419 0.328613
1 0.909255 0.171608 0.0372597 0.0336539 0.414795
1 0.416466 0.148504 0.0444711 0.0801282 0.401611
1 0.989784 0.979701 0.0204327 0.0405983 0.376709
1 0.956731 0.205529 0.0324519 0.0424679 0.369385
1 0.649639 0.222089 0.0396635 0.068109 0.353027
1 0.0926983 0.056891 0.0381611 0.113782 0.326904
1 0.416767 0.148504 0.0438702 0.079594 0.397949
1 0.909856 0.172276 0.0360578 0.0333868 0.393311
1 0.989784 0.979968 0.0204327 0.0400641 0.354004
1 0.956731 0.20633 0.0324519 0.0419338 0.349609
1 0.649639 0.221688 0.0396635 0.0678419 0.335449
1 0.0926983 0.0567575 0.0378606 0.113515 0.309814
1 0.909255 0.171875 0.0372597 0.0325855 0.40918
1 0.416466 0.148504 0.0444711 0.079594 0.404541
1 0.956731 0.206197 0.0324519 0.0416667 0.369385
1 0.989784 0.980235 0.0204327 0.0395299 0.365723
1 0.65024 0.221688 0.0408654 0.0678419 0.35498
1 0.0926983 0.0566239 0.038762 0.113248 0.332031
1 0.908654 0.171608 0.0336538 0.0293803 0.328613
1 0.956731 0.204327 0.03125 0.0395299 0.328613
1 0.416466 0.147169 0.0432692 0.0785256 0.31665
1 0.989183 0.979167 0.0216346 0.0416667 0.27832
1 0.65024 0.21688 0.0396635 0.0667735 0.265137
1 0.0935246 0.0563568 0.0371094 0.112714 0.254639
