1 0.470553 0.774573 0.0426683 0.0811966 0.332031
1 0.528245 0.582265 0.0180288 0.0470085 0.291748
1 0.427584 0.550214 0.0270433 0.0534188 0.257568
1 0.524639 0.58547 0.0264423 0.0534188 0.262939
1 0.793269 0.307158 0.0264423 0.0438034 0.254639
1 0.527644 0.586538 0.0264423 0.0576923 0.406494
1 0.429087 0.554487 0.0324519 0.059829 0.363037
1 0.471755 0.785256 0.0444711 0.0876068 0.310791
1 0.665865 0.655449 0.0264423 0.0630342 0.264404
1 0.469952 0.785256 0.0420673 0.076923 0.315674
1 0.346154 0.918803 0.113582 0.136752 0.29248
1 0.427284 0.554487 0.0324519 0.0502137 0.27124
1 0.794471 0.305288 0.0288462 0.0373932 0.260498
1 0.665865 0.655449 0.0288461 0.0502137 0.250977
1 0.471755 0.786325 0.0372596 0.0683761 0.308105
1 0.52494 0.584402 0.0252404 0.0555556 0.296631
1 0.664062 0.652778 0.0264423 0.0491453 0.291748
1 0.427885 0.551816 0.0300481 0.0608974 0.264404
1 0.990685 0.854701 0.0186298 0.0534188 0.253174
1 0.525841 0.586004 0.0252404 0.051282 0.419678
1 0.425781 0.553419 0.0336538 0.0512821 0.309082
1 0.908654 0.751068 0.0240384 0.0705128 0.262207
1 0.664663 0.65812 0.0288462 0.059829 0.260498
1 0.793269 0.305823 0.0288462 0.0416667 0.254639
1 0.471755 0.786325 0.0384615 0.0726496 0.323486
1 0.526442 0.583868 0.0240385 0.0534188 0.279053
1 0.428486 0.55235 0.0282452 0.0598291 0.262207
1 0.664663 0.651709 0.0216346 0.0491453 0.250244
1 0.909856 0.745727 0.0216346 0.0790599 0.250244
1 0.469351 0.785791 0.0396635 0.0683761 0.250977
1 0.427885 0.55609 0.0336538 0.0544872 0.259766
1 0.525841 0.588141 0.030048 0.0544872 0.251709
1 0.428786 0.553953 0.0342548 0.0555556 0.265869
1 0.524639 0.58547 0.0264423 0.0448718 0.355713
1 0.469651 0.787393 0.0402644 0.0747864 0.315674
1 0.906851 0.746261 0.0252404 0.073718 0.269775
1 0.427284 0.557158 0.03125 0.0523504 0.262939
1 0.778846 0.86859 0.0276443 0.0779915 0.256836
1 0.427284 0.554487 0.0300481 0.0544872 0.335449
1 0.52524 0.586538 0.0264423 0.051282 0.33374
1 0.75601 0.776709 0.0432693 0.0918803 0.279053
1 0.908053 0.748932 0.0252404 0.0790599 0.27832
1 0.778846 0.867521 0.0288462 0.0790598 0.258301
1 0.469952 0.78953 0.0384615 0.0705129 0.257568
1 0.526442 0.586538 0.0264423 0.0470086 0.349609
1 0.429087 0.554487 0.0324519 0.0491453 0.345947
1 0.795673 0.308761 0.0264423 0.0416667 0.279785
1 0.428486 0.557692 0.031851 0.0534188 0.269775
1 0.52524 0.588675 0.0264423 0.0512821 0.256104
1 0.778846 0.866453 0.0288462 0.0726496 0.250977
1 0.52524 0.589744 0.0246395 0.0491453 0.279785
1 0.470853 0.790598 0.0384615 0.0694444 0.265137
1 0.426983 0.557692 0.0300481 0.0491453 0.262939
1 0.527043 0.589744 0.0240385 0.0470086 0.324219
1 0.429087 0.558227 0.03125 0.0502137 0.296631
1 0.909856 0.746795 0.0240384 0.0769231 0.2854
1 0.78125 0.867521 0.0264423 0.0651709 0.277588
1 0.471755 0.788996 0.0360577 0.0673076 0.256104
1 0.777644 0.870727 0.0288462 0.0811966 0.268066
1 0.523738 0.58547 0.0246394 0.0470086 0.262939
1 0.426082 0.554487 0.0300481 0.0512821 0.250977
1 0.779447 0.866453 0.0264423 0.0747863 0.308105
1 0.907452 0.744658 0.0240385 0.0833333 0.288574
1 0.525841 0.588675 0.0252404 0.0512821 0.284668
1 0.427284 0.557158 0.0324519 0.0544871 0.256104
1 0.427885 0.555021 0.0324519 0.0555556 0.325928
1 0.778846 0.86859 0.0264423 0.0726496 0.303955
1 0.526142 0.587073 0.0282452 0.0534188 0.303223
1 0.664663 0.654915 0.0288462 0.0534188 0.251709
1 0.780048 0.86485 0.0288462 0.0758547 0.269043
1 0.527043 0.587607 0.0276442 0.0480769 0.265869
1 0.429087 0.555556 0.0300481 0.0491453 0.252441
1 0.527043 0.587607 0.0264423 0.0534188 0.279053
1 0.428486 0.556624 0.0336538 0.051282 0.271973
1 0.780048 0.863782 0.0252404 0.0737179 0.253906
1 0.778846 0.867521 0.0276443 0.0726496 0.303955
1 0.526142 0.588675 0.0276443 0.0491453 0.287842
1 0.427584 0.557692 0.031851 0.0502137 0.265869
1 0.778846 0.869124 0.0300481 0.0715812 0.287842
1 0.778846 0.865385 0.0288462 0.0779915 0.346924
1 0.908053 0.746795 0.0252404 0.0790599 0.30249
1 0.525841 0.588141 0.0252404 0.0534188 0.295898
1 0.427584 0.55609 0.0300481 0.0544872 0.288574
1 0.990986 0.856303 0.0180288 0.0587607 0.253906
1 0.664663 0.655983 0.0288462 0.0566239 0.253174
1 0.778846 0.863248 0.03125 0.0790599 0.253906
1 0.428486 0.556624 0.0324519 0.0576923 0.272705
1 0.778846 0.866453 0.0300481 0.0726496 0.268066
1 0.778245 0.863782 0.0276443 0.0779914 0.275146
1 0.525541 0.590812 0.0294471 0.0534188 0.352295
1 0.778846 0.864316 0.0288462 0.0726496 0.342529
1 0.428486 0.558227 0.03125 0.0534188 0.325195
1 0.794471 0.308226 0.0288462 0.0363248 0.286865
1 0.663462 0.65812 0.0288462 0.0544872 0.2854
1 0.908654 0.75 0.0240384 0.0790598 0.266602
1 0.780048 0.865919 0.0288462 0.0779914 0.319092
1 0.526442 0.589209 0.0264423 0.0480769 0.293457
1 0.428486 0.557692 0.03125 0.051282 0.286865
1 0.780048 0.864316 0.0288462 0.0726496 0.324219
1 0.52524 0.587607 0.0276442 0.0491453 0.296631
1 0.427885 0.556624 0.0324519 0.051282 0.290283
1 0.779447 0.867521 0.0288462 0.0747863 0.38501
1 0.526142 0.588675 0.0282452 0.0512821 0.326904
1 0.428486 0.557158 0.03125 0.0534188 0.309814
1 0.664663 0.658654 0.0288462 0.0555556 0.276611
1 0.908654 0.747329 0.0240384 0.0769231 0.27124
1 0.753606 0.771902 0.0456731 0.090812 0.254639
1 0.779447 0.865919 0.0264423 0.0737179 0.310791
1 0.780048 0.867521 0.0288462 0.076923 0.29834
1 0.526442 0.588675 0.0264423 0.0512821 0.250977
1 0.525541 0.587607 0.0282452 0.0534188 0.307373
1 0.778846 0.865385 0.0288462 0.076923 0.305664
1 0.427885 0.556624 0.0324519 0.0555556 0.301514
1 0.663462 0.654915 0.0288462 0.0502137 0.269775
1 0.793269 0.307692 0.0288462 0.0373932 0.255371
1 0.778846 0.863782 0.0264423 0.0769231 0.375732
1 0.428486 0.557692 0.0300481 0.051282 0.303223
1 0.526142 0.588675 0.0270432 0.0512821 0.294922
1 0.664663 0.656517 0.0288462 0.0555556 0.269043
1 0.778846 0.867521 0.0264423 0.076923 0.358398
1 0.526743 0.589744 0.0246394 0.0470086 0.296631
1 0.664663 0.657051 0.0264423 0.0502137 0.273682
1 0.909255 0.742521 0.0228365 0.0854701 0.269043
1 0.427885 0.557692 0.0300481 0.0491453 0.267334
1 0.778846 0.866453 0.0240385 0.0790598 0.375732
1 0.52524 0.588675 0.0240385 0.0491453 0.335449
1 0.427284 0.558227 0.0288462 0.051282 0.297363
1 0.908654 0.738248 0.0216346 0.0833333 0.297363
1 0.664062 0.655983 0.0252404 0.0502137 0.286133
1 0.778846 0.864316 0.0288462 0.0726496 0.276611
1 0.526442 0.587607 0.0264423 0.0512821 0.252441
1 0.778245 0.867521 0.0276443 0.0726496 0.294189
1 0.525541 0.590278 0.0282452 0.051282 0.264404
1 0.778846 0.867521 0.0288462 0.076923 0.341553
1 0.52524 0.586538 0.0252404 0.0491453 0.279785
1 0.427284 0.555556 0.03125 0.0534188 0.279053
1 0.793269 0.307959 0.0288462 0.0363248 0.256104
1 0.779447 0.866453 0.0300481 0.076923 0.305664
1 0.429087 0.558761 0.0336538 0.0555556 0.293457
1 0.526442 0.590278 0.0288461 0.0523504 0.291016
1 0.908654 0.744658 0.0240384 0.0833333 0.263672
1 0.778846 0.864316 0.0288462 0.0790598 0.348633
1 0.525541 0.588141 0.0264423 0.0480769 0.274414
1 0.427885 0.557692 0.03125 0.0523504 0.254639
1 0.778846 0.864316 0.0288462 0.0747863 0.353027
1 0.52524 0.588141 0.0270433 0.0512821 0.328613
1 0.427284 0.557158 0.0324519 0.0534188 0.320801
1 0.664663 0.657051 0.03125 0.0555556 0.275879
1 0.908654 0.744658 0.0228366 0.0779914 0.269775
1 0.794471 0.307692 0.03125 0.0405983 0.259033
1 0.779447 0.865385 0.0276443 0.0790598 0.366699
1 0.52524 0.588675 0.0276442 0.0491453 0.313232
1 0.427885 0.557692 0.0324519 0.0534188 0.312256
1 0.907452 0.74359 0.0240385 0.0811966 0.286133
1 0.794471 0.308761 0.03125 0.0405983 0.274414
1 0.665865 0.654915 0.0264423 0.0502137 0.253906
1 0.778245 0.865385 0.0276443 0.076923 0.365723
1 0.524038 0.588675 0.0258413 0.0512821 0.286133
1 0.663462 0.657051 0.0264423 0.0512821 0.280518
1 0.426683 0.557158 0.0300481 0.0523504 0.268066
1 0.778245 0.863248 0.0276443 0.076923 0.325928
1 0.525841 0.589209 0.0264423 0.0480769 0.2854
1 0.664663 0.655983 0.0240385 0.0470086 0.258301
1 0.428486 0.557692 0.030649 0.0491453 0.252441
1 0.779447 0.863248 0.0288462 0.076923 0.306641
1 0.526442 0.588141 0.0276442 0.0502137 0.262939
1 0.779447 0.866453 0.0264423 0.0683761 0.329346
1 0.751202 0.775107 0.0408654 0.0833333 0.252441
1 0.779447 0.863248 0.0288462 0.076923 0.288574
1 0.780048 0.865919 0.0288462 0.0779914 0.352295
1 0.525841 0.590278 0.0282452 0.0523504 0.269043
1 0.780048 0.865385 0.0264423 0.0747863 0.38501
1 0.526442 0.589744 0.0252404 0.0470086 0.300781
1 0.665264 0.65812 0.0276442 0.0491453 0.286865
1 0.428185 0.558761 0.031851 0.051282 0.277588
1 0.794471 0.309295 0.0288462 0.0379274 0.263672
1 0.779447 0.864316 0.0288462 0.076923 0.354004
1 0.525841 0.587073 0.0276442 0.051282 0.273682
1 0.428185 0.55609 0.032452 0.0544872 0.266602
1 0.780048 0.865385 0.0264423 0.0726496 0.344238
1 0.778846 0.866453 0.0288462 0.0758547 0.344238
1 0.526442 0.588675 0.0276442 0.0512821 0.256836
1 0.778846 0.865919 0.0264423 0.0779914 0.337158
1 0.525841 0.588675 0.0270433 0.0512821 0.286133
1 0.428185 0.556624 0.031851 0.0534188 0.263672
1 0.664663 0.657586 0.0264423 0.0544872 0.260498
1 0.778846 0.867521 0.0288462 0.0811966 0.310791
1 0.779447 0.868056 0.0252404 0.0769231 0.361084
1 0.526442 0.589744 0.0264423 0.0502137 0.27832
1 0.664663 0.65812 0.0240385 0.0491453 0.260498
1 0.908654 0.746795 0.0228366 0.0747864 0.256836
1 0.429087 0.557692 0.03125 0.0544871 0.253174
1 0.778846 0.865919 0.0288462 0.0779914 0.313232
1 0.779447 0.865385 0.0276443 0.0790598 0.301514
1 0.525841 0.588675 0.0264423 0.0512821 0.264404
1 0.778846 0.865385 0.0288462 0.076923 0.353027
1 0.52524 0.588675 0.0264423 0.0491453 0.295898
1 0.427584 0.557692 0.03125 0.0534188 0.257568
1 0.664663 0.657051 0.0264423 0.0512821 0.250977
1 0.778846 0.865385 0.0288462 0.0790598 0.315674
1 0.525841 0.589744 0.0276442 0.0502137 0.259033
1 0.779447 0.865385 0.0264423 0.076923 0.346924
1 0.525841 0.588675 0.0276442 0.0512821 0.284668
1 0.428486 0.557158 0.0336538 0.056624 0.256836
1 0.664663 0.656517 0.0264423 0.0555556 0.250244
1 0.779447 0.866453 0.0276443 0.076923 0.326904
1 0.525841 0.588141 0.0276442 0.0523504 0.286865
1 0.664663 0.657051 0.0264423 0.0534188 0.27124
1 0.428486 0.555556 0.0324519 0.0555556 0.259766
1 0.794471 0.307959 0.03125 0.0432692 0.256836
1 0.778846 0.867521 0.0264423 0.0747863 0.395996
1 0.526743 0.589744 0.0258413 0.0491453 0.339844
1 0.429087 0.558761 0.03125 0.0534188 0.303223
1 0.665264 0.65812 0.0264423 0.0512821 0.299805
1 0.794471 0.309295 0.0288462 0.0395299 0.286133
1 0.908654 0.741987 0.0216346 0.0790599 0.269775
1 0.778846 0.867521 0.0288462 0.076923 0.282227
1 0.780048 0.86859 0.0288462 0.0790599 0.38208
1 0.527344 0.587607 0.0276443 0.0491453 0.294922
1 0.665865 0.655983 0.0288461 0.051282 0.267334
1 0.429688 0.556624 0.0330529 0.0555556 0.262207
1 0.795673 0.30609 0.03125 0.0405983 0.253174
1 0.778846 0.866453 0.0288462 0.0790598 0.343262
1 0.526442 0.587607 0.0264423 0.0491453 0.265869
1 0.778846 0.867521 0.0288462 0.0811966 0.383057
1 0.526442 0.588675 0.0276442 0.0534188 0.309082
1 0.428486 0.557692 0.0324519 0.0555556 0.276611
1 0.665865 0.65812 0.0288461 0.0555556 0.270508
1 0.794471 0.308761 0.03125 0.0438034 0.252441
1 0.778846 0.867521 0.0288462 0.0811966 0.349609
1 0.526442 0.588675 0.0282452 0.0512821 0.284668
1 0.665865 0.65812 0.0288461 0.0555556 0.256836
1 0.780048 0.865919 0.0276443 0.0779914 0.35498
1 0.527043 0.589744 0.0276442 0.0512821 0.29248
1 0.665865 0.657586 0.0276442 0.0523504 0.262939
1 0.795072 0.308226 0.0300481 0.042735 0.251709
1 0.429688 0.557692 0.0324519 0.0555556 0.251709
1 0.778846 0.865385 0.0288462 0.0790598 0.317383
1 0.525841 0.589209 0.0276442 0.0491453 0.250244
1 0.778846 0.866453 0.0288462 0.0833333 0.350342
1 0.525841 0.587607 0.0264423 0.0491453 0.290283
1 0.664663 0.657051 0.0288462 0.0512821 0.277588
1 0.428486 0.555556 0.03125 0.0534188 0.268066
1 0.793269 0.306624 0.03125 0.0427351 0.265137
1 0.777644 0.869124 0.0288462 0.0833333 0.396973
1 0.793269 0.30609 0.03125 0.0416667 0.36377
1 0.52524 0.591346 0.0264423 0.0480769 0.346924
1 0.663462 0.660256 0.0264423 0.0470086 0.325928
1 0.427885 0.558761 0.03125 0.051282 0.325195
1 0.908053 0.742521 0.0240385 0.0811966 0.279785
1 0.794471 0.303953 0.03125 0.0405983 0.389648
1 0.778846 0.86859 0.0288462 0.0811966 0.370117
1 0.526142 0.590278 0.0270432 0.0480769 0.369385
1 0.429087 0.556624 0.0324519 0.0534188 0.348633
1 0.664663 0.659188 0.0288462 0.0491453 0.345947
1 0.836538 0.82265 0.0216346 0.0405983 0.309814
1 0.908654 0.74359 0.0240384 0.0811966 0.301514
1 0.778846 0.868056 0.0288462 0.082265 0.429199
1 0.525841 0.590812 0.0282452 0.051282 0.392334
1 0.79387 0.305556 0.03125 0.0416667 0.388672
1 0.428486 0.556624 0.0324519 0.0534188 0.375732
1 0.664663 0.661325 0.0288462 0.051282 0.375732
1 0.907452 0.744658 0.0240385 0.0811966 0.324219
1 0.836538 0.823718 0.0216346 0.0448718 0.306641
1 0.471755 0.788996 0.0384615 0.0662393 0.271973
1 0.778846 0.867521 0.0288462 0.0811966 0.463867
1 0.525841 0.589209 0.0276442 0.0502137 0.428223
1 0.794471 0.303953 0.03125 0.0384615 0.408203
1 0.664062 0.657586 0.0276443 0.0502137 0.404541
1 0.428486 0.556624 0.0324519 0.0534188 0.381104
1 0.908053 0.743056 0.0240385 0.0801282 0.363037
1 0.836538 0.821047 0.0216346 0.0416667 0.327637
1 0.370192 0.343483 0.0204327 0.0299145 0.254639
1 0.778245 0.866453 0.0288462 0.0811965 0.535156
1 0.526142 0.589744 0.0252404 0.0470086 0.486328
1 0.664062 0.65812 0.0264423 0.0470085 0.457031
1 0.794471 0.302885 0.03125 0.0384615 0.44165
1 0.428486 0.558227 0.03125 0.0502137 0.424316
1 0.907452 0.741453 0.0240385 0.0811966 0.399902
1 0.836538 0.81891 0.0216346 0.0405983 0.367432
1 0.370192 0.344017 0.0180288 0.0288462 0.259766
1 0.778846 0.865919 0.0288462 0.0801281 0.498047
1 0.525541 0.590812 0.0252404 0.0491453 0.430176
1 0.663462 0.659188 0.0264423 0.0491453 0.421631
1 0.794471 0.302885 0.0288462 0.0373932 0.420654
1 0.428486 0.558761 0.03125 0.051282 0.380371
1 0.907452 0.74359 0.0228365 0.0790599 0.346924
1 0.835337 0.819444 0.0192307 0.0384616 0.334473
1 0.778846 0.866453 0.0288462 0.0811965 0.564941
1 0.526442 0.589744 0.0276442 0.0491453 0.494141
1 0.794471 0.303419 0.03125 0.0373932 0.485352
1 0.664663 0.657586 0.0288462 0.0502137 0.480469
1 0.428786 0.558227 0.0330529 0.0523504 0.434082
1 0.908654 0.742521 0.0240384 0.082265 0.417725
1 0.835938 0.819444 0.0216347 0.0405983 0.393311
1 0.369591 0.342949 0.0192308 0.0299145 0.286133
1 0.778846 0.865385 0.0288462 0.0811965 0.561035
1 0.526442 0.590812 0.0276442 0.0491453 0.461914
1 0.664062 0.659188 0.0276443 0.0512821 0.450439
1 0.794471 0.303152 0.03125 0.0389957 0.44458
1 0.428786 0.558761 0.032452 0.051282 0.40918
1 0.908654 0.74359 0.0240384 0.0801282 0.389648
1 0.836538 0.819444 0.0216346 0.0405983 0.370117
1 0.369892 0.344551 0.0192307 0.0299145 0.262939
1 0.753606 0.770299 0.0456731 0.0897436 0.256836
1 0.778846 0.866987 0.0276443 0.0801281 0.561035
1 0.526142 0.590812 0.0264423 0.0491453 0.504883
1 0.794471 0.302885 0.03125 0.036859 0.486328
1 0.663462 0.659188 0.0264423 0.0491453 0.482422
1 0.427885 0.558761 0.0324519 0.051282 0.436768
1 0.908654 0.74359 0.0240384 0.0790599 0.401611
1 0.835337 0.819979 0.0216346 0.0395299 0.376709
1 0.369892 0.343483 0.0198318 0.0288462 0.269043
1 0.778846 0.867521 0.0288462 0.0801282 0.549805
1 0.525841 0.590278 0.0270433 0.0491453 0.512695
1 0.794471 0.302885 0.03125 0.0384615 0.500977
1 0.663462 0.659188 0.0288462 0.0512821 0.491211
1 0.428486 0.558761 0.0324519 0.0534188 0.439697
1 0.835337 0.819444 0.0216346 0.0405983 0.406494
1 0.908654 0.74359 0.0240384 0.0790599 0.385742
1 0.369591 0.343483 0.0192308 0.0288462 0.271973
1 0.752404 0.771368 0.0456731 0.0876068 0.251709
1 0.778846 0.866453 0.0288462 0.0790598 0.541016
1 0.526142 0.590812 0.0264423 0.0491453 0.515625
1 0.664062 0.658654 0.0264423 0.0502137 0.486328
1 0.794471 0.302885 0.0288462 0.0373932 0.47168
1 0.428486 0.558761 0.03125 0.051282 0.449463
1 0.908654 0.74359 0.0240384 0.0779914 0.393311
1 0.835337 0.819444 0.0216346 0.0405983 0.378418
1 0.369892 0.344551 0.0198318 0.0277778 0.29248
1 0.778846 0.86859 0.0288462 0.082265 0.53125
1 0.526442 0.59188 0.0276442 0.0491453 0.505859
1 0.794471 0.303953 0.03125 0.0395299 0.492188
1 0.664062 0.659188 0.0276443 0.0502137 0.476562
1 0.428786 0.559829 0.0330529 0.0534188 0.438721
1 0.908654 0.744124 0.0240384 0.0801282 0.403564
1 0.835337 0.820513 0.0216346 0.0405983 0.366699
1 0.369591 0.346154 0.0198317 0.0299145 0.301514
1 0.778846 0.868056 0.0288462 0.0790599 0.527344
1 0.526442 0.59188 0.0270433 0.0491453 0.50293
1 0.794471 0.303419 0.03125 0.0384615 0.495117
1 0.664663 0.660256 0.0276442 0.0502137 0.472656
1 0.428786 0.559829 0.0330529 0.0523504 0.439697
1 0.908654 0.745727 0.0228366 0.0790599 0.401611
1 0.835938 0.821047 0.0216347 0.0395299 0.373047
1 0.370192 0.344551 0.0192308 0.0277778 0.282227
1 0.778846 0.867521 0.0288462 0.0790598 0.550781
1 0.526142 0.59188 0.0270432 0.0491453 0.518555
1 0.794471 0.303953 0.030048 0.0384615 0.513672
1 0.664062 0.659188 0.0276443 0.0491453 0.492188
1 0.428786 0.559829 0.032452 0.0512821 0.458984
1 0.908654 0.744658 0.0228366 0.0790599 0.410156
1 0.835938 0.821581 0.0216347 0.0405983 0.394287
1 0.369591 0.346154 0.0192308 0.0293804 0.299072
1 0.753606 0.771902 0.0456731 0.0897436 0.257568
1 0.778846 0.86859 0.0288462 0.0801282 0.523438
1 0.526142 0.59188 0.0276443 0.0491453 0.494141
1 0.794471 0.303953 0.03125 0.0384615 0.493164
1 0.664062 0.659722 0.0288462 0.0502137 0.46875
1 0.429087 0.559829 0.0336538 0.0534188 0.432129
1 0.908654 0.745727 0.0240384 0.0790599 0.384033
1 0.835337 0.821581 0.0216346 0.0405983 0.366699
1 0.369291 0.34562 0.0198317 0.0299145 0.27124
1 0.778846 0.86859 0.0288462 0.0811966 0.541016
1 0.526442 0.590812 0.0270433 0.0491453 0.514648
1 0.794471 0.304487 0.03125 0.0395299 0.510742
1 0.664062 0.659188 0.0276443 0.0491453 0.488281
1 0.428786 0.559829 0.0330529 0.0523504 0.450439
1 0.908654 0.745727 0.0228366 0.0790599 0.410156
1 0.836538 0.821047 0.0216346 0.0416667 0.391357
1 0.369591 0.346154 0.0198317 0.0299145 0.291016
1 0.778846 0.86859 0.0288462 0.0811966 0.53418
1 0.526442 0.59188 0.0270433 0.0491453 0.50293
1 0.794471 0.30422 0.03125 0.0389957 0.500977
1 0.664062 0.659188 0.0276443 0.0491453 0.473633
1 0.429087 0.559829 0.0324519 0.0512821 0.436768
1 0.908654 0.744658 0.0228366 0.0790599 0.392334
1 0.835938 0.821581 0.0216347 0.0405983 0.361084
1 0.369591 0.346154 0.0198317 0.0288461 0.275879
1 0.778846 0.86859 0.0288462 0.0811966 0.545898
1 0.794471 0.303953 0.03125 0.0384615 0.520508
1 0.526442 0.59188 0.0264423 0.0491453 0.517578
1 0.664062 0.659722 0.0276443 0.0491453 0.492188
1 0.428486 0.560897 0.0324519 0.0512821 0.454346
1 0.908654 0.745192 0.0228366 0.0790598 0.408203
1 0.835938 0.821581 0.0216347 0.0405983 0.378418
1 0.369591 0.346154 0.0192308 0.0288461 0.287842
1 0.778846 0.865919 0.0288462 0.0801281 0.499023
1 0.525541 0.590812 0.0252404 0.0491453 0.430176
1 0.663462 0.659188 0.0264423 0.0491453 0.421631
1 0.794471 0.302885 0.0288462 0.0373932 0.419678
1 0.428486 0.558761 0.03125 0.051282 0.380371
1 0.907452 0.74359 0.0228365 0.0801282 0.346924
1 0.835337 0.819444 0.0192307 0.0384616 0.334473
