1 0.957933 0.654915 0.03125 0.0491453 0.407227
1 0.875 0.723825 0.0204327 0.0480769 0.328613
1 0.53125 0.832265 0.0228365 0.065171 0.294922
1 0.530048 0.831197 0.0240385 0.068376 0.326904
1 0.954928 0.659188 0.0336538 0.0512821 0.313965
1 0.852163 0.620727 0.0240384 0.0555556 0.272705
1 0.261118 0.491987 0.0204327 0.0619658 0.259766
1 0.530649 0.849893 0.0288462 0.0715812 0.255371
1 0.528846 0.850427 0.0300481 0.0683761 0.327637
1 0.954327 0.65812 0.0336538 0.0405983 0.265869
1 0.530048 0.848291 0.0276443 0.059829 0.314941
1 0.260517 0.508547 0.0228365 0.0576923 0.27832
1 0.872596 0.745727 0.0288462 0.042735 0.253906
1 0.530048 0.848291 0.0228365 0.0641026 0.309082
1 0.261418 0.51055 0.0204327 0.0558227 0.271973
1 0.789663 0.723291 0.0288462 0.0470086 0.270508
1 0.530048 0.839744 0.0288462 0.0705128 0.251709
1 0.790865 0.725427 0.0288462 0.0491453 0.311523
1 0.850962 0.620727 0.0240384 0.0470086 0.256836
1 0.872596 0.750534 0.03125 0.0502137 0.256104
1 0.790264 0.723291 0.0336538 0.051282 0.304932
1 0.851562 0.620727 0.0240385 0.0448718 0.276611
1 0.875 0.748932 0.0288462 0.0491453 0.27124
1 0.53125 0.848291 0.0300481 0.0662393 0.270508
1 0.260817 0.51015 0.0198318 0.0566239 0.258301
1 0.958534 0.660256 0.0360577 0.0448718 0.250244
1 0.789663 0.725427 0.0360577 0.0576923 0.279053
1 0.531551 0.847222 0.0264423 0.0641025 0.264404
1 0.790264 0.725962 0.03125 0.0470086 0.253906
1 0.260517 0.51015 0.0216346 0.0630342 0.259033
1 0.790865 0.724893 0.0324519 0.0534188 0.289307
1 0.530048 0.851496 0.0300481 0.0662393 0.250977
1 0.53125 0.850427 0.0288462 0.0705128 0.269043
1 0.790264 0.725427 0.032452 0.051282 0.253174
1 0.530649 0.850962 0.0288462 0.065171 0.262939
1 0.789062 0.725962 0.0336538 0.0502137 0.256836
1 0.789663 0.726496 0.0336539 0.0534188 0.252441
1 0.789663 0.725427 0.0336539 0.0544872 0.286133
1 0.260817 0.510817 0.0192308 0.0616987 0.269043
1 0.530649 0.849359 0.0330529 0.0683761 0.259033
1 0.790865 0.727564 0.03125 0.051282 0.313232
1 0.873197 0.748932 0.0300481 0.0448719 0.288574
1 0.260968 0.513889 0.0219351 0.0608974 0.262207
1 0.956731 0.675748 0.0360578 0.042735 0.26123
1 0.530048 0.852564 0.03125 0.0641026 0.257568
1 0.850962 0.625 0.0264422 0.0534188 0.254639
1 0.790264 0.725427 0.032452 0.0502137 0.276611
1 0.53125 0.85203 0.03125 0.0630342 0.250244
1 0.789663 0.725427 0.0336539 0.0502137 0.294922
1 0.53125 0.850962 0.03125 0.0630342 0.267334
1 0.956731 0.659722 0.0360578 0.042735 0.254639
1 0.789663 0.727564 0.0336539 0.051282 0.291016
1 0.260667 0.511752 0.0225361 0.0587607 0.289307
1 0.530048 0.850427 0.0300481 0.0630341 0.260498
1 0.788462 0.725427 0.0336539 0.0491453 0.294189
1 0.260216 0.511752 0.0210337 0.0566239 0.257568
1 0.529447 0.849893 0.0324519 0.065171 0.256836
1 0.872596 0.747863 0.03125 0.0459401 0.251709
1 0.789062 0.727564 0.0336538 0.051282 0.303955
1 0.956731 0.659188 0.0360578 0.0448718 0.253906
1 0.260817 0.511218 0.0186298 0.0576923 0.252441
1 0.790264 0.727564 0.0336538 0.0470085 0.279785
1 0.530048 0.851496 0.0294471 0.0651709 0.266602
1 0.789663 0.727564 0.0336539 0.0523504 0.325928
1 0.259916 0.511752 0.0198317 0.0608974 0.286133
1 0.84976 0.623932 0.0216346 0.0470086 0.267334
1 0.529748 0.838675 0.0282452 0.0683761 0.255371
1 0.789663 0.725427 0.0324519 0.051282 0.279785
1 0.792067 0.727564 0.0336538 0.051282 0.286133
1 0.790264 0.727564 0.032452 0.0470085 0.260498
1 0.260667 0.510684 0.0207332 0.0544872 0.273682
1 0.789062 0.727564 0.032452 0.0502137 0.270508
1 0.956731 0.660791 0.0384616 0.0459402 0.266602
1 0.873798 0.746795 0.03125 0.0470086 0.260498
1 0.530649 0.849359 0.030649 0.0619659 0.260498
1 0.84976 0.622863 0.0240384 0.0491453 0.259766
1 0.789663 0.727564 0.0324519 0.0491453 0.313232
1 0.261418 0.511218 0.0180288 0.0544872 0.274414
1 0.84976 0.622863 0.0252404 0.0512821 0.273682
1 0.53095 0.848291 0.0282452 0.0619658 0.262939
1 0.957933 0.675214 0.0384616 0.0448718 0.257568
1 0.872596 0.747863 0.03125 0.0459401 0.256836
1 0.261418 0.512286 0.0186298 0.0587607 0.27124
1 0.78726 0.723291 0.03125 0.0523504 0.269043
1 0.530048 0.848291 0.0300481 0.0673077 0.256836
1 0.95613 0.660256 0.0360577 0.0448718 0.255371
1 0.790865 0.728098 0.03125 0.0459401 0.269775
1 0.790865 0.726496 0.03125 0.051282 0.253906
1 0.790264 0.727564 0.0300481 0.0491453 0.269043
1 0.789663 0.727564 0.0324519 0.0470085 0.299072
1 0.955529 0.660791 0.0336538 0.0438034 0.268066
1 0.261118 0.512286 0.0192308 0.059829 0.258301
1 0.850962 0.624466 0.0228366 0.0480769 0.258301
1 0.789663 0.725962 0.0336539 0.0523504 0.318359
1 0.790865 0.727564 0.0324519 0.0534188 0.259033
1 0.78726 0.722222 0.03125 0.051282 0.269775
1 0.955529 0.661325 0.0360577 0.0448718 0.257568
1 0.789663 0.725962 0.0336539 0.0555556 0.266602
1 0.790264 0.726496 0.03125 0.0491453 0.291748
1 0.851562 0.623932 0.0240385 0.0491453 0.272705
1 0.260817 0.514423 0.0192308 0.0544872 0.251709
1 0.786058 0.723291 0.03125 0.0470086 0.271973
1 0.789663 0.726496 0.0336539 0.0523504 0.256836
1 0.789663 0.725427 0.0336539 0.0534188 0.286865
1 0.78726 0.724359 0.03125 0.051282 0.289307
1 0.956731 0.662393 0.0336538 0.042735 0.257568
1 0.873197 0.747863 0.0288461 0.0448719 0.250244
1 0.78726 0.723825 0.03125 0.0512821 0.329346
1 0.850962 0.623932 0.0240384 0.0491453 0.300781
1 0.873798 0.747863 0.0288462 0.0448719 0.289307
1 0.261118 0.511218 0.0198318 0.0576923 0.279053
1 0.53095 0.847756 0.0288462 0.0641026 0.277588
1 0.956731 0.662393 0.0336538 0.042735 0.273682
1 0.790865 0.725427 0.0336539 0.0523504 0.300781
1 0.851562 0.621795 0.0240385 0.0470086 0.260498
1 0.262169 0.507612 0.0207332 0.059562 0.257568
1 0.789663 0.725427 0.0336539 0.051282 0.259766
1 0.789663 0.72703 0.0336539 0.0544871 0.29248
1 0.261719 0.511752 0.0192308 0.0587607 0.269043
1 0.530649 0.850427 0.0288462 0.0641026 0.253906
1 0.789663 0.72703 0.0336539 0.0512821 0.299805
1 0.789663 0.726496 0.0336539 0.0523504 0.318359
1 0.262019 0.511886 0.0198317 0.0574252 0.264404
1 0.789663 0.726496 0.0324519 0.0491453 0.269043
1 0.789663 0.723825 0.03125 0.0502137 0.287842
1 0.957332 0.663462 0.0360577 0.0448718 0.269775
1 0.873197 0.745727 0.0288461 0.0470086 0.264404
1 0.850361 0.621795 0.0240385 0.0491453 0.258301
1 0.261418 0.511218 0.0192308 0.0566239 0.250244
1 0.872596 0.746795 0.0288462 0.0459401 0.350342
1 0.260817 0.511619 0.0192308 0.0579594 0.338867
1 0.786058 0.727564 0.03125 0.0470085 0.337158
1 0.529147 0.847222 0.0288461 0.065171 0.325928
1 0.84976 0.628205 0.0240384 0.0491453 0.260498
1 0.873798 0.745727 0.0288462 0.0448718 0.38208
1 0.261418 0.509081 0.0192308 0.0576923 0.368408
1 0.529447 0.844017 0.0288462 0.0641025 0.353027
1 0.786659 0.726496 0.030048 0.0491453 0.345215
1 0.850962 0.627137 0.0240384 0.0480769 0.299805
1 0.957332 0.674145 0.0348558 0.0448718 0.259766
1 0.260968 0.508547 0.0195313 0.0608974 0.371094
1 0.873798 0.744124 0.03125 0.0459401 0.368408
1 0.529748 0.842949 0.030048 0.065171 0.366699
1 0.78726 0.728633 0.03125 0.0534189 0.363037
1 0.850361 0.628205 0.0252403 0.0491453 0.305664
1 0.260968 0.509081 0.0183293 0.0576923 0.397949
1 0.789663 0.725962 0.03125 0.0502137 0.393311
1 0.529748 0.844017 0.0294471 0.0630342 0.384033
1 0.873798 0.74359 0.0288462 0.042735 0.370117
1 0.850962 0.624466 0.0240384 0.0502137 0.349609
1 0.956731 0.666667 0.0348557 0.0405983 0.335449
1 0.5625 0.315171 0.0192307 0.0267094 0.270508
1 0.697115 0.587607 0.016827 0.0363248 0.252441
1 0.788462 0.726496 0.03125 0.048077 0.438721
1 0.260968 0.507612 0.0189303 0.0574252 0.434082
1 0.530048 0.84188 0.0294471 0.0630342 0.397949
1 0.874399 0.741453 0.0288462 0.0448718 0.391357
1 0.850361 0.626068 0.0228365 0.0470086 0.385742
1 0.956731 0.667201 0.0336538 0.0395299 0.374756
1 0.562801 0.316239 0.0174279 0.0261752 0.27124
1 0.260517 0.507612 0.0180288 0.0574252 0.414062
1 0.786659 0.726496 0.03125 0.0502137 0.395996
1 0.529447 0.842949 0.0288462 0.0630342 0.386719
1 0.873197 0.742521 0.0288461 0.0448718 0.38208
1 0.956731 0.667201 0.0348557 0.0405983 0.352295
1 0.84976 0.626603 0.0240384 0.0491453 0.335449
1 0.5622 0.315705 0.0180288 0.0267094 0.263672
1 0.789663 0.725427 0.03125 0.0491453 0.47168
1 0.261418 0.508413 0.0186298 0.0579594 0.453369
1 0.530048 0.843483 0.0300481 0.0630341 0.437744
1 0.873798 0.741987 0.0288462 0.0438034 0.435059
1 0.956731 0.666667 0.0348557 0.0405983 0.420654
1 0.850962 0.625534 0.0240384 0.0491453 0.407227
1 0.5625 0.313568 0.0186298 0.0267094 0.320801
1 0.789062 0.725962 0.032452 0.0512821 0.433105
1 0.261719 0.509081 0.0180289 0.0576923 0.419678
1 0.874399 0.741987 0.0288462 0.0448719 0.404541
1 0.530649 0.844017 0.0288462 0.0630342 0.389648
1 0.850962 0.626068 0.0240384 0.0491453 0.385742
1 0.95613 0.667201 0.0348557 0.0405983 0.38208
1 0.5622 0.314637 0.0186298 0.0267094 0.300781
1 0.789663 0.726496 0.0336539 0.051282 0.474609
1 0.873798 0.742521 0.0288462 0.042735 0.44165
1 0.261118 0.508013 0.0180288 0.0555556 0.436768
1 0.530048 0.842949 0.0288462 0.0619658 0.419678
1 0.95613 0.666667 0.0348557 0.0405983 0.415771
1 0.850962 0.626068 0.0240384 0.0491453 0.403564
1 0.5625 0.314103 0.0192307 0.0267094 0.297363
1 0.789062 0.726496 0.032452 0.051282 0.484375
1 0.873798 0.741987 0.0288462 0.0438034 0.470703
1 0.260667 0.50641 0.0195312 0.0555556 0.461914
1 0.955529 0.667735 0.0360577 0.0405983 0.428223
1 0.530048 0.84188 0.030649 0.0619658 0.428223
1 0.850361 0.625534 0.0240385 0.0491453 0.404541
1 0.5622 0.313836 0.0192308 0.0267094 0.315674
1 0.619591 0.830128 0.0192308 0.0277778 0.254639
1 0.789663 0.727564 0.03125 0.0491453 0.479492
1 0.261118 0.508013 0.0180288 0.0555556 0.455078
1 0.956731 0.666667 0.0348557 0.0405983 0.438721
1 0.873798 0.742521 0.0288462 0.042735 0.436768
1 0.530048 0.844017 0.0288462 0.0619658 0.414795
1 0.850962 0.625 0.0240384 0.0491453 0.401611
1 0.5625 0.314103 0.0192307 0.025641 0.338135
1 0.789062 0.727564 0.032452 0.051282 0.490234
1 0.873798 0.742521 0.0288462 0.0448718 0.461914
1 0.261118 0.508547 0.0192308 0.056624 0.443604
1 0.956731 0.667735 0.0360578 0.0416667 0.429199
1 0.530649 0.844551 0.0300481 0.0630341 0.42334
1 0.850361 0.626068 0.0240385 0.0491453 0.405518
1 0.5622 0.314904 0.0192308 0.0267094 0.332031
1 0.620192 0.830128 0.0192308 0.0277778 0.256104
1 0.789062 0.727564 0.032452 0.0502137 0.478516
1 0.873798 0.742521 0.0288462 0.042735 0.472656
1 0.261418 0.507612 0.0192308 0.0552884 0.450439
1 0.957332 0.667735 0.0348558 0.0416667 0.434082
1 0.530649 0.844017 0.0294471 0.0608975 0.430176
1 0.850962 0.626068 0.0240384 0.0491453 0.398926
1 0.5625 0.314904 0.0192307 0.025641 0.319092
1 0.789663 0.727564 0.03125 0.0491453 0.496094
1 0.873798 0.74359 0.0288462 0.042735 0.486328
1 0.261418 0.509081 0.0186298 0.056624 0.464844
1 0.956731 0.667735 0.0360578 0.0405983 0.446533
1 0.530649 0.846154 0.0300481 0.0619658 0.435059
1 0.850962 0.626068 0.0240384 0.0491453 0.415771
1 0.5622 0.316239 0.0186298 0.0267094 0.332031
1 0.620192 0.831731 0.0192308 0.0288461 0.263672
1 0.873798 0.74359 0.0288462 0.042735 0.474609
1 0.789663 0.728632 0.03125 0.0491453 0.469727
1 0.261569 0.508013 0.0195312 0.0566239 0.437744
1 0.530649 0.845086 0.03125 0.0619658 0.418701
1 0.956731 0.667735 0.0360578 0.0405983 0.410156
1 0.850361 0.627137 0.0240385 0.0491453 0.385742
1 0.561899 0.315438 0.0192307 0.0272436 0.307373
1 0.873798 0.74359 0.0288462 0.0448718 0.493164
1 0.789062 0.727564 0.032452 0.0502137 0.488281
1 0.261418 0.508013 0.0192308 0.0566239 0.460938
1 0.530649 0.845086 0.0300481 0.0619658 0.439697
1 0.956731 0.667735 0.0360578 0.0405983 0.431152
1 0.850361 0.626068 0.0240385 0.0491453 0.404541
1 0.561899 0.315705 0.0192307 0.0267094 0.332764
1 0.620192 0.831197 0.0192308 0.0277778 0.267334
1 0.789663 0.727564 0.03125 0.0491453 0.482422
1 0.873798 0.74359 0.0288462 0.042735 0.473633
1 0.261569 0.508013 0.0189303 0.0566239 0.446533
1 0.530649 0.845086 0.0300481 0.0619658 0.424316
1 0.956731 0.667735 0.0360578 0.0405983 0.417725
1 0.850361 0.626603 0.0240385 0.0480769 0.393311
1 0.5622 0.316239 0.0192308 0.0261752 0.309814
1 0.789062 0.728632 0.032452 0.0491453 0.498047
1 0.873798 0.743056 0.0288462 0.042735 0.488281
1 0.261418 0.508547 0.0192308 0.056624 0.463867
1 0.530349 0.845086 0.0300481 0.0619658 0.436768
1 0.956731 0.668269 0.0360578 0.0405983 0.432129
1 0.850361 0.626603 0.0240385 0.0480769 0.408203
1 0.561899 0.315705 0.0192307 0.025641 0.323486
1 0.260517 0.507612 0.0180288 0.0574252 0.414062
1 0.786659 0.726496 0.03125 0.0502137 0.395996
1 0.529447 0.842949 0.0288462 0.0630342 0.386719
1 0.873197 0.742521 0.0288461 0.0448718 0.38208
1 0.956731 0.667201 0.0348557 0.0405983 0.353027
1 0.84976 0.626603 0.0240384 0.0491453 0.334473
1 0.5622 0.315705 0.0180288 0.0267094 0.263672
