1 0.65024 0.722756 0.032452 0.0491453 0.306641
1 0.721154 0.61859 0.0192308 0.0470086 0.294189
1 0.826923 0.659188 0.0384615 0.0512821 0.274414
1 0.739183 0.727564 0.0252404 0.0491453 0.269043
1 0.649038 0.724359 0.0324519 0.0555555 0.303955
1 0.826923 0.661859 0.0336538 0.0502137 0.297363
1 0.720553 0.622329 0.0252404 0.0566239 0.291748
1 0.393029 0.852564 0.0264423 0.0726496 0.286133
1 0.649038 0.724359 0.0336538 0.0448718 0.330322
1 0.73738 0.751068 0.0300481 0.042735 0.282959
1 0.390625 0.852564 0.0252404 0.0576924 0.357666
1 0.738582 0.75 0.0300481 0.0470086 0.27832
1 0.647236 0.722222 0.0288462 0.0470086 0.274414
1 0.121695 0.510817 0.0216346 0.0574252 0.251709
1 0.390625 0.855235 0.0252404 0.059829 0.27124
1 0.719351 0.622329 0.0228365 0.0480769 0.267334
1 0.391827 0.853098 0.0252404 0.0608975 0.320801
1 0.737981 0.748398 0.0264423 0.0470085 0.283691
1 0.124549 0.514022 0.0210336 0.0638355 0.276611
1 0.737981 0.75 0.0288462 0.0384616 0.294189
1 0.390625 0.851496 0.0300481 0.0598291 0.250244
1 0.737981 0.755342 0.03125 0.0470085 0.313232
1 0.391827 0.856838 0.03125 0.0662393 0.29248
1 0.719952 0.621795 0.0264423 0.0448718 0.253906
1 0.739183 0.754273 0.0288462 0.042735 0.328613
1 0.829327 0.68109 0.0384615 0.051282 0.305664
1 0.391827 0.853632 0.03125 0.0641026 0.283691
1 0.720553 0.621795 0.0276442 0.0491453 0.27124
1 0.392428 0.855235 0.0288461 0.0641026 0.27832
1 0.739183 0.753205 0.0288462 0.0384616 0.269775
1 0.124249 0.516026 0.0189303 0.056624 0.265137
1 0.721154 0.625 0.0240385 0.0470086 0.259766
1 0.123347 0.514957 0.0210337 0.0662393 0.280518
1 0.719952 0.622863 0.0264423 0.0491453 0.265137
1 0.73738 0.752137 0.03125 0.0448718 0.262207
1 0.391827 0.856303 0.03125 0.0662393 0.250244
1 0.124099 0.515491 0.0204327 0.0608974 0.265869
1 0.649038 0.726496 0.03125 0.0491453 0.269775
1 0.391526 0.857906 0.0300481 0.0619658 0.259033
1 0.737981 0.754808 0.0300481 0.0459401 0.257568
1 0.828125 0.680021 0.0408653 0.0502137 0.256836
1 0.647837 0.729167 0.03125 0.0502136 0.26123
1 0.122746 0.515091 0.0216346 0.0616987 0.262207
1 0.737981 0.751603 0.0288462 0.0470085 0.253906
1 0.73738 0.754273 0.0300481 0.042735 0.303955
1 0.647837 0.729167 0.03125 0.0502136 0.29248
1 0.829928 0.68109 0.0372596 0.0470086 0.2854
1 0.719351 0.627671 0.0288462 0.0470086 0.279053
1 0.123948 0.516961 0.023137 0.0622329 0.27832
1 0.391827 0.860043 0.03125 0.0662393 0.259766
1 0.649038 0.726496 0.03125 0.0491453 0.271973
1 0.720553 0.626068 0.0276442 0.0470086 0.263672
1 0.737981 0.753205 0.03125 0.0448718 0.259766
1 0.649639 0.726496 0.03125 0.0470085 0.282227
1 0.720553 0.625 0.030048 0.0470086 0.262207
1 0.122897 0.515491 0.0228365 0.0608974 0.294922
1 0.719952 0.626068 0.0276442 0.0491453 0.29248
1 0.647837 0.727564 0.0288462 0.0470085 0.287842
1 0.73738 0.750534 0.0288462 0.0416667 0.262939
1 0.647837 0.725427 0.0336538 0.0491453 0.281494
1 0.737981 0.752137 0.03125 0.042735 0.281494
1 0.71875 0.623932 0.0288462 0.0470086 0.265137
1 0.122296 0.514423 0.0225361 0.0608974 0.262207
1 0.828125 0.682692 0.0408653 0.0448718 0.294189
1 0.649038 0.724359 0.03125 0.0491453 0.294189
1 0.122446 0.513889 0.0201322 0.0630342 0.27124
1 0.719952 0.625 0.0264423 0.0448718 0.270508
1 0.73738 0.753205 0.0300481 0.0405983 0.277588
1 0.649639 0.726496 0.03125 0.0470085 0.273682
1 0.124136 0.51656 0.0215595 0.0619658 0.263672
1 0.719952 0.625534 0.0264423 0.0438034 0.254639
1 0.123197 0.514423 0.0195312 0.0619658 0.29834
1 0.649038 0.725427 0.03125 0.0491453 0.294922
1 0.71875 0.626068 0.0252404 0.0448718 0.279785
1 0.736779 0.751068 0.0288461 0.0448718 0.267334
1 0.73738 0.752137 0.0300481 0.0448718 0.265869
1 0.828125 0.681624 0.0384615 0.0448718 0.257568
1 0.123047 0.512821 0.0192308 0.0576923 0.253174
1 0.71875 0.624466 0.0264423 0.0491453 0.250244
1 0.124099 0.515892 0.0234375 0.0622329 0.251709
1 0.71875 0.626068 0.0288462 0.0470086 0.294189
1 0.65024 0.725962 0.0336539 0.0523504 0.282959
1 0.122596 0.514957 0.0210336 0.0576923 0.27832
1 0.73738 0.751068 0.03125 0.0448718 0.275879
1 0.829327 0.679487 0.0408654 0.0491453 0.259766
1 0.829327 0.680556 0.0384615 0.0491453 0.320801
1 0.123197 0.513355 0.0183293 0.0576923 0.299072
1 0.73738 0.752137 0.0324519 0.042735 0.291748
1 0.65024 0.725962 0.0288461 0.0491453 0.265137
1 0.719952 0.625534 0.0288461 0.0480769 0.260498
1 0.122746 0.514824 0.0195312 0.0579594 0.289307
1 0.649038 0.725427 0.03125 0.051282 0.280518
1 0.828125 0.675214 0.0384615 0.0427351 0.274414
1 0.717548 0.626068 0.0264423 0.0491453 0.27124
1 0.736779 0.752137 0.03125 0.042735 0.266602
1 0.829327 0.680556 0.0384615 0.0448718 0.272705
1 0.737981 0.752137 0.0288462 0.042735 0.271973
1 0.123648 0.515491 0.0198317 0.0544871 0.265869
1 0.649038 0.726496 0.0276442 0.0448718 0.254639
1 0.123648 0.516961 0.0216346 0.0600961 0.259766
1 0.649038 0.727564 0.0288462 0.0470085 0.29248
1 0.124399 0.516026 0.0198317 0.0576923 0.282227
1 0.719952 0.627137 0.0264423 0.0459402 0.275879
1 0.737981 0.753739 0.03125 0.042735 0.273682
1 0.828125 0.675748 0.0408653 0.0438034 0.250244
1 0.829327 0.680556 0.0396635 0.0470086 0.273682
1 0.737981 0.751603 0.03125 0.0416667 0.26123
1 0.124136 0.514022 0.0215595 0.059562 0.251709
1 0.829928 0.682692 0.0384615 0.0491453 0.26123
1 0.649038 0.727564 0.0300481 0.0523504 0.265137
1 0.123761 0.513889 0.0199069 0.0630342 0.259033
1 0.719952 0.626603 0.0264423 0.0480769 0.251709
1 0.829327 0.678419 0.0384615 0.0491453 0.250244
1 0.124099 0.517628 0.0207332 0.0566239 0.275146
1 0.719952 0.626068 0.0240385 0.0448718 0.27124
1 0.828726 0.681624 0.0384616 0.0448718 0.262939
1 0.737981 0.753205 0.0288462 0.0448718 0.262207
1 0.649038 0.727564 0.0288462 0.0470085 0.26123
1 0.123047 0.514423 0.0201322 0.0598291 0.29248
1 0.71875 0.626068 0.0264423 0.0480769 0.26123
1 0.736779 0.750534 0.0288461 0.0448718 0.259033
1 0.123498 0.514957 0.0195312 0.0576923 0.273682
1 0.719952 0.625 0.0264423 0.0491453 0.259033
1 0.829327 0.679487 0.0408654 0.0470086 0.251709
1 0.73738 0.751068 0.0324519 0.0470085 0.250244
1 0.719952 0.624466 0.0264423 0.0480769 0.286133
1 0.649038 0.728098 0.03125 0.0523504 0.282227
1 0.123648 0.514957 0.0216346 0.0598291 0.272705
1 0.73738 0.751603 0.0300481 0.0459401 0.270508
1 0.828726 0.680556 0.0384616 0.0459402 0.267334
1 0.124249 0.515091 0.0207332 0.059562 0.320801
1 0.719952 0.626603 0.0264423 0.0470086 0.318359
1 0.649038 0.728632 0.03125 0.051282 0.313232
1 0.737981 0.752137 0.0288462 0.0448718 0.306641
1 0.828125 0.679487 0.0384615 0.042735 0.291748
1 0.392127 0.857372 0.0294471 0.0641026 0.27832
1 0.125038 0.513355 0.0221605 0.0576923 0.27832
1 0.738582 0.75 0.03125 0.042735 0.275879
1 0.721154 0.625 0.0264423 0.0470086 0.273682
1 0.830529 0.678419 0.0384616 0.0448718 0.265137
1 0.649038 0.727564 0.03125 0.0534188 0.264404
1 0.123798 0.515091 0.0216346 0.0574252 0.254639
1 0.124549 0.51656 0.0207332 0.0598291 0.29834
1 0.828125 0.67735 0.0408653 0.0470086 0.284668
1 0.649038 0.728633 0.0336538 0.0555556 0.272705
1 0.719952 0.626068 0.0264423 0.051282 0.270508
1 0.393029 0.860577 0.03125 0.0651709 0.258301
1 0.73738 0.752137 0.03125 0.0448718 0.250977
1 0.124099 0.515892 0.0216346 0.0600961 0.284668
1 0.829327 0.680556 0.0384615 0.0491453 0.269775
1 0.737981 0.752671 0.0288462 0.0459401 0.256104
1 0.649038 0.727564 0.03125 0.0534188 0.253906
1 0.125 0.51656 0.0207332 0.0608974 0.311523
1 0.828125 0.679487 0.0384615 0.0491453 0.282959
1 0.737981 0.752671 0.0300481 0.0470086 0.269043
1 0.65024 0.728098 0.03125 0.0534188 0.262939
1 0.721154 0.626603 0.0288461 0.0491453 0.253906
1 0.393029 0.858974 0.030649 0.0641025 0.251709
1 0.123948 0.513755 0.0213341 0.0600962 0.273682
1 0.828125 0.678953 0.0408653 0.0470085 0.258301
1 0.649038 0.725962 0.03125 0.0534188 0.309082
1 0.124099 0.514957 0.0210337 0.0587607 0.282227
1 0.719952 0.625534 0.0264423 0.0470086 0.277588
1 0.73738 0.747329 0.0300481 0.0438035 0.271973
1 0.828726 0.67735 0.0396634 0.0491453 0.269775
1 0.123047 0.512687 0.0207332 0.0600961 0.38501
1 0.736779 0.75 0.0288461 0.0438034 0.354004
1 0.828125 0.680021 0.0384615 0.0459402 0.34082
1 0.648438 0.731838 0.03125 0.0470086 0.328613
1 0.391526 0.857372 0.0300481 0.0651709 0.291016
1 0.71875 0.632479 0.0264423 0.042735 0.250244
1 0.123798 0.512954 0.0195312 0.059562 0.395996
1 0.737981 0.749466 0.0300481 0.042735 0.378418
1 0.828726 0.67735 0.0396634 0.0459401 0.355713
1 0.649038 0.731303 0.0300481 0.0491453 0.338867
1 0.719952 0.630342 0.0264423 0.0448718 0.324219
1 0.392428 0.855769 0.030649 0.0641026 0.318359
1 0.640625 0.920406 0.03125 0.0427351 0.288574
1 0.605769 0.512286 0.0192307 0.0384616 0.279785
1 0.776442 0.866453 0.0168269 0.0448718 0.263672
1 0.123648 0.514423 0.0204327 0.0608974 0.414062
1 0.737981 0.749466 0.03125 0.0448718 0.399902
1 0.392127 0.856838 0.030649 0.0641025 0.371094
1 0.829327 0.67735 0.0384615 0.0470086 0.353027
1 0.649639 0.733974 0.03125 0.0491453 0.338867
1 0.719952 0.63141 0.0276442 0.0448718 0.32251
1 0.77524 0.866987 0.016827 0.0480769 0.27832
1 0.605769 0.514423 0.0192307 0.0405983 0.263672
1 0.123798 0.513755 0.0201322 0.0579594 0.448486
1 0.737981 0.747863 0.0300481 0.0427351 0.419678
1 0.719952 0.628205 0.0264423 0.0459402 0.396973
1 0.392127 0.856838 0.0300481 0.0619658 0.392334
1 0.649038 0.729701 0.03125 0.0491453 0.386719
1 0.828125 0.676282 0.0384615 0.0438034 0.323486
1 0.775841 0.86485 0.0168269 0.0480769 0.306641
1 0.60637 0.511886 0.0192307 0.0381944 0.27124
1 0.5625 0.59188 0.0168269 0.0427351 0.26123
1 0.123498 0.513355 0.0192308 0.0576923 0.495117
1 0.737981 0.746795 0.0288462 0.042735 0.450439
1 0.391827 0.855235 0.0288461 0.0619658 0.438721
1 0.719952 0.629274 0.0252404 0.042735 0.435791
1 0.649038 0.730769 0.0288462 0.0470085 0.42627
1 0.828125 0.675214 0.0408653 0.0448718 0.358398
1 0.606971 0.51015 0.0180288 0.0373931 0.300781
1 0.775841 0.866987 0.015625 0.0438034 0.2854
1 0.640625 0.919872 0.0300481 0.0438035 0.265137
1 0.427885 0.31891 0.0180288 0.0277778 0.256104
1 0.123047 0.513889 0.0192308 0.0598291 0.46875
1 0.73738 0.746795 0.0300481 0.042735 0.419678
1 0.71875 0.629274 0.0264423 0.0448718 0.405518
1 0.391827 0.856303 0.0300481 0.065171 0.403564
1 0.649038 0.730769 0.03125 0.0491453 0.401611
1 0.828726 0.674145 0.0384616 0.042735 0.336426
1 0.605769 0.51055 0.0180288 0.0365919 0.303955
1 0.77524 0.866987 0.015625 0.0470086 0.291748
1 0.124136 0.515091 0.0203576 0.059562 0.523438
1 0.737981 0.746795 0.03125 0.042735 0.480469
1 0.719952 0.628205 0.0288461 0.0470086 0.462891
1 0.649038 0.729701 0.03125 0.0491453 0.461914
1 0.392428 0.857372 0.03125 0.0651709 0.428223
1 0.829327 0.674145 0.0384615 0.042735 0.400635
1 0.775841 0.865385 0.0168269 0.0459402 0.345215
1 0.606971 0.510817 0.0192307 0.0381944 0.328613
1 0.427284 0.317308 0.0186298 0.0277778 0.264404
1 0.124249 0.516026 0.0198317 0.0598291 0.490234
1 0.737981 0.746795 0.03125 0.0448719 0.449463
1 0.719952 0.629274 0.0276442 0.0459401 0.437744
1 0.649038 0.730235 0.03125 0.0480769 0.420654
1 0.393029 0.857906 0.0300481 0.0641025 0.405518
1 0.829327 0.675214 0.0384615 0.0427351 0.388672
1 0.775841 0.865919 0.0168269 0.0480769 0.356689
1 0.605769 0.511218 0.0192307 0.0384616 0.284668
1 0.123948 0.514022 0.0201322 0.059562 0.526367
1 0.73738 0.746795 0.0300481 0.042735 0.480469
1 0.719952 0.629808 0.0264423 0.0438034 0.457031
1 0.649038 0.730769 0.03125 0.0480769 0.456055
1 0.392428 0.857906 0.0300481 0.0641025 0.417725
1 0.829327 0.675214 0.0384615 0.0405983 0.408203
1 0.776442 0.865385 0.0168269 0.0470085 0.334473
1 0.605769 0.51055 0.0192307 0.0365919 0.304932
1 0.123535 0.513355 0.0209585 0.0587607 0.532227
1 0.73738 0.746795 0.0300481 0.0438034 0.490234
1 0.719351 0.629808 0.0276442 0.0448718 0.46582
1 0.648438 0.730769 0.0324519 0.0491453 0.464844
1 0.829327 0.674145 0.0384615 0.042735 0.44458
1 0.392428 0.856838 0.03125 0.0641025 0.414062
1 0.77524 0.865385 0.016827 0.0470085 0.348633
1 0.605769 0.51015 0.0192307 0.0373931 0.341553
1 0.640625 0.919872 0.03125 0.042735 0.253174
1 0.123648 0.513755 0.0201322 0.0600962 0.527344
1 0.737981 0.747329 0.0288462 0.042735 0.479492
1 0.719952 0.628739 0.0264423 0.0448718 0.462891
1 0.649038 0.730769 0.03125 0.0491453 0.458984
1 0.829327 0.674145 0.0384615 0.042735 0.407227
1 0.392428 0.857906 0.0300481 0.0641025 0.407227
1 0.775841 0.865385 0.0168269 0.0470085 0.353027
1 0.605769 0.51015 0.0180288 0.0373931 0.286865
1 0.427584 0.318109 0.0192308 0.028312 0.272705
1 0.5625 0.592949 0.015625 0.042735 0.263672
1 0.123836 0.514423 0.0209585 0.0608974 0.522461
1 0.737981 0.748398 0.0300481 0.0448718 0.484375
1 0.649038 0.731838 0.03125 0.0491453 0.455078
1 0.719952 0.629808 0.0276442 0.0448718 0.451416
1 0.828726 0.673611 0.0396634 0.0448718 0.416748
1 0.393029 0.857906 0.03125 0.0641025 0.406494
1 0.77524 0.866453 0.016827 0.0470085 0.34082
1 0.605769 0.511752 0.0192307 0.0384616 0.296631
1 0.674279 0.820513 0.0264423 0.0299145 0.281494
1 0.561899 0.593483 0.0168269 0.0438034 0.275146
1 0.427284 0.318376 0.0192307 0.0288461 0.256104
1 0.123761 0.514957 0.0205078 0.0608974 0.516602
1 0.737981 0.747863 0.0300481 0.0427351 0.488281
1 0.649038 0.731838 0.03125 0.0491453 0.456055
1 0.720553 0.630342 0.0276442 0.0448718 0.455078
1 0.829327 0.673077 0.0408654 0.042735 0.433105
1 0.393029 0.85844 0.030649 0.0641026 0.415771
1 0.775841 0.867521 0.0168269 0.0470085 0.327637
1 0.60637 0.51055 0.0192307 0.0365919 0.313232
1 0.674279 0.819444 0.0264423 0.0277778 0.263672
1 0.5625 0.594017 0.015625 0.042735 0.257568
1 0.427584 0.318109 0.0192308 0.0277778 0.250244
1 0.123498 0.515491 0.0201322 0.0598291 0.53125
1 0.737981 0.748398 0.0288462 0.0438035 0.503906
1 0.719952 0.630342 0.0276442 0.0448718 0.476562
1 0.649038 0.731838 0.03125 0.0470086 0.466797
1 0.828726 0.674145 0.0396634 0.042735 0.450439
1 0.392728 0.858974 0.030649 0.0641025 0.42334
1 0.605769 0.511752 0.0192307 0.0373932 0.350342
1 0.77524 0.866453 0.016827 0.0470085 0.332764
1 0.674279 0.819444 0.0264423 0.0288461 0.293457
1 0.561899 0.595086 0.015625 0.042735 0.255371
1 0.640625 0.92094 0.0300481 0.042735 0.253174
1 0.427284 0.319177 0.0192307 0.0288461 0.250977
1 0.12346 0.514957 0.0211088 0.0608974 0.5
1 0.737981 0.748932 0.03125 0.0438034 0.486328
1 0.649038 0.732372 0.03125 0.048077 0.44458
1 0.719952 0.630342 0.0288461 0.0448718 0.443604
1 0.829327 0.674145 0.0396635 0.042735 0.442627
1 0.393029 0.858974 0.03125 0.0641025 0.396973
1 0.605769 0.511752 0.0192307 0.0373932 0.325195
1 0.77524 0.867521 0.016827 0.0470085 0.299805
1 0.674279 0.819444 0.0264423 0.0288461 0.272705
1 0.123648 0.514423 0.0210337 0.0608974 0.514648
1 0.737981 0.748932 0.0300481 0.0448719 0.500977
1 0.829327 0.674145 0.0396635 0.0448718 0.46875
1 0.719952 0.630342 0.0276442 0.0448718 0.462891
1 0.649038 0.731838 0.03125 0.0480769 0.461914
1 0.393029 0.857906 0.03125 0.0641025 0.420654
1 0.60637 0.511752 0.0192307 0.0384616 0.35498
1 0.77524 0.866987 0.016827 0.0470086 0.327637
1 0.674279 0.819444 0.0264423 0.0299145 0.288574
1 0.640625 0.92094 0.03125 0.0448718 0.267334
1 0.123836 0.514957 0.0209585 0.0608974 0.50293
1 0.737981 0.748932 0.0300481 0.0448719 0.493164
1 0.719952 0.630342 0.0276442 0.0448718 0.456055
1 0.649038 0.732906 0.03125 0.0470086 0.450439
1 0.829327 0.674145 0.0396635 0.042735 0.435791
1 0.393029 0.85844 0.03125 0.0641026 0.414795
1 0.60637 0.511752 0.0192307 0.0384616 0.320068
1 0.77524 0.866987 0.016827 0.0459401 0.299805
1 0.674279 0.819979 0.0264423 0.0288461 0.275146
1 0.123648 0.514824 0.0207332 0.0600961 0.521484
1 0.737981 0.748398 0.03125 0.0438035 0.512695
1 0.719952 0.630342 0.0276442 0.0448718 0.469727
1 0.649038 0.732906 0.03125 0.0470086 0.469727
1 0.829327 0.674145 0.0408654 0.042735 0.448486
1 0.392728 0.85844 0.030649 0.0641026 0.431152
1 0.60637 0.511752 0.0192307 0.0373932 0.336426
1 0.77524 0.867521 0.016827 0.0448718 0.318359
1 0.674279 0.819444 0.0264423 0.0277778 0.281494
1 0.123047 0.513889 0.0192308 0.0598291 0.46875
1 0.73738 0.746795 0.0300481 0.042735 0.419678
1 0.71875 0.629274 0.0264423 0.0448718 0.405518
1 0.391827 0.856303 0.0300481 0.065171 0.403564
1 0.649038 0.730769 0.03125 0.0491453 0.401611
1 0.828125 0.674145 0.0384615 0.042735 0.336426
1 0.605769 0.510684 0.0180288 0.0363248 0.303955
1 0.77524 0.866987 0.015625 0.0470086 0.291748
