1 0.224008 0.518697 0.0204327 0.0491453 0.329346
1 0.934495 0.516026 0.0252404 0.0438034 0.320801
1 0.933894 0.520833 0.03125 0.0534188 0.331055
1 0.8125 0.351496 0.0516827 0.0603633 0.274414
1 0.933293 0.519231 0.0336538 0.0405983 0.277588
1 0.572416 0.0372596 0.0342548 0.0745192 0.268066
1 0.796875 0.691239 0.0432693 0.0940171 0.250244
1 0.796274 0.692842 0.0384615 0.082265 0.311523
1 0.25631 0.693376 0.0528846 0.0940171 0.264404
1 0.126465 0.369658 0.0445463 0.0705128 0.259766
1 0.829327 0.181223 0.0396635 0.0755876 0.253174
1 0.831731 0.174947 0.0336538 0.0790598 0.27832
1 0.795072 0.692842 0.0384615 0.0961539 0.263672
1 0.831731 0.17695 0.0384616 0.0771902 0.295898
1 0.932692 0.516026 0.03125 0.0405983 0.268066
1 0.797476 0.707799 0.0396634 0.0844017 0.269043
1 0.832933 0.177083 0.0360578 0.0721154 0.257568
1 0.254507 0.701923 0.0528846 0.108974 0.250244
1 0.816106 0.350427 0.0480769 0.0534188 0.275879
1 0.933894 0.518697 0.03125 0.0416667 0.258301
1 0.811899 0.351229 0.0492789 0.0566239 0.273682
1 0.832933 0.179354 0.0360578 0.0729167 0.256836
1 0.831731 0.178419 0.0396634 0.0761218 0.299805
1 0.8125 0.35203 0.048077 0.0566239 0.275146
1 0.834135 0.177618 0.0360578 0.0721154 0.282227
1 0.798077 0.694444 0.0408654 0.0811966 0.26123
1 0.936298 0.520833 0.0288462 0.0395299 0.253906
1 0.831731 0.176416 0.0408654 0.0777244 0.265869
1 0.935096 0.521368 0.03125 0.0405983 0.259033
1 0.578125 0.0376603 0.0348557 0.0753205 0.255371
1 0.832933 0.17695 0.0384616 0.0715812 0.276611
1 0.8125 0.353632 0.048077 0.0502137 0.281494
1 0.830529 0.178819 0.0408654 0.0747863 0.326904
1 0.811298 0.354167 0.0504808 0.0555556 0.289307
1 0.795673 0.695513 0.0456731 0.0876068 0.269043
1 0.933293 0.520833 0.03125 0.042735 0.253906
1 0.811899 0.353365 0.0456731 0.0534188 0.264404
1 0.832933 0.176416 0.0384616 0.0723825 0.273682
1 0.578125 0.0361912 0.0336538 0.0723825 0.259766
1 0.814904 0.353365 0.046875 0.051282 0.253174
1 0.814303 0.356303 0.0444712 0.0502137 0.345215
1 0.832933 0.178953 0.0372596 0.071047 0.305664
1 0.932692 0.524573 0.0336538 0.0459402 0.296631
1 0.295673 0.763889 0.0324519 0.042735 0.255371
1 0.579327 0.0398638 0.0360577 0.0774573 0.253174
1 0.813702 0.35203 0.048077 0.0534188 0.2854
1 0.934495 0.521368 0.0348557 0.0448718 0.273682
1 0.814303 0.352564 0.0480769 0.0518162 0.314941
1 0.832933 0.17695 0.0420672 0.0729167 0.301514
1 0.934495 0.520166 0.0360578 0.0430021 0.272705
1 0.576923 0.039196 0.0360577 0.0738515 0.250977
1 0.832933 0.178953 0.0408654 0.0763889 0.334473
1 0.8125 0.354701 0.048077 0.0502137 0.318359
1 0.933894 0.521368 0.0336538 0.0438034 0.282227
1 0.573317 0.0407485 0.0360577 0.0752871 0.267334
1 0.796875 0.696581 0.0408653 0.0854701 0.262939
1 0.813702 0.354167 0.0492788 0.0491453 0.281494
1 0.832933 0.178285 0.0384616 0.0729167 0.309082
1 0.813702 0.354701 0.046875 0.0534188 0.29834
1 0.12947 0.373932 0.0517578 0.0758547 0.262939
1 0.797476 0.69765 0.0396634 0.08547 0.255371
1 0.831731 0.177083 0.0408654 0.0753205 0.30249
1 0.813101 0.354167 0.0504807 0.0534188 0.291016
1 0.933293 0.519765 0.0348557 0.0459401 0.277588
1 0.83113 0.177083 0.0420673 0.082265 0.36377
1 0.813702 0.354701 0.048077 0.0544872 0.332764
1 0.12515 0.372863 0.0582933 0.0929487 0.310791
1 0.796274 0.692842 0.0408654 0.0886752 0.299072
1 0.576322 0.0417334 0.0384615 0.0834669 0.271973
1 0.831731 0.180556 0.0408654 0.0779914 0.325928
1 0.813702 0.355235 0.0456731 0.0491453 0.27832
1 0.933894 0.521368 0.0336538 0.042735 0.258301
1 0.795673 0.696581 0.0408653 0.082265 0.256836
1 0.830529 0.178152 0.0396634 0.0811966 0.353027
1 0.813702 0.353098 0.048077 0.0566239 0.320801
1 0.796875 0.695513 0.0408653 0.0897436 0.286865
1 0.576322 0.0414663 0.0384615 0.0829327 0.27832
1 0.933293 0.520299 0.0324519 0.0416667 0.268066
1 0.83113 0.178018 0.0408653 0.0763889 0.287842
1 0.813702 0.35203 0.0456731 0.0534188 0.257568
1 0.832332 0.179487 0.0384615 0.0731838 0.270508
1 0.832332 0.178552 0.0396635 0.0777244 0.325928
1 0.932692 0.519364 0.03125 0.042468 0.255371
1 0.833534 0.17922 0.0396635 0.0763889 0.291016
1 0.814303 0.354701 0.046875 0.0512821 0.277588
1 0.578275 0.0408654 0.0357573 0.0743857 0.266602
1 0.831731 0.177484 0.0408654 0.073985 0.279785
1 0.831731 0.176416 0.0408654 0.0723825 0.310791
1 0.813702 0.354701 0.048077 0.0502137 0.306641
1 0.933894 0.521501 0.0336538 0.0446047 0.284668
1 0.797476 0.694444 0.0432692 0.082265 0.267334
1 0.576773 0.0393296 0.0339543 0.073985 0.251709
1 0.832332 0.178152 0.0408653 0.0801282 0.349609
1 0.813702 0.354701 0.0504808 0.0502137 0.309814
1 0.576923 0.0409989 0.0360577 0.0819979 0.294189
1 0.934495 0.521368 0.0324519 0.042735 0.269775
1 0.796274 0.699786 0.0420672 0.0854701 0.264404
1 0.831731 0.178819 0.0384616 0.073985 0.335449
1 0.8125 0.354167 0.048077 0.0502137 0.308105
1 0.795673 0.697115 0.0420673 0.0854701 0.272705
1 0.932692 0.521501 0.03125 0.0446047 0.267334
1 0.575721 0.0387453 0.0348557 0.0744858 0.256104
1 0.832332 0.17735 0.0384615 0.073718 0.30249
1 0.813101 0.352564 0.0504807 0.0512821 0.291016
1 0.833534 0.17735 0.0384615 0.0763889 0.263672
1 0.578726 0.0379941 0.0336538 0.0754541 0.254639
1 0.933894 0.520299 0.03125 0.0438034 0.254639
1 0.811298 0.350962 0.048077 0.0523504 0.27124
1 0.578275 0.0413328 0.0333533 0.0693109 0.258301
1 0.832933 0.179487 0.0384616 0.0689103 0.258301
1 0.814303 0.353098 0.0504807 0.0587607 0.253906
1 0.832933 0.178419 0.0384616 0.0747863 0.276611
1 0.813702 0.354434 0.048077 0.0523504 0.263672
1 0.578125 0.0420005 0.0348557 0.0749199 0.253174
1 0.832332 0.176816 0.0396635 0.0753205 0.309082
1 0.811899 0.350962 0.0492789 0.0544872 0.303955
1 0.933894 0.522436 0.03125 0.0427351 0.27124
1 0.57512 0.0379274 0.0360577 0.0750534 0.259033
1 0.364784 0.385684 0.0366586 0.0395299 0.250244
1 0.8125 0.348291 0.0504808 0.0555555 0.319092
1 0.832933 0.176816 0.0408654 0.0742521 0.307373
1 0.578125 0.0398638 0.0336538 0.0747863 0.269043
1 0.831731 0.175748 0.0384616 0.0737179 0.288574
1 0.8125 0.349893 0.048077 0.0534188 0.262207
1 0.576923 0.0405315 0.0336538 0.0735844 0.26123
1 0.832933 0.179087 0.0384616 0.0734509 0.301514
1 0.797476 0.701389 0.0444712 0.0865385 0.275146
1 0.813702 0.354167 0.0492788 0.0544872 0.274414
1 0.813702 0.352831 0.0456731 0.0550214 0.311523
1 0.832332 0.178686 0.0384615 0.0742521 0.294922
1 0.795673 0.695513 0.0432692 0.0854701 0.265869
1 0.577073 0.0400474 0.0333534 0.0772236 0.258301
1 0.933894 0.522436 0.0336538 0.0427351 0.253174
1 0.832933 0.179621 0.0384616 0.0755876 0.284668
1 0.811899 0.365385 0.0516827 0.0587607 0.279785
1 0.796875 0.700855 0.0456731 0.0886752 0.262939
1 0.813702 0.353632 0.048077 0.0502137 0.313232
1 0.832933 0.180288 0.0384616 0.0758547 0.311523
1 0.578726 0.0413328 0.0348558 0.0767895 0.286865
1 0.813101 0.348558 0.0480769 0.0582265 0.287842
1 0.832332 0.179754 0.0372597 0.0763889 0.269775
1 0.832933 0.179888 0.0384616 0.0774573 0.297363
1 0.813101 0.349893 0.0492789 0.0582265 0.27832
1 0.831731 0.178419 0.0384616 0.0731838 0.323486
1 0.811298 0.350427 0.048077 0.0534188 0.275146
1 0.576923 0.0401309 0.0348557 0.0773237 0.271973
1 0.932692 0.521368 0.03125 0.0438034 0.260498
1 0.811899 0.351496 0.0480769 0.0555556 0.289307
1 0.832332 0.178953 0.0396635 0.0758547 0.286133
1 0.577524 0.0400641 0.0348557 0.0753205 0.258301
1 0.832933 0.177618 0.0408654 0.0742521 0.318359
1 0.578125 0.0399973 0.0348557 0.0755876 0.317383
1 0.813702 0.353098 0.0504808 0.053953 0.314941
1 0.933894 0.520166 0.03125 0.0408654 0.265869
1 0.832933 0.176683 0.0384616 0.0707799 0.324219
1 0.813702 0.354701 0.048077 0.0502137 0.323486
1 0.933293 0.520833 0.03125 0.0416667 0.282959
1 0.577524 0.038929 0.0324519 0.0717147 0.276611
1 0.796875 0.701389 0.0420673 0.0844017 0.264404
1 0.295673 0.760684 0.031851 0.0448719 0.257568
1 0.832332 0.179087 0.0384615 0.0721154 0.353027
1 0.8125 0.355502 0.0504808 0.0480769 0.324219
1 0.796875 0.699252 0.0420673 0.0844017 0.315674
1 0.578125 0.0380609 0.03125 0.0729167 0.299805
1 0.933894 0.522436 0.03125 0.0405983 0.299805
1 0.295373 0.762821 0.031851 0.042735 0.253174
1 0.8125 0.351496 0.0504808 0.0566239 0.287842
1 0.832933 0.180556 0.0396634 0.0758547 0.251709
1 0.832933 0.179487 0.0408654 0.0790598 0.314941
1 0.813702 0.353098 0.048077 0.0523504 0.312256
1 0.578125 0.039196 0.0360577 0.0775908 0.303955
1 0.796875 0.696581 0.0420673 0.0854701 0.296631
1 0.128906 0.369391 0.0486779 0.0763889 0.265137
1 0.832933 0.179487 0.0384616 0.0753205 0.314941
1 0.813702 0.3539 0.046875 0.0486111 0.310791
1 0.578125 0.0407986 0.0324519 0.072516 0.258301
1 0.796875 0.69765 0.0408653 0.0833333 0.255371
1 0.831731 0.180021 0.0408654 0.0779915 0.373047
1 0.813702 0.354434 0.0504808 0.051282 0.349609
1 0.796875 0.698718 0.0432693 0.0854701 0.332031
1 0.577524 0.041867 0.0348557 0.0754541 0.277588
1 0.933894 0.522436 0.03125 0.0459402 0.255371
1 0.832933 0.178152 0.0408654 0.0753205 0.345947
1 0.813702 0.354167 0.0504808 0.0502137 0.338867
1 0.577524 0.0423511 0.0360577 0.0763555 0.294922
1 0.796875 0.697115 0.0432693 0.0844017 0.287842
1 0.932692 0.52297 0.03125 0.0427351 0.253174
1 0.831731 0.176282 0.0408654 0.073718 0.351318
1 0.813702 0.353632 0.0504808 0.0502137 0.332031
1 0.797476 0.694444 0.0420673 0.0833333 0.299805
1 0.576923 0.0403145 0.0348557 0.0729501 0.286865
1 0.933894 0.52297 0.03125 0.0438034 0.262207
1 0.8125 0.349893 0.0528846 0.0534188 0.33374
1 0.832332 0.175214 0.0408653 0.0774573 0.30249
1 0.797476 0.699786 0.0444712 0.0854701 0.262207
1 0.813702 0.34562 0.0528846 0.0576923 0.377441
1 0.831731 0.173344 0.0396634 0.0742521 0.305664
1 0.797476 0.699252 0.0456731 0.0876068 0.283691
1 0.933894 0.519765 0.0324519 0.042735 0.276611
1 0.906851 0.351496 0.0276443 0.0389957 0.27124
1 0.8125 0.349092 0.0504808 0.0534188 0.429199
1 0.830529 0.173611 0.0384616 0.073718 0.373047
1 0.295373 0.763889 0.0324519 0.0405983 0.32251
1 0.795673 0.696047 0.0432692 0.0844017 0.319092
1 0.576322 0.0398638 0.0360577 0.0797276 0.286133
1 0.222055 0.538996 0.031851 0.0523504 0.282959
1 0.677885 0.580128 0.0216346 0.0448718 0.280518
1 0.932692 0.526709 0.03125 0.0384616 0.279053
1 0.705529 0.576923 0.0216346 0.0405983 0.268066
1 0.447115 0.102163 0.0204327 0.0403312 0.259033
1 0.832933 0.173611 0.0384616 0.0726496 0.39502
1 0.813702 0.355769 0.0504808 0.0502137 0.387695
1 0.222656 0.537393 0.031851 0.0534188 0.345215
1 0.796875 0.694979 0.0432693 0.0833334 0.344238
1 0.296274 0.764957 0.0324519 0.042735 0.320068
1 0.677885 0.57906 0.0192307 0.042735 0.317383
1 0.933293 0.526709 0.03125 0.0405983 0.27124
1 0.448017 0.102698 0.0198318 0.0381944 0.270508
1 0.578275 0.0401309 0.0333533 0.0754541 0.253906
1 0.813702 0.355769 0.0504808 0.0502137 0.433105
1 0.832933 0.174947 0.0384616 0.0715812 0.418701
1 0.796875 0.69765 0.0420673 0.0844017 0.356689
1 0.296274 0.764423 0.0330529 0.0438034 0.350342
1 0.222356 0.535256 0.0324519 0.0555556 0.308105
1 0.677885 0.580128 0.0216346 0.0448718 0.306641
1 0.933894 0.526709 0.0324519 0.0405983 0.30249
1 0.578125 0.0393964 0.0324519 0.0745192 0.277588
1 0.447115 0.102831 0.0216346 0.0400641 0.272705
1 0.103966 0.451122 0.0450721 0.0592948 0.259033
1 0.813101 0.353632 0.0492789 0.0502137 0.467773
1 0.832933 0.174412 0.0372596 0.0699786 0.457031
1 0.296274 0.762821 0.0324519 0.042735 0.370117
1 0.796875 0.696047 0.0408653 0.0801282 0.368408
1 0.933894 0.523504 0.03125 0.0405983 0.365723
1 0.677885 0.577991 0.0192307 0.0405983 0.325195
1 0.222055 0.535256 0.03125 0.0534188 0.313232
1 0.447716 0.100561 0.0204327 0.0376603 0.294922
1 0.577524 0.0401309 0.0336538 0.0754541 0.283691
1 0.908053 0.356571 0.0264423 0.0363248 0.282959
1 0.367488 0.392361 0.0378606 0.0352564 0.271973
1 0.704928 0.573718 0.0216346 0.0384616 0.259766
1 0.50631 0.154647 0.0174279 0.0419338 0.254639
1 0.104192 0.450588 0.0446214 0.056624 0.252441
1 0.8125 0.354701 0.0504808 0.0470086 0.506836
1 0.831731 0.172943 0.0384616 0.0715812 0.498047
1 0.296875 0.763889 0.0324519 0.0405983 0.396973
1 0.796875 0.695513 0.0408653 0.082265 0.388672
1 0.933894 0.525641 0.03125 0.0384616 0.38208
1 0.678486 0.577991 0.0192307 0.0405983 0.351318
1 0.222656 0.534188 0.03125 0.0534188 0.319092
1 0.447716 0.100294 0.0198317 0.0379274 0.305664
1 0.576623 0.0379274 0.031851 0.0758547 0.304932
1 0.907452 0.357372 0.0264423 0.0347222 0.297363
1 0.367488 0.392895 0.0366586 0.0347222 0.293457
1 0.705529 0.57265 0.0216346 0.0384615 0.27124
1 0.50601 0.155582 0.016226 0.0403312 0.253174
1 0.813702 0.355235 0.048077 0.0491453 0.456055
1 0.832933 0.173077 0.0372596 0.0721154 0.44165
1 0.296274 0.763355 0.03125 0.042735 0.381104
1 0.796875 0.694979 0.0408653 0.082265 0.367432
1 0.933293 0.525641 0.03125 0.0405983 0.366699
1 0.677885 0.578526 0.0192307 0.0395299 0.338867
1 0.222356 0.53312 0.030649 0.0555556 0.308105
1 0.447115 0.100561 0.0204327 0.036859 0.304932
1 0.577524 0.038328 0.03125 0.0742521 0.280518
1 0.906851 0.357372 0.0252404 0.0373931 0.264404
1 0.705529 0.57265 0.0216346 0.0384615 0.257568
1 0.813702 0.354167 0.048077 0.0486111 0.530273
1 0.832933 0.173611 0.0384616 0.0721154 0.515625
1 0.797476 0.69391 0.0432692 0.082265 0.46582
1 0.296274 0.762821 0.0324519 0.0438034 0.438721
1 0.933894 0.524573 0.03125 0.0405983 0.427246
1 0.677885 0.57906 0.0192307 0.0405983 0.394287
1 0.222356 0.534188 0.03125 0.0534188 0.378418
1 0.447716 0.100294 0.0204327 0.0371261 0.366699
1 0.578275 0.0390124 0.0333533 0.0758213 0.341553
1 0.907452 0.356303 0.0264423 0.0363248 0.321777
1 0.103365 0.450321 0.0453726 0.0587607 0.309814
1 0.705529 0.573718 0.0216346 0.0395299 0.308105
1 0.506611 0.155048 0.0180288 0.0419338 0.291016
1 0.368389 0.392628 0.0360577 0.0352564 0.277588
1 0.888822 0.792201 0.0204328 0.0331196 0.266602
1 0.59375 0.456464 0.0288462 0.0325854 0.258301
1 0.51262 0.680556 0.0180288 0.0320513 0.250977
1 0.813101 0.3539 0.0480769 0.0486111 0.492188
1 0.832933 0.173878 0.0384616 0.071047 0.46582
1 0.296274 0.762821 0.0324519 0.042735 0.414795
1 0.796875 0.69391 0.0432693 0.082265 0.414062
1 0.933293 0.524573 0.03125 0.0405983 0.400635
1 0.577524 0.0401977 0.0324519 0.0747863 0.370117
1 0.677885 0.57906 0.0192307 0.042735 0.360352
1 0.448017 0.101195 0.0204327 0.0385283 0.355713
1 0.10299 0.448985 0.0452223 0.0587607 0.342529
1 0.222806 0.534188 0.0303486 0.0534188 0.321777
1 0.907452 0.356838 0.0264423 0.036859 0.293457
1 0.705529 0.573718 0.0216346 0.0405983 0.280518
1 0.367188 0.393697 0.0372596 0.0373932 0.279785
1 0.50601 0.155716 0.0174279 0.0422009 0.27124
1 0.59375 0.456731 0.0288462 0.0331196 0.256836
1 0.831731 0.173745 0.0384616 0.071047 0.495117
1 0.8125 0.354701 0.048077 0.0470086 0.481445
1 0.796274 0.693376 0.0444712 0.0811966 0.434082
1 0.295673 0.762821 0.0324519 0.042735 0.424316
1 0.932692 0.524573 0.03125 0.0405983 0.418701
1 0.577524 0.0417334 0.0336538 0.073718 0.387695
1 0.677885 0.577991 0.0216346 0.0416667 0.384033
1 0.447716 0.100728 0.0210336 0.0378606 0.379395
1 0.222656 0.532586 0.030649 0.0534188 0.327637
1 0.907452 0.357105 0.0276443 0.0373932 0.309082
1 0.506611 0.155582 0.0180288 0.0422009 0.291748
1 0.705529 0.573718 0.0216346 0.0405983 0.27832
1 0.367788 0.393964 0.0372596 0.0363248 0.26123
1 0.102764 0.449252 0.046274 0.0576923 0.259766
1 0.8125 0.354701 0.048077 0.0491453 0.506836
1 0.832933 0.174279 0.0384616 0.0713141 0.491211
1 0.796875 0.694444 0.0432693 0.082265 0.451416
1 0.295673 0.762821 0.0324519 0.0448719 0.437744
1 0.932692 0.524038 0.0324519 0.0416667 0.428223
1 0.677885 0.577991 0.0204327 0.0427351 0.387695
1 0.447716 0.100828 0.0204327 0.0381944 0.381104
1 0.222356 0.532586 0.031851 0.0544872 0.377441
1 0.578125 0.0407986 0.0324519 0.0741186 0.347656
1 0.907452 0.357105 0.0264423 0.0373932 0.328613
1 0.367188 0.394765 0.0384615 0.0373932 0.311523
1 0.50601 0.155716 0.0168269 0.0422009 0.295898
1 0.705529 0.57265 0.0216346 0.0405983 0.281494
1 0.103666 0.449786 0.0441707 0.0555556 0.275146
1 0.511418 0.680556 0.0192308 0.0320513 0.274414
1 0.59375 0.460737 0.0300481 0.0320513 0.257568
1 0.813702 0.354968 0.048077 0.0480769 0.517578
1 0.833534 0.174546 0.0372597 0.0718483 0.496094
1 0.295974 0.762286 0.0324519 0.0438035 0.437744
1 0.796875 0.693376 0.0432693 0.0833333 0.427246
1 0.933894 0.524573 0.03125 0.0405983 0.420654
1 0.677885 0.57906 0.0204327 0.0405983 0.374756
1 0.578125 0.0420673 0.0324519 0.0746528 0.370117
1 0.447716 0.100661 0.0204327 0.0369258 0.349609
1 0.907452 0.356303 0.0264423 0.0363248 0.339844
1 0.222957 0.530983 0.030649 0.0491453 0.338867
1 0.506611 0.155449 0.0168269 0.0422009 0.304932
1 0.367788 0.393697 0.0372596 0.0363248 0.295898
1 0.705529 0.573184 0.0216346 0.0405983 0.282959
1 0.59375 0.460203 0.0300481 0.0336539 0.256104
1 0.981971 0.673077 0.03125 0.0320513 0.252441
1 0.813101 0.355769 0.0492789 0.0480769 0.49707
1 0.832933 0.175881 0.0384616 0.073985 0.495117
1 0.296274 0.763355 0.0330529 0.0438034 0.448486
1 0.797476 0.694444 0.0444712 0.0833333 0.446533
1 0.933894 0.524573 0.03125 0.0405983 0.427246
1 0.447416 0.101729 0.0210337 0.0390625 0.38501
1 0.677885 0.57906 0.0204327 0.0438034 0.383057
1 0.578275 0.0456063 0.0333533 0.078125 0.352295
1 0.222656 0.53312 0.031851 0.0555556 0.348633
1 0.907452 0.357372 0.0276443 0.0379274 0.329346
1 0.367188 0.394765 0.0396635 0.0373932 0.293457
1 0.705529 0.573184 0.0228365 0.042735 0.288574
1 0.506611 0.156517 0.0180288 0.0438034 0.269043
1 0.59375 0.458333 0.0288462 0.034188 0.268066
1 0.511719 0.68109 0.0186298 0.0320513 0.259033
1 0.813101 0.356036 0.0492789 0.0480769 0.514648
1 0.832933 0.17508 0.0384616 0.0723825 0.500977
1 0.797476 0.693376 0.0444712 0.0811966 0.483398
1 0.296274 0.763889 0.0330529 0.0438034 0.445557
1 0.933894 0.525641 0.03125 0.0405983 0.417725
1 0.222957 0.53312 0.03125 0.0523504 0.381104
1 0.677885 0.577991 0.0204327 0.0427351 0.378418
1 0.447716 0.101229 0.0204327 0.0373932 0.374756
1 0.577524 0.0446214 0.0336538 0.0758213 0.347656
1 0.907452 0.357639 0.0276443 0.0373932 0.324219
1 0.367188 0.394765 0.0408654 0.0379273 0.294922
1 0.705529 0.571581 0.0216346 0.0405983 0.282959
1 0.982572 0.674145 0.03125 0.0309829 0.281494
1 0.594952 0.462073 0.0300481 0.0320513 0.275879
1 0.506611 0.156517 0.0180288 0.0430021 0.274414
1 0.512019 0.680021 0.0180288 0.0309829 0.250244
1 0.813101 0.356303 0.0492789 0.0470086 0.524414
1 0.832933 0.175748 0.0384616 0.0726496 0.516602
1 0.797476 0.694444 0.0444712 0.082265 0.50293
1 0.295974 0.763889 0.0330529 0.0438034 0.462891
1 0.933894 0.525641 0.03125 0.0405983 0.438721
1 0.677885 0.57906 0.0216346 0.042735 0.393311
1 0.447416 0.10203 0.0204327 0.0381944 0.392334
1 0.222957 0.533654 0.03125 0.0523504 0.391357
1 0.577524 0.0446715 0.0336538 0.0765224 0.384033
1 0.907452 0.357372 0.0264423 0.036859 0.345947
1 0.366587 0.394498 0.0396635 0.0379274 0.323486
1 0.705529 0.57265 0.0216346 0.0416667 0.2854
1 0.594952 0.461538 0.03125 0.0331197 0.282227
1 0.512019 0.680556 0.0174279 0.0320513 0.267334
1 0.982572 0.674145 0.03125 0.0320513 0.265137
1 0.50601 0.155983 0.0168269 0.0422009 0.264404
1 0.813702 0.356303 0.048077 0.0470086 0.495117
1 0.833534 0.176015 0.0384615 0.0726496 0.489258
1 0.797476 0.694444 0.0444712 0.0811966 0.477539
1 0.296274 0.763889 0.0336538 0.0448718 0.440674
1 0.933894 0.525641 0.0336538 0.0405983 0.413086
1 0.447416 0.10203 0.0210337 0.0384615 0.375732
1 0.677284 0.57906 0.0216346 0.0438034 0.367432
1 0.222957 0.53312 0.0324519 0.0534188 0.365723
1 0.577524 0.0455395 0.0336538 0.0759883 0.35498
1 0.907452 0.357639 0.0264423 0.0379273 0.318359
1 0.365986 0.395299 0.0360577 0.0352564 0.282227
1 0.705529 0.572115 0.0240385 0.0416667 0.277588
1 0.594952 0.462073 0.03125 0.0320513 0.27124
1 0.981971 0.674145 0.03125 0.0309829 0.265869
1 0.512019 0.680556 0.0186298 0.0320513 0.258301
1 0.8125 0.356838 0.048077 0.0470086 0.511719
1 0.832933 0.176282 0.0384616 0.073718 0.50293
1 0.798077 0.694444 0.0432693 0.0833333 0.500977
1 0.295974 0.763355 0.0336538 0.0438034 0.451416
1 0.933293 0.525641 0.0324519 0.0405983 0.435059
1 0.447716 0.102297 0.0216346 0.0392628 0.408203
1 0.677885 0.577991 0.0216346 0.0448718 0.385742
1 0.222806 0.53312 0.0315505 0.0534188 0.38501
1 0.578275 0.0464577 0.0333533 0.0772236 0.355713
1 0.907452 0.357639 0.0288462 0.0379273 0.330322
1 0.365986 0.394765 0.0354568 0.0363248 0.303955
1 0.98137 0.674145 0.03125 0.0320513 0.290283
1 0.594351 0.461806 0.03125 0.0325855 0.289307
1 0.512019 0.68109 0.0186298 0.0320513 0.288574
1 0.705529 0.57265 0.0216346 0.042735 0.275146
1 0.50601 0.157051 0.0180288 0.0438034 0.259033
1 0.813101 0.356838 0.0480769 0.0459402 0.499023
1 0.833534 0.175748 0.0384615 0.0731838 0.488281
1 0.798077 0.694444 0.0432693 0.0811966 0.483398
1 0.296274 0.763889 0.0336538 0.042735 0.435791
1 0.933293 0.525641 0.0324519 0.0405983 0.414795
1 0.447716 0.102431 0.0210336 0.0387286 0.393311
1 0.677885 0.57906 0.0216346 0.0438034 0.371094
1 0.222957 0.533654 0.03125 0.0523504 0.366699
1 0.578125 0.0457899 0.0324519 0.0766894 0.345215
1 0.907452 0.357906 0.0276443 0.0373931 0.311523
1 0.365986 0.394231 0.0360577 0.0363248 0.289307
1 0.981971 0.673611 0.03125 0.0309829 0.273682
1 0.594952 0.461004 0.03125 0.0320513 0.270508
1 0.705529 0.57265 0.0216346 0.0405983 0.265869
1 0.512019 0.681624 0.0180288 0.0320513 0.257568
1 0.8125 0.356838 0.048077 0.0470086 0.516602
1 0.832933 0.175481 0.0384616 0.0726496 0.505859
1 0.797476 0.694444 0.0444712 0.0811966 0.496094
1 0.295673 0.763889 0.0336538 0.042735 0.454346
1 0.933293 0.525641 0.0324519 0.0405983 0.437744
1 0.447716 0.10203 0.0204327 0.0379274 0.407227
1 0.677885 0.57906 0.0216346 0.042735 0.392334
1 0.222806 0.53312 0.0315505 0.0512821 0.384033
1 0.578275 0.0460069 0.0333533 0.0770566 0.371094
1 0.907452 0.357372 0.0264423 0.0373931 0.330322
1 0.366587 0.394765 0.0402644 0.0373932 0.293457
1 0.705529 0.57265 0.0216346 0.0405983 0.277588
1 0.981971 0.673077 0.03125 0.0299145 0.273682
1 0.512019 0.681624 0.0180288 0.0309829 0.269775
1 0.594351 0.461004 0.03125 0.0320513 0.268066
1 0.813702 0.355235 0.048077 0.0491453 0.456055
1 0.832933 0.173077 0.0372596 0.0721154 0.44165
1 0.296274 0.763355 0.03125 0.042735 0.381104
1 0.796875 0.694979 0.0408653 0.082265 0.367432
1 0.933293 0.525641 0.03125 0.0405983 0.366699
1 0.677885 0.578526 0.0192307 0.0395299 0.338867
1 0.222356 0.53312 0.030649 0.0555556 0.307373
1 0.447115 0.100461 0.0204327 0.0367922 0.304932
1 0.577524 0.038328 0.03125 0.0742521 0.280518
1 0.906851 0.357372 0.0252404 0.0373931 0.264404
1 0.705529 0.57265 0.0216346 0.0384615 0.258301
