1 0.79988 0.554487 0.0396635 0.0534188 0.429199
1 0.90625 0.673077 0.0432693 0.0854701 0.297363
1 0.336839 0.519231 0.0246394 0.0502137 0.282959
1 0.472957 0.381944 0.0384615 0.0512821 0.277588
1 0.907452 0.689103 0.0408654 0.0844017 0.269043
1 0.905048 0.683227 0.0396635 0.0822649 0.267334
1 0.91226 0.345086 0.0456731 0.0491453 0.306641
1 0.665865 0.0365919 0.0372596 0.0731838 0.29834
1 0.903846 0.679487 0.0408653 0.0811966 0.267334
1 0.0817308 0.610043 0.0213341 0.0608974 0.30249
1 0.905048 0.68109 0.0396635 0.0801282 0.279053
1 0.0844351 0.615385 0.0183293 0.0619658 0.269043
1 0.903846 0.684829 0.0408653 0.0833333 0.260498
1 0.926082 0.169872 0.0348558 0.0790598 0.255371
1 0.667067 0.0351896 0.0288461 0.0703793 0.253174
1 0.914663 0.34562 0.0492788 0.0576923 0.254639
1 0.91226 0.344017 0.0456731 0.0480769 0.325928
1 0.925481 0.167602 0.0372596 0.071047 0.305664
1 0.90625 0.683761 0.0408653 0.08547 0.29834
1 0.0826322 0.615385 0.0229868 0.0662393 0.271973
1 0.926683 0.172276 0.0360578 0.0731838 0.255371
1 0.913462 0.34562 0.0480769 0.0502137 0.323486
1 0.925481 0.173344 0.0408654 0.0731838 0.291016
1 0.90625 0.686966 0.0444712 0.0779914 0.263672
1 0.925481 0.172943 0.0408654 0.0777244 0.354004
1 0.911058 0.349092 0.0480769 0.0544872 0.309082
1 0.905649 0.686966 0.0444712 0.0811966 0.289307
1 0.913462 0.344818 0.0480769 0.0507479 0.275879
1 0.905048 0.683761 0.0432692 0.0833333 0.269775
1 0.92488 0.170807 0.0408653 0.079594 0.26123
1 0.90625 0.682692 0.0432693 0.0854701 0.280518
1 0.927284 0.169471 0.0384615 0.0777244 0.271973
1 0.91226 0.346421 0.0504807 0.0555556 0.273682
1 0.470553 0.382746 0.0408654 0.0422009 0.253906
1 0.906851 0.691239 0.046875 0.0897436 0.251709
1 0.925481 0.169738 0.0384616 0.079594 0.297363
1 0.905649 0.681624 0.0432693 0.0854701 0.266602
1 0.471154 0.386218 0.0372596 0.0363248 0.263672
1 0.925481 0.17054 0.0384616 0.0769231 0.269775
1 0.90625 0.682692 0.0408653 0.0865385 0.26123
1 0.926683 0.171608 0.0384616 0.0729167 0.293457
1 0.408353 0.757479 0.0300481 0.0405983 0.273682
1 0.905649 0.684829 0.0420672 0.0790598 0.256836
1 0.0836839 0.613782 0.023738 0.0662393 0.252441
1 0.911659 0.349359 0.048077 0.0480769 0.283691
1 0.471154 0.387019 0.0360577 0.0400641 0.253174
1 0.903846 0.686966 0.0432692 0.0833334 0.319092
1 0.924279 0.171741 0.0408654 0.0758547 0.297363
1 0.911058 0.349092 0.0528846 0.0443376 0.2854
1 0.469952 0.386485 0.0360577 0.0347222 0.269043
1 0.667067 0.0381277 0.0360577 0.0762553 0.250244
1 0.911058 0.349359 0.0456731 0.0480769 0.262939
1 0.925481 0.173745 0.0408654 0.0715812 0.251709
1 0.903846 0.689103 0.0432692 0.0769231 0.250244
1 0.926683 0.169872 0.0384616 0.0753205 0.34082
1 0.0826322 0.613248 0.0219351 0.0651709 0.277588
1 0.90625 0.682158 0.0432693 0.0779914 0.271973
1 0.913462 0.347756 0.0480769 0.0491453 0.258301
1 0.913462 0.346154 0.046875 0.0491453 0.268066
1 0.927885 0.169872 0.0408654 0.0769231 0.265137
1 0.91226 0.347489 0.0480769 0.045406 0.280518
1 0.912861 0.349893 0.0456731 0.0491453 0.378418
1 0.926683 0.173878 0.0372596 0.0742521 0.313232
1 0.408053 0.760684 0.03125 0.0405983 0.307373
1 0.469952 0.389423 0.0372596 0.0405983 0.282227
1 0.332933 0.525641 0.03125 0.0491453 0.276611
1 0.0827825 0.617521 0.0216346 0.0641026 0.265137
1 0.665865 0.0393296 0.0360577 0.0742521 0.262939
1 0.91226 0.347222 0.0480769 0.0459401 0.303955
1 0.925481 0.171875 0.0408654 0.0729167 0.29834
1 0.408654 0.759615 0.03125 0.0373932 0.282227
1 0.471755 0.386218 0.0366586 0.0373931 0.264404
1 0.926683 0.171474 0.0408654 0.0742521 0.338867
1 0.912861 0.346688 0.0480769 0.0459401 0.335449
1 0.471154 0.385684 0.0384615 0.0373931 0.295898
1 0.408654 0.758013 0.031851 0.0384616 0.295898
1 0.667067 0.039196 0.0360577 0.075187 0.259766
1 0.333534 0.524573 0.0324519 0.0470086 0.256104
1 0.926683 0.172409 0.0384616 0.0734509 0.339844
1 0.903245 0.684829 0.0420672 0.0801282 0.307373
1 0.665865 0.0407151 0.0360577 0.0769565 0.297363
1 0.408954 0.759081 0.0324519 0.0384616 0.286865
1 0.470553 0.387821 0.0372596 0.0384616 0.279053
1 0.0860126 0.71688 0.0184796 0.0405983 0.263672
1 0.0817308 0.615385 0.0219351 0.0619658 0.259766
1 0.911058 0.347222 0.0456731 0.0432692 0.257568
1 0.913462 0.347222 0.0480769 0.0416667 0.265137
1 0.407752 0.759615 0.030649 0.0363247 0.263672
1 0.92488 0.172409 0.0384615 0.0726496 0.255371
1 0.925481 0.172276 0.0384616 0.0715812 0.320801
1 0.913462 0.349359 0.0504807 0.0470086 0.303955
1 0.90625 0.685898 0.0444712 0.0833334 0.299072
1 0.913462 0.347222 0.0504807 0.0448718 0.343262
1 0.924279 0.171608 0.0408654 0.0729167 0.307373
1 0.469952 0.385684 0.0396635 0.0395299 0.275146
1 0.407452 0.757479 0.03125 0.0384616 0.27124
1 0.332933 0.523504 0.030649 0.0502137 0.250244
1 0.905048 0.681624 0.0432692 0.0844017 0.367432
1 0.912861 0.347756 0.0492788 0.0459402 0.336426
1 0.92488 0.17094 0.0408653 0.0769231 0.33374
1 0.665865 0.0378606 0.0336539 0.0757212 0.282227
1 0.469351 0.387286 0.0378606 0.0395299 0.277588
1 0.408353 0.759081 0.0300481 0.0373932 0.253906
1 0.816106 0.556624 0.0216346 0.042735 0.250977
1 0.90625 0.682692 0.0456731 0.0854701 0.320801
1 0.92488 0.172943 0.0420673 0.0734509 0.312256
1 0.912861 0.349359 0.0480769 0.0405983 0.305664
1 0.408654 0.759615 0.030649 0.0363247 0.264404
1 0.0840595 0.616453 0.0189303 0.059829 0.262207
1 0.469651 0.386218 0.0360577 0.0389957 0.256104
1 0.905649 0.681624 0.0444712 0.0854701 0.369385
1 0.912861 0.347756 0.0492788 0.0448718 0.353027
1 0.923077 0.170406 0.0408654 0.0785256 0.325928
1 0.668269 0.040398 0.0360577 0.0807959 0.288574
1 0.0833083 0.61485 0.0184796 0.0587607 0.2854
1 0.814904 0.557692 0.0192307 0.0438034 0.269043
1 0.406851 0.761752 0.0300481 0.0384615 0.267334
1 0.469351 0.387019 0.0366587 0.0395299 0.264404
1 0.331731 0.525107 0.0288462 0.0512821 0.257568
1 0.91226 0.34562 0.0492789 0.0443376 0.309082
1 0.924279 0.170406 0.0396634 0.0731838 0.27124
1 0.408053 0.759615 0.03125 0.0384616 0.259766
1 0.91226 0.345086 0.0492789 0.0448718 0.33374
1 0.40625 0.756944 0.0300481 0.0405983 0.30249
1 0.925481 0.171341 0.0384616 0.0734509 0.27832
1 0.905048 0.683761 0.0432692 0.0833333 0.268066
1 0.667067 0.0417334 0.0360577 0.081063 0.263672
1 0.469351 0.384615 0.0384615 0.0363248 0.250977
1 0.912861 0.348558 0.046875 0.0475427 0.324219
1 0.408654 0.760684 0.0324519 0.0438034 0.30249
1 0.926683 0.172009 0.0396634 0.0769231 0.297363
1 0.470252 0.387821 0.0372596 0.042735 0.264404
1 0.905048 0.683227 0.0432692 0.0854701 0.253174
1 0.407452 0.759615 0.03125 0.0405983 0.265137
1 0.469952 0.385684 0.0378606 0.0395299 0.250244
1 0.91226 0.347222 0.0504807 0.0502137 0.367432
1 0.469351 0.387821 0.0396635 0.0405983 0.291748
1 0.406851 0.758547 0.03125 0.0384616 0.283691
1 0.667067 0.0381277 0.0360577 0.0730502 0.274414
1 0.925481 0.171474 0.0384616 0.0729167 0.265137
1 0.913462 0.346154 0.0504807 0.0438034 0.373779
1 0.90625 0.683761 0.0456731 0.0897436 0.339844
1 0.925481 0.169738 0.0384616 0.073985 0.338867
1 0.407752 0.759615 0.0318509 0.0384616 0.318359
1 0.668269 0.0397636 0.0372596 0.0795272 0.294189
1 0.470553 0.385951 0.0396635 0.0389957 0.283691
1 0.0819561 0.613248 0.0189303 0.0598291 0.254639
1 0.912861 0.346688 0.0504808 0.0470085 0.347656
1 0.92488 0.169872 0.0384615 0.0734509 0.300781
1 0.667067 0.0394631 0.0360577 0.0782586 0.299072
1 0.46905 0.386218 0.0384615 0.0373931 0.279053
1 0.40655 0.759615 0.0300481 0.0405983 0.275879
1 0.905048 0.681624 0.0456731 0.0844017 0.250244
1 0.913462 0.346955 0.0504807 0.0459402 0.309814
1 0.925481 0.169338 0.0396634 0.0731838 0.27832
1 0.407452 0.760684 0.0300481 0.0363247 0.265137
1 0.913462 0.346154 0.0480769 0.0480769 0.271973
1 0.926082 0.169605 0.0384615 0.0715812 0.256836
1 0.408353 0.759081 0.03125 0.042735 0.253174
1 0.923077 0.170139 0.0384615 0.0694444 0.262939
1 0.91226 0.347756 0.0480769 0.0459402 0.26123
1 0.92488 0.170005 0.0396635 0.0774573 0.255371
1 0.913462 0.348825 0.0480769 0.042735 0.283691
1 0.925481 0.171207 0.0384616 0.0726496 0.279785
1 0.904447 0.684295 0.0444711 0.0844017 0.263672
1 0.408053 0.761218 0.03125 0.042735 0.253906
1 0.91226 0.348024 0.0504807 0.0443376 0.319092
1 0.924279 0.168803 0.0396634 0.0747863 0.294189
1 0.406851 0.760684 0.0324519 0.042735 0.279785
1 0.469351 0.387286 0.0378606 0.0395299 0.268066
1 0.925481 0.17094 0.0384616 0.0731838 0.332031
1 0.913462 0.34562 0.0504807 0.0470085 0.312256
1 0.407151 0.759615 0.0324519 0.0405983 0.284668
1 0.92488 0.168803 0.0372597 0.0731838 0.279785
1 0.913462 0.344818 0.0480769 0.0470086 0.267334
1 0.913462 0.347222 0.0480769 0.0470086 0.296631
1 0.926683 0.173344 0.0384616 0.0721154 0.281494
1 0.91226 0.346154 0.0480769 0.0470085 0.306641
1 0.924279 0.167067 0.0384616 0.0742521 0.276611
1 0.469651 0.387821 0.0366587 0.0363248 0.269775
1 0.925481 0.171608 0.0408654 0.0753205 0.309082
1 0.912861 0.347489 0.0504808 0.0475427 0.295898
1 0.91226 0.347222 0.0480769 0.0448718 0.345947
1 0.926082 0.171207 0.0384615 0.0731838 0.313965
1 0.668269 0.0395299 0.0336538 0.0750534 0.262939
1 0.924279 0.167067 0.0384616 0.0750534 0.287842
1 0.91226 0.346955 0.0480769 0.0448718 0.2854
1 0.926683 0.170406 0.0384616 0.0742521 0.267334
1 0.91226 0.345887 0.0504807 0.0475427 0.265869
1 0.911058 0.346688 0.0492789 0.0448718 0.303955
1 0.924279 0.169071 0.0408654 0.0721154 0.297363
1 0.666466 0.0392795 0.0360577 0.0784923 0.288574
1 0.40655 0.759081 0.030649 0.0395299 0.265869
1 0.91226 0.346688 0.0504807 0.048077 0.294922
1 0.924279 0.167468 0.0408654 0.0763889 0.274414
1 0.912861 0.345086 0.0504808 0.0480769 0.326904
1 0.407452 0.759615 0.03125 0.0395299 0.27832
1 0.469952 0.386485 0.0378606 0.0352564 0.275879
1 0.924279 0.16867 0.0408654 0.0763889 0.257568
1 0.913462 0.346154 0.0504807 0.0475427 0.345947
1 0.925481 0.169471 0.0396634 0.0742521 0.287842
1 0.469952 0.386752 0.0360577 0.0352564 0.27124
1 0.406851 0.758547 0.03125 0.042735 0.268066
1 0.667067 0.0394631 0.0336539 0.0714477 0.251709
1 0.91226 0.347222 0.0504807 0.0438034 0.334473
1 0.92488 0.170807 0.0396635 0.0734509 0.324219
1 0.469351 0.387553 0.0360577 0.0352564 0.294922
1 0.406851 0.760684 0.03125 0.0405983 0.288574
1 0.333534 0.526709 0.0300481 0.0491453 0.257568
1 0.667067 0.0379941 0.0336539 0.0757212 0.255371
1 0.91226 0.347489 0.0480769 0.0491453 0.282227
1 0.91226 0.345086 0.0480769 0.0470085 0.318359
1 0.926683 0.167468 0.0408654 0.0747863 0.317383
1 0.469952 0.385684 0.0384615 0.0384615 0.279785
1 0.90625 0.682692 0.0456731 0.0876068 0.27124
1 0.667067 0.0379607 0.0360577 0.0759215 0.268066
1 0.408053 0.757479 0.0324519 0.0405983 0.263672
1 0.91226 0.346154 0.0480769 0.042735 0.279785
1 0.92488 0.167468 0.0396635 0.0705128 0.273682
1 0.91226 0.347222 0.0504807 0.048077 0.341553
1 0.924279 0.170139 0.0408654 0.0758547 0.325195
1 0.903846 0.685898 0.0444712 0.0854701 0.29248
1 0.469351 0.387821 0.0372596 0.0405983 0.275879
1 0.667067 0.0399472 0.0360577 0.0766226 0.267334
1 0.925481 0.169605 0.0408654 0.0753205 0.354004
1 0.91226 0.347222 0.0504807 0.048077 0.34082
1 0.90625 0.684829 0.0456731 0.0854701 0.273682
1 0.469351 0.387821 0.0384615 0.0384616 0.265137
1 0.667067 0.0403145 0.0360577 0.0742855 0.257568
1 0.92488 0.169471 0.0408653 0.0745192 0.360352
1 0.912861 0.347489 0.0516827 0.0475427 0.343262
1 0.905048 0.683761 0.0420673 0.0811966 0.2854
1 0.407452 0.759615 0.0324519 0.042735 0.273682
1 0.469952 0.387286 0.0372596 0.0373932 0.270508
1 0.668269 0.0395299 0.0336538 0.0729167 0.252441
1 0.926082 0.162927 0.0420673 0.0785256 0.318359
1 0.91226 0.345086 0.0528846 0.0491453 0.31665
1 0.91226 0.34188 0.0528846 0.0518163 0.324219
1 0.925481 0.160924 0.0408654 0.0782586 0.31665
1 0.469952 0.387553 0.0384615 0.0395299 0.294189
1 0.600361 0.145299 0.0204327 0.0480769 0.259033
1 0.40655 0.756944 0.0324519 0.0416667 0.251709
1 0.91226 0.344551 0.0492789 0.0459402 0.390381
1 0.924279 0.165465 0.0384616 0.0745192 0.385742
1 0.903846 0.686966 0.0444712 0.082265 0.345947
1 0.406851 0.759615 0.03125 0.0405983 0.324219
1 0.469651 0.390224 0.0366587 0.034188 0.297363
1 0.0823317 0.619124 0.0195312 0.0630342 0.259766
1 0.59976 0.14984 0.0204327 0.0448718 0.256104
1 0.332332 0.537393 0.0300481 0.051282 0.255371
1 0.925481 0.165064 0.0396634 0.0742521 0.38208
1 0.91226 0.347489 0.0492789 0.0470085 0.368408
1 0.470553 0.389957 0.0360577 0.0373931 0.33374
1 0.407752 0.758013 0.03125 0.0405983 0.332764
1 0.990986 0.78312 0.0180288 0.0405983 0.307373
1 0.905048 0.684829 0.0444712 0.0854701 0.29248
1 0.333233 0.535256 0.030649 0.051282 0.274414
1 0.0824069 0.615919 0.0186298 0.0608974 0.257568
1 0.91226 0.348825 0.0492789 0.0475427 0.405518
1 0.925481 0.165598 0.0384616 0.0742522 0.403564
1 0.407452 0.758547 0.031851 0.042735 0.349609
1 0.905048 0.686966 0.0456731 0.0833334 0.348633
1 0.470553 0.39156 0.0372596 0.0384615 0.329346
1 0.0815805 0.61859 0.0201322 0.0641026 0.294922
1 0.23107 0.378205 0.0522836 0.0779914 0.2854
1 0.667067 0.0385951 0.0348558 0.0726496 0.274414
1 0.332933 0.531517 0.030649 0.0480769 0.271973
1 0.59976 0.152244 0.0216346 0.0443376 0.267334
1 0.815505 0.5625 0.0228365 0.0405983 0.266602
1 0.990685 0.784188 0.0186298 0.0416667 0.262939
1 0.91226 0.346154 0.0480769 0.0448718 0.432129
1 0.925481 0.164663 0.0384616 0.0713141 0.42334
1 0.470553 0.389423 0.0360577 0.0357906 0.403564
1 0.407452 0.75641 0.030649 0.0405983 0.367432
1 0.333233 0.528846 0.0300481 0.0491453 0.345947
1 0.905048 0.684829 0.0444712 0.0811966 0.341553
1 0.600962 0.149573 0.0192307 0.0443376 0.320068
1 0.0817308 0.615385 0.0192308 0.059829 0.309814
1 0.667067 0.0380776 0.0348558 0.072082 0.284668
1 0.815505 0.561432 0.0228365 0.0384616 0.282227
1 0.167368 0.245994 0.0165264 0.0331197 0.274414
1 0.990986 0.784188 0.0180288 0.0384616 0.272705
1 0.911058 0.346421 0.0504807 0.0448718 0.481445
1 0.92488 0.162927 0.0408653 0.0723825 0.454346
1 0.471154 0.390491 0.0360577 0.034188 0.42334
1 0.407151 0.757479 0.03125 0.0405983 0.396973
1 0.333233 0.529915 0.0294471 0.0470086 0.361084
1 0.0818059 0.615385 0.0186298 0.0641026 0.354004
1 0.905048 0.683761 0.0456731 0.0833333 0.337158
1 0.667067 0.0362914 0.0360577 0.0725828 0.330322
1 0.59976 0.150641 0.0192307 0.0408654 0.318359
1 0.816106 0.561966 0.0216346 0.0363248 0.310791
1 0.990986 0.782051 0.0180288 0.0384616 0.294189
1 0.167668 0.247329 0.016226 0.0309829 0.293457
1 0.227915 0.375 0.0459735 0.0726496 0.279785
1 0.91226 0.346154 0.0480769 0.0459402 0.456055
1 0.925481 0.164263 0.0384616 0.0721154 0.39502
1 0.469952 0.391026 0.0360577 0.0363248 0.386719
1 0.406851 0.756944 0.0300481 0.0405983 0.375732
1 0.332332 0.52938 0.0288461 0.0480769 0.345947
1 0.0812801 0.614316 0.0192308 0.0630342 0.319092
1 0.166767 0.246795 0.015625 0.0320513 0.303955
1 0.814904 0.563034 0.0216346 0.0384615 0.294189
1 0.59976 0.151576 0.0192307 0.0438034 0.293457
1 0.667067 0.0371428 0.0336539 0.0731504 0.286865
1 0.905048 0.684829 0.0432692 0.0833333 0.282959
1 0.990385 0.78312 0.0192307 0.0363248 0.277588
1 0.204327 0.836004 0.0168269 0.0373932 0.262207
1 0.542067 0.09789 0.0204327 0.0438034 0.253906
1 0.993389 0.34562 0.0132212 0.0336539 0.252441
1 0.91226 0.344818 0.0480769 0.0475427 0.546875
1 0.925481 0.16453 0.0384616 0.0729167 0.467773
1 0.469952 0.389957 0.0360577 0.0363248 0.44751
1 0.407452 0.75641 0.03125 0.0416667 0.436768
1 0.333233 0.529915 0.030649 0.0480769 0.384033
1 0.081881 0.615385 0.0198317 0.0641026 0.37207
1 0.59976 0.150641 0.0192307 0.0438034 0.355713
1 0.667067 0.0371261 0.0360577 0.0742521 0.353027
1 0.816106 0.561966 0.0216346 0.0395299 0.348633
1 0.905649 0.684295 0.0444712 0.0822649 0.346924
1 0.167368 0.245727 0.016226 0.0331197 0.320801
1 0.990685 0.784188 0.0186298 0.0395299 0.310791
1 0.542668 0.0973558 0.0204327 0.0438034 0.303223
1 0.205228 0.834936 0.0174279 0.0384616 0.279785
1 0.0889423 0.713675 0.0168269 0.0405983 0.270508
1 0.230469 0.375 0.0498798 0.0779915 0.269043
1 0.701923 0.451389 0.0288462 0.0309829 0.265869
1 0.99369 0.344551 0.0126202 0.0352564 0.252441
1 0.911659 0.344551 0.0492788 0.0480769 0.505859
1 0.925481 0.166132 0.0396634 0.0721154 0.452393
1 0.407151 0.75641 0.03125 0.0405983 0.421631
1 0.469651 0.390759 0.0360577 0.0363248 0.415771
1 0.667067 0.0374099 0.0336539 0.0726162 0.402588
1 0.082482 0.616453 0.0189303 0.0630342 0.355713
1 0.332933 0.530449 0.0300481 0.0470086 0.350342
1 0.59976 0.151977 0.0192307 0.0438034 0.341553
1 0.905048 0.684829 0.0420673 0.0790598 0.330322
1 0.814904 0.563034 0.0216346 0.0405983 0.323486
1 0.230769 0.375534 0.0486779 0.0747863 0.29834
1 0.166767 0.247062 0.016226 0.0320513 0.294922
1 0.542668 0.0979901 0.0204327 0.0449386 0.2854
1 0.990986 0.784188 0.0180288 0.0384616 0.267334
1 0.701923 0.452457 0.0276443 0.0309829 0.265869
1 0.911659 0.344551 0.0492788 0.0459402 0.526367
1 0.92488 0.165465 0.0396635 0.0731838 0.467773
1 0.406851 0.75641 0.031851 0.0405983 0.458984
1 0.469651 0.390491 0.0366587 0.0363248 0.415771
1 0.667067 0.0391126 0.0336539 0.0721488 0.385742
1 0.0823317 0.615919 0.019381 0.0608974 0.378418
1 0.332632 0.529915 0.0300481 0.0470086 0.374756
1 0.600361 0.151175 0.0204327 0.0448718 0.366699
1 0.905048 0.685898 0.0408653 0.0876069 0.360352
1 0.814904 0.5625 0.0216346 0.0395299 0.346924
1 0.166767 0.247329 0.0165264 0.0331196 0.313965
1 0.542668 0.0973558 0.0216346 0.0440705 0.304932
1 0.990385 0.784188 0.0192307 0.0363248 0.279785
1 0.0881911 0.713675 0.016226 0.0405983 0.266602
1 0.701923 0.45219 0.0264423 0.0304487 0.257568
1 0.204327 0.836539 0.0174279 0.0384616 0.250977
1 0.993089 0.34562 0.0138221 0.0352564 0.250244
1 0.91226 0.345086 0.0480769 0.0470085 0.508789
1 0.925481 0.165331 0.0384616 0.0715812 0.461914
1 0.407151 0.75641 0.03125 0.0405983 0.44751
1 0.469651 0.390491 0.0372596 0.0373931 0.440674
1 0.332933 0.529915 0.0300481 0.0480769 0.38501
1 0.0820312 0.615385 0.0189303 0.0608974 0.374756
1 0.903846 0.684829 0.0432692 0.082265 0.374756
1 0.666466 0.0382111 0.0348558 0.0718149 0.35498
1 0.814904 0.563034 0.0228366 0.0405983 0.352295
1 0.59976 0.150908 0.0192307 0.0448718 0.338135
1 0.542668 0.0972222 0.0204327 0.0451389 0.30249
1 0.167067 0.247329 0.0168269 0.0331196 0.294189
1 0.990385 0.783654 0.0192307 0.0384615 0.294189
1 0.701923 0.452457 0.0288462 0.0315171 0.286865
1 0.0881911 0.713675 0.0168269 0.0405983 0.286133
1 0.204627 0.836539 0.0174279 0.0363248 0.262939
1 0.230919 0.374733 0.0513822 0.0753205 0.260498
1 0.91226 0.34562 0.0480769 0.0480769 0.53125
1 0.92488 0.1664 0.0396635 0.0726496 0.467773
1 0.407452 0.75641 0.030649 0.0405983 0.458984
1 0.469952 0.389957 0.0360577 0.0363248 0.434082
1 0.332933 0.528846 0.0294471 0.0470086 0.398926
1 0.907452 0.685898 0.0420673 0.0876069 0.393311
1 0.0822566 0.614316 0.0196815 0.0619658 0.38208
1 0.600962 0.151042 0.0192307 0.0435363 0.37207
1 0.815505 0.561966 0.0216347 0.0395299 0.35498
1 0.667067 0.0393964 0.0336539 0.0729167 0.331055
1 0.167368 0.246528 0.015625 0.0320513 0.295898
1 0.542668 0.0973558 0.0210337 0.0443376 0.293457
1 0.990385 0.784188 0.0192307 0.0384616 0.284668
1 0.205078 0.836004 0.0165264 0.0373932 0.27832
1 0.701923 0.452724 0.0276443 0.0309829 0.266602
1 0.0886418 0.713675 0.016226 0.0405983 0.254639
1 0.91226 0.346421 0.0504807 0.0470086 0.521484
1 0.407452 0.757479 0.03125 0.0405983 0.46875
1 0.925481 0.166132 0.0408654 0.0726496 0.450439
1 0.469952 0.390224 0.0372596 0.036859 0.439697
1 0.333233 0.529915 0.030649 0.0480769 0.388672
1 0.081881 0.615385 0.0195312 0.0641026 0.388672
1 0.905649 0.684829 0.0444712 0.0833333 0.366699
1 0.59976 0.151709 0.0192307 0.0443376 0.355713
1 0.542668 0.0985243 0.0204327 0.0460069 0.325928
1 0.814904 0.5625 0.0216346 0.0395299 0.321777
1 0.667067 0.0409989 0.0360577 0.0745192 0.318359
1 0.167368 0.247062 0.016226 0.0320513 0.294189
1 0.990385 0.785256 0.0192307 0.0384616 0.279785
1 0.204928 0.836539 0.0174279 0.0373931 0.269775
1 0.701923 0.453793 0.0288462 0.0309829 0.268066
1 0.0889423 0.714744 0.0174279 0.0405983 0.265869
1 0.91226 0.346688 0.0504807 0.0459401 0.521484
1 0.924279 0.166667 0.0384616 0.0726496 0.483398
1 0.407452 0.757479 0.031851 0.0405983 0.453369
1 0.469952 0.389957 0.0372596 0.0363248 0.446533
1 0.905048 0.685363 0.0432692 0.0801282 0.390381
1 0.333534 0.530449 0.030649 0.0470086 0.381104
1 0.0821815 0.615385 0.0192308 0.0619658 0.381104
1 0.600361 0.152244 0.0192307 0.0430021 0.348633
1 0.667067 0.0405983 0.0336539 0.0721154 0.325195
1 0.542668 0.0980235 0.0204327 0.0443376 0.320068
1 0.815505 0.563034 0.0228365 0.0395299 0.317383
1 0.990385 0.784188 0.0192307 0.0384616 0.315674
1 0.167668 0.246261 0.016226 0.0320513 0.305664
1 0.0892428 0.713675 0.0171274 0.0405983 0.289307
1 0.205529 0.836539 0.0174279 0.0373931 0.270508
1 0.702524 0.452991 0.0276443 0.0299146 0.260498
1 0.91226 0.347222 0.0504807 0.0470086 0.546875
1 0.925481 0.167468 0.0384616 0.0731838 0.499023
1 0.407452 0.758547 0.03125 0.0405983 0.467773
1 0.469952 0.390491 0.0372596 0.0363248 0.456055
1 0.90625 0.686966 0.0420673 0.0876069 0.416748
1 0.333233 0.529915 0.030649 0.0470086 0.400635
1 0.667067 0.0415999 0.0348558 0.0733173 0.393311
1 0.081881 0.615385 0.0192308 0.0619658 0.38501
1 0.59976 0.151977 0.0192307 0.0430021 0.350342
1 0.542668 0.0989583 0.0204327 0.045406 0.348633
1 0.814904 0.563034 0.0216346 0.0405983 0.338867
1 0.990385 0.785256 0.0192307 0.0395299 0.332764
1 0.0889423 0.714744 0.0165264 0.0405983 0.305664
1 0.167518 0.247329 0.0159255 0.0320513 0.296631
1 0.701923 0.454327 0.0288462 0.0309829 0.272705
1 0.205228 0.836539 0.0168269 0.0373931 0.266602
1 0.23107 0.376068 0.0498798 0.0747863 0.263672
1 0.99399 0.346688 0.0120193 0.0341881 0.259766
1 0.91226 0.347222 0.0492789 0.0459401 0.516602
1 0.924279 0.167334 0.0408654 0.0734509 0.469727
1 0.407452 0.758013 0.031851 0.0405983 0.436768
1 0.469651 0.390491 0.0378606 0.0373931 0.42334
1 0.90625 0.686966 0.0420673 0.0865384 0.402588
1 0.333233 0.530449 0.03125 0.0470086 0.373779
1 0.667067 0.0419338 0.0360577 0.0731838 0.367432
1 0.0816557 0.616453 0.0196815 0.0641026 0.367432
1 0.542368 0.099359 0.0210337 0.0456731 0.342529
1 0.59976 0.152244 0.0204327 0.0438034 0.335449
1 0.814904 0.563034 0.0228366 0.0405983 0.314941
1 0.990084 0.785256 0.0198318 0.0384616 0.303223
1 0.0888672 0.714744 0.0175781 0.0405983 0.29248
1 0.167368 0.246795 0.0168269 0.0320513 0.284668
1 0.204928 0.836539 0.0180288 0.0373931 0.259766
1 0.91226 0.347222 0.0480769 0.0459401 0.537109
1 0.924279 0.167334 0.0396634 0.0731838 0.491211
1 0.407452 0.757479 0.0324519 0.0405983 0.457031
1 0.469351 0.390491 0.0372596 0.0363248 0.442627
1 0.90625 0.686432 0.0408653 0.0865385 0.408203
1 0.332933 0.530449 0.03125 0.0470086 0.389648
1 0.081881 0.615385 0.0195312 0.0641026 0.385742
1 0.542668 0.0994925 0.0216346 0.0467415 0.377441
1 0.667067 0.0421341 0.0348558 0.0733173 0.375732
1 0.59976 0.152511 0.0204327 0.0435363 0.336426
1 0.990084 0.785256 0.0198318 0.0395299 0.324219
1 0.814904 0.563034 0.0228366 0.0405983 0.323486
1 0.167368 0.247329 0.0168269 0.0320513 0.313232
1 0.0889423 0.714744 0.0177284 0.0416667 0.308105
1 0.204928 0.836539 0.0174279 0.0363248 0.286865
1 0.701923 0.45406 0.0288462 0.0309829 0.267334
1 0.993389 0.346955 0.0132212 0.0336539 0.257568
1 0.91226 0.347756 0.0492789 0.0459402 0.529297
1 0.92488 0.166934 0.0396635 0.0731838 0.474609
1 0.407452 0.758547 0.031851 0.0405983 0.445557
1 0.469952 0.391293 0.0372596 0.0363248 0.414795
1 0.90625 0.685363 0.0420673 0.0865385 0.408203
1 0.081881 0.615919 0.0192308 0.0630342 0.380371
1 0.333233 0.530983 0.030649 0.0470086 0.370117
1 0.542668 0.0996261 0.0210337 0.0462073 0.365723
1 0.667067 0.0419505 0.0336539 0.0728833 0.332764
1 0.59976 0.153045 0.0192307 0.042735 0.317383
1 0.814904 0.563568 0.0228366 0.0395299 0.307373
1 0.990385 0.785256 0.0192307 0.0395299 0.294922
1 0.0890926 0.714744 0.0174279 0.0405983 0.29248
1 0.167518 0.247863 0.016226 0.0309829 0.275879
1 0.205228 0.836539 0.0168269 0.0363248 0.254639
1 0.701923 0.454594 0.0288462 0.0304487 0.250244
1 0.91226 0.347222 0.0504807 0.0459401 0.545898
1 0.924279 0.166934 0.0408654 0.0731838 0.491211
1 0.407151 0.758013 0.031851 0.0405983 0.466797
1 0.469351 0.391026 0.0372596 0.0357906 0.433105
1 0.90625 0.685363 0.0408653 0.0854701 0.40918
1 0.332933 0.530983 0.03125 0.0470086 0.394287
1 0.0819561 0.615385 0.0192308 0.0619658 0.394287
1 0.542668 0.0992254 0.0204327 0.0451389 0.373047
1 0.667067 0.0421341 0.0348558 0.0729167 0.359375
1 0.59976 0.152778 0.0192307 0.042735 0.33374
1 0.814904 0.563568 0.0228366 0.0395299 0.324219
1 0.990385 0.785256 0.0192307 0.0384616 0.309082
1 0.0890926 0.714744 0.0172776 0.0405983 0.299805
1 0.167518 0.247329 0.016226 0.0309829 0.288574
1 0.205078 0.836539 0.0171274 0.0363248 0.265137
1 0.701923 0.45406 0.0288462 0.0299146 0.256836
1 0.91226 0.346154 0.0480769 0.0459402 0.456055
1 0.925481 0.164263 0.0384616 0.0721154 0.394287
1 0.469952 0.391026 0.0360577 0.0363248 0.385742
1 0.40655 0.756944 0.0300481 0.0405983 0.375732
1 0.332332 0.52938 0.0288461 0.0480769 0.345947
1 0.0812801 0.614316 0.0192308 0.0630342 0.320068
1 0.166767 0.246795 0.015625 0.0320513 0.303955
1 0.814904 0.563034 0.0216346 0.0384615 0.294189
1 0.59976 0.151576 0.0192307 0.0438034 0.293457
1 0.667067 0.0371428 0.0348558 0.0731504 0.287842
1 0.905048 0.684829 0.0432692 0.0833333 0.282959
1 0.990385 0.78312 0.0192307 0.0363248 0.276611
1 0.204327 0.836004 0.0168269 0.0373932 0.262207
1 0.542067 0.09789 0.0204327 0.0438034 0.253906
1 0.993389 0.34562 0.0132212 0.0336539 0.252441
