1 0.850962 0.522569 0.0600962 0.0745192 0.276611
1 0.852163 0.526709 0.0576923 0.0865384 0.309082
1 0.265024 0.574786 0.0354568 0.0363248 0.265137
1 0.784255 0.273504 0.0300481 0.0384616 0.259033
1 0.220853 0.171474 0.023137 0.0673077 0.282959
1 0.663462 0.826923 0.03125 0.0779915 0.267334
1 0.222356 0.172943 0.0216346 0.0694444 0.286133
1 0.527043 0.688034 0.0216346 0.0363248 0.279785
1 0.790264 0.202724 0.0348558 0.0459402 0.266602
1 0.475962 0.475427 0.0324519 0.0373931 0.265869
1 0.267127 0.575855 0.031851 0.0352564 0.260498
1 0.850361 0.529781 0.0600962 0.0857372 0.268066
1 0.788462 0.20406 0.0384615 0.0550214 0.27832
1 0.472957 0.477297 0.0300481 0.0438034 0.256104
1 0.221304 0.174145 0.0192308 0.0646368 0.275146
1 0.522236 0.475694 0.0276443 0.0625 0.266602
1 0.525841 0.686966 0.0222355 0.0384616 0.258301
1 0.47476 0.474893 0.03125 0.0373931 0.351318
1 0.756611 0.113782 0.0240385 0.0347222 0.277588
1 0.221004 0.176149 0.0225361 0.0678419 0.256104
1 0.790865 0.202591 0.0360577 0.0430022 0.256104
1 0.526743 0.688034 0.0246394 0.0363248 0.254639
1 0.522837 0.477564 0.0264423 0.0608974 0.252441
1 0.47476 0.475427 0.0324519 0.0373931 0.2854
1 0.47506 0.459669 0.0336539 0.0443376 0.253174
1 0.221454 0.175347 0.0210337 0.0641026 0.266602
1 0.475361 0.473825 0.0330529 0.0379274 0.264404
1 0.220853 0.177885 0.0234375 0.065438 0.313232
1 0.47476 0.473825 0.03125 0.0379274 0.309082
1 0.456731 0.390491 0.0180289 0.0480769 0.260498
1 0.785457 0.27297 0.0288462 0.0405983 0.255371
1 0.75601 0.112447 0.0240385 0.0315171 0.250244
1 0.84976 0.533654 0.0588943 0.0897436 0.280518
1 0.474159 0.476496 0.03125 0.0395299 0.260498
1 0.473558 0.474626 0.0324519 0.0384616 0.354004
1 0.789062 0.19992 0.0384615 0.0448718 0.265137
1 0.521635 0.475962 0.0252404 0.0566239 0.26123
1 0.474459 0.474893 0.0294471 0.0363248 0.291748
1 0.787861 0.182425 0.0396635 0.0464744 0.260498
1 0.788462 0.203392 0.0384615 0.0430021 0.257568
1 0.786058 0.272436 0.0288461 0.0416667 0.256104
1 0.222055 0.175214 0.0204327 0.068109 0.315674
1 0.47506 0.475962 0.030649 0.034188 0.294189
1 0.220703 0.17468 0.0192308 0.071047 0.347656
1 0.475361 0.473291 0.0300481 0.0363248 0.310791
1 0.455228 0.386218 0.0174279 0.0534188 0.266602
1 0.526743 0.689103 0.0210337 0.034188 0.262939
1 0.66226 0.82906 0.0252404 0.0790599 0.262939
1 0.522536 0.474893 0.0252404 0.0576923 0.259766
1 0.78726 0.274038 0.03125 0.0395299 0.253174
1 0.475361 0.474359 0.0300481 0.034188 0.289307
1 0.757212 0.113515 0.0240385 0.0363248 0.29248
1 0.475661 0.474626 0.031851 0.0395299 0.257568
1 0.522837 0.476763 0.0288462 0.0625 0.250244
1 0.47476 0.473291 0.03125 0.0400641 0.283691
1 0.220553 0.174012 0.0204327 0.0619658 0.279785
1 0.75601 0.11258 0.0240385 0.0339209 0.264404
1 0.521935 0.475427 0.0282452 0.0576923 0.254639
1 0.756611 0.112046 0.0240385 0.0347222 0.307373
1 0.476562 0.473825 0.03125 0.0395299 0.303223
1 0.790865 0.201389 0.0384615 0.0467414 0.275146
1 0.521334 0.474092 0.0258414 0.0571582 0.272705
1 0.47476 0.473825 0.03125 0.0373931 0.332031
1 0.754808 0.112313 0.0216346 0.0347222 0.303223
1 0.474159 0.458868 0.03125 0.0395299 0.266602
1 0.786058 0.271902 0.0288461 0.0411325 0.259033
1 0.45613 0.385951 0.0192308 0.0523504 0.257568
1 0.47476 0.473825 0.0300481 0.0363248 0.258301
1 0.522837 0.477564 0.0252404 0.0555556 0.251709
1 0.757212 0.112447 0.0240385 0.0355235 0.27124
1 0.756611 0.11258 0.0228365 0.0339209 0.253174
1 0.756611 0.114316 0.0240385 0.0379274 0.251709
1 0.474159 0.475694 0.031851 0.0395299 0.300781
1 0.75601 0.114316 0.0240385 0.0357906 0.265869
1 0.475361 0.474359 0.03125 0.0395299 0.314941
1 0.756611 0.114583 0.0228365 0.0347222 0.300781
1 0.786058 0.272436 0.0300481 0.0405983 0.297363
1 0.45613 0.387286 0.0180289 0.0491453 0.269775
1 0.786058 0.183227 0.0360577 0.0422009 0.263672
1 0.267428 0.576923 0.03125 0.034188 0.253174
1 0.47476 0.461004 0.03125 0.0438034 0.251709
1 0.475361 0.473024 0.031851 0.0405983 0.277588
1 0.75601 0.112179 0.0228365 0.0336539 0.275879
1 0.521635 0.475427 0.0276443 0.0576923 0.250977
1 0.47476 0.473291 0.03125 0.0389957 0.280518
1 0.756611 0.111779 0.0228365 0.0336538 0.250244
1 0.47476 0.474893 0.0324519 0.0384615 0.275879
1 0.522236 0.478632 0.0270432 0.0587607 0.263672
1 0.75601 0.112981 0.0240385 0.0325855 0.253174
1 0.75601 0.114583 0.0216346 0.0336539 0.307373
1 0.789663 0.182959 0.0396634 0.0459402 0.270508
1 0.475361 0.474359 0.0324519 0.0416667 0.286865
1 0.756611 0.113248 0.0240385 0.0347222 0.267334
1 0.47506 0.475427 0.030048 0.0352564 0.29834
1 0.756611 0.11258 0.0228365 0.0315171 0.275879
1 0.522837 0.479167 0.0252404 0.0576923 0.27124
1 0.221755 0.174412 0.0198317 0.0678419 0.262939
1 0.47476 0.474359 0.0324519 0.0395299 0.286133
1 0.755409 0.113248 0.0228365 0.034188 0.253174
1 0.220553 0.174412 0.0210336 0.0683761 0.252441
1 0.756611 0.112714 0.0228365 0.0357906 0.264404
1 0.475661 0.473825 0.031851 0.0405983 0.256836
1 0.474159 0.474626 0.03125 0.0373932 0.299072
1 0.75601 0.112981 0.0240385 0.0336538 0.279053
1 0.220553 0.174412 0.0210336 0.0683761 0.252441
1 0.47476 0.473825 0.0324519 0.0405983 0.286133
1 0.475361 0.473825 0.0324519 0.0416667 0.29834
1 0.75601 0.112847 0.0240385 0.0315171 0.294922
1 0.788462 0.184161 0.0408654 0.0467415 0.27124
1 0.474459 0.475427 0.031851 0.0405983 0.353027
1 0.75601 0.112179 0.0216346 0.0315171 0.313232
1 0.221454 0.17508 0.0210337 0.0665064 0.258301
1 0.475361 0.474359 0.0300481 0.0379274 0.349609
1 0.756611 0.113649 0.0228365 0.0328526 0.325195
1 0.522236 0.476496 0.0270432 0.0576923 0.287842
1 0.221755 0.175481 0.0204327 0.0662393 0.27832
1 0.788462 0.202057 0.0384615 0.0408654 0.259766
1 0.474159 0.474893 0.0324519 0.0427351 0.29834
1 0.475661 0.472756 0.032452 0.0395299 0.325928
1 0.757212 0.111779 0.0252404 0.0349893 0.310791
1 0.522236 0.473291 0.0288462 0.0566239 0.264404
1 0.222806 0.174145 0.0216346 0.0673077 0.254639
1 0.47476 0.474626 0.03125 0.0411325 0.323486
1 0.757212 0.111912 0.0228365 0.0328526 0.301514
1 0.78726 0.270032 0.0300481 0.0422009 0.259033
1 0.757212 0.113381 0.0240385 0.0376602 0.337158
1 0.475661 0.474626 0.032452 0.0416667 0.335449
1 0.222055 0.175748 0.0201322 0.0673077 0.269775
1 0.789663 0.20219 0.0396634 0.0443376 0.268066
1 0.475962 0.474893 0.0324519 0.0438034 0.325928
1 0.756611 0.114049 0.0240385 0.0336539 0.315674
1 0.789663 0.201923 0.0384615 0.0448718 0.267334
1 0.787861 0.184295 0.0372596 0.0443376 0.259033
1 0.476562 0.474359 0.03125 0.0405983 0.336426
1 0.757212 0.113515 0.0240385 0.0336538 0.331055
1 0.521635 0.477831 0.0288462 0.0582265 0.268066
1 0.789663 0.201122 0.0372596 0.0422009 0.262207
1 0.222656 0.176015 0.0201322 0.0651709 0.257568
1 0.756611 0.113248 0.0240385 0.0357906 0.338867
1 0.475361 0.474359 0.031851 0.0384615 0.313965
1 0.788462 0.182425 0.0384615 0.0443376 0.289307
1 0.756611 0.111912 0.0240385 0.034188 0.364746
1 0.789062 0.182559 0.0396635 0.0480769 0.314941
1 0.521635 0.462607 0.0288462 0.0608974 0.300781
1 0.475962 0.472756 0.0336538 0.042735 0.300781
1 0.221605 0.172543 0.0210336 0.0673077 0.254639
1 0.527644 0.686432 0.0222356 0.0309829 0.253174
1 0.47476 0.473291 0.0336538 0.0405983 0.376709
1 0.754808 0.115118 0.0216346 0.0315171 0.375732
1 0.516827 0.473825 0.0276442 0.0534188 0.334473
1 0.786058 0.184562 0.0360577 0.0411325 0.324219
1 0.526743 0.693376 0.0222356 0.0299145 0.280518
1 0.266977 0.575855 0.0309495 0.034188 0.269043
1 0.786659 0.269231 0.03125 0.0416667 0.255371
1 0.475361 0.472222 0.0324519 0.0416667 0.456055
1 0.75601 0.114316 0.0216346 0.0333868 0.374756
1 0.267428 0.574252 0.030649 0.0352564 0.346924
1 0.522236 0.471688 0.0270432 0.0566239 0.338135
1 0.78726 0.267895 0.03125 0.0427351 0.331055
1 0.527644 0.689103 0.0216346 0.0320513 0.323486
1 0.787861 0.185897 0.0372596 0.0430021 0.279053
1 0.899038 0.028312 0.0240384 0.0566239 0.265869
1 0.221304 0.176416 0.0207332 0.0667735 0.250977
1 0.475361 0.472489 0.0348557 0.0432692 0.394287
1 0.756611 0.11445 0.0240385 0.0355235 0.393311
1 0.521635 0.473825 0.0282452 0.0587607 0.366699
1 0.527344 0.690705 0.0240385 0.0331197 0.339844
1 0.788462 0.186565 0.0384615 0.0443376 0.327637
1 0.267127 0.575855 0.031851 0.0352564 0.321777
1 0.221154 0.177885 0.0216346 0.0678419 0.312256
1 0.786058 0.268429 0.03125 0.0464744 0.300781
1 0.899038 0.0293803 0.0264423 0.0587607 0.253174
1 0.75601 0.112714 0.0240385 0.0325855 0.425293
1 0.522236 0.472222 0.0264423 0.0544872 0.386719
1 0.221154 0.175614 0.0207332 0.0662393 0.368408
1 0.47506 0.471688 0.0342548 0.0405983 0.36377
1 0.527043 0.686432 0.0240385 0.0309829 0.346924
1 0.298077 0.39156 0.0276442 0.0395299 0.320068
1 0.78726 0.185096 0.0384615 0.0413996 0.31665
1 0.45613 0.390491 0.0186298 0.051282 0.299805
1 0.786659 0.268429 0.03125 0.0443376 0.283691
1 0.267278 0.575321 0.0315505 0.0331196 0.282959
1 0.771635 0.598291 0.0336538 0.0405983 0.259766
1 0.75601 0.113248 0.0216346 0.0304487 0.450439
1 0.78726 0.186298 0.0384615 0.0411325 0.402588
1 0.521635 0.469551 0.0264423 0.0566239 0.402588
1 0.220553 0.175214 0.0204327 0.0667735 0.401611
1 0.475361 0.47062 0.0330529 0.0416667 0.394287
1 0.528245 0.685897 0.0228365 0.0320513 0.380371
1 0.786058 0.268162 0.03125 0.0438034 0.339844
1 0.45613 0.392094 0.0192308 0.0470086 0.327637
1 0.298678 0.392628 0.0264423 0.0384615 0.318359
1 0.266977 0.574252 0.0303485 0.034188 0.317383
1 0.899038 0.0274105 0.0264423 0.054821 0.306641
1 0.770433 0.599359 0.0336538 0.0384615 0.273682
1 0.390625 0.102564 0.015024 0.034188 0.26123
1 0.487079 0.280983 0.016226 0.0432692 0.255371
1 0.75601 0.113782 0.0216346 0.0320513 0.425293
1 0.47506 0.47062 0.032452 0.0395299 0.39502
1 0.521635 0.47062 0.0264423 0.0555556 0.373047
1 0.786659 0.186966 0.0360577 0.0411325 0.365723
1 0.526743 0.686432 0.0222356 0.0299145 0.363037
1 0.220553 0.176816 0.0198317 0.0651709 0.35498
1 0.267127 0.574786 0.030649 0.0320513 0.33374
1 0.786058 0.268697 0.0288461 0.0416667 0.332031
1 0.455529 0.39156 0.0186298 0.0496795 0.319092
1 0.297476 0.392628 0.0264423 0.0389957 0.301514
1 0.898438 0.0272436 0.0240385 0.0544872 0.286133
1 0.771034 0.599359 0.0324519 0.0405983 0.251709
1 0.390024 0.103365 0.015024 0.0333868 0.250244
1 0.75601 0.111645 0.0216346 0.0315171 0.512695
1 0.47476 0.470086 0.0336538 0.0400641 0.442627
1 0.221755 0.176416 0.0210337 0.0662393 0.435791
1 0.521935 0.469818 0.0276442 0.0560897 0.420654
1 0.527644 0.684829 0.0240385 0.0320513 0.417725
1 0.267127 0.574786 0.030649 0.034188 0.39502
1 0.78726 0.185764 0.0360577 0.039797 0.394287
1 0.45613 0.390491 0.0192308 0.0502137 0.373779
1 0.786659 0.267361 0.030048 0.0422009 0.35498
1 0.899038 0.0271434 0.0264423 0.0542869 0.348633
1 0.298077 0.392094 0.0276442 0.0384615 0.334473
1 0.390325 0.101997 0.015625 0.034789 0.297363
1 0.771635 0.598825 0.0336538 0.0395299 0.294922
1 0.465445 0.652778 0.0216346 0.0288461 0.294922
1 0.48738 0.280449 0.016827 0.0448718 0.256104
1 0.75601 0.112981 0.0216346 0.0320513 0.496094
1 0.221605 0.176015 0.0204327 0.0662393 0.429199
1 0.475361 0.470086 0.0330529 0.0405983 0.411133
1 0.527644 0.685897 0.0228365 0.0331196 0.405518
1 0.522536 0.471154 0.0276442 0.0555556 0.39502
1 0.786659 0.267094 0.030048 0.0432692 0.361084
1 0.787861 0.186699 0.0384615 0.0411325 0.358398
1 0.298077 0.392361 0.0270433 0.0389957 0.351318
1 0.455529 0.391026 0.0192308 0.0491453 0.341553
1 0.899038 0.0279447 0.0240384 0.0558894 0.332764
1 0.269832 0.575855 0.0324519 0.034188 0.328613
1 0.390024 0.103098 0.015625 0.0357906 0.297363
1 0.770433 0.599359 0.0336538 0.0405983 0.280518
1 0.465745 0.653846 0.0216346 0.0288462 0.272705
1 0.662861 0.831197 0.0288462 0.0769231 0.266602
1 0.487079 0.280983 0.016226 0.0448718 0.262939
1 0.75601 0.113515 0.0228365 0.0325855 0.507812
1 0.475361 0.470086 0.0336538 0.0389957 0.458008
1 0.221154 0.17695 0.0198317 0.0649038 0.453369
1 0.527043 0.685897 0.0234375 0.0299145 0.422607
1 0.522236 0.470086 0.0282452 0.0544872 0.418701
1 0.78726 0.267094 0.03125 0.042735 0.390381
1 0.455529 0.391026 0.0192308 0.0502137 0.375732
1 0.267428 0.574786 0.0324519 0.0320513 0.373779
1 0.899038 0.0280449 0.0240384 0.0560897 0.354004
1 0.78726 0.187634 0.0384615 0.0403312 0.347656
1 0.297476 0.392628 0.0276442 0.0379274 0.31665
1 0.390325 0.102698 0.016226 0.0352564 0.29834
1 0.465745 0.653312 0.0216346 0.0288461 0.286865
1 0.771034 0.599359 0.0336538 0.0395299 0.275879
1 0.765625 0.98344 0.0288462 0.0331196 0.252441
1 0.48738 0.280983 0.016827 0.0448718 0.251709
1 0.75601 0.113515 0.0216346 0.0320513 0.518555
1 0.474459 0.47062 0.0342548 0.0400641 0.483398
1 0.526743 0.684829 0.0234375 0.0320513 0.443604
1 0.220853 0.175481 0.0210336 0.0662393 0.442627
1 0.522236 0.469284 0.0276443 0.0550214 0.408203
1 0.786058 0.267628 0.03125 0.0438034 0.404541
1 0.455529 0.39156 0.0204327 0.0491453 0.39502
1 0.789663 0.18977 0.0408654 0.0430021 0.393311
1 0.266977 0.573718 0.0327524 0.034188 0.391357
1 0.297476 0.393162 0.0276442 0.0384616 0.341553
1 0.770433 0.599359 0.0336538 0.0405983 0.313965
1 0.899038 0.0274105 0.0264423 0.054821 0.313232
1 0.390024 0.101896 0.015625 0.0347222 0.288574
1 0.765625 0.982639 0.0300481 0.0347222 0.264404
1 0.465445 0.653846 0.0210337 0.0277778 0.263672
1 0.66226 0.831197 0.03125 0.0747864 0.262207
1 0.590144 0.116453 0.0264423 0.0315171 0.259033
1 0.75601 0.113248 0.0216346 0.0320513 0.530273
1 0.47476 0.471688 0.0336538 0.0395299 0.490234
1 0.527043 0.685363 0.0228365 0.0309829 0.439697
1 0.221454 0.175214 0.0204327 0.0670406 0.425293
1 0.522536 0.470353 0.0270433 0.0544872 0.405518
1 0.788462 0.187901 0.0384615 0.0419338 0.398926
1 0.45613 0.391293 0.0192308 0.0496795 0.37207
1 0.78726 0.270299 0.0300481 0.042735 0.368408
1 0.267127 0.574786 0.031851 0.034188 0.366699
1 0.298077 0.392361 0.0264423 0.0379273 0.328613
1 0.390024 0.103232 0.0168269 0.0344551 0.320068
1 0.899639 0.0286792 0.0264423 0.0573584 0.305664
1 0.771034 0.599359 0.0336538 0.0405983 0.303223
1 0.465745 0.654915 0.0216346 0.0277778 0.29834
1 0.941106 0.262286 0.015625 0.0411325 0.256104
1 0.75601 0.114316 0.0228365 0.0328526 0.537109
1 0.47476 0.471688 0.0342548 0.0416667 0.500977
1 0.527043 0.686432 0.0240385 0.0320513 0.430176
1 0.522236 0.471154 0.0270432 0.0566239 0.416748
1 0.221454 0.175614 0.0210337 0.0678419 0.396973
1 0.788462 0.188835 0.0396634 0.042735 0.380371
1 0.270132 0.576923 0.0330529 0.034188 0.376709
1 0.78726 0.269231 0.03125 0.0438034 0.373779
1 0.45613 0.393162 0.0204327 0.0496795 0.349609
1 0.390024 0.1039 0.016226 0.0360577 0.324219
1 0.770433 0.599359 0.0360577 0.0405983 0.311523
1 0.465445 0.656517 0.0216346 0.0288461 0.306641
1 0.90024 0.0290465 0.0264423 0.058093 0.303223
1 0.298077 0.393429 0.0276442 0.0389957 0.303223
1 0.765625 0.982372 0.03125 0.0352564 0.274414
1 0.590745 0.116453 0.0264423 0.0331197 0.260498
1 0.75601 0.114316 0.0216346 0.0325855 0.525391
1 0.475361 0.47062 0.0336538 0.0405983 0.514648
1 0.527644 0.685897 0.0228365 0.0309829 0.433105
1 0.221454 0.175748 0.0204327 0.0667735 0.418701
1 0.522236 0.471154 0.0276443 0.0555556 0.410156
1 0.787861 0.189103 0.0384615 0.0424679 0.39502
1 0.267428 0.574252 0.031851 0.034188 0.385742
1 0.78726 0.268162 0.03125 0.0427351 0.369385
1 0.45613 0.392628 0.0204327 0.0486111 0.360352
1 0.90024 0.0285123 0.0264423 0.0570246 0.352295
1 0.390024 0.103232 0.015625 0.0347222 0.309082
1 0.298377 0.393697 0.0276442 0.0389957 0.30249
1 0.770433 0.599893 0.0360577 0.0405983 0.299072
1 0.465745 0.654915 0.0216346 0.0267094 0.296631
1 0.766226 0.982105 0.0300481 0.0357906 0.286133
1 0.591346 0.116453 0.0264423 0.0325855 0.269775
1 0.942308 0.263355 0.0168269 0.0416667 0.266602
1 0.47506 0.471955 0.0336539 0.0400641 0.553711
1 0.75601 0.115118 0.0216346 0.0325855 0.546875
1 0.221454 0.176015 0.0204327 0.0673077 0.451416
1 0.527344 0.686432 0.0228365 0.0309829 0.446533
1 0.522236 0.472756 0.0276443 0.0566239 0.428223
1 0.78726 0.269765 0.03125 0.0438034 0.402588
1 0.267728 0.574786 0.031851 0.034188 0.398926
1 0.89964 0.02918 0.0252404 0.05836 0.392334
1 0.788462 0.18977 0.0384615 0.0413996 0.381104
1 0.45613 0.393162 0.0192308 0.0480769 0.354004
1 0.390024 0.104434 0.015625 0.0357906 0.326904
1 0.298077 0.393697 0.0276442 0.0384616 0.324219
1 0.465745 0.655983 0.0216346 0.0277778 0.319092
1 0.770433 0.600427 0.0336538 0.0405983 0.300781
1 0.766226 0.982372 0.0300481 0.0352564 0.29834
1 0.941707 0.264423 0.015625 0.0432692 0.263672
1 0.591346 0.119257 0.0264423 0.0291133 0.251709
1 0.47476 0.471688 0.0336538 0.0405983 0.52832
1 0.75601 0.11485 0.0240385 0.0325855 0.521484
1 0.527043 0.685897 0.0240385 0.0320513 0.431152
1 0.221454 0.176015 0.0210337 0.0673077 0.415771
1 0.522236 0.472756 0.0276443 0.0566239 0.408203
1 0.786659 0.268964 0.03125 0.0443376 0.397949
1 0.787861 0.189637 0.0396635 0.0422009 0.38208
1 0.267127 0.574786 0.031851 0.034188 0.38208
1 0.899038 0.0293803 0.0264423 0.0587607 0.348633
1 0.45613 0.393162 0.0210336 0.0486111 0.345947
1 0.389724 0.104567 0.016226 0.0360577 0.313965
1 0.298077 0.393697 0.0288461 0.0395299 0.296631
1 0.465445 0.655983 0.0216346 0.0277778 0.294922
1 0.765625 0.982372 0.0300481 0.0352564 0.282227
1 0.770433 0.600427 0.0348557 0.0405983 0.272705
1 0.941707 0.263889 0.015625 0.0416667 0.258301
1 0.590144 0.120459 0.0264423 0.028312 0.256104
1 0.47476 0.471688 0.0336538 0.0416667 0.543945
1 0.75601 0.115118 0.0228365 0.0325855 0.533203
1 0.527344 0.686432 0.0234375 0.0331197 0.456055
1 0.786659 0.268697 0.03125 0.0448718 0.431152
1 0.221454 0.176149 0.0210337 0.068109 0.430176
1 0.522236 0.472222 0.0276443 0.0566239 0.421631
1 0.267127 0.574786 0.031851 0.034188 0.418701
1 0.787861 0.190037 0.0396635 0.0430021 0.404541
1 0.899038 0.0294805 0.0264423 0.058961 0.36377
1 0.45613 0.393697 0.0204327 0.0491453 0.36377
1 0.390024 0.104968 0.015625 0.036859 0.344238
1 0.297776 0.393697 0.0282452 0.0395299 0.325928
1 0.765625 0.982372 0.0300481 0.0352564 0.309082
1 0.465144 0.655983 0.0216346 0.0277778 0.308105
1 0.770433 0.600427 0.0360577 0.0405983 0.294922
1 0.590144 0.120326 0.0264423 0.0285791 0.286133
1 0.941106 0.263889 0.0168269 0.042735 0.267334
1 0.354267 0.785256 0.016226 0.0341881 0.257568
1 0.47476 0.471688 0.0336538 0.0416667 0.523438
1 0.75601 0.115118 0.0228365 0.0320513 0.519531
1 0.527344 0.686966 0.0234375 0.0320513 0.437744
1 0.221454 0.176015 0.0204327 0.0675748 0.411133
1 0.522236 0.471688 0.0276443 0.0566239 0.410156
1 0.786659 0.268697 0.03125 0.0448718 0.395996
1 0.267127 0.574786 0.031851 0.034188 0.392334
1 0.787861 0.190037 0.0396635 0.0419338 0.388672
1 0.45613 0.393429 0.0204327 0.0486111 0.349609
1 0.899038 0.0292468 0.0264423 0.0584936 0.348633
1 0.390024 0.105202 0.015625 0.0363916 0.317383
1 0.298077 0.393697 0.0276442 0.0384616 0.304932
1 0.465445 0.655983 0.0216346 0.0277778 0.297363
1 0.765625 0.982372 0.0288462 0.0352564 0.27832
1 0.770433 0.600427 0.0360577 0.0405983 0.27124
1 0.590144 0.120059 0.0264423 0.0280449 0.262207
1 0.941707 0.262821 0.015625 0.042735 0.26123
1 0.47476 0.471154 0.0336538 0.0405983 0.537109
1 0.75601 0.114717 0.0216346 0.0315171 0.53418
1 0.527344 0.686966 0.0234375 0.0320513 0.448486
1 0.522236 0.471688 0.0270432 0.0560897 0.431152
1 0.221454 0.176015 0.0207332 0.0673077 0.417725
1 0.786659 0.268697 0.03125 0.0443376 0.412109
1 0.78726 0.18977 0.0384615 0.0416667 0.405518
1 0.267428 0.574786 0.031851 0.034188 0.397949
1 0.45613 0.393697 0.0204327 0.0480769 0.360352
1 0.899038 0.02918 0.0264423 0.05836 0.352295
1 0.298077 0.393697 0.0276442 0.0384616 0.320801
1 0.390024 0.104434 0.015625 0.0352564 0.314941
1 0.465445 0.655449 0.0216346 0.0267094 0.311523
1 0.765625 0.982372 0.0300481 0.0352564 0.291016
1 0.770433 0.600427 0.0360577 0.0405983 0.290283
1 0.590144 0.119925 0.0264423 0.0277778 0.263672
1 0.941106 0.263355 0.0144231 0.0405983 0.259766
1 0.75601 0.113782 0.0216346 0.0320513 0.425293
1 0.47506 0.47062 0.032452 0.0395299 0.394287
1 0.521635 0.47062 0.0264423 0.0555556 0.373047
1 0.786659 0.186966 0.0360577 0.0411325 0.365723
1 0.526743 0.686432 0.0222356 0.0299145 0.362061
1 0.220553 0.176816 0.0198317 0.0651709 0.354004
1 0.267127 0.574786 0.030649 0.0320513 0.33374
1 0.786058 0.268697 0.0288461 0.0416667 0.332031
1 0.455529 0.39156 0.0186298 0.0496795 0.319092
1 0.297476 0.392628 0.0264423 0.0389957 0.301514
1 0.898438 0.0272436 0.0240385 0.0544872 0.286133
1 0.771034 0.599359 0.0324519 0.0405983 0.251709
1 0.390024 0.103365 0.015024 0.0333868 0.250244
