1 0.507812 0.632479 0.0336538 0.0662393 0.260498
1 0.909856 0.175614 0.0360578 0.0873397 0.313232
1 0.506611 0.651709 0.0348557 0.0619658 0.263672
1 0.45643 0.274573 0.03125 0.0886752 0.317383
1 0.455228 0.253138 0.0240385 0.0813301 0.274414
1 0.254207 0.793803 0.0288461 0.0576923 0.272705
1 0.454026 0.270032 0.0300481 0.0892094 0.319092
1 0.506611 0.649573 0.0360577 0.0683761 0.281494
1 0.910457 0.168536 0.0408653 0.0918803 0.279053
1 0.247596 0.79594 0.03125 0.051282 0.275146
1 0.735577 0.134615 0.0336539 0.0411325 0.262207
1 0.665865 0.17094 0.048077 0.0918804 0.251709
1 0.454327 0.271368 0.0264423 0.0827992 0.337158
1 0.507812 0.648504 0.0324519 0.0641026 0.307373
1 0.771635 0.217415 0.03125 0.100427 0.288574
1 0.909856 0.17094 0.0408654 0.0865385 0.286865
1 0.252704 0.794872 0.031851 0.0555556 0.303223
1 0.505409 0.651709 0.0324519 0.0619658 0.283691
1 0.454327 0.278312 0.0240385 0.0822649 0.272705
1 0.735577 0.134882 0.0348558 0.0494124 0.254639
1 0.90625 0.176282 0.0456731 0.0945513 0.253906
1 0.453425 0.271902 0.0240385 0.0876068 0.354004
1 0.909856 0.172676 0.0384616 0.0953526 0.281494
1 0.506911 0.649573 0.03125 0.0662393 0.275879
1 0.737981 0.130609 0.0288462 0.0480769 0.252441
1 0.772236 0.218884 0.0300481 0.106036 0.252441
1 0.452524 0.276442 0.0288462 0.0844017 0.277588
1 0.507212 0.649038 0.0348557 0.0705128 0.260498
1 0.737981 0.136084 0.0324519 0.0462073 0.259766
1 0.908654 0.172543 0.0432693 0.100962 0.265869
1 0.736779 0.136218 0.0336539 0.0534188 0.255371
1 0.453425 0.273504 0.0264423 0.0876069 0.267334
1 0.907452 0.170139 0.0408654 0.0892094 0.26123
1 0.50601 0.648504 0.0372596 0.0683761 0.343262
1 0.736779 0.133681 0.0324519 0.045406 0.310791
1 0.907452 0.169471 0.0408654 0.09375 0.300781
1 0.453425 0.265959 0.0252404 0.0877404 0.274414
1 0.770433 0.223024 0.0360577 0.10844 0.263672
1 0.252704 0.801282 0.0288462 0.0619658 0.250244
1 0.736779 0.137821 0.0336539 0.051282 0.305664
1 0.774038 0.229167 0.0336539 0.107906 0.304932
1 0.507812 0.652778 0.0360577 0.0662393 0.291016
1 0.253906 0.79594 0.0282452 0.0576924 0.264404
1 0.910457 0.173344 0.0396635 0.0956197 0.253174
1 0.735577 0.136485 0.0336539 0.0512821 0.328613
1 0.668269 0.175214 0.0504807 0.0929487 0.276611
1 0.507212 0.649038 0.0360577 0.0673077 0.256836
1 0.736779 0.13555 0.03125 0.0475427 0.290283
1 0.909856 0.173344 0.0396634 0.088141 0.283691
1 0.771635 0.227831 0.0324519 0.107906 0.266602
1 0.665264 0.17922 0.0528846 0.0886752 0.328613
1 0.736779 0.136886 0.03125 0.051015 0.31665
1 0.908654 0.174947 0.0432693 0.0921474 0.312256
1 0.50601 0.652778 0.0372596 0.0673077 0.294189
1 0.457332 0.274038 0.03125 0.090812 0.262939
1 0.771635 0.221688 0.0348557 0.114316 0.277588
1 0.736178 0.134081 0.032452 0.0486111 0.259766
1 0.909856 0.166667 0.0408654 0.104167 0.250244
1 0.455529 0.270366 0.0276442 0.0917468 0.328613
1 0.911058 0.166533 0.0408654 0.0980235 0.304932
1 0.507812 0.650641 0.0360577 0.0694444 0.291748
1 0.670673 0.175347 0.0492788 0.0844017 0.279053
1 0.772837 0.224092 0.0336538 0.104701 0.279053
1 0.736779 0.13515 0.0336539 0.0438034 0.273682
1 0.667067 0.184028 0.0576923 0.10203 0.331055
1 0.452224 0.26656 0.0288461 0.0945513 0.277588
1 0.734976 0.134215 0.0324519 0.048344 0.265869
1 0.907452 0.180288 0.0444712 0.0988248 0.264404
1 0.736779 0.136752 0.0336539 0.0550214 0.256104
1 0.908654 0.171741 0.0432693 0.0956196 0.326904
1 0.771034 0.229233 0.0408654 0.114183 0.326904
1 0.454327 0.271902 0.0300481 0.0977564 0.32251
1 0.736178 0.135951 0.032452 0.0470085 0.297363
1 0.908654 0.170139 0.0396634 0.096688 0.304932
1 0.665865 0.175614 0.048077 0.0889423 0.299805
1 0.771034 0.22476 0.0324519 0.107105 0.276611
1 0.736178 0.134882 0.0336539 0.0496795 0.263672
1 0.453726 0.270366 0.0282452 0.0949519 0.259766
1 0.909856 0.174279 0.0420672 0.0857372 0.267334
1 0.909255 0.173077 0.0408653 0.090812 0.324219
1 0.771635 0.223558 0.0360577 0.10844 0.306641
1 0.736779 0.135684 0.0336539 0.0496795 0.30249
1 0.454928 0.267161 0.0288461 0.08961 0.295898
1 0.507512 0.652778 0.0366587 0.0662393 0.276611
1 0.668269 0.177885 0.0504807 0.0873397 0.260498
1 0.253906 0.79594 0.031851 0.0576924 0.259766
1 0.908053 0.168803 0.0420673 0.0886752 0.279053
1 0.454928 0.270833 0.0300481 0.0918803 0.348633
1 0.909255 0.169071 0.046875 0.0977564 0.313232
1 0.737981 0.137286 0.0360577 0.0523504 0.299805
1 0.667067 0.173077 0.0504808 0.0956197 0.27124
1 0.906851 0.173344 0.0444712 0.0929487 0.355713
1 0.735577 0.138088 0.0360577 0.0512821 0.32251
1 0.454928 0.274306 0.03125 0.088141 0.313232
1 0.507212 0.653846 0.0348557 0.0641026 0.299805
1 0.768029 0.223424 0.0360577 0.112981 0.294922
1 0.667067 0.178552 0.0504808 0.0929487 0.263672
1 0.667067 0.181357 0.0456731 0.0790598 0.294189
1 0.768029 0.228165 0.0396635 0.104567 0.273682
1 0.735577 0.137019 0.0360577 0.0523504 0.265137
1 0.909856 0.177885 0.0408654 0.0860043 0.253906
1 0.454026 0.275107 0.0276443 0.0854701 0.253174
1 0.909856 0.171207 0.0432693 0.0902778 0.38208
1 0.771635 0.225962 0.0336538 0.103632 0.327637
1 0.455529 0.269765 0.0282452 0.0865385 0.325928
1 0.668269 0.17468 0.0504807 0.0924145 0.325195
1 0.735577 0.133681 0.0336539 0.0515492 0.313232
1 0.507512 0.651709 0.0366587 0.0683761 0.263672
1 0.911058 0.171474 0.0432693 0.0982906 0.314941
1 0.454327 0.269765 0.03125 0.0961539 0.290283
1 0.667067 0.177083 0.0516827 0.0998932 0.263672
1 0.736779 0.135684 0.0336539 0.0528846 0.320068
1 0.907452 0.18149 0.0432693 0.0942842 0.265137
1 0.664663 0.178953 0.0480769 0.0924145 0.253174
1 0.735577 0.135951 0.032452 0.0518162 0.265869
1 0.736779 0.135817 0.0336539 0.0488782 0.358398
1 0.909856 0.174813 0.0396634 0.0884081 0.349609
1 0.667067 0.177751 0.0456731 0.0857372 0.338135
1 0.454627 0.273504 0.0276443 0.0844017 0.309814
1 0.507512 0.654915 0.0342548 0.0662393 0.307373
1 0.429988 0.65812 0.0270433 0.0555556 0.252441
1 0.736779 0.136084 0.0360577 0.048344 0.325195
1 0.909856 0.175481 0.0444712 0.0913462 0.314941
1 0.455529 0.272436 0.0276442 0.0833333 0.291016
1 0.508413 0.653846 0.0354568 0.0641026 0.284668
1 0.667067 0.177083 0.0456731 0.082265 0.282227
1 0.911058 0.173077 0.0432693 0.0902778 0.348633
1 0.668269 0.176683 0.046875 0.0803953 0.330322
1 0.455829 0.270299 0.0270432 0.0844017 0.328613
1 0.73738 0.134482 0.0372596 0.0504808 0.294922
1 0.770433 0.22476 0.0360577 0.104968 0.294922
1 0.508714 0.651709 0.0372596 0.0683761 0.283691
1 0.454928 0.271902 0.0276442 0.0854701 0.377441
1 0.909856 0.174546 0.0420672 0.0918803 0.37207
1 0.769231 0.22516 0.0336538 0.105235 0.358398
1 0.736779 0.133814 0.0360577 0.0512821 0.331055
1 0.507812 0.653846 0.0360577 0.0662393 0.307373
1 0.667067 0.179487 0.0432692 0.0769231 0.259766
1 0.430289 0.656517 0.0264423 0.0523504 0.252441
1 0.909856 0.173878 0.0420672 0.0940171 0.315674
1 0.453726 0.27297 0.0264423 0.082265 0.276611
1 0.735577 0.136352 0.0360577 0.0478098 0.267334
1 0.770433 0.224893 0.0360577 0.106303 0.266602
1 0.908654 0.17468 0.0408654 0.090812 0.344238
1 0.736178 0.137687 0.0348558 0.0470085 0.295898
1 0.454928 0.263889 0.0288461 0.0865385 0.272705
1 0.771034 0.224626 0.0396635 0.107906 0.270508
1 0.507812 0.652778 0.0336538 0.0641026 0.266602
1 0.907452 0.172276 0.0432693 0.0929487 0.328613
1 0.736178 0.13515 0.0336539 0.0470086 0.325195
1 0.454327 0.271902 0.0300481 0.0886752 0.279053
1 0.507212 0.651175 0.0360577 0.0662393 0.268066
1 0.905649 0.168269 0.0396634 0.096688 0.429199
1 0.769231 0.222489 0.0360577 0.107372 0.368408
1 0.454627 0.269231 0.0270432 0.0897436 0.35498
1 0.735577 0.136352 0.03125 0.045406 0.329346
1 0.50601 0.651709 0.0336538 0.0662393 0.27832
1 0.667668 0.174546 0.0528846 0.0974893 0.257568
1 0.90625 0.171608 0.0432693 0.0972222 0.374756
1 0.454026 0.270032 0.0294471 0.0929487 0.354004
1 0.735577 0.138355 0.0336539 0.042735 0.313232
1 0.770433 0.223691 0.0408654 0.108173 0.312256
1 0.50631 0.653846 0.0342548 0.0662393 0.300781
1 0.430289 0.657051 0.0252404 0.0534188 0.256104
1 0.769231 0.226496 0.0384615 0.109509 0.432129
1 0.90625 0.171341 0.0432693 0.0942842 0.407227
1 0.453726 0.26656 0.0258413 0.0870727 0.332764
1 0.50601 0.651709 0.0324519 0.0683761 0.312256
1 0.735577 0.135817 0.0336539 0.0494124 0.309814
1 0.668269 0.177083 0.0504807 0.0892094 0.303223
1 0.429387 0.656517 0.0228365 0.0544872 0.270508
1 0.209435 0.551282 0.0336538 0.0363248 0.266602
1 0.768029 0.225294 0.0408654 0.103365 0.349609
1 0.904447 0.170406 0.0420672 0.0873397 0.303955
1 0.453726 0.270299 0.0300481 0.0876069 0.276611
1 0.735577 0.134882 0.0360577 0.0464744 0.264404
1 0.771635 0.225828 0.0384615 0.107639 0.294922
1 0.909856 0.172409 0.0408654 0.0924145 0.282959
1 0.667668 0.176149 0.0516827 0.0921474 0.265137
1 0.736779 0.137821 0.0324519 0.0470085 0.256836
1 0.909856 0.175347 0.0408654 0.0942842 0.356689
1 0.769231 0.223825 0.0384615 0.113782 0.337158
1 0.735577 0.135951 0.0336539 0.045406 0.332031
1 0.454627 0.272169 0.0258413 0.0860043 0.31665
1 0.507212 0.651709 0.0342548 0.0641026 0.303223
1 0.771635 0.223024 0.0384615 0.111645 0.36377
1 0.909856 0.173878 0.0408654 0.0950855 0.35498
1 0.736779 0.136886 0.0336539 0.0512821 0.315674
1 0.454928 0.271368 0.0300481 0.0929487 0.304932
1 0.508113 0.652778 0.0348558 0.0683761 0.267334
1 0.454327 0.268964 0.0276442 0.0892094 0.299805
1 0.908053 0.172943 0.0408654 0.0942842 0.288574
1 0.735577 0.135684 0.0360577 0.048344 0.269043
1 0.506611 0.652244 0.0348557 0.0641026 0.250244
1 0.455228 0.269498 0.0294471 0.0876068 0.373779
1 0.768029 0.227497 0.0360577 0.109108 0.358398
1 0.909856 0.173077 0.0408654 0.0876068 0.342529
1 0.735577 0.134615 0.0360577 0.0496795 0.339844
1 0.507812 0.652778 0.0348557 0.0641026 0.279053
1 0.429087 0.654915 0.0252404 0.051282 0.265137
1 0.770433 0.22703 0.0372596 0.112179 0.412109
1 0.908654 0.17468 0.0408654 0.0982906 0.406494
1 0.736178 0.135283 0.0348558 0.0470085 0.360352
1 0.45613 0.268096 0.0258414 0.0930823 0.359375
1 0.507212 0.650641 0.0348557 0.0641026 0.282227
1 0.429387 0.653846 0.0246394 0.0491453 0.269775
1 0.907452 0.173344 0.0408654 0.0950855 0.385742
1 0.454928 0.265224 0.0276442 0.0924145 0.364746
1 0.769231 0.226763 0.0360577 0.107906 0.358398
1 0.735577 0.136218 0.0336539 0.0459402 0.334473
1 0.210036 0.550214 0.0324519 0.0384615 0.250244
1 0.736779 0.137019 0.03125 0.0440705 0.329346
1 0.909255 0.171074 0.0396635 0.0910791 0.329346
1 0.771635 0.225694 0.0360577 0.104167 0.320068
1 0.453726 0.266293 0.0252404 0.0934829 0.30249
1 0.668269 0.176416 0.0480769 0.0934829 0.259766
1 0.909856 0.167468 0.0408654 0.0929487 0.311523
1 0.455529 0.266827 0.0288461 0.0945513 0.300781
1 0.771034 0.228032 0.0360577 0.106971 0.296631
1 0.736779 0.135951 0.0336539 0.0502137 0.291016
1 0.430589 0.653846 0.0258413 0.051282 0.255371
1 0.769231 0.225561 0.0384615 0.109241 0.335449
1 0.909255 0.17508 0.0408653 0.0857372 0.306641
1 0.735577 0.137019 0.0336539 0.0496795 0.295898
1 0.454327 0.266827 0.0264423 0.0860043 0.293457
1 0.667067 0.17468 0.0480769 0.0849359 0.259766
1 0.909856 0.173344 0.0408654 0.0945513 0.309082
1 0.770433 0.226229 0.0384615 0.11485 0.301514
1 0.455829 0.266026 0.0294471 0.0950855 0.286133
1 0.735577 0.134482 0.0336539 0.0496795 0.268066
1 0.454928 0.267161 0.0288461 0.0928152 0.331055
1 0.736178 0.137821 0.0336539 0.0518162 0.326904
1 0.909856 0.174279 0.0408654 0.0932158 0.311523
1 0.769231 0.226763 0.0384615 0.112714 0.303223
1 0.454928 0.269498 0.0276442 0.0897436 0.348633
1 0.736779 0.135951 0.0336539 0.0459402 0.345947
1 0.769231 0.226763 0.0408654 0.117521 0.336426
1 0.909856 0.172543 0.0432693 0.0934829 0.332031
1 0.209585 0.553419 0.0309495 0.0384616 0.289307
1 0.430889 0.657051 0.0228365 0.0491453 0.27832
1 0.507812 0.651709 0.0342548 0.0641026 0.256104
1 0.908654 0.171474 0.0408654 0.0924145 0.359375
1 0.736779 0.134615 0.0336539 0.0470085 0.350342
1 0.771034 0.228098 0.0396635 0.106838 0.337158
1 0.455228 0.26449 0.0288462 0.0874733 0.299072
1 0.507212 0.651175 0.0360577 0.0662393 0.255371
1 0.770433 0.227631 0.0384615 0.106704 0.36377
1 0.908654 0.170673 0.0396634 0.090812 0.313232
1 0.454327 0.270299 0.0252404 0.0865385 0.313232
1 0.736779 0.133814 0.03125 0.0459402 0.299805
1 0.768029 0.227831 0.0384615 0.10844 0.36377
1 0.909856 0.173478 0.0408654 0.0889423 0.361084
1 0.454928 0.26656 0.0276442 0.0897436 0.313232
1 0.73738 0.138088 0.0336538 0.0512821 0.311523
1 0.768029 0.225694 0.0360577 0.112714 0.361084
1 0.908654 0.166132 0.0420673 0.0929487 0.356689
1 0.454928 0.267561 0.0270433 0.0930823 0.338867
1 0.665865 0.175481 0.0504808 0.0929487 0.308105
1 0.736779 0.134749 0.0336539 0.0491453 0.286133
1 0.210487 0.551282 0.0321514 0.0384615 0.258301
1 0.769231 0.227297 0.0396635 0.107372 0.357666
1 0.909856 0.174145 0.0432693 0.0932158 0.350342
1 0.667067 0.176816 0.0504808 0.0918803 0.307373
1 0.736779 0.135417 0.0336539 0.0502137 0.291748
1 0.454627 0.2711 0.0294471 0.090812 0.27832
1 0.771635 0.2289 0.0384615 0.10844 0.352295
1 0.909856 0.174947 0.0408654 0.0940171 0.347656
1 0.455228 0.265759 0.0240385 0.0886752 0.320801
1 0.736779 0.137553 0.0336539 0.0480769 0.315674
1 0.666466 0.17735 0.048077 0.0950855 0.301514
1 0.770433 0.228098 0.0384615 0.107906 0.345215
1 0.909856 0.173878 0.0408654 0.0980235 0.34082
1 0.454627 0.264423 0.0270432 0.088141 0.291748
1 0.735577 0.135817 0.0336539 0.0488782 0.279785
1 0.910457 0.174012 0.0420673 0.0950855 0.338867
1 0.770433 0.225828 0.0384615 0.107639 0.320068
1 0.736178 0.13555 0.0336539 0.0504808 0.286133
1 0.455228 0.263822 0.0264423 0.0877404 0.27832
1 0.430289 0.655983 0.0240385 0.0544872 0.257568
1 0.908654 0.172276 0.0420673 0.0956197 0.377441
1 0.770433 0.225427 0.0384615 0.10844 0.377441
1 0.454026 0.270032 0.0276443 0.0892094 0.321777
1 0.735577 0.134215 0.0336539 0.0478098 0.304932
1 0.429688 0.655449 0.0240385 0.051282 0.282227
1 0.769231 0.224359 0.0408654 0.111645 0.349609
1 0.908654 0.172142 0.0408654 0.0929487 0.332764
1 0.735577 0.13515 0.0336539 0.0507479 0.287842
1 0.454928 0.266293 0.0288461 0.088141 0.267334
1 0.665865 0.177083 0.0504808 0.0934829 0.257568
1 0.910457 0.172276 0.0420673 0.0918803 0.369385
1 0.769231 0.224092 0.0384615 0.10844 0.364746
1 0.735577 0.134348 0.0348558 0.0507479 0.309814
1 0.454928 0.265425 0.0276442 0.0909455 0.280518
1 0.430889 0.655449 0.0228365 0.051282 0.267334
1 0.770433 0.226095 0.0360577 0.105502 0.359375
1 0.909856 0.172543 0.0432693 0.090812 0.35498
1 0.667668 0.174679 0.0480769 0.0827991 0.351318
1 0.735577 0.134482 0.0336539 0.0486111 0.321777
1 0.454928 0.270032 0.0276442 0.088141 0.295898
1 0.430889 0.655983 0.0240385 0.051282 0.277588
1 0.209285 0.552885 0.031851 0.0405983 0.269775
1 0.506611 0.652244 0.0354568 0.065171 0.259766
1 0.909255 0.172276 0.0408653 0.0934829 0.418701
1 0.667067 0.174145 0.0480769 0.0870727 0.385742
1 0.735577 0.134615 0.0336539 0.0464744 0.374756
1 0.771635 0.225962 0.0360577 0.108974 0.373779
1 0.454928 0.269298 0.0264423 0.0896101 0.345215
1 0.43149 0.657051 0.0240385 0.0512821 0.300781
1 0.506611 0.652778 0.0342548 0.0641026 0.299805
1 0.210186 0.553419 0.0330529 0.0405983 0.287842
1 0.770433 0.225962 0.0384615 0.106838 0.337158
1 0.909856 0.175214 0.0408654 0.0929487 0.303955
1 0.665865 0.178152 0.048077 0.0902778 0.267334
1 0.736779 0.137019 0.0360577 0.0491453 0.259033
1 0.454627 0.271902 0.0282452 0.0876068 0.250977
1 0.909856 0.172009 0.0420672 0.0977564 0.369385
1 0.770433 0.224493 0.0384615 0.107639 0.366699
1 0.736779 0.133413 0.0360577 0.0478098 0.324219
1 0.455829 0.265759 0.0282452 0.0870726 0.299805
1 0.507812 0.650641 0.0360577 0.0641026 0.281494
1 0.432091 0.654915 0.0252404 0.051282 0.276611
1 0.210036 0.550748 0.031851 0.0384615 0.264404
1 0.770433 0.22476 0.0384615 0.105502 0.391357
1 0.909856 0.173077 0.0408654 0.0961539 0.347656
1 0.454327 0.269498 0.0282452 0.0897436 0.304932
1 0.736779 0.13555 0.0348558 0.0486111 0.29248
1 0.507212 0.652778 0.0348557 0.0619658 0.262207
1 0.909255 0.173344 0.0432693 0.0956197 0.454346
1 0.770433 0.226963 0.0384615 0.106971 0.373047
1 0.454327 0.272703 0.0276442 0.0886752 0.33374
1 0.735577 0.136352 0.0360577 0.0518162 0.320068
1 0.667067 0.178819 0.0504808 0.0945513 0.29834
1 0.43149 0.655449 0.0246394 0.0544872 0.291748
1 0.210186 0.55235 0.0333534 0.0448718 0.275146
1 0.506911 0.653312 0.0354567 0.0651709 0.267334
1 0.909856 0.171741 0.0432693 0.096688 0.400635
1 0.769231 0.225828 0.0384615 0.109776 0.380371
1 0.667067 0.175748 0.0504808 0.0918803 0.366699
1 0.736178 0.136218 0.0336539 0.0518162 0.319092
1 0.454928 0.267361 0.0288461 0.0918803 0.291016
1 0.430889 0.655983 0.0264423 0.0555556 0.27832
1 0.507212 0.652778 0.0348557 0.0662393 0.265137
1 0.210186 0.55235 0.0321514 0.0416667 0.251709
1 0.908654 0.171474 0.0432693 0.0929487 0.396973
1 0.769231 0.226095 0.0384615 0.112981 0.37207
1 0.667067 0.175748 0.0516827 0.0924145 0.339844
1 0.736178 0.135817 0.0336539 0.0491453 0.33374
1 0.455529 0.271902 0.0276442 0.088141 0.310791
1 0.43149 0.657051 0.0252404 0.0534188 0.280518
1 0.507812 0.652778 0.0348557 0.0651709 0.273682
1 0.211238 0.55235 0.0330529 0.0405983 0.262939
1 0.909856 0.168002 0.0432693 0.0934829 0.345947
1 0.768029 0.226763 0.0384615 0.111645 0.337158
1 0.736178 0.13555 0.0336539 0.0470085 0.304932
1 0.454928 0.267695 0.0288461 0.0906784 0.282959
1 0.908654 0.166934 0.0432693 0.0934829 0.389648
1 0.76863 0.226229 0.0384615 0.107906 0.369385
1 0.735577 0.131677 0.0336539 0.0486111 0.344238
1 0.454928 0.267094 0.0282452 0.0886752 0.332031
1 0.210036 0.551282 0.0324519 0.0405983 0.291016
1 0.430288 0.652778 0.0246394 0.0491453 0.286865
1 0.506911 0.650641 0.0342548 0.065171 0.263672
1 0.768029 0.226963 0.0384615 0.10804 0.44458
1 0.735577 0.132345 0.0336539 0.0478098 0.433105
1 0.907452 0.170673 0.0408654 0.0945513 0.39502
1 0.50601 0.651709 0.0336538 0.0662393 0.360352
1 0.451322 0.273237 0.0336538 0.0934829 0.346924
1 0.429688 0.655983 0.0246394 0.0491453 0.34082
1 0.209435 0.555556 0.031851 0.0363248 0.326904
1 0.667067 0.173077 0.0504808 0.0860043 0.293457
1 0.731971 0.509615 0.0264423 0.0384615 0.2854
1 0.909255 0.168937 0.0420673 0.0916133 0.42627
1 0.736178 0.130208 0.0336539 0.0459402 0.401611
1 0.454327 0.268964 0.0300481 0.0913462 0.376709
1 0.507212 0.651709 0.0348557 0.0662393 0.366699
1 0.769231 0.226763 0.0384615 0.108974 0.365723
1 0.209585 0.555021 0.0309495 0.0395299 0.344238
1 0.430889 0.659188 0.0240385 0.0491453 0.338135
1 0.668269 0.171474 0.0480769 0.0827991 0.312256
1 0.731971 0.508413 0.0264423 0.0365919 0.311523
1 0.908654 0.171474 0.0408654 0.0918803 0.452393
1 0.76863 0.226963 0.0384615 0.109108 0.415771
1 0.735577 0.131811 0.0336539 0.0486111 0.414062
1 0.507212 0.651709 0.0354568 0.0662393 0.412109
1 0.430289 0.65812 0.0252404 0.0523504 0.386719
1 0.454627 0.270833 0.0300481 0.0918803 0.378418
1 0.210036 0.555556 0.0324519 0.0405983 0.362061
1 0.667067 0.173478 0.0504808 0.085203 0.301514
1 0.731971 0.509615 0.0276443 0.0384615 0.299072
1 0.908654 0.170807 0.0408654 0.0878739 0.507812
1 0.770433 0.226763 0.0384615 0.109509 0.456055
1 0.507212 0.650641 0.0336538 0.0641026 0.432129
1 0.430289 0.654915 0.0252404 0.051282 0.425293
1 0.454026 0.271635 0.0288462 0.0892094 0.408203
1 0.209736 0.553953 0.03125 0.0384616 0.387695
1 0.735577 0.130609 0.0336539 0.0443376 0.377441
1 0.668269 0.173478 0.0504807 0.0819979 0.367432
1 0.731971 0.508413 0.0264423 0.0344552 0.306641
1 0.253155 0.801282 0.030649 0.0555556 0.287842
1 0.908654 0.169738 0.0420673 0.0900107 0.548828
1 0.771034 0.223825 0.0372596 0.110577 0.46875
1 0.453125 0.269498 0.0288462 0.0892094 0.463867
1 0.430289 0.65438 0.0240385 0.0480769 0.461914
1 0.507212 0.648504 0.0336538 0.0662393 0.453369
1 0.209135 0.553953 0.030649 0.0373932 0.439697
1 0.735577 0.129006 0.0336539 0.0475427 0.414062
1 0.731971 0.508547 0.0264423 0.0352564 0.343262
1 0.252404 0.801282 0.0294471 0.0512821 0.319092
1 0.667067 0.17281 0.0504808 0.0860043 0.312256
1 0.908654 0.170807 0.0408654 0.0905449 0.484375
1 0.429688 0.65812 0.0228365 0.0491453 0.435059
1 0.76863 0.225962 0.0384615 0.110043 0.431152
1 0.453125 0.271902 0.0276443 0.0886752 0.42334
1 0.506611 0.649573 0.0342548 0.0683761 0.420654
1 0.209135 0.555556 0.030649 0.0384616 0.414062
1 0.735577 0.129407 0.032452 0.0451389 0.389648
1 0.667668 0.173878 0.0492788 0.0873397 0.342529
1 0.731971 0.509081 0.0264423 0.034188 0.329346
1 0.252704 0.80235 0.0291466 0.0523504 0.283691
1 0.669471 0.344017 0.0180288 0.0288462 0.250977
1 0.771635 0.225427 0.0360577 0.110043 0.546875
1 0.909255 0.170807 0.0408653 0.0916133 0.541016
1 0.209736 0.553419 0.03125 0.0384616 0.478516
1 0.430289 0.657051 0.0252404 0.0502137 0.473633
1 0.667067 0.174145 0.0480769 0.0860043 0.464844
1 0.453726 0.272436 0.0288462 0.0897436 0.461914
1 0.507212 0.650641 0.0348557 0.0662393 0.44751
1 0.736178 0.130075 0.0336539 0.0448718 0.427246
1 0.731971 0.508413 0.0264423 0.0344552 0.376709
1 0.253005 0.80235 0.03125 0.0534188 0.335449
1 0.669471 0.342949 0.0180288 0.0299145 0.257568
1 0.211839 0.40438 0.0168269 0.0432692 0.256104
1 0.454928 0.525641 0.0228365 0.0309829 0.250977
1 0.771635 0.225828 0.0360577 0.106571 0.536133
1 0.909255 0.171875 0.0408653 0.0886752 0.509766
1 0.667067 0.176282 0.0480769 0.0860043 0.484375
1 0.430289 0.65812 0.0252404 0.0512821 0.466797
1 0.209585 0.553419 0.031851 0.0384616 0.44458
1 0.735577 0.131544 0.0336539 0.0462073 0.430176
1 0.454327 0.273504 0.0276442 0.0865384 0.421631
1 0.507812 0.650641 0.0336538 0.065171 0.420654
1 0.731971 0.509081 0.0264423 0.0363248 0.357666
1 0.252855 0.80235 0.030649 0.0534188 0.310791
1 0.770433 0.226496 0.0384615 0.105769 0.562012
1 0.908654 0.172009 0.0432693 0.090812 0.527344
1 0.430289 0.657051 0.0240385 0.0491453 0.493164
1 0.209736 0.553419 0.0327524 0.0384616 0.476562
1 0.454327 0.273237 0.0276442 0.088141 0.461914
1 0.735577 0.130876 0.0336539 0.0443376 0.458008
1 0.506611 0.650641 0.0348557 0.0641026 0.443604
1 0.667067 0.177618 0.0504808 0.0886752 0.388672
1 0.731971 0.508547 0.0264423 0.034188 0.38208
1 0.253005 0.801282 0.030649 0.0523504 0.337158
1 0.211538 0.402244 0.016226 0.0491453 0.262207
1 0.770433 0.226763 0.0384615 0.106838 0.539062
1 0.908654 0.172009 0.0408654 0.0913462 0.513672
1 0.429688 0.656517 0.0240385 0.0502137 0.49707
1 0.209285 0.554487 0.0333534 0.0395299 0.480469
1 0.454327 0.272436 0.0300481 0.0897436 0.472656
1 0.735577 0.131143 0.0336539 0.0448718 0.461914
1 0.507212 0.650641 0.0348557 0.0641026 0.458984
1 0.667668 0.175881 0.0480769 0.0862714 0.424316
1 0.731971 0.508547 0.0264423 0.034188 0.373779
1 0.253005 0.801282 0.0300481 0.0534188 0.334473
1 0.211538 0.403846 0.0159255 0.0448718 0.262939
1 0.453726 0.527244 0.0240385 0.0309829 0.253174
1 0.669471 0.344551 0.0192307 0.0309829 0.250244
1 0.771635 0.225027 0.0372596 0.107639 0.555664
1 0.909856 0.17094 0.0408654 0.0897436 0.546875
1 0.430289 0.656517 0.0240385 0.0502137 0.484375
1 0.454928 0.271368 0.0288461 0.0876068 0.477539
1 0.209886 0.554487 0.0318509 0.0395299 0.475586
1 0.507212 0.650641 0.0336538 0.0662393 0.44458
1 0.736178 0.130342 0.032452 0.0448718 0.433105
1 0.668269 0.175214 0.0480769 0.0865385 0.421631
1 0.732572 0.509615 0.0264423 0.0320513 0.377441
1 0.253305 0.800748 0.0300481 0.0523504 0.352295
1 0.211538 0.403312 0.016226 0.0459402 0.282227
1 0.454627 0.526709 0.0222356 0.0320513 0.26123
1 0.669471 0.345086 0.0192307 0.0309829 0.254639
1 0.491887 0.10203 0.0390625 0.0763889 0.254639
1 0.771635 0.227831 0.0384615 0.110043 0.545898
1 0.909856 0.17281 0.0408654 0.0929487 0.522461
1 0.430289 0.657051 0.0252404 0.0512821 0.480469
1 0.454928 0.273237 0.0288461 0.0892094 0.479492
1 0.210036 0.555021 0.0324519 0.0384616 0.472656
1 0.735577 0.13141 0.0336539 0.0475427 0.462891
1 0.507212 0.651709 0.0348557 0.0662393 0.44458
1 0.731971 0.51015 0.0264423 0.0363248 0.398926
1 0.253005 0.80235 0.030649 0.0544872 0.345947
1 0.668269 0.177484 0.0492788 0.0889423 0.301514
1 0.669471 0.34562 0.0192307 0.0299145 0.253174
1 0.454928 0.527244 0.0228365 0.0309829 0.253174
1 0.908654 0.172276 0.0408654 0.0902778 0.547852
1 0.771034 0.228098 0.0384615 0.107906 0.547852
1 0.454928 0.273504 0.0288461 0.0865384 0.485352
1 0.430289 0.65812 0.0252404 0.0512821 0.47168
1 0.210036 0.555556 0.031851 0.0384616 0.464844
1 0.735577 0.130609 0.0336539 0.045406 0.459961
1 0.668269 0.177618 0.0480769 0.0865385 0.453369
1 0.507212 0.652244 0.0348557 0.065171 0.451416
1 0.731971 0.509081 0.0276443 0.034188 0.395996
1 0.253005 0.80235 0.0309495 0.0534188 0.335449
1 0.21229 0.404113 0.0168269 0.0443376 0.284668
1 0.491587 0.104567 0.0378606 0.0726496 0.26123
1 0.771034 0.227564 0.0372596 0.107906 0.586914
1 0.909856 0.172276 0.0408654 0.090812 0.562988
1 0.430289 0.65812 0.0240385 0.0512821 0.494141
1 0.454928 0.273504 0.0282452 0.0865384 0.492188
1 0.668269 0.178152 0.0480769 0.0870726 0.485352
1 0.735577 0.13101 0.0336539 0.0462073 0.480469
1 0.210337 0.55609 0.0324519 0.0384615 0.476562
1 0.507212 0.652244 0.0336538 0.065171 0.472656
1 0.731971 0.509081 0.0264423 0.0352564 0.410156
1 0.253005 0.801816 0.030649 0.0544872 0.346924
1 0.491587 0.104133 0.0384615 0.0743189 0.273682
1 0.212139 0.404647 0.016226 0.0464744 0.27124
1 0.454928 0.527778 0.0228365 0.0309829 0.258301
1 0.771034 0.227497 0.0372596 0.106971 0.551758
1 0.909856 0.172009 0.0408654 0.0916132 0.532227
1 0.430289 0.65812 0.0252404 0.0512821 0.473633
1 0.454928 0.273771 0.0294471 0.0870726 0.47168
1 0.736178 0.13141 0.0336539 0.0459402 0.467773
1 0.209585 0.55609 0.0327524 0.0384615 0.451416
1 0.507512 0.652778 0.0348558 0.0662393 0.445557
1 0.668269 0.178419 0.0480769 0.0870726 0.429199
1 0.731971 0.509081 0.0264423 0.0352564 0.388672
1 0.252704 0.80235 0.030649 0.0544872 0.327637
1 0.491587 0.104567 0.0372596 0.0742521 0.274414
1 0.211689 0.403579 0.0165264 0.0459402 0.264404
1 0.771034 0.228098 0.0372596 0.107906 0.566895
1 0.909856 0.17281 0.0408654 0.0934829 0.545898
1 0.430289 0.65812 0.0252404 0.0512821 0.492188
1 0.454627 0.273771 0.0288462 0.088141 0.486328
1 0.736178 0.13101 0.0336539 0.0472756 0.484375
1 0.209585 0.555556 0.0324519 0.0384616 0.477539
1 0.507512 0.651709 0.0342548 0.0662393 0.463867
1 0.668269 0.178819 0.0480769 0.0897436 0.417725
1 0.731971 0.509081 0.0276443 0.0363248 0.406494
1 0.252855 0.80235 0.0309495 0.0544872 0.345215
1 0.211689 0.403312 0.0168269 0.0470086 0.281494
1 0.490986 0.104434 0.0372596 0.073985 0.265869
1 0.454627 0.527244 0.0234375 0.0309829 0.260498
1 0.670072 0.34562 0.0192307 0.0299145 0.257568
1 0.771034 0.228165 0.0372596 0.107772 0.556641
1 0.909856 0.172142 0.0408654 0.0918803 0.535156
1 0.430288 0.65812 0.0246394 0.0512821 0.474609
1 0.454928 0.273504 0.0288461 0.0876069 0.469727
1 0.736779 0.13101 0.0336539 0.0472756 0.467773
1 0.209736 0.556624 0.0321514 0.0384615 0.458008
1 0.507512 0.651709 0.0342548 0.0662393 0.443604
1 0.668269 0.178152 0.0480769 0.0876068 0.401611
1 0.731971 0.509081 0.0264423 0.0352564 0.391357
1 0.253005 0.80235 0.030649 0.0534188 0.329346
1 0.211839 0.403312 0.016226 0.0470086 0.270508
1 0.491587 0.103399 0.0372596 0.0741854 0.250977
1 0.771034 0.228098 0.0372596 0.107372 0.566895
1 0.909856 0.171741 0.0408654 0.0913462 0.541992
1 0.430289 0.65812 0.0240385 0.0502137 0.487305
1 0.735577 0.13101 0.0336539 0.0467415 0.484375
1 0.454327 0.273771 0.0288462 0.0876069 0.482422
1 0.209736 0.556624 0.0324519 0.0384615 0.480469
1 0.507212 0.651709 0.0348557 0.0662393 0.462891
1 0.731971 0.508547 0.0276443 0.0352564 0.408203
1 0.668269 0.178152 0.0480769 0.0865385 0.385742
1 0.253005 0.80235 0.030649 0.0534188 0.348633
1 0.211538 0.403846 0.016226 0.0448718 0.26123
1 0.491286 0.103666 0.0372596 0.073117 0.250977
1 0.908654 0.170807 0.0408654 0.0905449 0.484375
1 0.429688 0.65812 0.0228365 0.0491453 0.435059
1 0.76863 0.225962 0.0384615 0.110043 0.431152
1 0.453125 0.271902 0.0276443 0.0886752 0.42334
1 0.506611 0.649573 0.0342548 0.0683761 0.420654
1 0.209135 0.555556 0.030649 0.0384616 0.414062
1 0.735577 0.129407 0.032452 0.0451389 0.389648
1 0.667668 0.173878 0.0492788 0.0873397 0.342529
1 0.731971 0.509081 0.0264423 0.034188 0.329346
1 0.252704 0.80235 0.0288462 0.0523504 0.283691
1 0.669471 0.344017 0.0180288 0.0288462 0.250977
