1 0.632212 0.867521 0.0408654 0.0576923 0.309082
1 0.584285 0.387019 0.0453726 0.053953 0.2854
1 0.394531 0.310363 0.016226 0.0470085 0.265137
1 0.363281 0.723291 0.030649 0.0619658 0.310791
1 0.753606 0.284989 0.0240385 0.0507479 0.269775
1 0.584135 0.407586 0.0456731 0.0528846 0.33374
1 0.361779 0.722222 0.0294471 0.0576923 0.308105
1 0.620192 0.785256 0.0336539 0.0576923 0.286133
1 0.484976 0.30609 0.0204327 0.0555556 0.30249
1 0.582332 0.409188 0.046875 0.0555556 0.277588
1 0.360577 0.721154 0.0240385 0.0512821 0.275146
1 0.628005 0.884615 0.0300481 0.0534188 0.267334
1 0.620192 0.782051 0.0288461 0.0544872 0.253174
1 0.488281 0.309829 0.0180288 0.0598291 0.27124
1 0.393329 0.315705 0.0216346 0.0470086 0.255371
1 0.620192 0.780983 0.0288461 0.0576923 0.299805
1 0.628606 0.872863 0.0324519 0.0587608 0.297363
1 0.488582 0.308226 0.0192308 0.0630342 0.26123
1 0.39363 0.332265 0.0204327 0.0566239 0.256836
1 0.39363 0.314103 0.0210336 0.0480769 0.253174
1 0.582933 0.407586 0.0492788 0.0555556 0.252441
1 0.582782 0.408387 0.0555889 0.0731837 0.259033
1 0.620192 0.785256 0.0348558 0.0662393 0.255371
1 0.61899 0.779915 0.0336539 0.0534188 0.271973
1 0.486178 0.30609 0.0204327 0.0603632 0.269043
1 0.392428 0.314637 0.0234375 0.0480769 0.254639
1 0.620192 0.786859 0.0336539 0.0608974 0.330322
1 0.947115 0.51656 0.0288462 0.0459402 0.259766
1 0.486779 0.308226 0.0216346 0.0651709 0.253906
1 0.582782 0.413996 0.0459736 0.0544872 0.250244
1 0.620192 0.784188 0.0348558 0.0598291 0.304932
1 0.632812 0.885684 0.0396635 0.059829 0.279053
1 0.61899 0.786859 0.0348558 0.0587607 0.299072
1 0.618389 0.785791 0.0348558 0.0608974 0.291016
1 0.620192 0.78312 0.0360577 0.0598291 0.286133
1 0.394231 0.317308 0.0228365 0.0459402 0.268066
1 0.488582 0.310363 0.015625 0.0566239 0.262207
1 0.632212 0.88515 0.0360577 0.051282 0.258301
1 0.582933 0.40812 0.0492788 0.0459401 0.255371
1 0.61899 0.785256 0.0336539 0.0587607 0.294189
1 0.48738 0.308226 0.0180289 0.0630342 0.250977
1 0.619591 0.785256 0.0336539 0.0587607 0.279785
1 0.392428 0.315972 0.0240385 0.0512821 0.27124
1 0.604567 0.485043 0.0240385 0.0331196 0.259766
1 0.618389 0.787393 0.0360577 0.0587607 0.264404
1 0.391827 0.316774 0.0240385 0.0512821 0.296631
1 0.487079 0.308226 0.0216346 0.0651709 0.295898
1 0.61899 0.784188 0.0336539 0.0619659 0.272705
1 0.603966 0.487714 0.0228365 0.0309829 0.254639
1 0.391827 0.31891 0.0252404 0.0480769 0.306641
1 0.486779 0.311432 0.0204327 0.0651709 0.277588
1 0.620192 0.787393 0.0336539 0.059829 0.276611
1 0.604567 0.489316 0.0240385 0.0331197 0.264404
1 0.392428 0.319444 0.0240385 0.0480769 0.272705
1 0.486478 0.310897 0.0192307 0.0619658 0.269043
1 0.60637 0.487714 0.0228365 0.0299146 0.262207
1 0.620192 0.786325 0.0336539 0.0576923 0.253906
1 0.392127 0.317041 0.0258414 0.0491453 0.289307
1 0.620192 0.785791 0.0384615 0.0608974 0.269043
1 0.486478 0.308761 0.0192307 0.0619658 0.262939
1 0.392428 0.31891 0.0264423 0.0534188 0.331055
1 0.580529 0.413194 0.0528846 0.0614316 0.291748
1 0.485577 0.309562 0.0204327 0.0630342 0.291016
1 0.619591 0.784722 0.0348558 0.0576923 0.288574
1 0.604567 0.487447 0.0240385 0.0304487 0.273682
1 0.361178 0.726496 0.0288461 0.0576923 0.250977
1 0.392428 0.317842 0.0240385 0.0486111 0.272705
1 0.392428 0.317041 0.0228365 0.0475427 0.264404
1 0.61899 0.786325 0.0348558 0.0555556 0.253906
1 0.391226 0.316774 0.0246394 0.0518162 0.320801
1 0.485877 0.307692 0.0192307 0.0598291 0.27832
1 0.618389 0.785256 0.0348558 0.059829 0.275879
1 0.391827 0.317842 0.0240385 0.0523504 0.349609
1 0.617788 0.785791 0.0348558 0.0587607 0.262939
1 0.486779 0.307692 0.0180289 0.0662393 0.257568
1 0.604567 0.48531 0.0240385 0.0325854 0.250244
1 0.392428 0.318376 0.0240385 0.051282 0.310791
1 0.487981 0.310096 0.0192308 0.0635684 0.290283
1 0.391226 0.317842 0.0216346 0.0491453 0.335449
1 0.48738 0.308226 0.0192308 0.0641026 0.33374
1 0.36238 0.725427 0.0324519 0.0587607 0.268066
1 0.604567 0.487179 0.0216346 0.0320513 0.258301
1 0.617788 0.784722 0.0360577 0.0608975 0.253906
1 0.391526 0.320513 0.0252404 0.0512821 0.257568
1 0.391827 0.317308 0.0228365 0.0512821 0.284668
1 0.48738 0.307158 0.0180289 0.0603632 0.275879
1 0.605769 0.485043 0.0216346 0.0299145 0.26123
1 0.392428 0.31891 0.0264423 0.0512821 0.291016
1 0.487079 0.309562 0.0216346 0.0651709 0.291016
1 0.605769 0.488248 0.0240385 0.034188 0.265137
1 0.620192 0.786325 0.0348558 0.0619658 0.253174
1 0.391827 0.317842 0.0240385 0.0512821 0.268066
1 0.486478 0.307692 0.0204327 0.0619658 0.265869
1 0.486779 0.308494 0.0192308 0.0603633 0.324219
1 0.391226 0.317575 0.0240385 0.0496795 0.32251
1 0.485877 0.307425 0.0192307 0.0625 0.313965
1 0.391526 0.318376 0.0246394 0.0528846 0.312256
1 0.61899 0.78312 0.0360577 0.0576924 0.284668
1 0.605769 0.485844 0.0240385 0.0304487 0.259033
1 0.390024 0.317308 0.0240385 0.0523504 0.321777
1 0.485577 0.307692 0.0192308 0.0625 0.268066
1 0.618389 0.784188 0.0348558 0.0576923 0.252441
1 0.391526 0.317842 0.0234375 0.0464744 0.282959
1 0.486178 0.307959 0.0192308 0.0592949 0.263672
1 0.619591 0.785256 0.0348558 0.0576923 0.256104
1 0.392428 0.317308 0.0252404 0.0534188 0.2854
1 0.486779 0.30609 0.0198317 0.0630342 0.259033
1 0.392428 0.31891 0.0228365 0.0480769 0.262939
1 0.392728 0.318109 0.0252404 0.0550214 0.26123
1 0.391827 0.319444 0.0258413 0.0518162 0.265137
1 0.392728 0.319712 0.0228365 0.0491453 0.323486
1 0.487079 0.307692 0.0174279 0.0608974 0.291016
1 0.605769 0.489316 0.0240385 0.034188 0.253906
1 0.392428 0.316774 0.0252404 0.0518162 0.303955
1 0.486178 0.308226 0.0186298 0.0614316 0.255371
1 0.392428 0.317575 0.0234375 0.0502137 0.274414
1 0.486779 0.309295 0.0174279 0.0608974 0.268066
1 0.392127 0.319444 0.0240384 0.0480769 0.267334
1 0.391827 0.318376 0.0228365 0.0523504 0.313965
1 0.486779 0.305556 0.016827 0.0646368 0.256104
1 0.604567 0.488782 0.0240385 0.034188 0.252441
1 0.392127 0.317575 0.0252404 0.0544872 0.271973
1 0.486478 0.307692 0.0192307 0.0641026 0.251709
1 0.392428 0.318643 0.0228365 0.0475427 0.312256
1 0.486478 0.308761 0.0186298 0.0598291 0.291748
1 0.390925 0.318376 0.0240385 0.0518162 0.282227
1 0.485577 0.307692 0.0192308 0.0630342 0.257568
1 0.391827 0.317308 0.0234375 0.0512821 0.294189
1 0.486779 0.307158 0.0180289 0.0619658 0.268066
1 0.391226 0.317842 0.0240385 0.0523504 0.31665
1 0.485877 0.30609 0.0180288 0.0608974 0.283691
1 0.392127 0.319177 0.0252404 0.0502137 0.281494
1 0.391827 0.317842 0.0240385 0.0502137 0.320068
1 0.487079 0.308226 0.0186298 0.0598291 0.275879
1 0.392127 0.317842 0.0246394 0.0512821 0.331055
1 0.486478 0.307158 0.0186298 0.0608974 0.269043
1 0.765625 0.688034 0.0288462 0.0534188 0.256104
1 0.39363 0.384615 0.0192308 0.0448718 0.252441
1 0.392428 0.319444 0.0240385 0.0512821 0.371094
1 0.48738 0.306624 0.0192308 0.0619658 0.319092
1 0.617788 0.786325 0.0336538 0.0566239 0.282959
1 0.766827 0.6875 0.0288461 0.0502136 0.259766
1 0.391827 0.319177 0.0264423 0.0523504 0.265137
1 0.393029 0.318643 0.0258414 0.0534188 0.334473
1 0.48738 0.304487 0.0192308 0.0598291 0.262939
1 0.392428 0.31891 0.0252404 0.0502137 0.300781
1 0.392428 0.31891 0.0252404 0.0544872 0.336426
1 0.487079 0.308761 0.0186298 0.0608974 0.29248
1 0.392428 0.319444 0.0252404 0.0512821 0.325195
1 0.486478 0.308761 0.0192307 0.0614316 0.29248
1 0.63101 0.889957 0.0384615 0.0630342 0.262939
1 0.393029 0.319444 0.0252404 0.0507479 0.320801
1 0.48738 0.308761 0.0192308 0.0619658 0.295898
1 0.631611 0.890491 0.0384615 0.0641026 0.259033
1 0.618389 0.787393 0.0360577 0.0576923 0.255371
1 0.392428 0.31891 0.0240385 0.0480769 0.291016
1 0.48738 0.308226 0.0186298 0.0608974 0.276611
1 0.392428 0.318643 0.0240385 0.0518162 0.343262
1 0.487079 0.308226 0.0192307 0.0608974 0.282227
1 0.390925 0.32265 0.0246394 0.0507479 0.381104
1 0.486178 0.310363 0.0192308 0.0630342 0.341553
1 0.617788 0.787927 0.0336538 0.0576923 0.310791
1 0.393329 0.384348 0.0192307 0.0443376 0.309814
1 0.765625 0.683227 0.0300481 0.0491453 0.301514
1 0.629808 0.889957 0.0408654 0.0641026 0.29834
1 0.362079 0.727564 0.0294471 0.0555556 0.268066
1 0.947115 0.511752 0.03125 0.042735 0.259033
1 0.396034 0.989583 0.0360577 0.0208333 0.250244
1 0.391827 0.32265 0.0240385 0.0491453 0.377441
1 0.486779 0.311165 0.0180289 0.0625 0.356689
1 0.61899 0.785256 0.0336539 0.0576923 0.321777
1 0.765625 0.682692 0.0288462 0.0491453 0.300781
1 0.604567 0.490652 0.0216346 0.0315171 0.294189
1 0.394231 0.386485 0.0192308 0.0438034 0.287842
1 0.947115 0.511218 0.03125 0.0416667 0.281494
1 0.63101 0.889423 0.0384615 0.0641026 0.27124
1 0.396334 0.988782 0.0354567 0.0224358 0.269775
1 0.387019 0.509749 0.0228365 0.0403312 0.255371
1 0.36238 0.728633 0.0288462 0.0555556 0.251709
1 0.392127 0.323985 0.0252404 0.0496795 0.401611
1 0.486178 0.311966 0.0204327 0.0641026 0.38501
1 0.61899 0.785791 0.0336539 0.0587607 0.345947
1 0.604567 0.490919 0.0240385 0.0331196 0.344238
1 0.580379 0.410523 0.0531851 0.0571581 0.32251
1 0.63101 0.889957 0.0384615 0.0662393 0.318359
1 0.765625 0.685897 0.03125 0.0534188 0.303955
1 0.39393 0.384081 0.0198317 0.0480769 0.300781
1 0.947115 0.512821 0.03125 0.0438034 0.276611
1 0.366587 0.730769 0.030649 0.0555556 0.268066
1 0.386418 0.511752 0.0234375 0.0416667 0.257568
1 0.396635 0.988782 0.0378606 0.0224358 0.252441
1 0.391827 0.322115 0.0252404 0.0491453 0.455078
1 0.486779 0.311165 0.0192308 0.0614316 0.432129
1 0.604567 0.490385 0.0240385 0.0309829 0.396973
1 0.61899 0.785256 0.0336539 0.0555556 0.369385
1 0.394231 0.384882 0.0192308 0.045406 0.351318
1 0.765625 0.685897 0.0288462 0.051282 0.319092
1 0.947716 0.511752 0.0300481 0.0416667 0.313965
1 0.366887 0.728098 0.0288462 0.0555556 0.303955
1 0.63101 0.889423 0.0384615 0.0630342 0.299805
1 0.579327 0.409722 0.0540865 0.0555556 0.296631
1 0.387019 0.509482 0.0216346 0.0387286 0.293457
1 0.392127 0.323718 0.0234375 0.0470085 0.493164
1 0.486478 0.309829 0.0180288 0.0619658 0.461914
1 0.618389 0.78312 0.0348558 0.0576924 0.414062
1 0.579177 0.408921 0.0531851 0.0582265 0.413086
1 0.605168 0.490919 0.0216346 0.0299145 0.400635
1 0.765024 0.683761 0.0288462 0.0491453 0.358398
1 0.361779 0.728633 0.0282452 0.0534189 0.357666
1 0.630409 0.886752 0.0384615 0.0641025 0.352295
1 0.39393 0.387286 0.0186298 0.0416667 0.347656
1 0.947115 0.511752 0.03125 0.0416667 0.332764
1 0.386418 0.509081 0.0222356 0.0405983 0.2854
1 0.752404 0.292201 0.0264423 0.0438034 0.259766
1 0.396635 0.98985 0.0348558 0.0202991 0.258301
1 0.391226 0.323985 0.0234375 0.0486111 0.452393
1 0.486178 0.31063 0.0180289 0.0635684 0.435791
1 0.603966 0.491453 0.0216346 0.0309829 0.373779
1 0.618389 0.78312 0.0324519 0.0576924 0.36377
1 0.765024 0.686966 0.0288462 0.051282 0.344238
1 0.630409 0.886752 0.0372596 0.0641025 0.328613
1 0.947115 0.511752 0.0288462 0.0405983 0.326904
1 0.362079 0.729701 0.0288462 0.0555556 0.323486
1 0.393329 0.387553 0.0186298 0.0438034 0.308105
1 0.580529 0.409188 0.0504808 0.0555556 0.295898
1 0.386418 0.51015 0.0216346 0.0395299 0.2854
1 0.395433 0.990919 0.0336539 0.0181624 0.266602
1 0.486779 0.310096 0.0192308 0.0641026 0.510742
1 0.392428 0.323718 0.0252404 0.0491453 0.5
1 0.604567 0.490385 0.0216346 0.0309829 0.418701
1 0.61899 0.78312 0.0336539 0.0566239 0.407227
1 0.765625 0.685363 0.0288462 0.0512821 0.380371
1 0.63101 0.887821 0.0384615 0.0619658 0.379395
1 0.36268 0.729167 0.0288462 0.0555556 0.363037
1 0.579327 0.40812 0.0528846 0.0544872 0.351318
1 0.947115 0.511752 0.03125 0.0416667 0.350342
1 0.394231 0.387286 0.0192308 0.0416667 0.319092
1 0.386418 0.509615 0.0216346 0.0395299 0.314941
1 0.396034 0.989316 0.0348558 0.0213675 0.309814
1 0.752404 0.292201 0.0288461 0.0459402 0.286133
1 0.48738 0.310897 0.0192308 0.0641026 0.481445
1 0.392127 0.324519 0.0252404 0.0486111 0.46875
1 0.604567 0.490919 0.0216346 0.0309829 0.408203
1 0.61899 0.783654 0.0336539 0.0576923 0.384033
1 0.63101 0.887821 0.0372596 0.0630342 0.380371
1 0.579327 0.40812 0.0528846 0.0566239 0.357666
1 0.765024 0.684829 0.0288462 0.0512821 0.353027
1 0.36238 0.728633 0.0288462 0.0555556 0.330322
1 0.947716 0.511619 0.03125 0.0430022 0.325928
1 0.39393 0.387821 0.0192307 0.042735 0.317383
1 0.396034 0.989316 0.0348558 0.0213675 0.31665
1 0.387019 0.51015 0.0210336 0.0405983 0.283691
1 0.752404 0.292468 0.0288461 0.0459402 0.262939
1 0.487079 0.310363 0.0192307 0.0630342 0.520508
1 0.391827 0.324252 0.0252404 0.0480769 0.49707
1 0.617788 0.78312 0.0336538 0.0555556 0.428223
1 0.63101 0.887821 0.0384615 0.0619658 0.398926
1 0.604567 0.491987 0.0216346 0.0309829 0.394287
1 0.765625 0.685898 0.0288462 0.0491453 0.370117
1 0.36238 0.729167 0.0300481 0.0555556 0.363037
1 0.947115 0.511752 0.03125 0.0416667 0.355713
1 0.39363 0.387821 0.0186298 0.042735 0.345215
1 0.579477 0.408654 0.0525841 0.0528846 0.342529
1 0.396034 0.98985 0.0360577 0.0202991 0.335449
1 0.387019 0.509081 0.0222356 0.0395299 0.300781
1 0.752404 0.291667 0.0288461 0.0459402 0.282227
1 0.432692 0.974359 0.0210336 0.0491453 0.260498
1 0.970553 0.245459 0.0192307 0.0267094 0.253174
1 0.119629 0.239784 0.0185547 0.0418002 0.252441
1 0.486779 0.309028 0.0186298 0.0625 0.512695
1 0.391526 0.323985 0.0252404 0.0496795 0.509766
1 0.604567 0.492254 0.0228365 0.0315171 0.440674
1 0.61899 0.78312 0.0336539 0.0576924 0.429199
1 0.630409 0.887821 0.0384615 0.0619658 0.38501
1 0.765024 0.684829 0.0300481 0.0512821 0.365723
1 0.361779 0.729701 0.0300481 0.0555556 0.36377
1 0.947115 0.511218 0.03125 0.042735 0.359375
1 0.580379 0.407586 0.0507812 0.0544872 0.355713
1 0.39363 0.387821 0.0192308 0.042735 0.352295
1 0.382812 0.508547 0.0228365 0.0405983 0.296631
1 0.395733 0.990385 0.0348558 0.0192307 0.294189
1 0.752404 0.292201 0.0288461 0.0459402 0.282227
1 0.486779 0.309028 0.0192308 0.0630342 0.521484
1 0.391827 0.32265 0.0240385 0.0480769 0.516602
1 0.61899 0.78312 0.0336539 0.0576924 0.42334
1 0.604567 0.491987 0.0216346 0.0309829 0.411133
1 0.765625 0.685897 0.0288462 0.051282 0.365723
1 0.362981 0.729167 0.0288462 0.0555556 0.360352
1 0.63101 0.888889 0.0384615 0.0641026 0.359375
1 0.394231 0.387821 0.0180289 0.0432693 0.351318
1 0.580529 0.40812 0.0516827 0.0550214 0.346924
1 0.395433 0.990385 0.0348558 0.0192307 0.324219
1 0.947115 0.512286 0.0288462 0.0405983 0.319092
1 0.387019 0.509615 0.0216346 0.0384615 0.313232
1 0.753005 0.291667 0.0276442 0.0448718 0.299072
1 0.367188 0.9375 0.0378606 0.0459401 0.260498
1 0.119591 0.239383 0.0186298 0.0404647 0.256104
1 0.486478 0.309295 0.0186298 0.0641026 0.541016
1 0.391827 0.324786 0.0252404 0.0491453 0.520508
1 0.61899 0.78312 0.0336539 0.0576924 0.429199
1 0.605168 0.492521 0.0228365 0.0309829 0.392334
1 0.765625 0.685897 0.0300481 0.051282 0.366699
1 0.362981 0.729701 0.0288462 0.0555556 0.365723
1 0.579928 0.408921 0.0528846 0.056624 0.364746
1 0.947716 0.512687 0.03125 0.0430022 0.35498
1 0.387019 0.510684 0.0216346 0.0405983 0.353027
1 0.63101 0.887821 0.0384615 0.0619658 0.353027
1 0.39363 0.387286 0.0192308 0.0448718 0.318359
1 0.752404 0.292735 0.0288461 0.0470085 0.296631
1 0.396034 0.990385 0.0348558 0.0192307 0.295898
1 0.119441 0.240852 0.0186298 0.0418002 0.286133
1 0.486779 0.310363 0.0186298 0.0630342 0.526367
1 0.392428 0.325588 0.0252404 0.0486111 0.505859
1 0.618389 0.78312 0.0348558 0.0576924 0.418701
1 0.605769 0.493056 0.0240385 0.0320513 0.381104
1 0.765625 0.686966 0.0288462 0.051282 0.374756
1 0.362981 0.729701 0.0288462 0.0555556 0.363037
1 0.63101 0.888889 0.0372596 0.0619658 0.363037
1 0.580679 0.408921 0.0525841 0.053953 0.345947
1 0.947716 0.512821 0.03125 0.042735 0.342529
1 0.387019 0.510684 0.0216346 0.0395299 0.320801
1 0.39393 0.389423 0.0192307 0.0438034 0.31665
1 0.396034 0.98985 0.0348558 0.0202991 0.303955
1 0.753005 0.292735 0.0288462 0.0464744 0.288574
1 0.119591 0.24152 0.0183293 0.0404648 0.258301
1 0.486779 0.310897 0.0180289 0.0630342 0.52832
1 0.391827 0.325053 0.0252404 0.0486111 0.524414
1 0.61899 0.78312 0.0336539 0.0576924 0.440674
1 0.579477 0.410256 0.0525841 0.0566239 0.406494
1 0.765625 0.688034 0.0288462 0.0512821 0.39502
1 0.63101 0.888889 0.0384615 0.0619658 0.389648
1 0.605168 0.49359 0.0228365 0.0320513 0.375732
1 0.362981 0.730235 0.0288462 0.0544872 0.363037
1 0.947716 0.513755 0.03125 0.0430021 0.362061
1 0.39363 0.389423 0.0180289 0.0438034 0.359375
1 0.387019 0.511752 0.0216346 0.0405983 0.338867
1 0.396034 0.990385 0.0348558 0.0192307 0.31665
1 0.753005 0.292735 0.0288462 0.0459402 0.294922
1 0.119328 0.241987 0.0185547 0.0416667 0.270508
1 0.971154 0.246795 0.0192307 0.0267094 0.253906
1 0.9375 0.367521 0.0168269 0.0502137 0.252441
1 0.391827 0.325588 0.0264423 0.0496795 0.504883
1 0.486178 0.311432 0.0186298 0.0630342 0.50293
1 0.61899 0.783654 0.0336539 0.0576923 0.420654
1 0.765625 0.688034 0.0288462 0.0512821 0.376709
1 0.580679 0.410256 0.0525841 0.0555556 0.373779
1 0.63101 0.888889 0.0384615 0.0619658 0.35498
1 0.604567 0.49359 0.0240385 0.0320513 0.352295
1 0.36238 0.730235 0.0288462 0.0544872 0.343262
1 0.39363 0.389957 0.0192308 0.0438034 0.338867
1 0.948317 0.513355 0.03125 0.042735 0.328613
1 0.386719 0.511752 0.0222356 0.0405983 0.320068
1 0.396034 0.990385 0.0360577 0.0192307 0.291016
1 0.752404 0.293002 0.0288461 0.0470085 0.279053
1 0.119028 0.242455 0.0191556 0.0418002 0.250977
1 0.486478 0.31063 0.0186298 0.0635684 0.521484
1 0.391827 0.326122 0.0252404 0.0502137 0.514648
1 0.61899 0.782586 0.0336539 0.0587608 0.431152
1 0.765024 0.686966 0.0288462 0.0502137 0.391357
1 0.604567 0.493323 0.0240385 0.0315171 0.373047
1 0.579928 0.409722 0.0516827 0.0560897 0.37207
1 0.63101 0.887821 0.0384615 0.0619658 0.366699
1 0.36238 0.729701 0.0294471 0.0555556 0.36377
1 0.947716 0.513355 0.03125 0.0438034 0.359375
1 0.39363 0.389423 0.0192308 0.0448718 0.352295
1 0.386418 0.511619 0.0228365 0.0408654 0.34082
1 0.396034 0.98985 0.0348558 0.0202991 0.299072
1 0.752404 0.295406 0.0288461 0.0491453 0.29834
1 0.971154 0.247329 0.0192307 0.0267094 0.264404
1 0.11899 0.241987 0.0192308 0.0422009 0.260498
1 0.9375 0.366987 0.0192307 0.0518162 0.259033
1 0.486779 0.31063 0.0180289 0.0630342 0.511719
1 0.391827 0.326389 0.0252404 0.0491453 0.503906
1 0.61899 0.78312 0.0336539 0.0576924 0.418701
1 0.63101 0.887821 0.0384615 0.0619658 0.373047
1 0.765625 0.686966 0.0288462 0.0491453 0.37207
1 0.604567 0.493857 0.0240385 0.0315171 0.350342
1 0.580529 0.409989 0.0516827 0.0550214 0.348633
1 0.36238 0.730235 0.0288462 0.0544872 0.342529
1 0.947716 0.513889 0.03125 0.042735 0.341553
1 0.39363 0.389957 0.0192308 0.0438034 0.331055
1 0.387019 0.512286 0.0216346 0.0405983 0.331055
1 0.396034 0.990118 0.0354568 0.019765 0.294922
1 0.752404 0.295406 0.0288461 0.0491453 0.283691
1 0.119291 0.242254 0.0183293 0.0416667 0.252441
1 0.486478 0.31063 0.0180288 0.0630342 0.526367
1 0.391827 0.326389 0.0252404 0.0496795 0.517578
1 0.61899 0.78312 0.0336539 0.0576924 0.435059
1 0.63101 0.888889 0.0384615 0.0619658 0.390381
1 0.765024 0.688034 0.0288462 0.0491453 0.387695
1 0.579928 0.409722 0.0528846 0.0555556 0.364746
1 0.947716 0.513889 0.03125 0.042735 0.363037
1 0.36238 0.730769 0.0288462 0.0544871 0.361084
1 0.605168 0.49359 0.0228365 0.0309829 0.358398
1 0.386719 0.511886 0.0222356 0.0403312 0.347656
1 0.39363 0.390224 0.0192308 0.0432692 0.338135
1 0.752404 0.295139 0.0288461 0.0486111 0.299805
1 0.396034 0.990385 0.0348558 0.0192307 0.29834
1 0.119253 0.24172 0.018104 0.0405983 0.265869
1 0.391226 0.323985 0.0234375 0.0486111 0.453369
1 0.486178 0.31063 0.0180289 0.0635684 0.435791
1 0.603966 0.491453 0.0216346 0.0309829 0.373779
1 0.618389 0.78312 0.0324519 0.0576924 0.36377
1 0.765024 0.686966 0.0288462 0.051282 0.344238
1 0.630409 0.886752 0.0372596 0.0641025 0.328613
1 0.947115 0.511752 0.0288462 0.0405983 0.326904
1 0.362079 0.729701 0.0288462 0.0555556 0.323486
1 0.393329 0.387553 0.0186298 0.0438034 0.308105
1 0.580529 0.409188 0.0504808 0.0555556 0.295898
1 0.386418 0.51015 0.0216346 0.0395299 0.2854
1 0.395433 0.990919 0.0336539 0.0181624 0.266602
