1 0.533654 0.176015 0.0204327 0.0544872 0.313232
1 0.783654 0.172009 0.0252404 0.104701 0.29834
1 0.513822 0.307959 0.046875 0.0459402 0.289307
1 0.626202 0.652778 0.03125 0.0555556 0.280518
1 0.471755 0.776709 0.046875 0.0811966 0.27832
1 0.626202 0.655983 0.0360577 0.051282 0.254639
1 0.626803 0.655449 0.0396635 0.0651709 0.347656
1 0.444411 0.662927 0.0348558 0.082265 0.307373
1 0.783654 0.176282 0.0288461 0.0918803 0.282227
1 0.624399 0.654915 0.0432693 0.0576923 0.35498
1 0.186599 0.474092 0.0366587 0.0373932 0.334473
1 0.605769 0.853633 0.0288462 0.0576923 0.329346
1 0.513221 0.307425 0.046875 0.0475427 0.282227
1 0.469651 0.78312 0.0498798 0.0897436 0.273682
1 0.782452 0.178686 0.030048 0.0924145 0.266602
1 0.78125 0.178285 0.0276442 0.0889423 0.344238
1 0.606971 0.852564 0.0264423 0.0555556 0.338867
1 0.281851 0.379273 0.0234375 0.0699786 0.252441
1 0.606971 0.855769 0.0288462 0.059829 0.277588
1 0.606971 0.853633 0.0240385 0.0576923 0.346924
1 0.780048 0.177885 0.0240385 0.0918804 0.345947
1 0.472356 0.787393 0.0498798 0.0854701 0.289307
1 0.515926 0.30609 0.0498798 0.0480769 0.288574
1 0.446514 0.678419 0.0276442 0.0811966 0.263672
1 0.282151 0.380876 0.0204327 0.0662393 0.259033
1 0.605769 0.854701 0.0288462 0.0630341 0.288574
1 0.515024 0.311966 0.0540865 0.0587607 0.284668
1 0.60637 0.855235 0.0276443 0.0641026 0.259766
1 0.512019 0.309295 0.0480769 0.0534188 0.289307
1 0.605769 0.854701 0.0300481 0.0619659 0.259766
1 0.78125 0.180021 0.0288462 0.0913462 0.254639
1 0.605769 0.851496 0.03125 0.0598291 0.325195
1 0.444712 0.675214 0.0300481 0.0726496 0.286865
1 0.625601 0.659188 0.0396635 0.0576923 0.27832
1 0.781851 0.181891 0.0300481 0.10203 0.255371
1 0.446214 0.678419 0.0294471 0.0811966 0.30249
1 0.606971 0.855769 0.0288462 0.059829 0.289307
1 0.625 0.656517 0.0396635 0.0555556 0.277588
1 0.515024 0.3125 0.0480769 0.0534188 0.270508
1 0.409255 0.548077 0.0300481 0.0405983 0.269775
1 0.469952 0.792735 0.046875 0.0811966 0.259766
1 0.782452 0.188969 0.0288461 0.0985577 0.252441
1 0.608173 0.852564 0.0300481 0.0598291 0.330322
1 0.516827 0.308761 0.0498798 0.0544872 0.317383
1 0.409856 0.549145 0.0276442 0.0363248 0.283691
1 0.625601 0.655983 0.0408654 0.0555556 0.281494
1 0.188251 0.475427 0.0351562 0.0363248 0.258301
1 0.517127 0.315171 0.0492788 0.0555556 0.277588
1 0.445914 0.681624 0.0264423 0.0758547 0.273682
1 0.470252 0.793803 0.0534856 0.076923 0.265869
1 0.606971 0.856838 0.0288462 0.059829 0.258301
1 0.625601 0.657051 0.0396635 0.059829 0.254639
1 0.783654 0.188034 0.0288461 0.0940171 0.253174
1 0.445312 0.68109 0.0336538 0.082265 0.282959
1 0.608173 0.855235 0.03125 0.0673077 0.265137
1 0.784856 0.179354 0.03125 0.0958868 0.259033
1 0.625 0.658654 0.0372596 0.0534188 0.259033
1 0.606971 0.854167 0.03125 0.0619658 0.27124
1 0.608774 0.855769 0.0264423 0.0555556 0.330322
1 0.515926 0.309295 0.047476 0.0459402 0.300781
1 0.447115 0.676282 0.0282452 0.0811966 0.297363
1 0.627404 0.659188 0.0360577 0.0512821 0.262939
1 0.783654 0.180288 0.0300481 0.0945513 0.257568
1 0.78125 0.186966 0.0336538 0.106303 0.269775
1 0.625 0.657051 0.0432693 0.0576923 0.267334
1 0.515625 0.307692 0.0528846 0.0486111 0.256104
1 0.605769 0.855769 0.03125 0.0619658 0.250977
1 0.444111 0.675214 0.0324519 0.0833334 0.309082
1 0.606971 0.855769 0.0288462 0.0619658 0.2854
1 0.625 0.659188 0.0384615 0.0534188 0.277588
1 0.445913 0.675214 0.0300481 0.0854701 0.258301
1 0.469351 0.790598 0.0504807 0.0811966 0.253174
1 0.608173 0.855769 0.0300481 0.059829 0.303223
1 0.515024 0.309829 0.0504807 0.0534188 0.293457
1 0.446514 0.678419 0.03125 0.0790599 0.29248
1 0.782452 0.181891 0.03125 0.100962 0.282959
1 0.625601 0.657051 0.0372596 0.0534188 0.259033
1 0.608173 0.856303 0.0276443 0.0576923 0.253174
1 0.609375 0.856838 0.03125 0.0641025 0.315674
1 0.445913 0.675214 0.0324519 0.0876069 0.279785
1 0.783053 0.186832 0.030048 0.10016 0.256836
1 0.606971 0.856838 0.0288462 0.0576923 0.342529
1 0.782452 0.181357 0.03125 0.0972222 0.310791
1 0.625601 0.65812 0.0384615 0.0491453 0.307373
1 0.532151 0.18336 0.0252404 0.056891 0.276611
1 0.444411 0.678953 0.0336539 0.076923 0.269043
1 0.1875 0.475962 0.0360577 0.034188 0.267334
1 0.589543 0.174412 0.0276442 0.0416667 0.26123
1 0.513522 0.313034 0.048077 0.0534188 0.325928
1 0.606971 0.860043 0.0288462 0.0576923 0.2854
1 0.625 0.65812 0.0372596 0.0555556 0.262939
1 0.783053 0.182025 0.030048 0.0953526 0.335449
1 0.445312 0.677885 0.03125 0.0779915 0.32251
1 0.608173 0.855769 0.03125 0.0619658 0.31665
1 0.515926 0.309295 0.0480769 0.0512821 0.280518
1 0.626202 0.65812 0.0384615 0.0512821 0.279053
1 0.781851 0.180155 0.0324519 0.0969551 0.269043
1 0.514724 0.307692 0.0486779 0.0523504 0.275146
1 0.409856 0.548077 0.0300481 0.0405983 0.255371
1 0.606971 0.855769 0.03125 0.0630342 0.253906
1 0.1872 0.47516 0.0348558 0.0384616 0.250977
1 0.515625 0.311165 0.0492788 0.0507479 0.346924
1 0.606971 0.85844 0.0300481 0.0630341 0.336426
1 0.625 0.660256 0.0372596 0.0534188 0.314941
1 0.186298 0.476229 0.0366587 0.0325855 0.313965
1 0.446514 0.680021 0.03125 0.0833334 0.303955
1 0.408954 0.548077 0.0294471 0.034188 0.284668
1 0.588792 0.17281 0.0291466 0.0438034 0.280518
1 0.782452 0.183227 0.03125 0.0945513 0.27124
1 0.532752 0.183227 0.0270432 0.0555556 0.256836
1 0.515024 0.310096 0.0492788 0.0480769 0.306641
1 0.626202 0.659188 0.0408654 0.0512821 0.306641
1 0.782452 0.181624 0.0336539 0.096688 0.301514
1 0.608173 0.856838 0.03125 0.0619658 0.296631
1 0.447115 0.681624 0.03125 0.0769231 0.257568
1 0.534255 0.183093 0.0264423 0.0550214 0.250977
1 0.783053 0.180288 0.030048 0.0934829 0.325195
1 0.608173 0.855769 0.03125 0.0619658 0.312256
1 0.625601 0.657586 0.0408654 0.0523504 0.304932
1 0.447115 0.678419 0.0336539 0.0811966 0.297363
1 0.516526 0.309295 0.0504807 0.0496795 0.275879
1 0.533654 0.182425 0.0276442 0.0534188 0.260498
1 0.782452 0.182425 0.03125 0.0988248 0.348633
1 0.606971 0.856303 0.0288462 0.0608974 0.338135
1 0.625601 0.65812 0.0384615 0.0544872 0.314941
1 0.532752 0.185096 0.0252404 0.0534188 0.303955
1 0.446815 0.680021 0.0324519 0.0790598 0.291016
1 0.514423 0.309295 0.0480769 0.0507479 0.281494
1 0.281851 0.384081 0.0228365 0.0662393 0.280518
1 0.588792 0.172009 0.0267428 0.0384615 0.269775
1 0.282452 0.307692 0.015024 0.0384615 0.253906
1 0.185697 0.474893 0.0339543 0.034188 0.253174
1 0.782452 0.182692 0.03125 0.0961539 0.284668
1 0.515625 0.309829 0.0480769 0.0459402 0.26123
1 0.782452 0.183093 0.03125 0.0964209 0.288574
1 0.445914 0.679487 0.031851 0.0747863 0.259033
1 0.516226 0.311432 0.0510818 0.0491453 0.255371
1 0.605769 0.855769 0.03125 0.0608974 0.309814
1 0.625601 0.657586 0.0384615 0.0523504 0.299072
1 0.782452 0.180021 0.032452 0.096688 0.296631
1 0.516226 0.309295 0.0528846 0.0470085 0.286133
1 0.186749 0.475962 0.0378606 0.034188 0.281494
1 0.409255 0.547009 0.0300481 0.034188 0.27832
1 0.445312 0.67735 0.03125 0.0790599 0.274414
1 0.589093 0.17094 0.0285457 0.0416667 0.272705
1 0.532452 0.184028 0.0276442 0.0582265 0.253906
1 0.782452 0.176416 0.03125 0.0958868 0.419678
1 0.625 0.65812 0.0384615 0.0523504 0.324219
1 0.532752 0.182826 0.0264423 0.0590278 0.295898
1 0.605769 0.855235 0.0264423 0.0587607 0.287842
1 0.441707 0.666667 0.0336538 0.0769231 0.281494
1 0.589543 0.171341 0.0264423 0.042468 0.280518
1 0.78125 0.181891 0.03125 0.0998932 0.342529
1 0.625 0.659188 0.0360577 0.0491453 0.315674
1 0.606971 0.857906 0.0264423 0.0587608 0.2854
1 0.515625 0.31063 0.0486779 0.0448718 0.281494
1 0.445913 0.67735 0.0348557 0.0811966 0.280518
1 0.186599 0.476496 0.0342548 0.0331197 0.277588
1 0.589543 0.173077 0.0264423 0.0395299 0.256104
1 0.783654 0.182959 0.03125 0.099359 0.385742
1 0.441406 0.672009 0.0324519 0.0811966 0.345215
1 0.515625 0.308761 0.0492788 0.045406 0.314941
1 0.626202 0.657051 0.0372596 0.0470086 0.299072
1 0.280649 0.380876 0.0228365 0.0705128 0.296631
1 0.532752 0.183494 0.0264423 0.0616987 0.288574
1 0.605769 0.855769 0.0264423 0.0576923 0.283691
1 0.186749 0.475427 0.0354567 0.0309829 0.266602
1 0.588341 0.171741 0.0264423 0.0438034 0.26123
1 0.408053 0.548077 0.0300481 0.0352564 0.259033
1 0.28125 0.308494 0.015625 0.042735 0.250977
1 0.514724 0.306624 0.046875 0.0459402 0.291748
1 0.782452 0.178552 0.0336539 0.0948184 0.262939
1 0.625601 0.657051 0.0372596 0.0534188 0.252441
1 0.782452 0.181223 0.0336539 0.0990919 0.256104
1 0.783654 0.180823 0.03125 0.0972222 0.313965
1 0.513822 0.307425 0.0480769 0.0438034 0.309814
1 0.626202 0.655449 0.0372596 0.0480769 0.273682
1 0.589994 0.169872 0.0267427 0.0395299 0.270508
1 0.445613 0.677885 0.03125 0.0790598 0.269775
1 0.606971 0.853632 0.0288462 0.0544872 0.269043
1 0.532151 0.182559 0.0246394 0.0558227 0.262207
1 0.1878 0.474893 0.0348558 0.0309829 0.262207
1 0.408053 0.548077 0.0300481 0.034188 0.256836
1 0.783053 0.180155 0.0336539 0.0953526 0.289307
1 0.626202 0.65812 0.0384615 0.0555556 0.282227
1 0.515625 0.309829 0.0486779 0.0518162 0.279785
1 0.446815 0.678419 0.0330529 0.0854701 0.267334
1 0.409856 0.550748 0.03125 0.0373931 0.265137
1 0.625 0.65812 0.0408654 0.0534188 0.275879
1 0.515325 0.308226 0.0504808 0.0496795 0.260498
1 0.784856 0.182692 0.0336538 0.0977564 0.367432
1 0.514423 0.307425 0.0480769 0.0502137 0.309814
1 0.1872 0.473291 0.0354567 0.0363248 0.300781
1 0.625 0.658654 0.0396635 0.0512821 0.29834
1 0.608173 0.855769 0.03125 0.059829 0.291748
1 0.588942 0.168803 0.0288461 0.0422009 0.286865
1 0.408353 0.547543 0.0318509 0.0352564 0.270508
1 0.533353 0.183227 0.0270432 0.0550214 0.262939
1 0.445312 0.677885 0.0336538 0.0801282 0.259766
1 0.784856 0.181891 0.0324519 0.103098 0.377441
1 0.625601 0.657051 0.0420673 0.0534188 0.327637
1 0.515625 0.306357 0.0498798 0.0448718 0.326904
1 0.188101 0.474893 0.0366587 0.0352564 0.313232
1 0.408654 0.54968 0.03125 0.0352564 0.309814
1 0.444111 0.676282 0.0324519 0.0801282 0.30249
1 0.608173 0.854701 0.0288462 0.0576923 0.283691
1 0.590144 0.170673 0.0276443 0.0405983 0.277588
1 0.534255 0.183227 0.0258414 0.0590278 0.260498
1 0.783654 0.180288 0.03125 0.096688 0.364746
1 0.514423 0.307158 0.0498798 0.0491453 0.332031
1 0.589543 0.171074 0.0276442 0.0459402 0.31665
1 0.623798 0.65812 0.0408654 0.0523504 0.315674
1 0.186298 0.474893 0.0360577 0.034188 0.301514
1 0.533053 0.181223 0.0252404 0.0592949 0.286865
1 0.444712 0.675214 0.0324519 0.0790599 0.275146
1 0.407752 0.549145 0.030649 0.034188 0.272705
1 0.606971 0.855235 0.0288462 0.0587607 0.268066
1 0.515625 0.309829 0.0504807 0.0470085 0.319092
1 0.625 0.659188 0.0384615 0.0491453 0.286865
1 0.783654 0.18109 0.03125 0.096688 0.272705
1 0.409555 0.550214 0.0294471 0.0299146 0.271973
1 0.446514 0.675214 0.031851 0.0769231 0.265137
1 0.1872 0.475962 0.0351562 0.0336539 0.257568
1 0.515926 0.309295 0.0480769 0.0512821 0.29248
1 0.784255 0.178953 0.0324519 0.0988248 0.287842
1 0.626202 0.656517 0.0384615 0.0523504 0.267334
1 0.589543 0.170807 0.0276442 0.0443376 0.253174
1 0.783654 0.180556 0.0324519 0.0913462 0.321777
1 0.515625 0.309829 0.0486779 0.0470085 0.284668
1 0.784255 0.179621 0.0336538 0.0990919 0.286133
1 0.783654 0.180556 0.03125 0.0972222 0.334473
1 0.588942 0.17321 0.0264423 0.0430021 0.272705
1 0.186599 0.47703 0.0357572 0.034188 0.258301
1 0.515926 0.309829 0.0510818 0.0491453 0.254639
1 0.445312 0.677885 0.0324519 0.0801282 0.253174
1 0.606971 0.856838 0.0300481 0.0619658 0.250977
1 0.783654 0.178953 0.03125 0.0982906 0.36377
1 0.186899 0.475962 0.0342548 0.0352564 0.313232
1 0.515024 0.310897 0.0492788 0.0502137 0.309814
1 0.532452 0.184295 0.0246394 0.0528846 0.296631
1 0.408954 0.54968 0.030649 0.0320513 0.294922
1 0.590144 0.172276 0.0252404 0.0416667 0.29248
1 0.625 0.658654 0.0360577 0.0480769 0.27832
1 0.445914 0.676282 0.0294471 0.0790599 0.26123
1 0.607572 0.856303 0.0288462 0.059829 0.253906
1 0.515024 0.308226 0.0492788 0.0491453 0.321777
1 0.783053 0.176149 0.032452 0.0964209 0.315674
1 0.409255 0.548077 0.030649 0.0320513 0.263672
1 0.445312 0.67735 0.03125 0.0790599 0.259033
1 0.783654 0.180155 0.0300481 0.0942842 0.325195
1 0.515024 0.308226 0.0480769 0.0491453 0.259766
1 0.589543 0.17094 0.0252404 0.0422008 0.255371
1 0.444411 0.676282 0.031851 0.0790599 0.252441
1 0.782452 0.179354 0.03125 0.0985577 0.377441
1 0.446214 0.679487 0.0330529 0.0811966 0.286865
1 0.626202 0.657051 0.0384615 0.0512821 0.277588
1 0.589543 0.171474 0.0264423 0.0419338 0.259033
1 0.515024 0.309829 0.046875 0.0470085 0.257568
1 0.782452 0.177618 0.03125 0.104167 0.363037
1 0.625 0.657586 0.0384615 0.0523504 0.313965
1 0.515024 0.308226 0.0492788 0.0459402 0.294189
1 0.186298 0.47516 0.0366587 0.0363248 0.260498
1 0.532752 0.184161 0.0264423 0.0582265 0.251709
1 0.590745 0.169338 0.0264423 0.0432692 0.250977
1 0.78726 0.180823 0.0360577 0.109509 0.300781
1 0.515625 0.309562 0.0510818 0.0534188 0.279785
1 0.625601 0.657051 0.0396635 0.0555556 0.272705
1 0.445914 0.678419 0.0342548 0.0811966 0.262939
1 0.590144 0.169872 0.0276443 0.0462073 0.256836
1 0.783654 0.18149 0.03125 0.0996261 0.327637
1 0.625 0.65812 0.0372596 0.0491453 0.299072
1 0.590144 0.17094 0.0240385 0.0392628 0.279053
1 0.606971 0.857372 0.0264423 0.0555556 0.267334
1 0.532452 0.184295 0.0228365 0.0566239 0.265137
1 0.409856 0.550214 0.0294471 0.0331197 0.26123
1 0.446214 0.678953 0.031851 0.0779915 0.258301
1 0.1875 0.476496 0.0342548 0.0331197 0.257568
1 0.783654 0.180422 0.0336538 0.10016 0.297363
1 0.625 0.657051 0.0384615 0.0534188 0.271973
1 0.515024 0.307959 0.0480769 0.0459402 0.265137
1 0.786058 0.181223 0.03125 0.105502 0.291016
1 0.625 0.657586 0.0384615 0.0534188 0.269775
1 0.782452 0.179354 0.032452 0.0980235 0.342529
1 0.624399 0.65812 0.0384615 0.0534188 0.299805
1 0.515625 0.307692 0.0480769 0.0470086 0.296631
1 0.589543 0.169738 0.0264423 0.0416667 0.27124
1 0.531851 0.183227 0.0252404 0.0574252 0.265869
1 0.444712 0.67735 0.0324519 0.0747864 0.259766
1 0.60637 0.855769 0.0288462 0.0576923 0.253174
1 0.782452 0.180288 0.0336539 0.101496 0.309814
1 0.515325 0.309829 0.0498798 0.0502137 0.307373
1 0.625 0.659188 0.0408654 0.0534188 0.257568
1 0.589543 0.17054 0.0276442 0.0419338 0.252441
1 0.18735 0.475427 0.0351563 0.0363248 0.251709
1 0.783654 0.179087 0.03125 0.0980235 0.339844
1 0.625 0.657586 0.0408654 0.0544872 0.284668
1 0.515625 0.308761 0.0504807 0.0512821 0.282227
1 0.188101 0.474893 0.0360577 0.0352564 0.267334
1 0.590144 0.169338 0.0264423 0.0416667 0.263672
1 0.445613 0.678419 0.0330529 0.0811966 0.256836
1 0.533053 0.18336 0.0264423 0.0579594 0.256104
1 0.408654 0.547543 0.03125 0.0331196 0.256104
1 0.783053 0.184562 0.03125 0.101496 0.310791
1 0.625 0.657051 0.0384615 0.0534188 0.305664
1 0.588792 0.169338 0.0267428 0.0438034 0.299072
1 0.187049 0.476496 0.0351563 0.0363248 0.297363
1 0.515926 0.308494 0.0486779 0.045406 0.291748
1 0.533053 0.184562 0.0258414 0.0582265 0.282959
1 0.408954 0.548077 0.0294471 0.0363248 0.277588
1 0.444712 0.67735 0.0336538 0.0801282 0.255371
1 0.783654 0.179754 0.03125 0.103098 0.392334
1 0.445312 0.67735 0.0324519 0.0801282 0.328613
1 0.625 0.659188 0.0384615 0.0512821 0.324219
1 0.1878 0.475962 0.0342548 0.034188 0.310791
1 0.590144 0.170673 0.0264423 0.0432692 0.309082
1 0.515625 0.309295 0.0492788 0.0448718 0.30249
1 0.409255 0.54968 0.0288461 0.0320513 0.288574
1 0.533053 0.184829 0.0264423 0.0560897 0.279053
1 0.606971 0.856303 0.0288462 0.0587607 0.271973
1 0.782452 0.18336 0.032452 0.10016 0.294189
1 0.515024 0.310363 0.0492788 0.0486111 0.253906
1 0.783654 0.180422 0.0336538 0.101763 0.332031
1 0.445913 0.674145 0.0336538 0.0758547 0.301514
1 0.515024 0.307158 0.0480769 0.0438034 0.297363
1 0.625601 0.657051 0.0384615 0.0534188 0.29248
1 0.1875 0.473558 0.0336538 0.0352564 0.275879
1 0.409856 0.54594 0.030649 0.034188 0.273682
1 0.534255 0.184829 0.0276442 0.0608974 0.27124
1 0.589994 0.166934 0.0267427 0.0400641 0.258301
1 0.782452 0.180288 0.0336539 0.0988248 0.335449
1 0.515625 0.307425 0.0480769 0.045406 0.304932
1 0.588792 0.16867 0.0267428 0.0419338 0.269775
1 0.1872 0.474626 0.0342548 0.0357906 0.268066
1 0.445613 0.676282 0.0330529 0.0769231 0.26123
1 0.625601 0.65812 0.0372596 0.0512821 0.257568
1 0.533053 0.184295 0.0264423 0.0587607 0.253174
1 0.783654 0.181757 0.0336538 0.103365 0.394287
1 0.515325 0.309829 0.0498798 0.0523504 0.32251
1 0.625 0.658654 0.0408654 0.0555556 0.307373
1 0.1875 0.474893 0.0354567 0.0373931 0.295898
1 0.444712 0.678419 0.0336538 0.0790599 0.294189
1 0.588792 0.167735 0.0267428 0.042735 0.289307
1 0.533654 0.185764 0.0276442 0.0635684 0.279053
1 0.409255 0.548077 0.0300481 0.0363248 0.273682
1 0.816106 0.556624 0.0276443 0.042735 0.250977
1 0.783654 0.182158 0.0336538 0.103632 0.352295
1 0.515625 0.309562 0.0492788 0.0512821 0.351318
1 0.625 0.659188 0.0408654 0.0534188 0.295898
1 0.445312 0.67735 0.0336538 0.0811966 0.295898
1 0.588792 0.168536 0.0267428 0.0443376 0.277588
1 0.1878 0.475962 0.0348558 0.0395299 0.272705
1 0.409255 0.550214 0.0294471 0.0363248 0.265869
1 0.534255 0.184562 0.0270433 0.0619658 0.256836
1 0.784856 0.181891 0.03125 0.103098 0.334473
1 0.516226 0.31063 0.0492788 0.0507479 0.325928
1 0.445012 0.678419 0.0342548 0.0790599 0.314941
1 0.188401 0.475427 0.0348558 0.036859 0.284668
1 0.534856 0.184028 0.0276442 0.0582265 0.279785
1 0.590144 0.168002 0.0264423 0.042735 0.279785
1 0.409255 0.548077 0.0300481 0.034188 0.277588
1 0.625601 0.659188 0.0384615 0.0534188 0.275879
1 0.816707 0.557158 0.0264423 0.0395299 0.265869
1 0.515325 0.310897 0.0486779 0.0459402 0.294189
1 0.783654 0.182559 0.0324519 0.107105 0.27832
1 0.445613 0.676282 0.0336538 0.0801282 0.276611
1 0.589543 0.1668 0.0276442 0.0413996 0.270508
1 0.1875 0.475427 0.0354567 0.0352564 0.265869
1 0.408654 0.549145 0.030649 0.034188 0.251709
1 0.625 0.659188 0.0408654 0.0512821 0.250244
1 0.625 0.655983 0.0408654 0.0555556 0.331055
1 0.515625 0.309295 0.0480769 0.0491453 0.300781
1 0.187049 0.475694 0.0366586 0.0379273 0.294189
1 0.445312 0.67094 0.0336538 0.0811966 0.290283
1 0.783654 0.183494 0.0336538 0.107372 0.289307
1 0.589543 0.163729 0.0276442 0.0405983 0.288574
1 0.408353 0.547009 0.03125 0.034188 0.288574
1 0.533654 0.184295 0.0276442 0.0625 0.267334
1 0.606971 0.852564 0.0288462 0.0576924 0.265137
1 0.514724 0.308761 0.0486779 0.0491453 0.381104
1 0.783053 0.184428 0.0336539 0.107639 0.356689
1 0.441106 0.675214 0.0300481 0.0833334 0.355713
1 0.408353 0.550214 0.0300481 0.0320513 0.352295
1 0.187049 0.474359 0.0363582 0.034188 0.346924
1 0.588341 0.163462 0.0276442 0.0413996 0.343262
1 0.605769 0.854701 0.0288462 0.0587607 0.342529
1 0.625 0.662393 0.0384615 0.0470086 0.325928
1 0.533053 0.186966 0.0276442 0.0592949 0.304932
1 0.9375 0.209535 0.0192307 0.0408654 0.279785
1 0.255258 0.213942 0.0195312 0.0422009 0.26123
1 0.814303 0.557692 0.0252404 0.0363248 0.251709
1 0.515325 0.309295 0.0480769 0.0480769 0.402588
1 0.409255 0.54594 0.0300481 0.0320513 0.398926
1 0.783654 0.183227 0.0336538 0.108974 0.396973
1 0.18765 0.472222 0.0348558 0.0352564 0.390381
1 0.588792 0.163061 0.0267428 0.0411325 0.36377
1 0.60637 0.855769 0.0276443 0.0576923 0.356689
1 0.445312 0.673077 0.03125 0.0758547 0.355713
1 0.625601 0.662393 0.0372596 0.0491453 0.344238
1 0.814904 0.557158 0.0264423 0.0373931 0.338135
1 0.533053 0.188301 0.0270433 0.0571581 0.308105
1 0.9375 0.210203 0.0204327 0.0400641 0.303955
1 0.256611 0.214744 0.0180288 0.0395299 0.290283
1 0.4375 0.240852 0.0180288 0.03539 0.281494
1 0.514724 0.311165 0.0486779 0.0507479 0.415771
1 0.783654 0.184829 0.0336538 0.109509 0.38208
1 0.625 0.661859 0.0384615 0.0502137 0.381104
1 0.444712 0.673611 0.0324519 0.0790598 0.373047
1 0.409255 0.54594 0.03125 0.0320513 0.368408
1 0.60637 0.856303 0.0288462 0.059829 0.358398
1 0.1875 0.474092 0.0366587 0.0363248 0.332764
1 0.588942 0.165865 0.0288461 0.0432692 0.31665
1 0.9375 0.209936 0.0216347 0.0438034 0.31665
1 0.814904 0.556624 0.0264423 0.0405983 0.312256
1 0.533654 0.190171 0.0288461 0.0630342 0.297363
1 0.256611 0.21688 0.0198317 0.0427351 0.286865
1 0.283654 0.307692 0.015625 0.0416667 0.256836
1 0.4375 0.24172 0.0192307 0.0400641 0.253174
1 0.515024 0.309295 0.0480769 0.0502137 0.417725
1 0.625 0.659188 0.0384615 0.0523504 0.414062
1 0.445012 0.673077 0.030649 0.0758547 0.406494
1 0.783654 0.185363 0.0336538 0.108974 0.395996
1 0.409255 0.545406 0.0300481 0.0299145 0.378418
1 0.605769 0.855235 0.0288462 0.0566239 0.366699
1 0.814904 0.55609 0.0264423 0.0395299 0.365723
1 0.533053 0.185897 0.0264423 0.0598291 0.35498
1 0.257212 0.214477 0.0192308 0.0416667 0.353027
1 0.18735 0.473825 0.0363582 0.0352564 0.337158
1 0.588792 0.165331 0.0267428 0.0422009 0.313965
1 0.9375 0.209001 0.0216347 0.0419338 0.303955
1 0.564904 0.766026 0.0252404 0.0299145 0.291748
1 0.283353 0.307425 0.015024 0.0400641 0.290283
1 0.4375 0.240986 0.0180288 0.038328 0.289307
1 0.782452 0.18336 0.0336539 0.108173 0.47168
1 0.515024 0.309295 0.0480769 0.0502137 0.461914
1 0.625 0.660256 0.0384615 0.0491453 0.458984
1 0.444411 0.673077 0.030649 0.076923 0.44165
1 0.409255 0.544872 0.0300481 0.0309829 0.42627
1 0.60637 0.853098 0.0276443 0.0576923 0.414795
1 0.532752 0.1875 0.0264423 0.0571581 0.384033
1 0.815505 0.557692 0.0240385 0.034188 0.363037
1 0.18735 0.472222 0.0348558 0.0363248 0.352295
1 0.256911 0.216079 0.0180288 0.0384615 0.350342
1 0.9375 0.208868 0.0204327 0.0400641 0.346924
1 0.588942 0.163729 0.0276442 0.0422009 0.326904
1 0.283654 0.30609 0.0144231 0.0384615 0.308105
1 0.565204 0.76656 0.0228365 0.0299145 0.290283
1 0.551382 0.899573 0.0222356 0.0277778 0.277588
1 0.281851 0.381143 0.0228365 0.0678419 0.264404
1 0.4375 0.240852 0.0180288 0.0343216 0.256836
1 0.782452 0.182959 0.03125 0.107372 0.42334
1 0.408654 0.545406 0.0288461 0.0288461 0.410156
1 0.626202 0.662393 0.0384615 0.0491453 0.40918
1 0.444411 0.674145 0.030048 0.0747863 0.389648
1 0.515024 0.309028 0.0480769 0.0502137 0.38208
1 0.605769 0.854701 0.0264423 0.059829 0.379395
1 0.814303 0.558761 0.0240385 0.0384615 0.378418
1 0.1872 0.473291 0.0354567 0.034188 0.377441
1 0.532752 0.186966 0.0264423 0.0571581 0.364746
1 0.9375 0.209802 0.0192307 0.0408654 0.352295
1 0.25631 0.216079 0.0180289 0.0400641 0.342529
1 0.588942 0.16453 0.0264423 0.0405983 0.313965
1 0.283053 0.307158 0.0144231 0.0373932 0.29834
1 0.28125 0.380876 0.0228365 0.0705128 0.291016
1 0.436899 0.242788 0.0180288 0.036859 0.265869
1 0.55018 0.899573 0.0216346 0.0277778 0.264404
1 0.563702 0.767094 0.0228365 0.0320513 0.250244
1 0.625 0.660256 0.0384615 0.051282 0.492188
1 0.515024 0.309829 0.0480769 0.0502137 0.473633
1 0.409255 0.544872 0.0300481 0.0309829 0.469727
1 0.1872 0.472756 0.0360577 0.0352564 0.458984
1 0.783053 0.183227 0.032452 0.10844 0.449463
1 0.444712 0.672009 0.03125 0.0769231 0.443604
1 0.605769 0.854167 0.0288462 0.0587607 0.422607
1 0.533353 0.186832 0.0270432 0.0571581 0.392334
1 0.257212 0.215411 0.0186298 0.039797 0.390381
1 0.814904 0.556624 0.0264423 0.0384615 0.387695
1 0.9375 0.208868 0.0204327 0.0416667 0.379395
1 0.564904 0.765491 0.0252404 0.0309829 0.353027
1 0.588942 0.164263 0.0276442 0.0422009 0.351318
1 0.283654 0.30609 0.0144231 0.0384615 0.334473
1 0.282452 0.380876 0.0240385 0.0705128 0.326904
1 0.550481 0.896368 0.0228365 0.0277778 0.313965
1 0.4375 0.242254 0.0174279 0.0357906 0.269043
1 0.625 0.660256 0.0384615 0.051282 0.467773
1 0.409255 0.54594 0.0300481 0.0299145 0.451416
1 0.515024 0.308761 0.0480769 0.0502137 0.450439
1 0.445312 0.674145 0.031851 0.076923 0.422607
1 0.783654 0.184562 0.03125 0.105769 0.404541
1 0.1875 0.473291 0.0351562 0.0352564 0.404541
1 0.257212 0.216747 0.0189303 0.0408654 0.397949
1 0.60637 0.853633 0.0276443 0.0576923 0.394287
1 0.815505 0.557692 0.0252403 0.0373931 0.389648
1 0.533053 0.187767 0.0264423 0.0560897 0.375732
1 0.588942 0.165331 0.0264423 0.042735 0.356689
1 0.9375 0.209268 0.0192307 0.0413996 0.353027
1 0.564904 0.766026 0.0252404 0.0320513 0.345947
1 0.54988 0.896368 0.0228365 0.0277778 0.31665
1 0.283053 0.30609 0.0138221 0.0384615 0.301514
1 0.282452 0.380876 0.0240385 0.0694444 0.299072
1 0.436899 0.244391 0.0180288 0.0363248 0.260498
1 0.408654 0.544872 0.030649 0.0299145 0.49707
1 0.625 0.661325 0.0384615 0.0502137 0.479492
1 0.514724 0.309295 0.0492789 0.0491453 0.463867
1 0.1875 0.473291 0.0363582 0.0331197 0.459961
1 0.444712 0.673611 0.0324519 0.0758547 0.451416
1 0.783654 0.185897 0.03125 0.105235 0.428223
1 0.605769 0.853633 0.0264423 0.0576923 0.428223
1 0.256911 0.216613 0.0192308 0.0405983 0.403564
1 0.533053 0.189103 0.0264423 0.0560898 0.389648
1 0.936899 0.209669 0.0204328 0.0411325 0.387695
1 0.814904 0.558227 0.0252404 0.0373931 0.385742
1 0.588341 0.165999 0.0276442 0.0411325 0.379395
1 0.282151 0.380342 0.0228365 0.0694444 0.364746
1 0.564904 0.766026 0.0252404 0.0320513 0.328613
1 0.283053 0.30609 0.0144231 0.0384615 0.325195
1 0.54988 0.89797 0.0228365 0.0277778 0.311523
1 0.436899 0.245994 0.0180288 0.036859 0.282959
1 0.408654 0.544872 0.0300481 0.0309829 0.499023
1 0.625 0.660256 0.0384615 0.051282 0.496094
1 0.1872 0.473291 0.0369591 0.0352564 0.485352
1 0.444712 0.673077 0.031851 0.076923 0.445557
1 0.515024 0.309562 0.0480769 0.0491453 0.44458
1 0.605769 0.853633 0.0288462 0.0576923 0.433105
1 0.783053 0.180689 0.032452 0.101229 0.429199
1 0.532452 0.188568 0.0276442 0.0566239 0.40918
1 0.256611 0.216346 0.0192308 0.0395299 0.403564
1 0.936899 0.209135 0.0216346 0.0427351 0.386719
1 0.589093 0.1664 0.0285457 0.0416667 0.376709
1 0.814904 0.558761 0.0264423 0.0384615 0.375732
1 0.564904 0.76656 0.0252404 0.0320513 0.375732
1 0.281851 0.379808 0.0252404 0.0705128 0.361084
1 0.54988 0.898504 0.0228365 0.0277778 0.311523
1 0.283053 0.305288 0.0144231 0.0384615 0.309082
1 0.436899 0.246261 0.0192307 0.0373932 0.266602
1 0.625601 0.660791 0.0384615 0.051282 0.494141
1 0.409255 0.54594 0.0288461 0.0277778 0.489258
1 0.445613 0.675214 0.03125 0.0769231 0.472656
1 0.515625 0.310363 0.0492788 0.0502137 0.466797
1 0.18735 0.473825 0.0366586 0.0352564 0.456055
1 0.783654 0.184028 0.03125 0.104167 0.445557
1 0.605769 0.854701 0.0264423 0.0587607 0.422607
1 0.256911 0.215278 0.0186298 0.0395299 0.413086
1 0.533053 0.188034 0.0252404 0.0555555 0.398926
1 0.815505 0.558227 0.0252403 0.0373931 0.384033
1 0.9375 0.209669 0.0204327 0.0422009 0.378418
1 0.588942 0.165732 0.0276442 0.0427351 0.367432
1 0.565204 0.767094 0.0246394 0.0320513 0.364746
1 0.282452 0.380075 0.0228365 0.0699786 0.334473
1 0.550481 0.898504 0.0228365 0.0277778 0.327637
1 0.283053 0.305556 0.0144231 0.0389957 0.319092
1 0.4375 0.243323 0.0180288 0.0379274 0.275879
1 0.409255 0.54594 0.0300481 0.0299145 0.499023
1 0.625601 0.661325 0.0384615 0.051282 0.49707
1 0.1878 0.474359 0.0372596 0.0373931 0.486328
1 0.445312 0.676282 0.0324519 0.0790599 0.467773
1 0.515625 0.310897 0.0492788 0.0502137 0.453369
1 0.783654 0.185363 0.0324519 0.105769 0.44751
1 0.60637 0.855769 0.0288462 0.0587607 0.418701
1 0.256761 0.215678 0.0189303 0.0403312 0.39502
1 0.816106 0.558227 0.0264422 0.0384615 0.385742
1 0.9375 0.210069 0.0216347 0.0419338 0.377441
1 0.588942 0.165865 0.0276442 0.042735 0.375732
1 0.533053 0.190171 0.0264423 0.0576923 0.365723
1 0.564904 0.767094 0.0252404 0.0320513 0.324219
1 0.550481 0.899573 0.0228365 0.0277778 0.30249
1 0.4375 0.243323 0.0186298 0.0379274 0.288574
1 0.283053 0.30609 0.0144231 0.0373932 0.27832
1 0.282752 0.380342 0.0234375 0.071047 0.273682
1 0.409555 0.544872 0.0300481 0.0299145 0.5
1 0.625 0.661325 0.0384615 0.051282 0.493164
1 0.1878 0.473291 0.0360577 0.0352564 0.485352
1 0.515625 0.310897 0.0480769 0.0502137 0.460938
1 0.445312 0.676282 0.0324519 0.0769231 0.457031
1 0.783654 0.184829 0.03125 0.103632 0.451416
1 0.605769 0.855769 0.0288462 0.0576923 0.429199
1 0.588942 0.166132 0.0276442 0.0416667 0.402588
1 0.816106 0.558761 0.0264422 0.0384615 0.39502
1 0.256761 0.216346 0.0189303 0.0400641 0.394287
1 0.9375 0.210203 0.0204327 0.0416667 0.379395
1 0.533654 0.190171 0.0264423 0.0555556 0.356689
1 0.565505 0.767094 0.0252404 0.0320513 0.323486
1 0.282752 0.380342 0.0240385 0.0705128 0.313232
1 0.550781 0.898504 0.0228365 0.0267094 0.313232
1 0.283053 0.305556 0.0144231 0.036859 0.303223
1 0.4375 0.243857 0.0192307 0.0379274 0.280518
1 0.409255 0.54594 0.0300481 0.0299145 0.522461
1 0.625601 0.661325 0.0384615 0.051282 0.511719
1 0.1878 0.474359 0.0366587 0.0352564 0.507812
1 0.515625 0.311699 0.0492788 0.0507479 0.487305
1 0.445312 0.676282 0.031851 0.0769231 0.459961
1 0.783654 0.181223 0.03125 0.100694 0.442627
1 0.605769 0.856303 0.0288462 0.0587607 0.430176
1 0.588942 0.167468 0.0276442 0.0432692 0.420654
1 0.256611 0.216747 0.0186298 0.0403312 0.412109
1 0.816106 0.559829 0.0264422 0.0384616 0.390381
1 0.9375 0.211405 0.0216347 0.0424679 0.387695
1 0.533353 0.189904 0.0264423 0.0555556 0.38501
1 0.282752 0.380876 0.0234375 0.0705128 0.35498
1 0.564904 0.767094 0.0252404 0.0320513 0.344238
1 0.283053 0.306624 0.0144231 0.0373932 0.329346
1 0.550481 0.899573 0.0228365 0.0277778 0.320801
1 0.4375 0.245192 0.0180288 0.0373932 0.291016
1 0.409255 0.54594 0.0300481 0.0299145 0.501953
1 0.625 0.661325 0.0384615 0.051282 0.490234
1 0.1872 0.474359 0.0366587 0.0352564 0.483398
1 0.515325 0.311966 0.0486779 0.0502137 0.44165
1 0.445012 0.67735 0.031851 0.0790599 0.439697
1 0.783654 0.18563 0.0324519 0.103632 0.42627
1 0.60637 0.856838 0.0300481 0.059829 0.413086
1 0.588942 0.167735 0.0288461 0.0432692 0.402588
1 0.9375 0.210871 0.0216347 0.0424679 0.378418
1 0.25631 0.217415 0.0192308 0.0405983 0.373779
1 0.533954 0.189503 0.0276443 0.059562 0.363037
1 0.815505 0.559295 0.0264423 0.0384616 0.356689
1 0.282452 0.380876 0.0240385 0.0705128 0.319092
1 0.564904 0.767094 0.0264423 0.0320513 0.315674
1 0.283053 0.306624 0.0144231 0.0373932 0.314941
1 0.550481 0.899573 0.0240385 0.0277778 0.305664
1 0.4375 0.246261 0.0192307 0.0373932 0.274414
1 0.409255 0.54594 0.0300481 0.0309829 0.526367
1 0.625 0.661325 0.0384615 0.0502137 0.519531
1 0.18735 0.474359 0.0363582 0.0363248 0.513672
1 0.444712 0.676282 0.0324519 0.0790599 0.453369
1 0.783654 0.185764 0.0324519 0.104968 0.443604
1 0.515024 0.311432 0.0480769 0.0507479 0.439697
1 0.60637 0.855769 0.0288462 0.059829 0.432129
1 0.588942 0.166934 0.0276442 0.0432692 0.411133
1 0.9375 0.211004 0.0216347 0.0422009 0.396973
1 0.25646 0.217014 0.0195312 0.0403312 0.39502
1 0.815505 0.558761 0.0264423 0.0384615 0.39502
1 0.533654 0.189904 0.0276442 0.0603633 0.380371
1 0.564904 0.767094 0.0264423 0.0320513 0.351318
1 0.282452 0.380876 0.0240385 0.071047 0.336426
1 0.283053 0.306624 0.0144231 0.0373932 0.329346
1 0.550481 0.899573 0.0234375 0.0277778 0.323486
1 0.4375 0.244658 0.0192307 0.0373932 0.291748
1 0.409255 0.547009 0.0300481 0.0299145 0.511719
1 0.1875 0.474893 0.0360577 0.0363248 0.499023
1 0.625 0.661859 0.0384615 0.0502137 0.495117
1 0.445312 0.676282 0.0324519 0.0790599 0.442627
1 0.515024 0.311699 0.0480769 0.0507479 0.431152
1 0.783654 0.185897 0.0324519 0.104701 0.430176
1 0.60637 0.855769 0.0288462 0.059829 0.420654
1 0.588942 0.167334 0.0276442 0.0435363 0.386719
1 0.256611 0.217682 0.0192308 0.0400641 0.374756
1 0.9375 0.211004 0.0216347 0.0422009 0.373047
1 0.533053 0.190438 0.0264423 0.0566239 0.356689
1 0.815505 0.559829 0.0264423 0.0373932 0.352295
1 0.282452 0.380876 0.0228365 0.0705128 0.330322
1 0.565204 0.767094 0.0258413 0.0320513 0.319092
1 0.283053 0.307158 0.0144231 0.0373932 0.31665
1 0.550481 0.899573 0.0228365 0.0277778 0.309814
1 0.4375 0.245727 0.0180288 0.0363248 0.262939
1 0.409255 0.546474 0.0300481 0.0299145 0.526367
1 0.18735 0.474626 0.0363582 0.0352564 0.514648
1 0.625 0.662393 0.0384615 0.0491453 0.512695
1 0.515325 0.311966 0.0486779 0.0512821 0.460938
1 0.444712 0.676282 0.0324519 0.0790599 0.451416
1 0.783654 0.185897 0.03125 0.104167 0.435791
1 0.60637 0.855769 0.0288462 0.0587607 0.434082
1 0.588942 0.167602 0.0276442 0.0430022 0.405518
1 0.9375 0.210737 0.0216347 0.0416667 0.389648
1 0.256611 0.217415 0.0192308 0.0395299 0.383057
1 0.533053 0.190438 0.0264423 0.0566239 0.370117
1 0.815505 0.559829 0.0264423 0.0373932 0.360352
1 0.282452 0.38141 0.0240385 0.0705128 0.33374
1 0.564904 0.767094 0.0252404 0.0309829 0.325195
1 0.550481 0.899573 0.0234375 0.0277778 0.313965
1 0.283053 0.307158 0.0144231 0.0363248 0.313232
1 0.4375 0.245727 0.0180288 0.0357906 0.269043
1 0.782452 0.182959 0.03125 0.107372 0.422607
1 0.408654 0.545406 0.0288461 0.0288461 0.410156
1 0.626202 0.662393 0.0384615 0.0491453 0.410156
1 0.444411 0.674145 0.030048 0.0747863 0.389648
1 0.515024 0.309028 0.0480769 0.0502137 0.38208
1 0.814303 0.558761 0.0240385 0.0384615 0.378418
1 0.605769 0.854701 0.0264423 0.0587607 0.378418
1 0.1872 0.473291 0.0354567 0.034188 0.377441
1 0.532752 0.186966 0.0264423 0.0571581 0.364746
1 0.9375 0.209802 0.0192307 0.0408654 0.352295
1 0.25631 0.216079 0.0180289 0.0400641 0.342529
1 0.588942 0.16453 0.0264423 0.0405983 0.313965
1 0.283053 0.307158 0.0144231 0.0373932 0.297363
1 0.28125 0.380876 0.0228365 0.0705128 0.291016
1 0.436899 0.242989 0.0180288 0.0364583 0.265869
1 0.55018 0.899573 0.0216346 0.0277778 0.264404
1 0.563702 0.767094 0.0228365 0.0320513 0.250244
