1 0.628606 0.653846 0.0384615 0.051282 0.313965
1 0.476863 0.778846 0.0552885 0.0854701 0.309082
1 0.520132 0.307692 0.047476 0.0480769 0.268066
1 0.544772 0.175748 0.0222355 0.0550214 0.265869
1 0.617188 0.855769 0.0252404 0.0555556 0.267334
1 0.450421 0.659188 0.0294471 0.0790599 0.334473
1 0.629808 0.657051 0.0408654 0.059829 0.309082
1 0.791466 0.177618 0.0420673 0.10203 0.250977
1 0.628606 0.653846 0.0408654 0.051282 0.384033
1 0.610577 0.854701 0.0300481 0.0555556 0.354004
1 0.473558 0.786325 0.0480769 0.0833333 0.313965
1 0.449519 0.67735 0.031851 0.0811966 0.311523
1 0.52494 0.310897 0.046274 0.0475427 0.287842
1 0.414663 0.542735 0.0330529 0.0363248 0.269043
1 0.195162 0.476496 0.0336538 0.0352564 0.255371
1 0.793269 0.181357 0.0264423 0.090812 0.253174
1 0.44982 0.675214 0.0276443 0.0694444 0.332764
1 0.609976 0.853098 0.0264423 0.0555556 0.320068
1 0.791466 0.179487 0.0264423 0.090812 0.27832
1 0.522837 0.3125 0.046274 0.0534188 0.255371
1 0.448317 0.681624 0.03125 0.0747863 0.30249
1 0.632212 0.654915 0.0432693 0.0470086 0.253906
1 0.475361 0.787393 0.0528846 0.0854701 0.345215
1 0.609375 0.853633 0.0240385 0.0576923 0.326904
1 0.449219 0.677885 0.0282452 0.0844017 0.311523
1 0.792067 0.17922 0.0288462 0.0998932 0.289307
1 0.525541 0.309028 0.0450721 0.0496795 0.267334
1 0.29387 0.377671 0.0222356 0.0726496 0.250244
1 0.608173 0.855769 0.0288462 0.0576923 0.272705
1 0.449219 0.678419 0.0348557 0.0811966 0.267334
1 0.522236 0.313034 0.0516827 0.0512821 0.259033
1 0.519832 0.311966 0.0504808 0.053953 0.275146
1 0.523738 0.313301 0.0516827 0.0587607 0.315674
1 0.448317 0.680021 0.0336539 0.0876069 0.259766
1 0.522536 0.311966 0.0492789 0.0587607 0.319092
1 0.610577 0.854701 0.03125 0.0619659 0.260498
1 0.446514 0.676282 0.0360577 0.0876069 0.256104
1 0.523738 0.311966 0.0492788 0.0480769 0.334473
1 0.448017 0.675214 0.0336538 0.0790599 0.320801
1 0.790865 0.182559 0.0336539 0.100694 0.30249
1 0.542067 0.184295 0.0252404 0.0603633 0.294922
1 0.63101 0.660256 0.0372596 0.051282 0.282227
1 0.609375 0.85203 0.0288462 0.0576923 0.269775
1 0.792668 0.189904 0.0300481 0.103632 0.29834
1 0.45012 0.676816 0.0324519 0.082265 0.293457
1 0.474459 0.792201 0.0510817 0.082265 0.275146
1 0.610577 0.856303 0.0252404 0.059829 0.266602
1 0.54387 0.198184 0.0264423 0.0625 0.265137
1 0.523438 0.314904 0.0480769 0.0518162 0.265137
1 0.611779 0.853632 0.03125 0.0598291 0.312256
1 0.523438 0.308761 0.0480769 0.0544872 0.299805
1 0.415865 0.54594 0.0300481 0.0363248 0.286133
1 0.632212 0.655983 0.0408654 0.0534188 0.283691
1 0.195312 0.481303 0.0309495 0.0384615 0.282959
1 0.451022 0.675214 0.0342548 0.0854701 0.275879
1 0.44982 0.679487 0.0330529 0.0833333 0.320801
1 0.521635 0.313568 0.0492788 0.0576923 0.313965
1 0.790865 0.186565 0.0288462 0.0958868 0.27832
1 0.611779 0.856303 0.030048 0.0587607 0.259033
1 0.45012 0.679487 0.0360577 0.0833333 0.354004
1 0.792067 0.182158 0.0336538 0.0977564 0.281494
1 0.610577 0.855769 0.0300481 0.0619658 0.282959
1 0.523738 0.307158 0.0528846 0.0523504 0.279053
1 0.449519 0.675214 0.0348558 0.0854701 0.265137
1 0.630409 0.657051 0.0396635 0.0491453 0.259033
1 0.451322 0.675214 0.0324519 0.0833334 0.348633
1 0.524038 0.309295 0.046875 0.0459402 0.307373
1 0.611779 0.855769 0.0288461 0.0555556 0.284668
1 0.477163 0.782586 0.0534856 0.0844018 0.27124
1 0.793269 0.182826 0.0288462 0.0921474 0.269775
1 0.544471 0.183494 0.0240385 0.0507479 0.262939
1 0.63101 0.657586 0.0420673 0.0566239 0.286133
1 0.522837 0.308494 0.0504807 0.0507479 0.260498
1 0.448918 0.679487 0.0336539 0.0779914 0.256836
1 0.448017 0.675748 0.0336538 0.0844017 0.365723
1 0.610577 0.856838 0.0300481 0.0641025 0.27124
1 0.473257 0.788996 0.0564904 0.0833333 0.255371
1 0.790865 0.188568 0.0288462 0.0961538 0.254639
1 0.63101 0.659188 0.0360577 0.0470086 0.252441
1 0.523438 0.310363 0.0486779 0.0491453 0.291016
1 0.448918 0.676282 0.0324519 0.0833333 0.286133
1 0.451022 0.678419 0.0342548 0.0801282 0.313232
1 0.521635 0.307692 0.046875 0.0502137 0.303955
1 0.632212 0.655449 0.0408654 0.0555556 0.29248
1 0.792067 0.182692 0.0348557 0.0988248 0.281494
1 0.611779 0.856303 0.03125 0.0619659 0.271973
1 0.521635 0.315972 0.0510818 0.0528846 0.280518
1 0.450721 0.67468 0.0324519 0.082265 0.280518
1 0.451923 0.676816 0.0348557 0.0897436 0.351318
1 0.611779 0.856838 0.03125 0.0662393 0.29834
1 0.523438 0.309829 0.0480769 0.0534188 0.275879
1 0.630409 0.657051 0.0372596 0.0512821 0.263672
1 0.450721 0.678419 0.0324519 0.0790599 0.338867
1 0.610577 0.856838 0.03125 0.059829 0.29834
1 0.63101 0.65812 0.0408654 0.0491453 0.286865
1 0.78726 0.180823 0.0324519 0.101496 0.282227
1 0.521034 0.316239 0.0504807 0.0496795 0.274414
1 0.520433 0.3125 0.0480769 0.0523504 0.366699
1 0.628606 0.65812 0.0408654 0.0576923 0.282959
1 0.450421 0.677885 0.031851 0.0811966 0.274414
1 0.609976 0.859509 0.03125 0.0576924 0.272705
1 0.449519 0.676282 0.0330529 0.0811966 0.369385
1 0.523438 0.308226 0.0504807 0.051282 0.35498
1 0.792067 0.183494 0.03125 0.0988248 0.317383
1 0.629808 0.657051 0.0384615 0.0512821 0.299805
1 0.611779 0.856838 0.03125 0.0619658 0.293457
1 0.54387 0.182158 0.0252404 0.0544872 0.258301
1 0.521635 0.307959 0.0504807 0.0528846 0.289307
1 0.450721 0.675214 0.0354568 0.0811966 0.27124
1 0.449519 0.679487 0.0330529 0.082265 0.275879
1 0.521034 0.308226 0.0480769 0.0523504 0.251709
1 0.45012 0.666667 0.0336538 0.0876069 0.264404
1 0.522536 0.307158 0.0498798 0.0534188 0.254639
1 0.63101 0.659188 0.0408654 0.0555556 0.358398
1 0.523438 0.316506 0.0450721 0.0523504 0.349609
1 0.44982 0.680556 0.0330529 0.0833333 0.324219
1 0.610577 0.858974 0.03125 0.0641025 0.306641
1 0.792067 0.192041 0.03125 0.100427 0.29248
1 0.54357 0.183494 0.0258413 0.0534188 0.283691
1 0.413462 0.547543 0.0300481 0.0331196 0.280518
1 0.195463 0.479701 0.0321514 0.0347222 0.264404
1 0.522837 0.310096 0.0492788 0.0502137 0.334473
1 0.629808 0.65812 0.0408654 0.0512821 0.318359
1 0.611779 0.856838 0.03125 0.0608975 0.283691
1 0.451322 0.680556 0.0336538 0.0769231 0.282227
1 0.792067 0.189637 0.030048 0.0998932 0.256836
1 0.54387 0.185363 0.0240385 0.0555556 0.251709
1 0.629808 0.655983 0.0408654 0.0534188 0.345215
1 0.523738 0.31437 0.0498798 0.0496795 0.341553
1 0.451923 0.67735 0.0336538 0.0811966 0.324219
1 0.611779 0.855769 0.03125 0.059829 0.304932
1 0.78726 0.184028 0.03125 0.0945513 0.275879
1 0.542668 0.182292 0.0276442 0.0547543 0.262207
1 0.629207 0.657051 0.0384615 0.0555556 0.370117
1 0.522236 0.316506 0.0492788 0.053953 0.345215
1 0.610577 0.856838 0.0288461 0.059829 0.33374
1 0.450421 0.67735 0.0324519 0.0833333 0.31665
1 0.793269 0.188301 0.03125 0.0977564 0.308105
1 0.543269 0.185363 0.0252404 0.0560898 0.272705
1 0.522837 0.316239 0.0504807 0.0470085 0.282227
1 0.792668 0.184562 0.03125 0.096688 0.265869
1 0.793269 0.185096 0.03125 0.0977564 0.275879
1 0.450721 0.67735 0.03125 0.0769231 0.274414
1 0.522236 0.311432 0.0492788 0.0502137 0.272705
1 0.632212 0.65812 0.0408654 0.0512821 0.257568
1 0.63101 0.656517 0.0432693 0.0523504 0.320068
1 0.522236 0.309295 0.0528846 0.0512821 0.310791
1 0.609375 0.856303 0.03125 0.059829 0.29834
1 0.449519 0.678419 0.0336538 0.0790599 0.291748
1 0.413762 0.54594 0.031851 0.0352564 0.270508
1 0.791466 0.187767 0.0300481 0.100962 0.253174
1 0.63101 0.655983 0.0384615 0.0491453 0.324219
1 0.449219 0.67735 0.031851 0.0811966 0.317383
1 0.521635 0.309295 0.0480769 0.0528846 0.315674
1 0.791466 0.179487 0.03125 0.0977564 0.314941
1 0.610577 0.855769 0.0288461 0.059829 0.290283
1 0.543269 0.184562 0.0252404 0.0544872 0.286865
1 0.45012 0.67735 0.03125 0.0833333 0.324219
1 0.63101 0.656517 0.0384615 0.0470086 0.32251
1 0.522236 0.317308 0.0480769 0.0470085 0.284668
1 0.792067 0.185363 0.0324519 0.10203 0.276611
1 0.610577 0.858974 0.0288461 0.0576923 0.27124
1 0.54387 0.184829 0.0252404 0.0560897 0.260498
1 0.787861 0.18523 0.032452 0.101763 0.352295
1 0.523438 0.306891 0.0504807 0.0459402 0.338867
1 0.448918 0.67094 0.0276442 0.0833333 0.331055
1 0.631611 0.654915 0.0396635 0.0448718 0.330322
1 0.543269 0.183761 0.0234375 0.0576923 0.293457
1 0.609375 0.856303 0.0288462 0.059829 0.283691
1 0.598558 0.173878 0.0240385 0.0416667 0.252441
1 0.522536 0.305556 0.0486779 0.0448718 0.296631
1 0.63101 0.654915 0.0384615 0.051282 0.291748
1 0.449519 0.676282 0.03125 0.0779914 0.287842
1 0.786058 0.18149 0.0336539 0.0969551 0.275879
1 0.609375 0.855769 0.0288462 0.0555556 0.251709
1 0.521034 0.309295 0.0504807 0.0512821 0.259033
1 0.630409 0.65812 0.0420673 0.0555556 0.259033
1 0.449519 0.67735 0.031851 0.0833333 0.253174
1 0.523438 0.307959 0.0480769 0.0448718 0.330322
1 0.629808 0.655449 0.0384615 0.0480769 0.32251
1 0.449519 0.676282 0.03125 0.0811966 0.31665
1 0.78726 0.182826 0.0324519 0.0985577 0.27124
1 0.610577 0.853633 0.0288461 0.0534188 0.254639
1 0.192608 0.480769 0.0354567 0.0331197 0.252441
1 0.414363 0.545406 0.0288462 0.0320513 0.250244
1 0.523438 0.316506 0.0480769 0.0518162 0.324219
1 0.63101 0.657586 0.0384615 0.0544872 0.29834
1 0.792067 0.181757 0.0336538 0.0964209 0.287842
1 0.45012 0.67735 0.0336538 0.0876069 0.284668
1 0.63101 0.655983 0.0384615 0.0534188 0.29248
1 0.449219 0.67735 0.031851 0.0833333 0.268066
1 0.522236 0.308226 0.0504807 0.0502137 0.250977
1 0.630409 0.657051 0.0396635 0.0534188 0.334473
1 0.521635 0.314637 0.0492788 0.0523504 0.326904
1 0.790865 0.185764 0.03125 0.0985577 0.32251
1 0.45012 0.677885 0.03125 0.0801282 0.308105
1 0.611178 0.855769 0.032452 0.0619658 0.276611
1 0.414363 0.544872 0.030649 0.0363248 0.26123
1 0.790264 0.186565 0.03125 0.1039 0.350342
1 0.63101 0.655983 0.0408654 0.0534188 0.350342
1 0.449219 0.67735 0.0330529 0.0811966 0.338135
1 0.522837 0.313836 0.0504807 0.0475427 0.326904
1 0.415264 0.547009 0.03125 0.0363248 0.301514
1 0.945913 0.209135 0.0240384 0.0427351 0.276611
1 0.194561 0.480769 0.0351562 0.0363248 0.275879
1 0.611779 0.855769 0.0288461 0.059829 0.269775
1 0.543269 0.185096 0.0276443 0.0598291 0.251709
1 0.522236 0.308761 0.0504807 0.0512821 0.345215
1 0.629808 0.657051 0.0396635 0.0512821 0.33374
1 0.448317 0.675214 0.03125 0.0790599 0.318359
1 0.790865 0.184562 0.03125 0.10203 0.293457
1 0.413762 0.546474 0.03125 0.0363248 0.2854
1 0.611178 0.856303 0.030048 0.0587607 0.265869
1 0.19351 0.481036 0.0360577 0.0347222 0.250977
1 0.630409 0.657586 0.0396635 0.0491453 0.315674
1 0.522837 0.310897 0.0504807 0.0470086 0.303223
1 0.449219 0.669872 0.0300481 0.0769231 0.271973
1 0.792067 0.182826 0.030048 0.0958868 0.250244
1 0.414062 0.547009 0.0300481 0.034188 0.250244
1 0.63101 0.655449 0.0384615 0.0544872 0.308105
1 0.522236 0.309295 0.0456731 0.0512821 0.294189
1 0.792067 0.183761 0.0288462 0.0988248 0.269043
1 0.450421 0.669872 0.0324519 0.0779914 0.262939
1 0.521635 0.310096 0.0480769 0.0464744 0.321777
1 0.630409 0.657586 0.0384615 0.0512821 0.282959
1 0.792668 0.184963 0.03125 0.09375 0.262207
1 0.63101 0.656517 0.0408654 0.0566239 0.260498
1 0.522837 0.309295 0.0480769 0.0523504 0.259033
1 0.629808 0.65812 0.0408654 0.0534188 0.305664
1 0.521635 0.310363 0.0480769 0.0512821 0.286133
1 0.450421 0.678419 0.0324519 0.0811966 0.276611
1 0.792668 0.186165 0.03125 0.102564 0.263672
1 0.610577 0.857372 0.03125 0.0630341 0.256104
1 0.629808 0.65812 0.0384615 0.0491453 0.344238
1 0.521935 0.311966 0.0492789 0.0502137 0.341553
1 0.450721 0.67735 0.0300481 0.0811966 0.293457
1 0.414663 0.547543 0.0300481 0.0331196 0.288574
1 0.792067 0.180956 0.03125 0.0964209 0.2854
1 0.610577 0.855769 0.0288461 0.0608974 0.260498
1 0.194111 0.481036 0.0348558 0.0325855 0.254639
1 0.521635 0.309295 0.0480769 0.0486111 0.336426
1 0.629808 0.655449 0.0408654 0.0502137 0.286865
1 0.45012 0.67735 0.0324519 0.0811966 0.267334
1 0.792067 0.185096 0.03125 0.0977564 0.255371
1 0.194712 0.480502 0.0348558 0.0331196 0.250244
1 0.522837 0.309295 0.0480769 0.0491453 0.282227
1 0.629808 0.655983 0.0372596 0.0534188 0.281494
1 0.790865 0.185363 0.030048 0.10203 0.276611
1 0.44982 0.676816 0.030649 0.0811966 0.258301
1 0.792067 0.18563 0.03125 0.10203 0.304932
1 0.629808 0.657586 0.0396635 0.0523504 0.29834
1 0.450721 0.678419 0.0324519 0.0811966 0.27832
1 0.521034 0.31063 0.0486779 0.0470086 0.272705
1 0.629808 0.65812 0.0384615 0.0512821 0.346924
1 0.523137 0.308761 0.0480769 0.0459402 0.299072
1 0.449519 0.669872 0.031851 0.0790598 0.270508
1 0.790264 0.181624 0.032452 0.0988248 0.262939
1 0.629808 0.657051 0.0408654 0.0576923 0.303955
1 0.522236 0.307959 0.0492788 0.0507479 0.299072
1 0.79387 0.184161 0.0348557 0.109776 0.287842
1 0.450421 0.678419 0.0324519 0.0811966 0.253906
1 0.599159 0.171341 0.0264423 0.048344 0.253174
1 0.63101 0.657586 0.0384615 0.0523504 0.329346
1 0.523438 0.308226 0.0480769 0.042735 0.309082
1 0.792067 0.187366 0.03125 0.101229 0.275146
1 0.54387 0.183894 0.0240385 0.0584936 0.271973
1 0.45012 0.679487 0.03125 0.0790599 0.269775
1 0.610577 0.856838 0.0288461 0.0576923 0.260498
1 0.629808 0.657051 0.0396635 0.0534188 0.313965
1 0.521635 0.307425 0.0480769 0.045406 0.27832
1 0.790865 0.188835 0.03125 0.10203 0.262939
1 0.449519 0.678419 0.031851 0.0811966 0.258301
1 0.630409 0.657586 0.0408654 0.0544872 0.299805
1 0.792668 0.181223 0.03125 0.107639 0.293457
1 0.522837 0.307692 0.0480769 0.0486111 0.275879
1 0.543269 0.183494 0.0252404 0.0582265 0.250244
1 0.629808 0.657586 0.0384615 0.0534188 0.338135
1 0.790865 0.18149 0.03125 0.0980235 0.324219
1 0.521635 0.307959 0.046875 0.045406 0.303955
1 0.543269 0.182158 0.0240385 0.0592949 0.277588
1 0.44982 0.67735 0.031851 0.0790599 0.27124
1 0.609976 0.855769 0.0288462 0.059829 0.256836
1 0.63101 0.65812 0.0408654 0.0534188 0.311523
1 0.521635 0.309829 0.047476 0.0480769 0.299805
1 0.790865 0.181891 0.0324519 0.0977564 0.265869
1 0.63101 0.657051 0.0408654 0.0555556 0.337158
1 0.790865 0.182425 0.03125 0.096688 0.303223
1 0.521635 0.308761 0.0492788 0.0496795 0.296631
1 0.543269 0.182959 0.0264423 0.0582265 0.255371
1 0.194712 0.479167 0.0348558 0.034188 0.250244
1 0.63101 0.657051 0.0396635 0.0523504 0.35498
1 0.522236 0.309028 0.046875 0.045406 0.294189
1 0.54387 0.183227 0.0252404 0.0571581 0.27124
1 0.414062 0.547009 0.0288461 0.0363248 0.27124
1 0.790865 0.185363 0.03125 0.102564 0.266602
1 0.597356 0.168536 0.0264423 0.0464744 0.256836
1 0.194411 0.479167 0.0333534 0.0357906 0.256104
1 0.45012 0.67735 0.0324519 0.0790599 0.251709
1 0.63101 0.659188 0.0384615 0.0512821 0.362061
1 0.791466 0.182692 0.03125 0.0982906 0.358398
1 0.450721 0.675214 0.03125 0.0811966 0.325195
1 0.544471 0.184295 0.0258413 0.0560897 0.306641
1 0.522236 0.308494 0.046875 0.0448718 0.284668
1 0.415264 0.547543 0.0282452 0.0331196 0.282959
1 0.610577 0.856838 0.03125 0.0619658 0.279053
1 0.19351 0.480769 0.0348558 0.0320513 0.269043
1 0.598558 0.17094 0.0264423 0.0443376 0.265137
1 0.947115 0.209402 0.0216346 0.0459402 0.257568
1 0.629808 0.65812 0.0408654 0.0534188 0.296631
1 0.521935 0.310363 0.048077 0.0480769 0.2854
1 0.63101 0.656517 0.0384615 0.0523504 0.33374
1 0.450721 0.67094 0.0324519 0.082265 0.307373
1 0.522236 0.307692 0.0480769 0.0438034 0.304932
1 0.795072 0.18149 0.0348557 0.111378 0.303223
1 0.544772 0.183761 0.0276442 0.0598291 0.284668
1 0.59976 0.167735 0.0264423 0.042735 0.256836
1 0.415264 0.544872 0.0300481 0.034188 0.256836
1 0.195913 0.477564 0.0342548 0.0352564 0.251709
1 0.630409 0.657051 0.0384615 0.0512821 0.329346
1 0.522236 0.307425 0.0480769 0.045406 0.303955
1 0.790865 0.183627 0.03125 0.0980235 0.276611
1 0.45012 0.670406 0.03125 0.0801282 0.264404
1 0.54387 0.183494 0.0264423 0.0582265 0.262207
1 0.63101 0.657586 0.0408654 0.0566239 0.370117
1 0.521635 0.309829 0.0480769 0.0512821 0.332031
1 0.45012 0.673077 0.031851 0.0833334 0.321777
1 0.791466 0.184829 0.0324519 0.0977564 0.320068
1 0.54357 0.183627 0.0270433 0.0614316 0.274414
1 0.414664 0.54594 0.0282452 0.0352564 0.271973
1 0.610577 0.857906 0.03125 0.0619658 0.267334
1 0.194411 0.479167 0.0354567 0.0363248 0.259766
1 0.819111 0.556624 0.0276442 0.0448718 0.250244
1 0.522236 0.308761 0.0480769 0.0502137 0.36377
1 0.630409 0.657586 0.0396635 0.0534188 0.351318
1 0.790865 0.184963 0.0336539 0.0990919 0.297363
1 0.45012 0.672009 0.03125 0.0854701 0.291016
1 0.544171 0.183227 0.0264423 0.0590278 0.27832
1 0.414663 0.547543 0.0288462 0.0363248 0.264404
1 0.610577 0.856838 0.03125 0.0619658 0.253174
1 0.195162 0.479968 0.0333534 0.0352564 0.250977
1 0.631611 0.65812 0.0396635 0.0534188 0.347656
1 0.522236 0.309829 0.046875 0.0480769 0.346924
1 0.790865 0.184295 0.0336539 0.0988248 0.303955
1 0.451022 0.67735 0.030649 0.0811966 0.29248
1 0.544471 0.183093 0.0264423 0.0574252 0.289307
1 0.194712 0.479167 0.0336538 0.0331197 0.264404
1 0.415264 0.546474 0.0288462 0.034188 0.260498
1 0.820913 0.557158 0.0288462 0.0427351 0.259033
1 0.597356 0.169471 0.0264423 0.045406 0.252441
1 0.611779 0.857906 0.0288461 0.0619658 0.251709
1 0.521635 0.309829 0.047476 0.0438034 0.323486
1 0.630409 0.658654 0.0384615 0.0502137 0.296631
1 0.45012 0.672009 0.03125 0.0833334 0.282959
1 0.791466 0.184562 0.03125 0.100427 0.258301
1 0.54387 0.182692 0.0258413 0.056891 0.253906
1 0.629808 0.65812 0.0408654 0.0534188 0.359375
1 0.44982 0.67094 0.030649 0.0854701 0.323486
1 0.522236 0.309295 0.046875 0.0480769 0.309082
1 0.54357 0.181223 0.0258413 0.0633013 0.296631
1 0.610577 0.854701 0.03125 0.059829 0.282227
1 0.194111 0.478098 0.0354567 0.0363248 0.281494
1 0.819712 0.553953 0.0276443 0.042735 0.262939
1 0.790865 0.18563 0.03125 0.101496 0.260498
1 0.945913 0.205929 0.0228366 0.0443376 0.259766
1 0.414363 0.54594 0.030649 0.034188 0.259033
1 0.629808 0.663462 0.0408654 0.0470086 0.378418
1 0.609375 0.857906 0.03125 0.0608975 0.365723
1 0.449219 0.676816 0.030649 0.0811966 0.361084
1 0.521334 0.309562 0.047476 0.0475427 0.353027
1 0.194411 0.479167 0.0330529 0.0331197 0.34082
1 0.542668 0.182959 0.0258413 0.0614316 0.332764
1 0.945312 0.208734 0.0240385 0.0467414 0.323486
1 0.789663 0.179087 0.0336539 0.0985577 0.321777
1 0.414062 0.548611 0.0300481 0.0309829 0.307373
1 0.59375 0.163194 0.0264423 0.0443376 0.300781
1 0.81851 0.558761 0.0264422 0.0384615 0.259766
1 0.630409 0.663462 0.0384615 0.0491453 0.402588
1 0.45012 0.675214 0.031851 0.0790599 0.39502
1 0.610577 0.857906 0.0288461 0.0619658 0.380371
1 0.414663 0.543803 0.0300481 0.034188 0.378418
1 0.522236 0.308226 0.046875 0.045406 0.373779
1 0.819111 0.558761 0.0264423 0.0405983 0.343262
1 0.195012 0.474893 0.0336538 0.034188 0.338135
1 0.54357 0.183494 0.0252404 0.0571581 0.332031
1 0.792067 0.186432 0.03125 0.102564 0.324219
1 0.945913 0.208333 0.0228366 0.0432692 0.321777
1 0.598558 0.164263 0.0240385 0.0416667 0.276611
1 0.264123 0.215545 0.016226 0.0405983 0.251709
1 0.630409 0.663462 0.0396635 0.0491453 0.442627
1 0.521935 0.311165 0.0486779 0.0486111 0.424316
1 0.449519 0.674145 0.0324519 0.0811966 0.413086
1 0.610577 0.859509 0.03125 0.0630341 0.373779
1 0.790865 0.187767 0.03125 0.104701 0.343262
1 0.945913 0.208333 0.0240384 0.0464744 0.334473
1 0.414663 0.544338 0.03125 0.034188 0.325928
1 0.81851 0.556624 0.0288461 0.0448718 0.324219
1 0.54387 0.185096 0.0276443 0.0582265 0.305664
1 0.194712 0.475962 0.0348558 0.034188 0.296631
1 0.598558 0.166934 0.0264423 0.0432692 0.267334
1 0.264123 0.217281 0.0174279 0.0435363 0.26123
1 0.630409 0.660256 0.0396635 0.0523504 0.463867
1 0.522236 0.309829 0.0492788 0.0491453 0.434082
1 0.449519 0.672543 0.03125 0.0790599 0.434082
1 0.790865 0.188301 0.03125 0.104167 0.403564
1 0.54357 0.182692 0.0264423 0.059562 0.378418
1 0.610577 0.857372 0.03125 0.0598291 0.364746
1 0.945913 0.207532 0.0240384 0.0443376 0.341553
1 0.819111 0.555556 0.0276442 0.0448718 0.33374
1 0.414663 0.543803 0.03125 0.0320513 0.328613
1 0.195012 0.47516 0.0339543 0.0315171 0.314941
1 0.598558 0.165598 0.0240385 0.0411325 0.296631
1 0.264123 0.214744 0.0168269 0.042735 0.294922
1 0.570613 0.767628 0.0282452 0.0331197 0.26123
1 0.292668 0.381677 0.0228365 0.0662393 0.256104
1 0.629808 0.661325 0.0384615 0.0491453 0.508789
1 0.521635 0.309829 0.0492788 0.0491453 0.484375
1 0.449519 0.672009 0.03125 0.0811966 0.477539
1 0.790264 0.184829 0.0300481 0.103632 0.472656
1 0.609976 0.855235 0.0300481 0.059829 0.42334
1 0.543269 0.184562 0.0252404 0.056891 0.412109
1 0.415264 0.542735 0.0300481 0.0320513 0.380371
1 0.819712 0.557692 0.0264422 0.0395299 0.363037
1 0.194712 0.474092 0.0354567 0.0336539 0.362061
1 0.945312 0.207265 0.0228365 0.0432692 0.356689
1 0.263972 0.215278 0.0165264 0.0400641 0.334473
1 0.598558 0.165331 0.0240385 0.0411325 0.307373
1 0.570613 0.768162 0.0270432 0.0320513 0.27124
1 0.63101 0.662393 0.0384615 0.0491453 0.451416
1 0.449519 0.674145 0.03125 0.0790599 0.445557
1 0.522236 0.309295 0.0480769 0.0491453 0.413086
1 0.790865 0.185363 0.030048 0.103098 0.412109
1 0.609375 0.855769 0.0300481 0.0619658 0.38208
1 0.81851 0.559295 0.0264422 0.0416667 0.373779
1 0.542969 0.184295 0.0258413 0.0582265 0.365723
1 0.414664 0.543803 0.0294471 0.0299146 0.36377
1 0.194862 0.47516 0.0324519 0.0293803 0.341553
1 0.263522 0.216079 0.0168269 0.0422009 0.335449
1 0.945312 0.208467 0.0228365 0.0435363 0.326904
1 0.597957 0.1664 0.0240385 0.0405983 0.296631
1 0.552885 0.898504 0.0216346 0.0277778 0.256836
1 0.629808 0.661325 0.0408654 0.051282 0.555664
1 0.521935 0.310363 0.048077 0.0491453 0.503906
1 0.449519 0.673077 0.0324519 0.0801282 0.496094
1 0.790865 0.185363 0.03125 0.104167 0.453369
1 0.610577 0.855769 0.03125 0.0619658 0.430176
1 0.414664 0.542735 0.030649 0.0320513 0.429199
1 0.195312 0.474893 0.0342548 0.0320513 0.415771
1 0.54387 0.184028 0.0270432 0.0587607 0.40918
1 0.819712 0.557158 0.0264422 0.0427351 0.400635
1 0.945913 0.207799 0.0240384 0.0448718 0.376709
1 0.264123 0.214209 0.0168269 0.0422009 0.359375
1 0.570312 0.767628 0.0288462 0.034188 0.326904
1 0.598558 0.165598 0.0252404 0.0411325 0.315674
1 0.553486 0.895299 0.0216346 0.0277778 0.279785
1 0.292668 0.382479 0.0228365 0.0662393 0.254639
1 0.629808 0.661325 0.0396635 0.051282 0.530273
1 0.522236 0.308761 0.046875 0.0502137 0.477539
1 0.449519 0.676282 0.030649 0.0811966 0.459961
1 0.792067 0.186432 0.03125 0.100962 0.429199
1 0.414663 0.543803 0.0300481 0.0320513 0.414795
1 0.609976 0.855769 0.0300481 0.0619658 0.399902
1 0.54387 0.18563 0.0264423 0.0571581 0.384033
1 0.194712 0.475694 0.0345553 0.0320513 0.384033
1 0.819111 0.558227 0.0264423 0.0416667 0.380371
1 0.945913 0.208734 0.0240384 0.0451389 0.355713
1 0.263672 0.214877 0.0165264 0.0424679 0.338867
1 0.570312 0.767628 0.0288462 0.034188 0.318359
1 0.598558 0.167468 0.0240385 0.0411325 0.29834
1 0.292668 0.38328 0.0216346 0.0646368 0.259766
1 0.552885 0.895833 0.0204327 0.0277778 0.254639
1 0.630409 0.662393 0.0396635 0.0491453 0.541992
1 0.522236 0.309295 0.0480769 0.0491453 0.501953
1 0.44982 0.674145 0.03125 0.0790599 0.476562
1 0.414363 0.543803 0.0300481 0.0309829 0.454346
1 0.791466 0.187233 0.03125 0.0998932 0.435059
1 0.610577 0.856303 0.03125 0.059829 0.433105
1 0.194712 0.47516 0.0342548 0.0304487 0.413086
1 0.54387 0.186031 0.0264423 0.0566239 0.394287
1 0.945913 0.208333 0.0240384 0.0443376 0.391357
1 0.263522 0.215812 0.0168269 0.0432692 0.381104
1 0.819111 0.558227 0.0264423 0.0416667 0.36377
1 0.598558 0.167468 0.0264423 0.0400641 0.335449
1 0.292668 0.381944 0.0228365 0.0662393 0.30249
1 0.570312 0.768162 0.0288462 0.0341881 0.289307
1 0.552885 0.896902 0.0216346 0.0277778 0.273682
1 0.629808 0.662393 0.0408654 0.0502137 0.538086
1 0.44982 0.673077 0.031851 0.0801282 0.493164
1 0.521635 0.309829 0.0492788 0.0486111 0.469727
1 0.414062 0.543803 0.03125 0.0320513 0.467773
1 0.609976 0.856303 0.03125 0.059829 0.435059
1 0.195012 0.474359 0.0336538 0.0320513 0.433105
1 0.791466 0.186699 0.03125 0.0998932 0.424316
1 0.54357 0.186699 0.0258413 0.0574252 0.396973
1 0.945913 0.208333 0.0228366 0.0438034 0.375732
1 0.81851 0.558761 0.0264422 0.042735 0.359375
1 0.263522 0.215011 0.0174279 0.042735 0.355713
1 0.569712 0.768697 0.0300481 0.034188 0.329346
1 0.598558 0.168002 0.0240385 0.0400641 0.310791
1 0.552885 0.897436 0.0216346 0.0277778 0.264404
1 0.292668 0.382479 0.0228365 0.0662393 0.260498
1 0.630409 0.661859 0.0396635 0.0502137 0.546875
1 0.45012 0.67468 0.03125 0.0801282 0.498047
1 0.522236 0.310363 0.0492788 0.0491453 0.481445
1 0.792067 0.186432 0.030048 0.100427 0.453369
1 0.414363 0.544872 0.0300481 0.0320513 0.451416
1 0.610577 0.856838 0.0300481 0.0608975 0.428223
1 0.195312 0.474893 0.0327524 0.0309829 0.401611
1 0.544171 0.186432 0.0258414 0.0566239 0.399902
1 0.945913 0.208333 0.0240384 0.042735 0.397949
1 0.263822 0.21461 0.016226 0.0430021 0.370117
1 0.819712 0.558761 0.0264422 0.042735 0.370117
1 0.599159 0.168002 0.0252404 0.0400641 0.327637
1 0.570613 0.768162 0.0282452 0.0341881 0.323486
1 0.553486 0.897436 0.0210337 0.0277778 0.284668
1 0.63101 0.662393 0.0408654 0.051282 0.542969
1 0.450421 0.675214 0.031851 0.0811966 0.49707
1 0.522236 0.310897 0.0492788 0.0480769 0.462891
1 0.195312 0.474893 0.0342548 0.0331197 0.460938
1 0.414663 0.544872 0.03125 0.0320513 0.457031
1 0.792067 0.188301 0.03125 0.102564 0.456055
1 0.610577 0.857372 0.03125 0.0608974 0.422607
1 0.945913 0.209936 0.0228366 0.0448718 0.414795
1 0.819712 0.558227 0.0264422 0.0438034 0.384033
1 0.54387 0.188301 0.0264423 0.0582265 0.37207
1 0.264123 0.214477 0.0168269 0.042735 0.348633
1 0.599159 0.168269 0.0252404 0.0422009 0.342529
1 0.570312 0.769231 0.0288462 0.0341881 0.279785
1 0.553486 0.898504 0.0216346 0.0277778 0.26123
1 0.63101 0.662393 0.0396635 0.051282 0.537109
1 0.45012 0.675748 0.03125 0.0801282 0.50293
1 0.522236 0.311432 0.047476 0.0491453 0.483398
1 0.414663 0.543803 0.0300481 0.0320513 0.473633
1 0.195012 0.474359 0.0348558 0.0325854 0.451416
1 0.792067 0.187366 0.03125 0.0996261 0.44751
1 0.609976 0.856838 0.0300481 0.059829 0.44165
1 0.945913 0.21047 0.0228366 0.0438034 0.383057
1 0.819712 0.558761 0.0264422 0.042735 0.383057
1 0.264123 0.214209 0.0174279 0.0422009 0.365723
1 0.54387 0.188435 0.0264423 0.0552885 0.364746
1 0.599159 0.168269 0.0252404 0.0416667 0.33374
1 0.570913 0.769231 0.0288462 0.0341881 0.294922
1 0.554087 0.897436 0.0204327 0.025641 0.263672
1 0.63101 0.662393 0.0396635 0.051282 0.568848
1 0.45012 0.676282 0.03125 0.0811966 0.509766
1 0.414663 0.545406 0.0300481 0.0320513 0.495117
1 0.522236 0.312233 0.0480769 0.0496795 0.491211
1 0.195012 0.474893 0.0342548 0.0320513 0.47168
1 0.791466 0.187233 0.03125 0.100427 0.452393
1 0.610577 0.857372 0.0300481 0.0608974 0.44165
1 0.945913 0.211004 0.0228366 0.0448718 0.398926
1 0.54387 0.187634 0.0264423 0.0558226 0.392334
1 0.819712 0.559829 0.0264422 0.042735 0.389648
1 0.264123 0.215411 0.0168269 0.0424679 0.368408
1 0.598558 0.169204 0.0264423 0.0432692 0.361084
1 0.570613 0.769231 0.0282452 0.0341881 0.305664
1 0.553786 0.898504 0.0210336 0.0277778 0.271973
1 0.292368 0.383013 0.0222356 0.0667735 0.256104
1 0.630409 0.662393 0.0396635 0.051282 0.53418
1 0.45012 0.67735 0.0324519 0.0811966 0.492188
1 0.414663 0.544872 0.03125 0.0320513 0.478516
1 0.522236 0.3125 0.0492788 0.0502137 0.457031
1 0.195312 0.47516 0.0342548 0.0320513 0.452393
1 0.790865 0.188034 0.03125 0.100427 0.435059
1 0.610577 0.857372 0.03125 0.0608974 0.420654
1 0.945913 0.211004 0.0240384 0.0448718 0.375732
1 0.819111 0.559295 0.0276442 0.042735 0.368408
1 0.54387 0.18977 0.0264423 0.0582265 0.361084
1 0.264123 0.215812 0.0180289 0.0422009 0.342529
1 0.598558 0.169738 0.0264423 0.0430021 0.339844
1 0.570312 0.769231 0.0300481 0.0352564 0.275146
1 0.553486 0.898504 0.0222356 0.0277778 0.272705
1 0.630409 0.662393 0.0396635 0.0502137 0.559082
1 0.414663 0.544872 0.03125 0.034188 0.506836
1 0.45012 0.676816 0.0324519 0.0811966 0.506836
1 0.195012 0.475427 0.0348558 0.0331197 0.486328
1 0.521935 0.311966 0.048077 0.0502137 0.47168
1 0.790865 0.188301 0.03125 0.101496 0.451416
1 0.609375 0.856838 0.03125 0.0619658 0.437744
1 0.819111 0.558761 0.0276442 0.042735 0.405518
1 0.945913 0.210871 0.0240384 0.0446047 0.388672
1 0.54387 0.190171 0.0264423 0.0587607 0.379395
1 0.264123 0.215278 0.0180289 0.0422009 0.359375
1 0.598558 0.168803 0.0264423 0.0438034 0.350342
1 0.570312 0.769231 0.0288462 0.0341881 0.318359
1 0.553486 0.898504 0.0216346 0.0277778 0.291748
1 0.630409 0.662393 0.0396635 0.0491453 0.541992
1 0.414663 0.54594 0.03125 0.0320513 0.488281
1 0.450421 0.676816 0.031851 0.0811966 0.488281
1 0.195312 0.475962 0.0345553 0.0320513 0.46875
1 0.522236 0.3125 0.0480769 0.0502137 0.466797
1 0.790865 0.188301 0.03125 0.100962 0.440674
1 0.609976 0.856838 0.0300481 0.0608975 0.425293
1 0.945913 0.210604 0.0228366 0.0440705 0.373779
1 0.544171 0.189637 0.0264423 0.0582265 0.369385
1 0.819111 0.559829 0.0276442 0.0416667 0.356689
1 0.264273 0.215946 0.0171274 0.0419338 0.334473
1 0.599159 0.169338 0.0252404 0.042735 0.328613
1 0.570312 0.769231 0.0288462 0.0341881 0.284668
1 0.553786 0.899038 0.0216346 0.0277778 0.272705
1 0.630409 0.662927 0.0396635 0.0502137 0.560059
1 0.414664 0.54594 0.030649 0.0320513 0.501953
1 0.45012 0.676816 0.0324519 0.0811966 0.5
1 0.521635 0.3125 0.0480769 0.0502137 0.490234
1 0.195012 0.475962 0.0348558 0.0320513 0.489258
1 0.790865 0.188034 0.03125 0.100962 0.449463
1 0.609976 0.856838 0.0300481 0.0608975 0.437744
1 0.945913 0.210203 0.0228366 0.0438034 0.397949
1 0.54387 0.189503 0.0264423 0.0584936 0.38208
1 0.819111 0.560363 0.0276442 0.0416667 0.370117
1 0.598558 0.169338 0.0264423 0.0422009 0.345215
1 0.264123 0.216346 0.0174279 0.0411325 0.344238
1 0.570312 0.769231 0.0288462 0.0341881 0.289307
1 0.553486 0.899039 0.0216346 0.0267094 0.281494
1 0.63101 0.662927 0.0384615 0.0491453 0.451416
1 0.449519 0.674145 0.03125 0.0790599 0.446533
1 0.522236 0.309295 0.0480769 0.0491453 0.413086
1 0.790865 0.185497 0.030048 0.102831 0.411133
1 0.609375 0.855769 0.0300481 0.0619658 0.381104
1 0.81851 0.559295 0.0264422 0.0416667 0.373779
1 0.542969 0.184295 0.0258413 0.0582265 0.365723
1 0.414664 0.543803 0.0294471 0.0299146 0.36377
1 0.194862 0.47516 0.0324519 0.0293803 0.341553
1 0.263522 0.216079 0.0168269 0.0422009 0.334473
1 0.945312 0.2086 0.0228365 0.0432692 0.326904
1 0.597957 0.1664 0.0240385 0.0405983 0.296631
1 0.552885 0.898504 0.0216346 0.0277778 0.256836
