1 0.695913 0.714744 0.0288462 0.0641026 0.256104
1 0.694111 0.698718 0.0360577 0.0641026 0.286133
1 0.799279 0.280449 0.0216346 0.0715812 0.277588
1 0.129657 0.680021 0.0348558 0.0448718 0.313232
1 0.278245 0.200321 0.0300481 0.0945513 0.29834
1 0.949519 0.75641 0.0396635 0.0598291 0.255371
1 0.278546 0.203659 0.0300481 0.0916133 0.346924
1 0.700721 0.304487 0.0264423 0.0523504 0.280518
1 0.948317 0.754273 0.0360577 0.0576924 0.272705
1 0.794471 0.280983 0.0216346 0.0651709 0.269775
1 0.953125 0.857372 0.03125 0.0502137 0.269043
1 0.796875 0.285256 0.0192308 0.0673077 0.312256
1 0.277945 0.208734 0.0270433 0.0942842 0.283691
1 0.278245 0.204327 0.0258414 0.0956197 0.362061
1 0.798077 0.280449 0.0216346 0.0641026 0.320801
1 0.701322 0.304487 0.0216346 0.0523504 0.2854
1 0.27817 0.205662 0.0338041 0.099359 0.262207
1 0.796875 0.284188 0.0216346 0.0673077 0.253906
1 0.276142 0.200588 0.03125 0.0977564 0.258301
1 0.795673 0.284722 0.0180288 0.0673077 0.332031
1 0.947115 0.754273 0.0360577 0.0534187 0.290283
1 0.278546 0.204594 0.031851 0.0998932 0.286133
1 0.700721 0.302885 0.0288462 0.0512821 0.282959
1 0.694712 0.71047 0.03125 0.0555555 0.271973
1 0.948317 0.757479 0.0348557 0.0555556 0.311523
1 0.695913 0.71688 0.03125 0.0641026 0.304932
1 0.700721 0.307692 0.0276443 0.0566239 0.303955
1 0.795673 0.282051 0.0216346 0.0662393 0.277588
1 0.279522 0.206998 0.0323017 0.096688 0.252441
1 0.700721 0.305021 0.0264423 0.0555556 0.331055
1 0.949519 0.755342 0.0360577 0.0555556 0.281494
1 0.695913 0.713675 0.03125 0.0630341 0.275146
1 0.795673 0.282051 0.0216346 0.0705128 0.268066
1 0.915865 0.476496 0.0276443 0.034188 0.257568
1 0.277945 0.203259 0.030649 0.0945513 0.283691
1 0.70012 0.30609 0.0264423 0.0491453 0.260498
1 0.701923 0.305556 0.0252404 0.0576923 0.299805
1 0.947115 0.758547 0.0360577 0.059829 0.282227
1 0.28155 0.203659 0.0342548 0.0969551 0.280518
1 0.694712 0.715812 0.0336538 0.0619658 0.270508
1 0.795673 0.281784 0.0192308 0.0657051 0.250244
1 0.277569 0.197783 0.0301983 0.107639 0.264404
1 0.280048 0.200053 0.0300481 0.096688 0.337158
1 0.703125 0.304487 0.0264423 0.051282 0.29834
1 0.796875 0.283654 0.0180288 0.0555556 0.283691
1 0.948918 0.758547 0.0372596 0.0555556 0.281494
1 0.276367 0.199252 0.0314003 0.0988248 0.273682
1 0.699519 0.303953 0.0264423 0.0544872 0.259766
1 0.277945 0.203659 0.0324519 0.100694 0.347656
1 0.70012 0.306891 0.0252404 0.0518162 0.303223
1 0.796875 0.282586 0.0192308 0.0657051 0.264404
1 0.947115 0.757479 0.0360577 0.0576923 0.253174
1 0.700721 0.305556 0.0264423 0.0544872 0.26123
1 0.70012 0.30609 0.0276443 0.0555556 0.335449
1 0.279973 0.19765 0.0301983 0.096688 0.311523
1 0.948317 0.757479 0.0360577 0.0555556 0.277588
1 0.796875 0.28312 0.0216346 0.0662393 0.264404
1 0.700721 0.30609 0.0264423 0.0544872 0.279053
1 0.280349 0.202324 0.03125 0.0969551 0.250244
1 0.280649 0.201923 0.0336538 0.0998932 0.335449
1 0.701923 0.307692 0.0264423 0.0534188 0.27832
1 0.796875 0.282586 0.0192308 0.0651709 0.260498
1 0.279748 0.205128 0.0336538 0.0945513 0.346924
1 0.700721 0.307692 0.0264423 0.0534188 0.335449
1 0.796274 0.283921 0.0204327 0.0625 0.265137
1 0.70012 0.309295 0.0252404 0.0544872 0.277588
1 0.278846 0.199519 0.0342548 0.0977564 0.260498
1 0.796274 0.285256 0.0216346 0.0630342 0.250977
1 0.698317 0.305021 0.0264423 0.0576923 0.345947
1 0.278846 0.201122 0.0336539 0.0934829 0.344238
1 0.796875 0.282586 0.0216346 0.0651709 0.324219
1 0.694712 0.713141 0.03125 0.0619658 0.277588
1 0.279147 0.202057 0.0348558 0.100694 0.275146
1 0.700721 0.304487 0.0288462 0.0555556 0.26123
1 0.70012 0.30609 0.0276443 0.0566239 0.287842
1 0.699519 0.307158 0.0252404 0.0544872 0.276611
1 0.796274 0.280983 0.0192307 0.0673077 0.250977
1 0.70012 0.308494 0.0276443 0.0555556 0.371094
1 0.948317 0.759615 0.0336538 0.0576923 0.307373
1 0.796274 0.28312 0.0216346 0.0651709 0.303955
1 0.277569 0.194044 0.0289964 0.0905449 0.293457
1 0.695913 0.715812 0.0324519 0.0598291 0.266602
1 0.914663 0.476763 0.0264423 0.0352564 0.264404
1 0.701322 0.307425 0.0264423 0.0544872 0.325928
1 0.27817 0.198184 0.0301983 0.0929487 0.296631
1 0.795673 0.28312 0.0192308 0.0662393 0.294922
1 0.948317 0.759081 0.0360577 0.0566239 0.290283
1 0.694712 0.715812 0.0336538 0.0598291 0.251709
1 0.280048 0.201656 0.030649 0.0918804 0.342529
1 0.701923 0.305823 0.0288462 0.0571581 0.319092
1 0.795673 0.282051 0.0192308 0.0608974 0.308105
1 0.948317 0.758013 0.0384615 0.0555556 0.254639
1 0.700721 0.305288 0.0264423 0.0555556 0.361084
1 0.795673 0.284722 0.0216346 0.0651709 0.33374
1 0.279147 0.203526 0.0330529 0.0961539 0.326904
1 0.948317 0.759081 0.0372597 0.059829 0.306641
1 0.109976 0.870727 0.0210337 0.0534188 0.263672
1 0.695913 0.713141 0.0336538 0.0576923 0.259766
1 0.278546 0.198451 0.03125 0.0934829 0.274414
1 0.795673 0.28312 0.0204327 0.0619658 0.274414
1 0.699519 0.307959 0.0264423 0.0550214 0.274414
1 0.947115 0.758547 0.0360577 0.0534188 0.250977
1 0.700721 0.306624 0.0264423 0.0523504 0.309814
1 0.279522 0.196047 0.0310998 0.0918803 0.277588
1 0.795673 0.28312 0.0192308 0.0630342 0.26123
1 0.948317 0.758547 0.0360577 0.0555556 0.256836
1 0.70012 0.305288 0.0276443 0.0528846 0.343262
1 0.795072 0.28312 0.0216346 0.0630342 0.30249
1 0.948317 0.757479 0.0360577 0.0555556 0.286133
1 0.279447 0.195913 0.0330529 0.0926816 0.2854
1 0.694712 0.713675 0.0336538 0.0587607 0.273682
1 0.279447 0.195913 0.0324519 0.102831 0.370117
1 0.699519 0.305823 0.0264423 0.0528846 0.336426
1 0.795673 0.282586 0.0180288 0.0651709 0.309814
1 0.109826 0.865385 0.0210337 0.0555556 0.280518
1 0.947115 0.759615 0.0360577 0.0555556 0.27832
1 0.278546 0.201923 0.031851 0.0977564 0.359375
1 0.796875 0.284188 0.0204327 0.0667735 0.339844
1 0.700721 0.307959 0.0240385 0.0518162 0.336426
1 0.947115 0.760684 0.0360577 0.0555556 0.259033
1 0.795673 0.284722 0.0192308 0.0683761 0.373779
1 0.27832 0.204327 0.0286959 0.0934829 0.351318
1 0.70012 0.30609 0.0240385 0.0512821 0.332031
1 0.108549 0.867521 0.0214844 0.0576923 0.2854
1 0.946515 0.758547 0.0348557 0.059829 0.27832
1 0.703125 0.373397 0.0168269 0.0512821 0.262939
1 0.27832 0.202457 0.0335036 0.0918804 0.300781
1 0.700721 0.30609 0.0252404 0.0502137 0.279785
1 0.277644 0.202457 0.0324519 0.0956197 0.277588
1 0.699519 0.308761 0.0264423 0.0496795 0.266602
1 0.795673 0.284455 0.0216346 0.0630342 0.255371
1 0.278245 0.203926 0.03125 0.0932158 0.342529
1 0.70012 0.305556 0.0240385 0.0507479 0.296631
1 0.795673 0.283654 0.0192308 0.0651709 0.291016
1 0.947115 0.757479 0.0360577 0.0555556 0.279785
1 0.27817 0.202991 0.0326022 0.0977564 0.339844
1 0.700721 0.308226 0.0264423 0.0544872 0.312256
1 0.796274 0.284722 0.0216346 0.0641026 0.284668
1 0.948918 0.76015 0.0360578 0.0598291 0.266602
1 0.276968 0.20219 0.0326022 0.0972222 0.310791
1 0.795673 0.283654 0.0192308 0.0619658 0.283691
1 0.700721 0.305823 0.0240385 0.0518162 0.262207
1 0.278546 0.202591 0.0300481 0.0862714 0.367432
1 0.700721 0.305021 0.0264423 0.0502137 0.329346
1 0.795673 0.282051 0.0192308 0.0641026 0.323486
1 0.947716 0.758547 0.0360577 0.0576923 0.27124
1 0.278546 0.203659 0.030649 0.0985577 0.406494
1 0.699519 0.30609 0.0264423 0.0502137 0.334473
1 0.795673 0.283654 0.0192308 0.0662393 0.317383
1 0.948317 0.758013 0.0360577 0.0534188 0.305664
1 0.694712 0.712607 0.03125 0.0576923 0.264404
1 0.277945 0.196314 0.03125 0.0945513 0.397949
1 0.699519 0.306624 0.0264423 0.0518162 0.33374
1 0.795072 0.283387 0.0192307 0.0641026 0.300781
1 0.945913 0.758547 0.0336538 0.0534188 0.259766
1 0.277945 0.19765 0.0300481 0.0961539 0.343262
1 0.700721 0.307158 0.0264423 0.0512821 0.31665
1 0.795673 0.282586 0.0192308 0.0608974 0.2854
1 0.279522 0.197249 0.0323017 0.0996261 0.355713
1 0.701923 0.305556 0.0264423 0.0534188 0.288574
1 0.796274 0.282586 0.0204327 0.0651709 0.269775
1 0.279147 0.19765 0.0288461 0.0897436 0.329346
1 0.700721 0.308761 0.0240385 0.0512821 0.277588
1 0.796274 0.285256 0.0192307 0.0608974 0.254639
1 0.278921 0.196581 0.0298978 0.0982906 0.303223
1 0.278846 0.198317 0.030649 0.0980235 0.338867
1 0.700721 0.308226 0.0288462 0.0566239 0.308105
1 0.795673 0.284722 0.0216346 0.0641026 0.252441
1 0.279147 0.199119 0.0300481 0.0926816 0.354004
1 0.700721 0.308226 0.0264423 0.0534188 0.31665
1 0.796875 0.285256 0.0192308 0.0587607 0.299805
1 0.948317 0.759615 0.0360577 0.0534188 0.268066
1 0.13101 0.682692 0.0315505 0.0448718 0.262207
1 0.109826 0.86859 0.0216346 0.0534188 0.256104
1 0.277945 0.20219 0.0324519 0.090812 0.325195
1 0.700721 0.305823 0.0288462 0.0550214 0.305664
1 0.796274 0.282853 0.0204327 0.0635684 0.277588
1 0.947115 0.757479 0.0360577 0.0555556 0.275146
1 0.277945 0.201389 0.0294471 0.0902778 0.33374
1 0.700721 0.306357 0.0264423 0.0544872 0.281494
1 0.796875 0.283654 0.0192308 0.0608974 0.259033
1 0.704327 0.372863 0.0168269 0.0459402 0.250244
1 0.278546 0.19805 0.03125 0.0932158 0.335449
1 0.700721 0.308494 0.0288462 0.0555556 0.304932
1 0.796274 0.284722 0.0192307 0.0630342 0.271973
1 0.278245 0.198451 0.0294471 0.0945513 0.339844
1 0.700721 0.305288 0.0264423 0.0544872 0.271973
1 0.796274 0.283654 0.0192307 0.0651709 0.265137
1 0.131611 0.682692 0.031851 0.0491453 0.251709
1 0.277945 0.197115 0.03125 0.0940171 0.283691
1 0.700721 0.306624 0.0276443 0.0566239 0.263672
1 0.796274 0.282586 0.0204327 0.0683761 0.251709
1 0.278846 0.197382 0.0288461 0.0945513 0.328613
1 0.700721 0.309295 0.0264423 0.0523504 0.29248
1 0.796274 0.284188 0.0192307 0.0641026 0.284668
1 0.704327 0.374466 0.0168269 0.0432692 0.256836
1 0.277945 0.197382 0.0300481 0.0945513 0.2854
1 0.699519 0.307692 0.0264423 0.0555556 0.279053
1 0.795072 0.282853 0.0204327 0.0657051 0.253174
1 0.278846 0.203526 0.031851 0.0924145 0.297363
1 0.700721 0.306357 0.0264423 0.0566239 0.279053
1 0.796274 0.282586 0.0192307 0.0651709 0.265869
1 0.278245 0.201389 0.03125 0.0950855 0.364746
1 0.699519 0.30609 0.0276443 0.0555556 0.314941
1 0.795673 0.282318 0.0192308 0.0641026 0.303223
1 0.278846 0.198584 0.031851 0.09375 0.297363
1 0.70012 0.305823 0.0276443 0.0560897 0.289307
1 0.278846 0.196848 0.0300481 0.0972222 0.329346
1 0.70012 0.306624 0.0264423 0.0555556 0.31665
1 0.796274 0.282586 0.0192307 0.0630342 0.281494
1 0.947115 0.758013 0.0360577 0.0566239 0.27124
1 0.278546 0.198184 0.0300481 0.0934829 0.320801
1 0.70012 0.30609 0.0276443 0.0555556 0.320801
1 0.796274 0.283921 0.0192307 0.0641026 0.277588
1 0.947115 0.757479 0.0360577 0.0555556 0.257568
1 0.700721 0.305556 0.0252404 0.053953 0.38208
1 0.278771 0.200588 0.0289964 0.0961539 0.351318
1 0.796875 0.284188 0.0204327 0.0641026 0.32251
1 0.947115 0.759615 0.0348557 0.0534188 0.291748
1 0.704327 0.371261 0.0168269 0.0459402 0.256104
1 0.879207 0.242521 0.0264423 0.0443376 0.251709
1 0.694712 0.713675 0.0336538 0.0598291 0.250977
1 0.700721 0.307692 0.0288462 0.0544872 0.275146
1 0.278546 0.203526 0.03125 0.0918803 0.271973
1 0.279447 0.202591 0.03125 0.0948184 0.338867
1 0.701322 0.304487 0.0276443 0.0534188 0.338135
1 0.796875 0.285524 0.0216346 0.0657051 0.27832
1 0.27832 0.200321 0.0310997 0.0972222 0.362061
1 0.700721 0.307692 0.0264423 0.0523504 0.308105
1 0.795673 0.284722 0.0216346 0.0651709 0.267334
1 0.278546 0.203259 0.030649 0.0945513 0.399902
1 0.700721 0.307959 0.0264423 0.0534188 0.345947
1 0.796875 0.284989 0.0204327 0.0657051 0.306641
1 0.947115 0.759081 0.0360577 0.0566239 0.266602
1 0.704327 0.371261 0.0168269 0.0459402 0.262939
1 0.700721 0.307425 0.0264423 0.0534188 0.33374
1 0.278546 0.203259 0.0324519 0.0956197 0.326904
1 0.796875 0.284188 0.0216346 0.0651709 0.299072
1 0.947115 0.758547 0.0360577 0.0555556 0.271973
1 0.704928 0.370994 0.015625 0.0464744 0.265869
1 0.700721 0.307158 0.0264423 0.0544872 0.342529
1 0.278846 0.202457 0.030649 0.0940171 0.338867
1 0.796875 0.283921 0.0192308 0.0635684 0.286865
1 0.947115 0.759081 0.0360577 0.0566239 0.268066
1 0.879808 0.242788 0.0276443 0.0464744 0.256836
1 0.704928 0.371795 0.015625 0.0443376 0.255371
1 0.278245 0.198718 0.0300481 0.0956197 0.304932
1 0.700721 0.306357 0.0264423 0.0523504 0.303223
1 0.796274 0.284455 0.0204327 0.0630342 0.256836
1 0.700721 0.306624 0.0264423 0.0523504 0.33374
1 0.278245 0.197917 0.0300481 0.0945513 0.297363
1 0.796274 0.285524 0.0216346 0.0662393 0.265137
1 0.947115 0.75641 0.0360577 0.0544872 0.259766
1 0.699519 0.304487 0.0264423 0.053953 0.429199
1 0.277043 0.198451 0.030649 0.0934829 0.381104
1 0.947115 0.757479 0.0336538 0.0534188 0.319092
1 0.794471 0.293002 0.0216346 0.0667735 0.306641
1 0.704928 0.369658 0.015625 0.0459402 0.300781
1 0.13131 0.685363 0.03125 0.0459401 0.279053
1 0.69351 0.71047 0.03125 0.059829 0.272705
1 0.111328 0.878205 0.0234375 0.0576923 0.270508
1 0.278245 0.199786 0.0324519 0.0972222 0.42627
1 0.70012 0.305021 0.0264423 0.0523504 0.420654
1 0.795673 0.293269 0.0216346 0.0651709 0.336426
1 0.704928 0.369391 0.015625 0.0443376 0.313965
1 0.878606 0.239383 0.0264422 0.0447383 0.313232
1 0.947716 0.757479 0.0348557 0.0534188 0.306641
1 0.694712 0.708868 0.0336538 0.0576923 0.30249
1 0.131911 0.682692 0.0300481 0.0448718 0.273682
1 0.111779 0.877137 0.0228365 0.0576923 0.272705
1 0.915865 0.473291 0.0264423 0.0373931 0.265137
1 0.699519 0.30609 0.0264423 0.0544872 0.458984
1 0.27817 0.200588 0.0326022 0.0972222 0.410156
1 0.795673 0.289797 0.0216346 0.0635684 0.368408
1 0.948317 0.759081 0.0360577 0.0544872 0.337158
1 0.694712 0.71047 0.0324519 0.059829 0.317383
1 0.131611 0.684295 0.0324519 0.0480769 0.309082
1 0.704327 0.369391 0.0168269 0.0464744 0.303223
1 0.878606 0.242455 0.0288462 0.0471421 0.299072
1 0.111478 0.876068 0.0243389 0.0619658 0.267334
1 0.901442 0.38515 0.0600962 0.0544872 0.260498
1 0.699519 0.30609 0.0252404 0.0523504 0.474609
1 0.278245 0.201923 0.03125 0.0950855 0.457031
1 0.796274 0.288996 0.0204327 0.0630342 0.42627
1 0.694712 0.711004 0.03125 0.0555556 0.36377
1 0.947716 0.757479 0.0336538 0.0534188 0.362061
1 0.704928 0.369658 0.015625 0.0438034 0.357666
1 0.878606 0.240852 0.0264422 0.043937 0.332031
1 0.697115 0.492521 0.0240385 0.042735 0.303955
1 0.131611 0.683227 0.031851 0.0459402 0.296631
1 0.954327 0.863248 0.0360577 0.059829 0.282227
1 0.109375 0.871795 0.0222356 0.0555556 0.277588
1 0.277344 0.200588 0.03125 0.0977564 0.518555
1 0.699519 0.305556 0.0264423 0.0544872 0.511719
1 0.795673 0.290064 0.0192308 0.0608974 0.454346
1 0.694712 0.711004 0.0336538 0.0576923 0.403564
1 0.947115 0.757479 0.0348557 0.0534188 0.403564
1 0.704928 0.369124 0.015625 0.0438034 0.390381
1 0.878606 0.240919 0.0264422 0.0422009 0.359375
1 0.13131 0.682158 0.03125 0.0480769 0.336426
1 0.902644 0.38515 0.0600962 0.051282 0.320068
1 0.697115 0.494124 0.0228365 0.0405983 0.307373
1 0.109075 0.872863 0.0228365 0.0555556 0.29834
1 0.954327 0.863248 0.0360577 0.0576923 0.293457
1 0.699519 0.304754 0.0252404 0.053953 0.463867
1 0.277344 0.202991 0.030649 0.0945513 0.457031
1 0.795673 0.288996 0.0192308 0.0608974 0.431152
1 0.704327 0.369391 0.0144231 0.0438034 0.373779
1 0.947115 0.757479 0.0336538 0.0544872 0.368408
1 0.694712 0.709402 0.03125 0.0576923 0.344238
1 0.131611 0.682158 0.031851 0.0459402 0.343262
1 0.878005 0.240118 0.0264423 0.0422009 0.338135
1 0.108924 0.872329 0.0228365 0.0555556 0.309814
1 0.696514 0.494124 0.0228365 0.042735 0.291016
1 0.70012 0.305021 0.0264423 0.0523504 0.524414
1 0.796875 0.28953 0.0216346 0.0619658 0.49707
1 0.27832 0.20179 0.0323017 0.0964209 0.487305
1 0.948317 0.757479 0.0336538 0.0534188 0.417725
1 0.694712 0.709402 0.0324519 0.0576923 0.399902
1 0.704928 0.369124 0.015625 0.0438034 0.394287
1 0.878606 0.240385 0.0264422 0.0422009 0.384033
1 0.131611 0.68109 0.031851 0.0459402 0.371094
1 0.109675 0.870727 0.023137 0.0555556 0.35498
1 0.697115 0.493056 0.0240385 0.0438034 0.346924
1 0.954327 0.864316 0.0360577 0.0576923 0.313965
1 0.915865 0.472222 0.0276443 0.0352564 0.282959
1 0.700721 0.305556 0.0264423 0.0534188 0.490234
1 0.796274 0.289263 0.0204327 0.0614316 0.472656
1 0.278546 0.202991 0.03125 0.0934829 0.44165
1 0.948317 0.757479 0.0360577 0.0555556 0.402588
1 0.704327 0.369658 0.0144231 0.0438034 0.398926
1 0.878606 0.240919 0.0264422 0.0422009 0.373047
1 0.694712 0.711538 0.0336538 0.0576923 0.366699
1 0.131911 0.680556 0.03125 0.0459402 0.345215
1 0.697115 0.493857 0.0240385 0.0432692 0.320801
1 0.902043 0.383013 0.0600962 0.0566239 0.311523
1 0.109225 0.871795 0.0228365 0.0555556 0.309814
1 0.955529 0.863782 0.0360577 0.0587607 0.271973
1 0.699519 0.305556 0.0252404 0.0523504 0.526367
1 0.796274 0.288996 0.0204327 0.0614316 0.508789
1 0.278245 0.203259 0.030649 0.0950855 0.486328
1 0.947115 0.757479 0.0360577 0.0544872 0.440674
1 0.704327 0.36859 0.015625 0.0438034 0.433105
1 0.694712 0.708868 0.0336538 0.0566239 0.406494
1 0.878005 0.24192 0.0276443 0.0418002 0.39502
1 0.131911 0.68109 0.0321514 0.0438034 0.366699
1 0.697115 0.493323 0.0240385 0.0432692 0.358398
1 0.955529 0.864316 0.0360577 0.0576923 0.325195
1 0.1093 0.872863 0.0232873 0.0555556 0.32251
1 0.915865 0.472756 0.0264423 0.0331197 0.279053
1 0.0218224 0.341079 0.0436448 0.0480769 0.259766
1 0.699519 0.305021 0.0264423 0.0523504 0.541992
1 0.795673 0.288996 0.0216346 0.0630342 0.50293
1 0.27832 0.202724 0.0323017 0.0956197 0.494141
1 0.948317 0.757479 0.0360577 0.0555556 0.437744
1 0.704327 0.368056 0.0168269 0.0432692 0.434082
1 0.694712 0.709402 0.0324519 0.056624 0.419678
1 0.877404 0.240318 0.0288462 0.0428686 0.377441
1 0.697115 0.493056 0.0240385 0.0438034 0.376709
1 0.131573 0.681624 0.032527 0.0448718 0.360352
1 0.954327 0.864316 0.0360577 0.0576923 0.334473
1 0.109375 0.873932 0.0240385 0.0555556 0.332764
1 0.915865 0.472222 0.0288462 0.0363248 0.300781
1 0.0220853 0.34188 0.0441707 0.0496795 0.271973
1 0.699519 0.305556 0.0252404 0.0523504 0.535156
1 0.278546 0.20219 0.03125 0.0940171 0.506836
1 0.796274 0.28766 0.0204327 0.0625 0.50293
1 0.704327 0.368857 0.015625 0.0432692 0.440674
1 0.948317 0.757479 0.0336538 0.0555556 0.430176
1 0.694712 0.709402 0.03125 0.0555556 0.416748
1 0.697115 0.493056 0.0240385 0.042735 0.378418
1 0.878606 0.241453 0.0264422 0.0416667 0.367432
1 0.132061 0.681624 0.0315505 0.0448718 0.36377
1 0.110201 0.872863 0.0232873 0.0555556 0.323486
1 0.955529 0.864316 0.0360577 0.0576923 0.303223
1 0.915865 0.473291 0.0264423 0.0347222 0.281494
1 0.0278696 0.219017 0.0225361 0.0448718 0.262207
1 0.699519 0.30609 0.0264423 0.0544872 0.545898
1 0.795673 0.288996 0.0216346 0.0641026 0.517578
1 0.278846 0.203392 0.031851 0.0964209 0.510742
1 0.948317 0.758013 0.0360577 0.0555556 0.442627
1 0.694712 0.709936 0.0336538 0.0576923 0.431152
1 0.704928 0.36859 0.015625 0.0438034 0.416748
1 0.878606 0.241453 0.0276443 0.0432692 0.38208
1 0.697115 0.494124 0.0240385 0.0438034 0.366699
1 0.132212 0.682158 0.0324519 0.0470086 0.35498
1 0.109976 0.873932 0.0240385 0.0576923 0.326904
1 0.915865 0.473291 0.0288462 0.0363248 0.307373
1 0.955529 0.865385 0.0360577 0.0576924 0.289307
1 0.0221229 0.340545 0.0442458 0.0502137 0.265137
1 0.70012 0.306624 0.0264423 0.0534188 0.547852
1 0.278771 0.204327 0.0314003 0.0929487 0.501953
1 0.796274 0.288996 0.0204327 0.0619658 0.501953
1 0.948317 0.758547 0.0360577 0.0555556 0.438721
1 0.704928 0.369124 0.015625 0.042735 0.431152
1 0.694712 0.71047 0.0336538 0.0566239 0.421631
1 0.878606 0.242254 0.0276443 0.042735 0.387695
1 0.697115 0.494925 0.0240385 0.0432693 0.348633
1 0.132212 0.681624 0.03125 0.0459402 0.348633
1 0.110201 0.873932 0.0241887 0.0566239 0.32251
1 0.915865 0.473024 0.0276443 0.0347222 0.313232
1 0.0221229 0.341346 0.0442458 0.0496795 0.29834
1 0.955529 0.866453 0.0360577 0.0566239 0.275879
1 0.430289 0.2291 0.0204327 0.0418002 0.250977
1 0.699519 0.306624 0.0264423 0.0544872 0.559082
1 0.795673 0.288462 0.0192308 0.0619658 0.510742
1 0.278546 0.20406 0.031851 0.0934829 0.508789
1 0.948317 0.758547 0.0360577 0.0555556 0.456055
1 0.704327 0.369124 0.0144231 0.0438034 0.44458
1 0.694712 0.71047 0.0336538 0.0576923 0.430176
1 0.878606 0.243323 0.0264422 0.042735 0.410156
1 0.132212 0.682692 0.0324519 0.0470086 0.367432
1 0.697115 0.494658 0.0240385 0.0427351 0.361084
1 0.915865 0.473825 0.0264423 0.034188 0.338135
1 0.110201 0.873932 0.0235877 0.0555556 0.324219
1 0.022198 0.34188 0.044396 0.0502137 0.319092
1 0.955529 0.865385 0.0360577 0.0555556 0.295898
1 0.429688 0.2291 0.0204327 0.0418002 0.274414
1 0.0275691 0.220219 0.0241887 0.0456731 0.265137
1 0.699519 0.306891 0.0264423 0.053953 0.546875
1 0.278546 0.204594 0.0324519 0.0940171 0.495117
1 0.795673 0.290064 0.0216346 0.0619658 0.482422
1 0.704928 0.369124 0.015625 0.0438034 0.437744
1 0.948317 0.758547 0.0360577 0.0555556 0.424316
1 0.694712 0.71047 0.0336538 0.0576923 0.410156
1 0.878005 0.243122 0.0288462 0.0436699 0.383057
1 0.131761 0.682692 0.0324519 0.0470086 0.361084
1 0.697115 0.494658 0.0240385 0.0438034 0.34082
1 0.915865 0.473291 0.0288462 0.0352564 0.320068
1 0.109976 0.875 0.0246394 0.0576923 0.309082
1 0.954928 0.865385 0.0372596 0.0576924 0.299072
1 0.0224609 0.34188 0.0449219 0.0496795 0.29834
1 0.429688 0.229167 0.0204327 0.0422009 0.256104
1 0.0273438 0.220887 0.0247897 0.045406 0.250244
1 0.699519 0.306624 0.0264423 0.0544872 0.561035
1 0.278771 0.204728 0.0314003 0.0948184 0.501953
1 0.795673 0.289797 0.0204327 0.0630342 0.5
1 0.704928 0.369124 0.015625 0.0448718 0.466797
1 0.948317 0.758013 0.0360577 0.0555556 0.437744
1 0.694712 0.709936 0.0336538 0.0576923 0.42627
1 0.878606 0.242254 0.0288462 0.0438034 0.407227
1 0.131761 0.682692 0.0327524 0.0470086 0.373779
1 0.697115 0.494658 0.0240385 0.0438034 0.359375
1 0.915865 0.473558 0.0288462 0.0352564 0.345215
1 0.109826 0.874466 0.0246394 0.0576923 0.320801
1 0.0223107 0.341346 0.0446214 0.0502137 0.314941
1 0.955529 0.865385 0.0360577 0.0576924 0.303223
1 0.429988 0.229167 0.0204327 0.042735 0.291748
1 0.0275691 0.22062 0.0244892 0.0459402 0.250244
1 0.699519 0.307158 0.0264423 0.0544872 0.550781
1 0.278771 0.204861 0.0314003 0.0945513 0.487305
1 0.795673 0.290064 0.0204327 0.0630342 0.487305
1 0.704928 0.369124 0.015625 0.0448718 0.452393
1 0.948317 0.758547 0.0360577 0.0555556 0.429199
1 0.694712 0.71047 0.0336538 0.0576923 0.410156
1 0.878606 0.243056 0.0276443 0.0432692 0.377441
1 0.131911 0.682692 0.0321514 0.0470086 0.34082
1 0.697115 0.495192 0.0240385 0.0427351 0.337158
1 0.915865 0.473825 0.0276443 0.0347222 0.321777
1 0.955529 0.865385 0.0360577 0.0576924 0.309082
1 0.109826 0.875 0.023738 0.0566239 0.305664
1 0.0223858 0.34188 0.0447716 0.0502137 0.299805
1 0.430289 0.229233 0.0204327 0.0426015 0.274414
1 0.699519 0.306891 0.0264423 0.0544872 0.567871
1 0.795673 0.290064 0.0204327 0.0630342 0.501953
1 0.278546 0.204594 0.031851 0.0945513 0.49707
1 0.704928 0.369124 0.015625 0.0438034 0.459961
1 0.948317 0.758547 0.0360577 0.0555556 0.448486
1 0.694712 0.709936 0.0336538 0.0566239 0.428223
1 0.878606 0.242989 0.0288462 0.0428686 0.392334
1 0.131911 0.682692 0.0324519 0.0470086 0.365723
1 0.697115 0.495459 0.0240385 0.0432693 0.347656
1 0.915865 0.473825 0.0276443 0.034188 0.33374
1 0.0223483 0.341346 0.0446965 0.0496795 0.32251
1 0.955529 0.865385 0.0360577 0.0566239 0.32251
1 0.109826 0.875 0.023738 0.0555556 0.320068
1 0.429988 0.229167 0.0204327 0.0416667 0.27124
1 0.699519 0.304754 0.0252404 0.053953 0.463867
1 0.277344 0.202991 0.030649 0.0945513 0.457031
1 0.795673 0.288996 0.0192308 0.0608974 0.431152
1 0.704327 0.369391 0.0144231 0.0438034 0.373779
1 0.947115 0.757479 0.0336538 0.0544872 0.368408
1 0.694712 0.709936 0.03125 0.0576923 0.344238
1 0.131611 0.682158 0.031851 0.0459402 0.343262
1 0.878005 0.240118 0.0264423 0.0422009 0.337158
1 0.108924 0.872329 0.0228365 0.0555556 0.309814
1 0.696514 0.494124 0.0228365 0.042735 0.291016
