1 0.227163 0.549145 0.0390625 0.0470086 0.352295
1 0.429688 0.425214 0.0216346 0.0694444 0.2854
1 0.830529 0.603633 0.09375 0.141026 0.325928
1 0.226863 0.55235 0.0438702 0.0576923 0.378418
1 0.542067 0.526576 0.0288461 0.0750534 0.29834
1 0.632212 0.619658 0.03125 0.0779914 0.250244
1 0.227464 0.551282 0.0450721 0.0448718 0.311523
1 0.765024 0.783654 0.0492788 0.0438034 0.295898
1 0.916466 0.892094 0.0408654 0.104701 0.258301
1 0.836538 0.956197 0.03125 0.0470086 0.250977
1 0.427885 0.440438 0.0216346 0.0614316 0.318359
1 0.227464 0.550214 0.0426683 0.051282 0.29834
1 0.837139 0.956197 0.0288462 0.0491453 0.263672
1 0.314303 0.759615 0.0276442 0.0587607 0.291748
1 0.227764 0.550214 0.0498798 0.0534188 0.280518
1 0.635817 0.263822 0.0576923 0.0888088 0.279785
1 0.00867638 0.378205 0.0173528 0.0395299 0.256836
1 0.915265 0.897436 0.0300481 0.104701 0.271973
1 0.837139 0.956197 0.0264423 0.0491453 0.271973
1 0.429688 0.442308 0.0228365 0.0726496 0.27124
1 0.766827 0.78312 0.0528846 0.0470085 0.253906
1 0.764423 0.786325 0.0528846 0.0491453 0.250244
1 0.765024 0.78953 0.0528846 0.0619658 0.29248
1 0.765625 0.788462 0.0504808 0.0448719 0.271973
1 0.540565 0.543803 0.0294471 0.0747863 0.265869
1 0.426983 0.441774 0.0258413 0.0683761 0.265137
1 0.915865 0.896368 0.0336538 0.106838 0.262939
1 0.314904 0.760684 0.031851 0.0555556 0.253906
1 0.428486 0.443376 0.0252404 0.0726496 0.269043
1 0.315505 0.759081 0.03125 0.059829 0.268066
1 0.916466 0.900107 0.0384616 0.110043 0.26123
1 0.542067 0.545406 0.0264423 0.0758547 0.258301
1 0.771635 0.791667 0.0408654 0.0448718 0.255371
1 0.83714 0.96047 0.0300481 0.051282 0.250244
1 0.766827 0.790064 0.048077 0.0459402 0.357666
1 0.229567 0.555556 0.0426683 0.0502137 0.321777
1 0.314904 0.759081 0.0336538 0.059829 0.267334
1 0.838341 0.958333 0.0324519 0.0491453 0.264404
1 0.540865 0.547009 0.03125 0.0769231 0.255371
1 0.228065 0.555556 0.0456731 0.0555556 0.253174
1 0.428185 0.444979 0.0246395 0.0726496 0.252441
1 0.225661 0.553953 0.0357572 0.0448718 0.275879
1 0.315505 0.761752 0.0282452 0.0534188 0.275146
1 0.429688 0.442575 0.0216346 0.0699786 0.268066
1 0.542668 0.543803 0.0276442 0.0769231 0.251709
1 0.765625 0.784188 0.0564904 0.0491453 0.271973
1 0.227163 0.553419 0.0489784 0.0534188 0.269043
1 0.313101 0.758547 0.0276442 0.0555556 0.26123
1 0.909255 0.923077 0.0204327 0.0662393 0.279053
1 0.227614 0.554487 0.0423678 0.0512821 0.271973
1 0.765625 0.785256 0.0516827 0.0470085 0.309814
1 0.227013 0.551816 0.0435697 0.0491453 0.250244
1 0.765625 0.792735 0.0528846 0.0480769 0.250977
1 0.227915 0.553419 0.0417668 0.0534188 0.253174
1 0.228065 0.553419 0.0456731 0.0491453 0.2854
1 0.628606 0.61859 0.0288462 0.0630342 0.267334
1 0.83774 0.96047 0.03125 0.051282 0.259766
1 0.765625 0.785791 0.0528846 0.0438034 0.256104
1 0.764423 0.787393 0.0528846 0.0480769 0.309082
1 0.226112 0.555556 0.0435697 0.0523504 0.293457
1 0.427885 0.441774 0.0252404 0.0715812 0.307373
1 0.766827 0.784188 0.0528846 0.0491453 0.283691
1 0.83774 0.96047 0.0360577 0.0555556 0.274414
1 0.314002 0.759615 0.0288461 0.059829 0.267334
1 0.541166 0.543803 0.0282452 0.0769231 0.265869
1 0.909255 0.92094 0.0240385 0.0683761 0.263672
1 0.765625 0.783654 0.0540865 0.0502136 0.293457
1 0.765625 0.785256 0.0528846 0.0502137 0.324219
1 0.226562 0.553953 0.0447716 0.0555556 0.266602
1 0.765625 0.785256 0.0516827 0.0491453 0.270508
1 0.227163 0.55609 0.0456731 0.0555556 0.329346
1 0.766827 0.785256 0.0528846 0.0448718 0.323486
1 0.836538 0.962607 0.0336538 0.0534187 0.279785
1 0.428185 0.446047 0.0252404 0.0705129 0.274414
1 0.314904 0.761752 0.0300481 0.0576923 0.263672
1 0.225661 0.553419 0.0417668 0.0480769 0.282959
1 0.766226 0.786859 0.0528846 0.0438034 0.282227
1 0.315505 0.762286 0.0300481 0.0576924 0.255371
1 0.428486 0.445513 0.0240385 0.0683761 0.251709
1 0.227764 0.55235 0.046274 0.051282 0.313965
1 0.766827 0.785256 0.0528846 0.0470085 0.296631
1 0.83774 0.959936 0.0360577 0.0523504 0.257568
1 0.225661 0.555556 0.0426683 0.0534188 0.299805
1 0.628606 0.621261 0.0288462 0.0608974 0.286865
1 0.637019 0.260951 0.0600962 0.096688 0.282959
1 0.315505 0.763355 0.03125 0.0587607 0.270508
1 0.837139 0.959402 0.0336538 0.0534188 0.254639
1 0.427284 0.44391 0.0246394 0.0683761 0.251709
1 0.766226 0.786325 0.0504808 0.042735 0.251709
1 0.766827 0.788462 0.0552885 0.0470086 0.257568
1 0.227464 0.55235 0.046875 0.0491453 0.293457
1 0.766827 0.785791 0.0552885 0.042735 0.276611
1 0.836538 0.959402 0.0336538 0.0534188 0.270508
1 0.427284 0.442308 0.0240385 0.0662393 0.253906
1 0.766827 0.786325 0.0528846 0.0480769 0.295898
1 0.228666 0.55235 0.046274 0.0534188 0.2854
1 0.427284 0.429487 0.0228365 0.0683761 0.263672
1 0.227614 0.553419 0.0447716 0.0470085 0.29248
1 0.766827 0.786325 0.0528846 0.0405983 0.275146
1 0.314904 0.762821 0.0294471 0.059829 0.256836
1 0.429688 0.444444 0.0252404 0.0705128 0.253174
1 0.836538 0.961539 0.03125 0.051282 0.251709
1 0.766226 0.784188 0.0540865 0.0438034 0.34082
1 0.227464 0.55235 0.0456731 0.0491453 0.325195
1 0.0888672 0.760684 0.0232873 0.0854701 0.318359
1 0.428486 0.442842 0.0228365 0.0715812 0.272705
1 0.629207 0.61859 0.0240385 0.0619658 0.27124
1 0.646034 0.793803 0.0168269 0.0491453 0.267334
1 0.314002 0.761752 0.0264423 0.0608975 0.257568
1 0.536659 0.535123 0.0270432 0.0750535 0.254639
1 0.765625 0.782051 0.0504808 0.0448718 0.320068
1 0.635817 0.258814 0.0612981 0.0950855 0.259766
1 0.227163 0.551282 0.0444711 0.051282 0.250244
1 0.765625 0.792201 0.0504808 0.0448718 0.250244
1 0.764423 0.784188 0.0528846 0.042735 0.308105
1 0.227163 0.550214 0.0438702 0.0470086 0.279053
1 0.765625 0.785791 0.0528846 0.0491453 0.318359
1 0.428185 0.443643 0.0264423 0.0726496 0.262207
1 0.427885 0.441774 0.0258413 0.0694444 0.250244
1 0.764423 0.784188 0.0516827 0.0491453 0.348633
1 0.227464 0.55235 0.0450721 0.0534188 0.303955
1 0.427885 0.443376 0.0240385 0.0667735 0.284668
1 0.314303 0.760684 0.030649 0.0576923 0.262939
1 0.766226 0.78312 0.0540865 0.0448718 0.350342
1 0.227464 0.551816 0.0450721 0.0480769 0.303223
1 0.426683 0.441239 0.0240385 0.0699786 0.289307
1 0.0905198 0.759615 0.0222356 0.0844017 0.282227
1 0.83774 0.958333 0.0336538 0.0480769 0.267334
1 0.314904 0.760684 0.03125 0.0619658 0.262207
1 0.630409 0.616987 0.0264423 0.0619658 0.253906
1 0.540264 0.541667 0.0276442 0.0779914 0.250977
1 0.765625 0.78312 0.0528846 0.0470085 0.37207
1 0.226863 0.55235 0.047476 0.0523504 0.29248
1 0.427284 0.430556 0.0252404 0.073718 0.287842
1 0.313101 0.760684 0.0288461 0.0576923 0.266602
1 0.629207 0.619658 0.0264423 0.0598291 0.259766
1 0.0898438 0.760684 0.023137 0.0811966 0.256836
1 0.918269 0.857372 0.03125 0.0470085 0.256104
1 0.766827 0.785791 0.0528846 0.0470085 0.366699
1 0.227915 0.553419 0.0450721 0.0491453 0.293457
1 0.766226 0.786325 0.0516827 0.0491453 0.284668
1 0.428486 0.43109 0.0258413 0.0683761 0.264404
1 0.227163 0.552885 0.0444711 0.0512821 0.26123
1 0.765625 0.785256 0.0528846 0.0470085 0.299072
1 0.765625 0.785256 0.0552885 0.0459401 0.303223
1 0.226863 0.553419 0.0456731 0.0534188 0.27832
1 0.765625 0.785791 0.0528846 0.0470085 0.337158
1 0.227163 0.553953 0.0450721 0.0523504 0.299805
1 0.428486 0.430556 0.0228365 0.0662393 0.276611
1 0.629808 0.619658 0.0252404 0.0555556 0.262939
1 0.873798 0.864316 0.0216347 0.0341881 0.253906
1 0.227764 0.557158 0.047476 0.0523504 0.279053
1 0.765625 0.784188 0.0516827 0.0448718 0.264404
1 0.227163 0.55235 0.0429688 0.051282 0.250244
1 0.765625 0.786325 0.0504808 0.0470085 0.279785
1 0.226863 0.553419 0.0456731 0.0534188 0.254639
1 0.764423 0.78312 0.0528846 0.0470085 0.290283
1 0.226713 0.55235 0.0447716 0.051282 0.287842
1 0.427885 0.431624 0.0240385 0.0694444 0.260498
1 0.765625 0.784188 0.0528846 0.051282 0.287842
1 0.227464 0.557692 0.046875 0.0555556 0.262207
1 0.765625 0.785256 0.0516827 0.0448718 0.294922
1 0.227163 0.553419 0.0438702 0.0491453 0.282227
1 0.629808 0.620727 0.0240385 0.0598291 0.27124
1 0.315204 0.761752 0.0288462 0.059829 0.267334
1 0.765625 0.784188 0.0504808 0.0448718 0.2854
1 0.226863 0.55235 0.0450721 0.0534188 0.258301
1 0.0895433 0.761218 0.0246394 0.0811965 0.257568
1 0.765625 0.78312 0.0528846 0.0470085 0.282959
1 0.227915 0.55235 0.0456731 0.0534188 0.264404
1 0.765625 0.78312 0.0504808 0.0470085 0.312256
1 0.629207 0.620192 0.0264423 0.0608974 0.273682
1 0.314603 0.761752 0.0294471 0.0619658 0.273682
1 0.427284 0.440705 0.0240385 0.0683761 0.272705
1 0.227614 0.55235 0.0447716 0.051282 0.268066
1 0.0892428 0.760684 0.0240385 0.0811966 0.262939
1 0.765625 0.785256 0.0504808 0.0491453 0.309082
1 0.227915 0.553953 0.0465745 0.0534188 0.256104
1 0.765625 0.784188 0.0528846 0.0491453 0.308105
1 0.315505 0.760684 0.03125 0.0619658 0.275879
1 0.228666 0.55235 0.047476 0.0544872 0.272705
1 0.629808 0.619658 0.0264423 0.0619658 0.260498
1 0.765625 0.784722 0.0528846 0.0470086 0.353027
1 0.228065 0.553419 0.0456731 0.0523504 0.313232
1 0.629808 0.619658 0.0264423 0.0598291 0.270508
1 0.873798 0.861645 0.0216347 0.0341881 0.266602
1 0.315505 0.761752 0.0300481 0.0608975 0.260498
1 0.427584 0.440705 0.0246394 0.0694444 0.253906
1 0.492789 0.583333 0.0240385 0.0363248 0.250977
1 0.228365 0.553953 0.0450721 0.0534188 0.344238
1 0.765625 0.784722 0.0528846 0.0448718 0.321777
1 0.427885 0.439637 0.0240385 0.0694445 0.306641
1 0.316106 0.762821 0.0288462 0.059829 0.293457
1 0.541767 0.543269 0.0294471 0.0758547 0.284668
1 0.629808 0.620727 0.0264423 0.0598291 0.280518
1 0.895433 0.481303 0.0336539 0.0470086 0.262939
1 0.873798 0.862714 0.0216347 0.0331196 0.260498
1 0.837139 0.96047 0.0336538 0.0523504 0.254639
1 0.764423 0.786325 0.0528846 0.0470085 0.303223
1 0.227013 0.555021 0.0459736 0.0566239 0.258301
1 0.227614 0.552885 0.0441707 0.0512821 0.295898
1 0.765625 0.78312 0.0504808 0.0448718 0.287842
1 0.428486 0.437767 0.0252404 0.0673077 0.275879
1 0.316707 0.761752 0.031851 0.0619658 0.272705
1 0.542067 0.538996 0.0300481 0.0737179 0.260498
1 0.766226 0.784722 0.0516827 0.0459401 0.280518
1 0.227614 0.553419 0.0447716 0.0512821 0.271973
1 0.316106 0.761752 0.03125 0.059829 0.250977
1 0.765625 0.786325 0.0516827 0.0502137 0.335449
1 0.227163 0.557692 0.046274 0.0534188 0.310791
1 0.316406 0.762286 0.03125 0.0630341 0.274414
1 0.428486 0.432692 0.0240385 0.0715812 0.265869
1 0.629808 0.620727 0.0264423 0.0630342 0.257568
1 0.765625 0.786325 0.0528846 0.0512821 0.36377
1 0.228065 0.558761 0.0456731 0.051282 0.277588
1 0.427885 0.442308 0.0240385 0.0683761 0.259033
1 0.765625 0.786325 0.0528846 0.0512821 0.354004
1 0.228666 0.554487 0.0450721 0.0534188 0.29834
1 0.428486 0.441506 0.0234375 0.0683761 0.297363
1 0.919471 0.86218 0.030048 0.0512821 0.262939
1 0.540865 0.543803 0.03125 0.0747863 0.253906
1 0.316707 0.762821 0.03125 0.059829 0.253174
1 0.765625 0.786325 0.0504808 0.0448718 0.299805
1 0.228365 0.554487 0.0444711 0.0491453 0.269043
1 0.428185 0.439103 0.0234375 0.0694444 0.251709
1 0.765625 0.787393 0.0504808 0.0491453 0.294189
1 0.227915 0.555556 0.0450721 0.0534188 0.279785
1 0.428486 0.432158 0.0240385 0.0715812 0.274414
1 0.895433 0.481838 0.0360578 0.0491453 0.253174
1 0.226863 0.558761 0.0444711 0.051282 0.339844
1 0.427284 0.436966 0.0240385 0.0694444 0.325928
1 0.837139 0.961539 0.0336538 0.051282 0.320801
1 0.764423 0.787393 0.0504807 0.0470086 0.313965
1 0.894832 0.481838 0.0336538 0.0480769 0.2854
1 0.629808 0.621261 0.0276443 0.0630342 0.2854
1 0.540264 0.544872 0.0300481 0.0769231 0.275879
1 0.114483 0.646368 0.0540865 0.0790598 0.256104
1 0.764423 0.784188 0.0504807 0.0448718 0.390381
1 0.228065 0.556624 0.0447716 0.051282 0.379395
1 0.895433 0.478632 0.0336539 0.0459401 0.355713
1 0.837139 0.96047 0.0336538 0.0491453 0.348633
1 0.427885 0.439637 0.0234375 0.0694445 0.345215
1 0.629808 0.621261 0.0264423 0.0608974 0.300781
1 0.492789 0.583333 0.0228365 0.0320513 0.291016
1 0.541466 0.540598 0.0288461 0.0769231 0.279053
1 0.316406 0.766026 0.030649 0.059829 0.27832
1 0.571514 0.747863 0.0240385 0.034188 0.265869
1 0.227764 0.557692 0.046274 0.0534188 0.393311
1 0.764423 0.787393 0.0528846 0.0470086 0.38501
1 0.114709 0.646368 0.0545373 0.0790598 0.374756
1 0.83774 0.961004 0.0360577 0.0534188 0.368408
1 0.427284 0.438836 0.0252404 0.071047 0.36377
1 0.895433 0.481303 0.0360578 0.051282 0.360352
1 0.629808 0.622863 0.0288462 0.0641026 0.332764
1 0.540865 0.543269 0.030048 0.0769231 0.309814
1 0.316106 0.766026 0.03125 0.059829 0.299805
1 0.492789 0.584402 0.0252404 0.034188 0.296631
1 0.571514 0.747863 0.0252404 0.034188 0.291016
1 0.089994 0.763889 0.0241887 0.0833333 0.287842
1 0.873197 0.868056 0.0216346 0.034188 0.276611
1 0.228065 0.557692 0.0456731 0.0534188 0.414795
1 0.765625 0.787393 0.0504808 0.0470086 0.414062
1 0.427284 0.441774 0.0240385 0.0673077 0.397949
1 0.837139 0.961539 0.0336538 0.051282 0.374756
1 0.114558 0.645833 0.0554387 0.0790598 0.371094
1 0.895433 0.480769 0.0336539 0.0491453 0.352295
1 0.629808 0.623932 0.0264423 0.0630342 0.338867
1 0.541166 0.544338 0.0282452 0.0726496 0.335449
1 0.492789 0.584936 0.0240385 0.0331197 0.311523
1 0.315805 0.766026 0.03125 0.0608974 0.308105
1 0.872596 0.866453 0.0216347 0.0320513 0.303223
1 0.0895433 0.764957 0.0228365 0.0833333 0.30249
1 0.570913 0.748932 0.0252404 0.0320513 0.283691
1 0.00777494 0.38141 0.0155499 0.042735 0.27124
1 0.227614 0.555556 0.0447716 0.051282 0.459961
1 0.764423 0.785256 0.0504807 0.0470085 0.440674
1 0.427284 0.439103 0.0228365 0.0683761 0.435059
1 0.114784 0.642094 0.0552885 0.0811966 0.420654
1 0.83774 0.957799 0.0336538 0.0523504 0.400635
1 0.895433 0.478365 0.0348557 0.0496795 0.397949
1 0.629808 0.620727 0.0264423 0.0619658 0.397949
1 0.315505 0.763889 0.0300481 0.059829 0.397949
1 0.493389 0.582265 0.0240385 0.0320513 0.344238
1 0.873197 0.86485 0.0192307 0.0299145 0.343262
1 0.0886418 0.761218 0.023137 0.0833333 0.342529
1 0.540264 0.53953 0.0276442 0.0726496 0.326904
1 0.0076247 0.380876 0.0152494 0.0416667 0.297363
1 0.918269 0.865385 0.0288462 0.0491453 0.286865
1 0.635817 0.254541 0.0625 0.0982906 0.275879
1 0.571514 0.745727 0.0252404 0.0320513 0.268066
1 0.427284 0.442842 0.0228365 0.0689103 0.40918
1 0.227764 0.558761 0.0444711 0.051282 0.395996
1 0.764423 0.785256 0.0504807 0.0470085 0.389648
1 0.629808 0.623932 0.0264423 0.0619658 0.363037
1 0.836538 0.96047 0.0336538 0.0523504 0.357666
1 0.0889423 0.761752 0.0222356 0.0822649 0.351318
1 0.894832 0.480502 0.0336538 0.0475427 0.343262
1 0.492789 0.587073 0.0228365 0.0299145 0.323486
1 0.315505 0.768162 0.0300481 0.0576924 0.31665
1 0.570613 0.749466 0.0246394 0.0309829 0.309814
1 0.540264 0.543803 0.0276442 0.0726496 0.308105
1 0.872596 0.866987 0.0192308 0.030983 0.299805
1 0.114784 0.644231 0.0537861 0.0790599 0.297363
1 0.918269 0.869658 0.0276442 0.0512821 0.2854
1 0.00728666 0.38141 0.0145733 0.0405983 0.272705
1 0.764423 0.784188 0.0516827 0.0448718 0.496094
1 0.227314 0.55609 0.0444712 0.0523504 0.490234
1 0.427885 0.440171 0.0240385 0.0694444 0.455078
1 0.629808 0.620727 0.0276443 0.0630342 0.422607
1 0.316106 0.764957 0.031851 0.059829 0.404541
1 0.0898438 0.762821 0.0234375 0.0833333 0.398926
1 0.836538 0.958333 0.0336538 0.0512821 0.392334
1 0.894832 0.479434 0.0348558 0.0486111 0.391357
1 0.540865 0.542201 0.0288461 0.0747863 0.374756
1 0.492788 0.582799 0.0246394 0.0320513 0.373047
1 0.872596 0.863248 0.0204327 0.0320513 0.36377
1 0.570613 0.746795 0.0246394 0.0320513 0.331055
1 0.918269 0.86485 0.0288462 0.0502136 0.318359
1 0.114633 0.643162 0.054988 0.0790599 0.303955
1 0.00786884 0.381143 0.0157377 0.0422009 0.295898
1 0.647837 0.800214 0.0168269 0.042735 0.259033
1 0.410457 0.322917 0.0192308 0.0320513 0.250977
1 0.764423 0.784188 0.0516827 0.0470085 0.467773
1 0.227764 0.554487 0.0441707 0.0534188 0.462891
1 0.428486 0.440972 0.0240385 0.0683761 0.432129
1 0.629808 0.619658 0.0264423 0.0619658 0.397949
1 0.316106 0.764957 0.03125 0.059829 0.397949
1 0.895433 0.478098 0.0348557 0.0502137 0.386719
1 0.0899189 0.762821 0.0228365 0.0833333 0.377441
1 0.541466 0.543803 0.0288461 0.073718 0.361084
1 0.872596 0.86218 0.0204327 0.0299145 0.361084
1 0.837139 0.957265 0.0336538 0.0534188 0.359375
1 0.492488 0.582265 0.0240385 0.0320513 0.348633
1 0.114859 0.643162 0.0545373 0.0779915 0.32251
1 0.918269 0.864316 0.0288462 0.0502137 0.315674
1 0.00777494 0.381944 0.0155499 0.042735 0.289307
1 0.570913 0.746261 0.0240385 0.0331196 0.287842
1 0.646635 0.800214 0.0168269 0.042735 0.281494
1 0.227764 0.555556 0.0450721 0.051282 0.483398
1 0.764423 0.783654 0.0528846 0.0448719 0.46875
1 0.427885 0.440171 0.0240385 0.0683761 0.449463
1 0.315505 0.765491 0.03125 0.0587607 0.419678
1 0.629808 0.621795 0.0264423 0.0619658 0.415771
1 0.894832 0.479167 0.0348558 0.0470086 0.397949
1 0.836538 0.958333 0.0336538 0.0512821 0.388672
1 0.0896935 0.763889 0.0223858 0.082265 0.378418
1 0.872596 0.863248 0.0204327 0.0299145 0.37207
1 0.540865 0.541667 0.0288461 0.0726496 0.369385
1 0.492488 0.583333 0.0240385 0.0299145 0.361084
1 0.114483 0.643162 0.054387 0.0779915 0.341553
1 0.00796274 0.38141 0.0159255 0.042735 0.326904
1 0.918269 0.866987 0.0288462 0.0523504 0.325928
1 0.570613 0.746795 0.0246394 0.0320513 0.296631
1 0.646635 0.800748 0.0168269 0.042735 0.294922
1 0.410457 0.323184 0.0198317 0.0320513 0.252441
1 0.227464 0.555556 0.0456731 0.0534188 0.482422
1 0.765024 0.784188 0.0516827 0.0459402 0.473633
1 0.427584 0.439637 0.0240385 0.068376 0.436768
1 0.629808 0.620727 0.0288462 0.0619658 0.429199
1 0.315805 0.765491 0.031851 0.059829 0.411133
1 0.894832 0.4789 0.0360577 0.0496795 0.394287
1 0.836538 0.957265 0.0336538 0.0512821 0.390381
1 0.540865 0.541667 0.0288461 0.073718 0.371094
1 0.0896935 0.762821 0.0240385 0.0811966 0.371094
1 0.492188 0.582799 0.0252404 0.0320513 0.360352
1 0.872596 0.863248 0.0192308 0.0299145 0.359375
1 0.570312 0.746261 0.0252404 0.0331196 0.337158
1 0.114784 0.642628 0.054387 0.0779914 0.326904
1 0.00775616 0.381677 0.0155123 0.0432692 0.309082
1 0.918269 0.865385 0.0288462 0.051282 0.303955
1 0.646635 0.800214 0.0180288 0.042735 0.272705
1 0.410156 0.323718 0.0198318 0.0320513 0.269775
1 0.227764 0.555556 0.0450721 0.0534188 0.493164
1 0.765625 0.784188 0.0528846 0.0470085 0.47168
1 0.427885 0.440705 0.0240385 0.0683761 0.454346
1 0.316106 0.764423 0.030649 0.059829 0.419678
1 0.630409 0.620727 0.0276443 0.0641026 0.412109
1 0.895433 0.479701 0.0360578 0.0502137 0.393311
1 0.872596 0.862714 0.0192308 0.0299145 0.375732
1 0.492789 0.584402 0.0240385 0.0299146 0.367432
1 0.115234 0.642094 0.0540865 0.0790598 0.364746
1 0.541466 0.542201 0.0288461 0.0726496 0.363037
1 0.837139 0.958333 0.0336538 0.0523504 0.363037
1 0.0901442 0.761752 0.0228365 0.0801281 0.357666
1 0.919471 0.865385 0.0288462 0.0491453 0.336426
1 0.00788762 0.380876 0.0157752 0.0416667 0.329346
1 0.570312 0.746795 0.0252404 0.0320513 0.313965
1 0.410457 0.323184 0.0198317 0.0320513 0.288574
1 0.647236 0.800214 0.0168269 0.042735 0.277588
1 0.228065 0.555556 0.0450721 0.0523504 0.480469
1 0.427584 0.440705 0.0240385 0.0694444 0.458984
1 0.765625 0.784188 0.0528846 0.0470085 0.458984
1 0.630409 0.620727 0.0276443 0.0641026 0.406494
1 0.316406 0.766026 0.031851 0.0619659 0.402588
1 0.895433 0.480235 0.0360578 0.0523504 0.379395
1 0.83714 0.958333 0.0348557 0.0534188 0.373047
1 0.541166 0.542201 0.0282452 0.073718 0.362061
1 0.492789 0.584402 0.0240385 0.0309829 0.361084
1 0.872596 0.863248 0.0204327 0.0299145 0.351318
1 0.115009 0.643162 0.0548377 0.0790599 0.338867
1 0.00773738 0.38141 0.0154748 0.042735 0.33374
1 0.570312 0.746795 0.0252404 0.034188 0.329346
1 0.089994 0.763889 0.023738 0.0833333 0.323486
1 0.91887 0.866453 0.0300481 0.051282 0.313965
1 0.410457 0.324252 0.0204327 0.0320513 0.255371
1 0.227915 0.556624 0.0441707 0.0534188 0.492188
1 0.765024 0.784188 0.0516827 0.0459402 0.473633
1 0.427885 0.440705 0.0240385 0.0683761 0.450439
1 0.316707 0.766026 0.03125 0.059829 0.413086
1 0.630409 0.621261 0.0276443 0.0630342 0.411133
1 0.895433 0.479167 0.0360578 0.0502137 0.397949
1 0.837139 0.958333 0.0336538 0.0512821 0.379395
1 0.493089 0.583333 0.0240385 0.0299145 0.364746
1 0.0902945 0.763889 0.0240385 0.0811966 0.364746
1 0.540865 0.542735 0.0288461 0.0726496 0.36377
1 0.570913 0.746795 0.0252404 0.0320513 0.353027
1 0.872596 0.863782 0.0192308 0.0288461 0.350342
1 0.91887 0.866453 0.0288461 0.0491453 0.346924
1 0.00777494 0.381944 0.0155499 0.0416667 0.331055
1 0.115159 0.644231 0.0542368 0.0790599 0.305664
1 0.358774 0.732372 0.0198317 0.0405983 0.26123
1 0.410457 0.324252 0.0204327 0.0325855 0.258301
1 0.647837 0.801282 0.0180288 0.042735 0.250244
1 0.765625 0.785256 0.0528846 0.0470085 0.521484
1 0.228065 0.556624 0.0450721 0.0534188 0.503906
1 0.427584 0.441774 0.0240385 0.0694444 0.448486
1 0.630409 0.621261 0.0276443 0.0630342 0.427246
1 0.316106 0.765491 0.03125 0.0608974 0.422607
1 0.114934 0.643162 0.0540865 0.0790599 0.40918
1 0.895433 0.480235 0.0360578 0.051282 0.403564
1 0.837139 0.959402 0.0336538 0.0523504 0.394287
1 0.492789 0.584936 0.0240385 0.0320513 0.38501
1 0.540865 0.542735 0.0288461 0.0726496 0.374756
1 0.0904447 0.763889 0.023738 0.0833333 0.37207
1 0.872596 0.864316 0.0192308 0.0299145 0.366699
1 0.91887 0.866453 0.0288461 0.0491453 0.344238
1 0.570312 0.746795 0.0252404 0.0320513 0.34082
1 0.0076247 0.382479 0.0152494 0.0432692 0.332031
1 0.647837 0.800214 0.0168269 0.042735 0.276611
1 0.358774 0.732906 0.0192308 0.0405983 0.254639
1 0.765024 0.784722 0.0516827 0.0470086 0.478516
1 0.227464 0.557158 0.0450721 0.0523504 0.472656
1 0.427284 0.441506 0.0240385 0.0699786 0.431152
1 0.629808 0.621795 0.0288462 0.0630342 0.404541
1 0.316106 0.766026 0.0324519 0.0608974 0.401611
1 0.115385 0.644231 0.0540865 0.0790599 0.39502
1 0.895433 0.480769 0.0360578 0.051282 0.38501
1 0.83714 0.958868 0.0348557 0.0523504 0.378418
1 0.492789 0.584402 0.0252404 0.0320513 0.365723
1 0.540865 0.543803 0.0288461 0.073718 0.346924
1 0.0902945 0.763889 0.0244892 0.0833333 0.345215
1 0.570613 0.746795 0.0258413 0.0331197 0.344238
1 0.871995 0.864316 0.0204328 0.0299145 0.338867
1 0.00760592 0.382479 0.0152118 0.0438034 0.323486
1 0.918269 0.865919 0.0288462 0.0491453 0.323486
1 0.647236 0.801282 0.0180288 0.042735 0.259033
1 0.227314 0.556624 0.0444712 0.0534188 0.492188
1 0.764423 0.784188 0.0504807 0.0470085 0.485352
1 0.427584 0.441239 0.0240385 0.0694444 0.450439
1 0.629808 0.620727 0.0264423 0.0619658 0.431152
1 0.316106 0.766026 0.03125 0.0619659 0.419678
1 0.895433 0.480235 0.0360578 0.051282 0.401611
1 0.836538 0.957799 0.0336538 0.0523504 0.389648
1 0.492789 0.584402 0.0252404 0.0320513 0.384033
1 0.115009 0.643697 0.0542368 0.0790599 0.373047
1 0.570613 0.746795 0.0258413 0.034188 0.368408
1 0.872596 0.863248 0.0204327 0.0299145 0.358398
1 0.540865 0.542735 0.0288461 0.0747863 0.355713
1 0.089994 0.763889 0.0243389 0.0833333 0.35498
1 0.0078125 0.381944 0.015625 0.042735 0.338867
1 0.918269 0.864316 0.0288462 0.0470085 0.338135
1 0.647236 0.800214 0.0180288 0.042735 0.291016
1 0.495493 0.752137 0.0222356 0.025641 0.264404
1 0.765024 0.784188 0.0516827 0.0470085 0.482422
1 0.227464 0.556624 0.0444711 0.051282 0.479492
1 0.427885 0.441239 0.0240385 0.0694444 0.443604
1 0.316106 0.766026 0.03125 0.059829 0.408203
1 0.629808 0.620727 0.0264423 0.0619658 0.405518
1 0.895433 0.480502 0.0360578 0.0518162 0.369385
1 0.83774 0.957799 0.0336538 0.0523504 0.369385
1 0.492789 0.584402 0.0240385 0.0320513 0.358398
1 0.115159 0.643162 0.0542368 0.0790599 0.358398
1 0.0901442 0.763889 0.0234375 0.0833333 0.350342
1 0.541166 0.543269 0.0288462 0.073718 0.347656
1 0.872596 0.863782 0.0204327 0.0299145 0.338135
1 0.570913 0.746795 0.0252404 0.034188 0.337158
1 0.918269 0.865385 0.0288462 0.048077 0.326904
1 0.00769982 0.382479 0.0153996 0.042735 0.324219
1 0.647837 0.800748 0.0168269 0.042735 0.266602
1 0.765024 0.784188 0.0516827 0.0470085 0.507812
1 0.227464 0.557692 0.0447716 0.051282 0.495117
1 0.427885 0.441506 0.0240385 0.0694444 0.452393
1 0.629808 0.621261 0.0276443 0.0630342 0.421631
1 0.316106 0.766026 0.03125 0.059829 0.415771
1 0.83714 0.958333 0.0348557 0.0523504 0.38501
1 0.115084 0.643697 0.054387 0.0790599 0.384033
1 0.895433 0.480769 0.0360578 0.051282 0.380371
1 0.492789 0.584936 0.0240385 0.0309829 0.374756
1 0.540865 0.543803 0.0288461 0.0726496 0.359375
1 0.570613 0.746795 0.0258413 0.0331197 0.353027
1 0.089994 0.764423 0.0240385 0.0833333 0.351318
1 0.872596 0.864316 0.0192308 0.0299145 0.351318
1 0.918269 0.866453 0.0288462 0.0470085 0.339844
1 0.00769982 0.381944 0.0153996 0.0416667 0.334473
1 0.647236 0.801282 0.0180288 0.042735 0.262939
1 0.427284 0.442842 0.0228365 0.0694444 0.40918
1 0.227764 0.558227 0.0441707 0.051282 0.395996
1 0.764423 0.785256 0.0504807 0.0470085 0.388672
1 0.629808 0.623932 0.0264423 0.0619658 0.363037
1 0.836538 0.96047 0.0336538 0.0523504 0.357666
1 0.0889423 0.761752 0.0222356 0.0822649 0.350342
1 0.894832 0.480502 0.0336538 0.0475427 0.343262
1 0.492789 0.587073 0.0228365 0.0299145 0.323486
1 0.315505 0.768162 0.0300481 0.0576924 0.31665
1 0.570613 0.749466 0.0246394 0.0309829 0.309814
1 0.540264 0.543803 0.0276442 0.0726496 0.309082
1 0.872596 0.866453 0.0192308 0.0320513 0.299805
1 0.114784 0.644231 0.0537861 0.0790599 0.295898
1 0.918269 0.869658 0.0276442 0.0512821 0.2854
1 0.00730544 0.38141 0.0146109 0.0405983 0.272705
