1 0.608774 0.654915 0.0360577 0.051282 0.356689
1 0.495793 0.307425 0.0444712 0.045406 0.271973
1 0.516226 0.176816 0.0192308 0.053953 0.268066
1 0.591346 0.853632 0.0264423 0.0523504 0.258301
1 0.609375 0.657586 0.0384615 0.0587607 0.2854
1 0.608173 0.655449 0.0408654 0.0502137 0.371094
1 0.590745 0.854701 0.0300481 0.0555556 0.35498
1 0.167368 0.473825 0.0372596 0.0395299 0.344238
1 0.453125 0.788462 0.0480769 0.0854701 0.328613
1 0.498798 0.306357 0.046875 0.0443376 0.287842
1 0.428486 0.67735 0.030649 0.0801282 0.265869
1 0.392728 0.544872 0.0282452 0.034188 0.260498
1 0.590144 0.854167 0.0276443 0.0555556 0.344238
1 0.428486 0.67735 0.0282452 0.0705128 0.31665
1 0.765625 0.177751 0.0264423 0.0889423 0.260498
1 0.426683 0.683761 0.0324519 0.0758547 0.280518
1 0.591947 0.856838 0.03125 0.059829 0.265869
1 0.590144 0.853633 0.0252404 0.0576923 0.345947
1 0.764423 0.17735 0.0288462 0.0929487 0.34082
1 0.455228 0.78953 0.0522837 0.0897436 0.339844
1 0.428486 0.680021 0.0282452 0.0811966 0.305664
1 0.393029 0.544338 0.0276442 0.0438034 0.259033
1 0.58759 0.856303 0.0291466 0.0587607 0.282959
1 0.428486 0.680021 0.0348557 0.0801282 0.256104
1 0.5 0.313568 0.0510818 0.0566239 0.295898
1 0.5 0.312233 0.0492788 0.0576923 0.281494
1 0.590144 0.855769 0.03125 0.0641026 0.264404
1 0.426683 0.676282 0.0324519 0.0769231 0.321777
1 0.589543 0.853633 0.0288462 0.0576923 0.286865
1 0.501803 0.311699 0.0504808 0.045406 0.262939
1 0.766827 0.18109 0.0336539 0.10203 0.257568
1 0.611779 0.660256 0.0360577 0.051282 0.253906
1 0.429087 0.679487 0.03125 0.0811966 0.30249
1 0.454026 0.793803 0.0492788 0.0833333 0.27832
1 0.590144 0.856838 0.0264423 0.0608975 0.255371
1 0.591947 0.853632 0.0324519 0.0598291 0.312256
1 0.501202 0.308226 0.0492789 0.0550214 0.29248
1 0.394231 0.548077 0.0276442 0.0384616 0.289307
1 0.428486 0.67735 0.03125 0.0833333 0.270508
1 0.610577 0.657051 0.0384615 0.0512821 0.260498
1 0.169922 0.475427 0.0342548 0.0352564 0.253906
1 0.427885 0.680556 0.0300481 0.0790598 0.313232
1 0.500601 0.313034 0.0504808 0.0576923 0.277588
1 0.591346 0.856838 0.0288462 0.059829 0.26123
1 0.428486 0.681624 0.0348557 0.0833333 0.327637
1 0.768029 0.179087 0.03125 0.0948184 0.253906
1 0.591947 0.855769 0.03125 0.0683761 0.250977
1 0.590745 0.855769 0.0300481 0.0630342 0.284668
1 0.427284 0.669872 0.0288462 0.0801282 0.260498
1 0.609375 0.65812 0.0384615 0.0491453 0.252441
1 0.429988 0.676816 0.030649 0.0844017 0.329346
1 0.591346 0.856838 0.0276443 0.0534188 0.303955
1 0.501202 0.307959 0.046875 0.0459402 0.284668
1 0.609375 0.65812 0.0408654 0.0534188 0.259766
1 0.765625 0.186966 0.0336538 0.106303 0.253174
1 0.427284 0.680556 0.031851 0.0790598 0.250977
1 0.426382 0.67735 0.0324519 0.0844017 0.367432
1 0.453125 0.790598 0.0552885 0.0833333 0.286133
1 0.589994 0.856838 0.0291467 0.0630342 0.280518
1 0.609976 0.660256 0.0348558 0.0448718 0.253174
1 0.427284 0.67735 0.0324519 0.0854701 0.312256
1 0.429087 0.679487 0.0336538 0.0811966 0.341553
1 0.499399 0.307959 0.0492788 0.0502137 0.288574
1 0.591346 0.856838 0.0324519 0.0619658 0.281494
1 0.611178 0.657051 0.0384615 0.0512821 0.273682
1 0.455529 0.785256 0.0516827 0.0886752 0.259766
1 0.428486 0.676282 0.0324519 0.0811966 0.283691
1 0.500601 0.308226 0.0492788 0.0507479 0.256104
1 0.430288 0.67735 0.0354568 0.090812 0.330322
1 0.591346 0.857906 0.03125 0.0662393 0.308105
1 0.765625 0.178953 0.03125 0.101496 0.286133
1 0.429087 0.679487 0.0324519 0.0811966 0.334473
1 0.591346 0.856838 0.03125 0.059829 0.315674
1 0.610577 0.65812 0.0396635 0.0470085 0.291748
1 0.765625 0.18109 0.0336538 0.0982906 0.290283
1 0.170072 0.475962 0.0363582 0.034188 0.253174
1 0.4997 0.308761 0.0498798 0.0470086 0.252441
1 0.572115 0.173878 0.0252404 0.0379274 0.250244
1 0.497596 0.311966 0.0492788 0.0534188 0.342529
1 0.608774 0.659188 0.0396635 0.0555556 0.281494
1 0.590144 0.860043 0.0300481 0.0587608 0.27832
1 0.429688 0.679487 0.03125 0.0811966 0.270508
1 0.427584 0.677885 0.031851 0.0801282 0.355713
1 0.766827 0.182025 0.03125 0.0953526 0.32251
1 0.501202 0.307692 0.0516827 0.0512821 0.307373
1 0.609976 0.657586 0.0384615 0.0502137 0.291016
1 0.592398 0.856838 0.0315505 0.0619658 0.291016
1 0.499399 0.306891 0.0528846 0.0518162 0.26123
1 0.429688 0.676282 0.0348557 0.0833333 0.253906
1 0.498798 0.306891 0.0492788 0.0528846 0.283691
1 0.428786 0.68109 0.0330529 0.0844017 0.256836
1 0.393029 0.548077 0.031851 0.042735 0.253906
1 0.454928 0.785256 0.0504808 0.0876068 0.250244
1 0.4997 0.309829 0.0504808 0.0512821 0.344238
1 0.609976 0.660256 0.0384615 0.0534188 0.338867
1 0.429087 0.680556 0.03125 0.0833333 0.323486
1 0.590294 0.858974 0.0309495 0.0641025 0.314941
1 0.392127 0.549145 0.030649 0.0363248 0.297363
1 0.169772 0.476496 0.0348558 0.0320513 0.260498
1 0.765024 0.182959 0.03125 0.0961539 0.255371
1 0.609976 0.658654 0.0396635 0.0502137 0.315674
1 0.5 0.310363 0.0504807 0.0502137 0.300781
1 0.430288 0.681624 0.0324519 0.0801282 0.29248
1 0.591947 0.856838 0.03125 0.0619658 0.291016
1 0.766827 0.181357 0.03125 0.0945513 0.279785
1 0.766827 0.180556 0.03125 0.0934829 0.342529
1 0.609375 0.657051 0.0396635 0.0534188 0.328613
1 0.430589 0.679487 0.0342548 0.0833333 0.31665
1 0.592548 0.856838 0.03125 0.059829 0.309082
1 0.500901 0.308761 0.0510818 0.0507479 0.308105
1 0.765625 0.182692 0.03125 0.0945513 0.365723
1 0.608774 0.65812 0.0372596 0.0534188 0.348633
1 0.590144 0.856838 0.0300481 0.059829 0.338135
1 0.499399 0.316774 0.0516827 0.0523504 0.309082
1 0.429688 0.680021 0.0324519 0.0844017 0.307373
1 0.264423 0.382212 0.0222356 0.071047 0.303955
1 0.515024 0.184295 0.0240385 0.0544872 0.272705
1 0.572115 0.170807 0.0252404 0.0365919 0.252441
1 0.499399 0.317041 0.0492788 0.045406 0.275879
1 0.767428 0.181891 0.03125 0.0956197 0.265137
1 0.766827 0.182425 0.0336539 0.0982906 0.305664
1 0.429688 0.680556 0.03125 0.0769231 0.277588
1 0.589543 0.856838 0.0300481 0.059829 0.305664
1 0.610577 0.657586 0.0408654 0.0512821 0.304932
1 0.500301 0.308494 0.0540865 0.0491453 0.299072
1 0.392728 0.547543 0.0318509 0.0373932 0.281494
1 0.428486 0.679487 0.0324519 0.0790599 0.279785
1 0.766827 0.179354 0.03125 0.0969551 0.268066
1 0.766827 0.175347 0.0288461 0.09375 0.345215
1 0.610577 0.657051 0.0384615 0.0491453 0.329346
1 0.590745 0.856838 0.0288462 0.059829 0.295898
1 0.429087 0.668803 0.03125 0.0790598 0.29248
1 0.515024 0.18149 0.0240385 0.056891 0.256104
1 0.5 0.308494 0.0492788 0.0528846 0.256104
1 0.392728 0.548077 0.0288462 0.0363248 0.254639
1 0.610577 0.657586 0.0384615 0.0459401 0.320801
1 0.429087 0.679487 0.031851 0.0833333 0.308105
1 0.590745 0.858974 0.0288462 0.0576923 0.279053
1 0.393029 0.549145 0.0300481 0.034188 0.264404
1 0.766226 0.179087 0.0324519 0.0990919 0.26123
1 0.170072 0.475962 0.0330529 0.0309829 0.253174
1 0.766827 0.181357 0.0336539 0.0998932 0.388672
1 0.428185 0.678419 0.030048 0.0854701 0.332031
1 0.611779 0.655983 0.0384615 0.0448718 0.32251
1 0.500601 0.306624 0.0516827 0.0459402 0.320801
1 0.263371 0.378739 0.023137 0.0758547 0.309082
1 0.590144 0.856838 0.0288462 0.0587607 0.301514
1 0.392428 0.549145 0.0288461 0.0384615 0.276611
1 0.170072 0.475427 0.0351562 0.0304487 0.262207
1 0.572115 0.171474 0.0252404 0.0416667 0.259766
1 0.515325 0.181757 0.0258414 0.0579594 0.253174
1 0.5 0.305556 0.0486779 0.0448718 0.294189
1 0.610577 0.655983 0.0384615 0.051282 0.277588
1 0.765625 0.177885 0.0336538 0.0945513 0.272705
1 0.427885 0.677885 0.03125 0.0801282 0.270508
1 0.428486 0.678419 0.031851 0.0854701 0.257568
1 0.610577 0.659188 0.0408654 0.0534188 0.252441
1 0.499099 0.306891 0.0486779 0.0438034 0.319092
1 0.428486 0.680021 0.0324519 0.0811966 0.308105
1 0.609375 0.655983 0.0384615 0.0470086 0.306641
1 0.766827 0.180556 0.0336539 0.0961538 0.283691
1 0.392728 0.548077 0.0288462 0.0363248 0.269043
1 0.572115 0.169071 0.0276442 0.0384615 0.265137
1 0.590745 0.854701 0.0288462 0.0544872 0.259766
1 0.500601 0.308761 0.0492788 0.0512821 0.307373
1 0.429387 0.679487 0.0336539 0.0876068 0.303223
1 0.610577 0.65812 0.0384615 0.0534188 0.282227
1 0.39363 0.550214 0.03125 0.0405983 0.257568
1 0.766827 0.17922 0.0336539 0.0924145 0.256836
1 0.610577 0.657051 0.0384615 0.0534188 0.281494
1 0.427885 0.679487 0.0330529 0.0811966 0.27124
1 0.766827 0.182959 0.03125 0.0950855 0.320801
1 0.610577 0.65812 0.0384615 0.0491453 0.310791
1 0.428486 0.679487 0.0324519 0.0790599 0.297363
1 0.591496 0.856838 0.0333534 0.0630342 0.296631
1 0.498798 0.314103 0.0504807 0.0523504 0.294189
1 0.393029 0.547009 0.03125 0.0384616 0.273682
1 0.169772 0.473291 0.0342548 0.0352564 0.266602
1 0.572115 0.167869 0.0264423 0.0395299 0.262207
1 0.427584 0.679487 0.0324519 0.0833333 0.345215
1 0.610577 0.657586 0.0408654 0.0534188 0.337158
1 0.76863 0.182292 0.0336538 0.0990919 0.328613
1 0.500601 0.30609 0.0516827 0.0448718 0.323486
1 0.39363 0.549145 0.03125 0.0363248 0.320068
1 0.592548 0.856303 0.0300481 0.059829 0.279785
1 0.573317 0.170139 0.0252404 0.0379274 0.27832
1 0.171124 0.474893 0.0357572 0.0331197 0.269775
1 0.609375 0.65812 0.0408654 0.0512821 0.327637
1 0.767428 0.180288 0.032452 0.0940171 0.32251
1 0.426683 0.67735 0.03125 0.0811966 0.32251
1 0.499399 0.307425 0.0516827 0.0496795 0.320068
1 0.572716 0.170406 0.0264423 0.0438034 0.315674
1 0.392428 0.549145 0.030649 0.0384615 0.286865
1 0.169171 0.474359 0.0357572 0.0331197 0.282227
1 0.591346 0.856838 0.0300481 0.059829 0.279053
1 0.5 0.309295 0.0510818 0.0459402 0.33374
1 0.609375 0.658654 0.0384615 0.0480769 0.305664
1 0.428486 0.672009 0.0300481 0.0769231 0.295898
1 0.393329 0.549145 0.0294471 0.034188 0.282227
1 0.591346 0.856838 0.0288462 0.0555556 0.250244
1 0.5 0.308761 0.0480769 0.0512821 0.308105
1 0.610577 0.655983 0.0384615 0.0534188 0.300781
1 0.429688 0.672543 0.0324519 0.0790599 0.286133
1 0.767428 0.178953 0.03125 0.0961539 0.268066
1 0.572716 0.170005 0.0264423 0.0440705 0.256836
1 0.500301 0.309295 0.0486779 0.0470085 0.312256
1 0.766827 0.181624 0.03125 0.0902778 0.281494
1 0.609375 0.658654 0.0384615 0.0502137 0.260498
1 0.428486 0.673077 0.0324519 0.0811966 0.268066
1 0.768029 0.179621 0.03125 0.0958868 0.253174
1 0.500901 0.308226 0.0510818 0.0523504 0.251709
1 0.610577 0.657586 0.0384615 0.0544872 0.251709
1 0.609375 0.659188 0.0408654 0.0512821 0.290283
1 0.429688 0.680556 0.0324519 0.0811966 0.283691
1 0.766827 0.181357 0.032452 0.0940171 0.279785
1 0.590745 0.857906 0.03125 0.0630342 0.274414
1 0.5 0.309295 0.0516827 0.0491453 0.272705
1 0.609375 0.659188 0.0384615 0.0470086 0.335449
1 0.767428 0.178285 0.03125 0.0974893 0.317383
1 0.429688 0.678419 0.0288462 0.0811966 0.308105
1 0.4997 0.310897 0.0516827 0.0507479 0.303223
1 0.393329 0.550214 0.030649 0.0352564 0.296631
1 0.170072 0.476496 0.0336538 0.0331197 0.2854
1 0.572716 0.172009 0.0240385 0.0403312 0.276611
1 0.590745 0.856838 0.0288462 0.059829 0.267334
1 0.515024 0.182692 0.0240385 0.0518162 0.250977
1 0.499399 0.307959 0.0504807 0.0480769 0.319092
1 0.429087 0.679487 0.0324519 0.0811966 0.296631
1 0.766827 0.17508 0.03125 0.0948184 0.275146
1 0.609976 0.656517 0.0396635 0.0491453 0.270508
1 0.393029 0.547543 0.0300481 0.034188 0.255371
1 0.428185 0.678419 0.03125 0.0811966 0.286865
1 0.766827 0.179487 0.0288461 0.0913462 0.27832
1 0.609375 0.656517 0.0372596 0.0523504 0.27832
1 0.500601 0.307692 0.0498798 0.0491453 0.267334
1 0.766827 0.178819 0.0336539 0.0950855 0.312256
1 0.429688 0.680556 0.0330529 0.0811966 0.308105
1 0.609375 0.65812 0.0408654 0.0512821 0.294922
1 0.609375 0.65812 0.0384615 0.0512821 0.342529
1 0.766226 0.17735 0.0324519 0.100962 0.317383
1 0.428486 0.677885 0.0336538 0.082265 0.293457
1 0.500601 0.307158 0.0504808 0.0448718 0.277588
1 0.393029 0.548611 0.03125 0.0384616 0.252441
1 0.609375 0.65812 0.0408654 0.0555556 0.297363
1 0.429688 0.68109 0.0336538 0.0833334 0.2854
1 0.766827 0.179754 0.0336539 0.0972222 0.254639
1 0.5 0.307692 0.0516827 0.0502137 0.253174
1 0.609375 0.658654 0.0384615 0.0480769 0.320068
1 0.429387 0.681624 0.031851 0.0801282 0.2854
1 0.768029 0.180956 0.03125 0.0953526 0.269043
1 0.500601 0.307959 0.0504808 0.0443376 0.267334
1 0.393029 0.551282 0.0288461 0.0363248 0.259766
1 0.590745 0.857906 0.0288462 0.0555556 0.259766
1 0.573017 0.170139 0.0234375 0.0379274 0.250977
1 0.609375 0.657051 0.0396635 0.0534188 0.301514
1 0.427885 0.680021 0.03125 0.082265 0.275146
1 0.499399 0.306624 0.0498798 0.0459402 0.273682
1 0.766827 0.179487 0.0336539 0.096688 0.265869
1 0.572716 0.167602 0.0264423 0.0419337 0.251709
1 0.609375 0.65812 0.0384615 0.0523504 0.283691
1 0.766827 0.178819 0.03125 0.09375 0.26123
1 0.500601 0.306624 0.0492788 0.0486111 0.26123
1 0.609375 0.65812 0.0384615 0.0512821 0.31665
1 0.4997 0.306357 0.0486779 0.0464744 0.305664
1 0.766827 0.178419 0.0336539 0.0961538 0.304932
1 0.428786 0.679487 0.031851 0.0779914 0.287842
1 0.590144 0.856838 0.0300481 0.0587607 0.268066
1 0.572115 0.169338 0.0264423 0.0405983 0.267334
1 0.392428 0.549145 0.0300481 0.0373931 0.254639
1 0.499399 0.308761 0.0498798 0.0491453 0.299072
1 0.609375 0.658654 0.0384615 0.0502137 0.281494
1 0.428486 0.680556 0.0336538 0.0811966 0.262207
1 0.766827 0.179754 0.0336539 0.0977564 0.254639
1 0.609976 0.657051 0.0396635 0.0534188 0.318359
1 0.767428 0.17922 0.03125 0.0934829 0.281494
1 0.428786 0.680556 0.0330529 0.0811966 0.271973
1 0.392728 0.548611 0.030649 0.0363248 0.268066
1 0.4997 0.307692 0.0510817 0.0518162 0.264404
1 0.573317 0.168937 0.0252404 0.0403312 0.250244
1 0.609976 0.65812 0.0384615 0.0491453 0.325195
1 0.392728 0.548611 0.0294471 0.0384616 0.291748
1 0.572716 0.169071 0.0252404 0.0422009 0.286133
1 0.5 0.308226 0.0492788 0.0470086 0.2854
1 0.766827 0.185096 0.030048 0.0982906 0.275146
1 0.170373 0.477297 0.0342548 0.0336538 0.272705
1 0.428486 0.679487 0.0324519 0.0790599 0.272705
1 0.238582 0.21234 0.0174279 0.0443376 0.258301
1 0.799279 0.556624 0.0252404 0.042735 0.250977
1 0.429087 0.679487 0.0324519 0.0811966 0.351318
1 0.610577 0.659722 0.0384615 0.0502137 0.345215
1 0.767428 0.179888 0.03125 0.0996261 0.327637
1 0.39363 0.550214 0.0288461 0.034188 0.295898
1 0.572716 0.169872 0.0252404 0.0411325 0.291016
1 0.5 0.307425 0.0492788 0.0459402 0.279053
1 0.170523 0.476496 0.0339543 0.0320513 0.27832
1 0.590745 0.857906 0.0300481 0.059829 0.27124
1 0.521935 0.180956 0.0246395 0.0552885 0.259766
1 0.608774 0.659188 0.0396635 0.0523504 0.275146
1 0.766827 0.182826 0.030048 0.0958868 0.257568
1 0.609375 0.657586 0.0384615 0.0523504 0.320068
1 0.429387 0.67735 0.0330529 0.0790599 0.313965
1 0.766827 0.180556 0.03125 0.099359 0.290283
1 0.500301 0.306624 0.0498798 0.045406 0.276611
1 0.39393 0.547009 0.03125 0.0363248 0.273682
1 0.522236 0.180556 0.0264423 0.0603633 0.26123
1 0.766827 0.180689 0.03125 0.0953526 0.295898
1 0.609375 0.65812 0.0372596 0.0491453 0.288574
1 0.500601 0.306891 0.0492788 0.0464744 0.284668
1 0.429087 0.678419 0.0324519 0.0811966 0.275879
1 0.572716 0.167735 0.0252404 0.0416667 0.254639
1 0.39363 0.548077 0.0288461 0.0363248 0.252441
1 0.609375 0.658654 0.0408654 0.0544872 0.33374
1 0.428486 0.680556 0.0324519 0.082265 0.315674
1 0.499399 0.308761 0.0498798 0.0523504 0.312256
1 0.767428 0.182559 0.03125 0.0985577 0.309082
1 0.393029 0.548611 0.0288461 0.0373931 0.291016
1 0.573017 0.167201 0.0258413 0.0411325 0.276611
1 0.590745 0.858974 0.0300481 0.0619658 0.276611
1 0.799279 0.557158 0.0264423 0.0470086 0.270508
1 0.170373 0.474893 0.0342548 0.0352564 0.267334
1 0.5 0.308226 0.0492788 0.051282 0.363037
1 0.609375 0.659188 0.0384615 0.0512821 0.324219
1 0.429087 0.678953 0.0324519 0.0811966 0.303955
1 0.393029 0.550214 0.0288461 0.0384615 0.282959
1 0.766827 0.181624 0.03125 0.0972222 0.268066
1 0.573017 0.168269 0.0258413 0.042735 0.257568
1 0.590745 0.857906 0.0300481 0.0608975 0.254639
1 0.500601 0.309295 0.0480769 0.0491453 0.325928
1 0.429387 0.680556 0.031851 0.0811966 0.324219
1 0.610577 0.659188 0.0384615 0.0523504 0.318359
1 0.800481 0.557692 0.0264423 0.0427351 0.283691
1 0.39363 0.549145 0.0288461 0.0363248 0.27832
1 0.767428 0.180422 0.030048 0.0969551 0.266602
1 0.573317 0.168002 0.0252404 0.0419338 0.263672
1 0.171274 0.475427 0.0333534 0.034188 0.257568
1 0.5 0.309295 0.0480769 0.0438034 0.315674
1 0.429087 0.673077 0.031851 0.0811966 0.277588
1 0.609375 0.659722 0.0384615 0.0491453 0.271973
1 0.573017 0.166533 0.0258413 0.0403312 0.258301
1 0.393029 0.54968 0.0300481 0.034188 0.251709
1 0.609375 0.659188 0.0408654 0.0534188 0.330322
1 0.428486 0.673077 0.03125 0.0833334 0.299072
1 0.5 0.308226 0.0480769 0.0475427 0.291748
1 0.590745 0.855769 0.0300481 0.059829 0.279785
1 0.573317 0.163462 0.0252404 0.0405983 0.275146
1 0.169772 0.475694 0.0348558 0.036859 0.274414
1 0.392728 0.548611 0.0300481 0.0352564 0.269775
1 0.799279 0.55609 0.0240385 0.042735 0.254639
1 0.590294 0.857906 0.0309495 0.059829 0.369385
1 0.426683 0.67735 0.03125 0.0811966 0.353027
1 0.499399 0.307158 0.0492788 0.0470086 0.349609
1 0.609375 0.663462 0.0408654 0.0470086 0.349609
1 0.572115 0.163194 0.0264423 0.0405983 0.320801
1 0.392428 0.55235 0.0300481 0.0320513 0.320068
1 0.766226 0.184562 0.0324519 0.103632 0.313232
1 0.170072 0.475427 0.0342548 0.0331197 0.307373
1 0.798077 0.558761 0.0240385 0.0395299 0.297363
1 0.519832 0.17922 0.0264423 0.0608974 0.275146
1 0.925481 0.2086 0.0240384 0.0438034 0.258301
1 0.798678 0.557692 0.0240385 0.0405983 0.396973
1 0.428486 0.676282 0.03125 0.0790599 0.388672
1 0.393029 0.547009 0.0300481 0.034188 0.38208
1 0.590144 0.857906 0.0288462 0.059829 0.38208
1 0.5 0.306357 0.0480769 0.0448718 0.37207
1 0.170373 0.473291 0.0330529 0.0336539 0.36377
1 0.609976 0.66453 0.0384615 0.0470085 0.362061
1 0.572115 0.16266 0.0264423 0.0400641 0.355713
1 0.766827 0.183227 0.03125 0.104167 0.320801
1 0.238582 0.216079 0.0168269 0.0411325 0.296631
1 0.521034 0.180155 0.0246394 0.0582265 0.277588
1 0.925481 0.207933 0.0216346 0.0408654 0.274414
1 0.427885 0.678419 0.0324519 0.0811966 0.421631
1 0.499399 0.309295 0.0492788 0.0470085 0.396973
1 0.609375 0.665598 0.0384615 0.0480769 0.380371
1 0.590294 0.860043 0.0309495 0.0619658 0.376709
1 0.393029 0.548077 0.03125 0.0352564 0.370117
1 0.799279 0.557158 0.0264423 0.0438034 0.358398
1 0.170373 0.475962 0.0348558 0.0347222 0.332031
1 0.766827 0.18523 0.032452 0.1039 0.331055
1 0.572115 0.165598 0.0276442 0.0419337 0.323486
1 0.238882 0.218216 0.0180289 0.0438034 0.283691
1 0.520733 0.182158 0.0264423 0.0598291 0.281494
1 0.925481 0.209001 0.0240384 0.0430022 0.275146
1 0.428486 0.67735 0.03125 0.0790599 0.456055
1 0.609976 0.662393 0.0396635 0.0502137 0.433105
1 0.799279 0.555556 0.0240385 0.0448718 0.40918
1 0.4997 0.308226 0.0492789 0.0480769 0.392334
1 0.393029 0.547009 0.03125 0.0320513 0.38501
1 0.590144 0.857906 0.0300481 0.059829 0.37207
1 0.239183 0.215545 0.0177284 0.0432692 0.362061
1 0.766827 0.185497 0.032452 0.103365 0.342529
1 0.170373 0.47516 0.0345553 0.0331197 0.320801
1 0.521034 0.179888 0.0252404 0.059562 0.320068
1 0.572115 0.165598 0.0264423 0.0395299 0.30249
1 0.925481 0.207532 0.0216346 0.0411325 0.301514
1 0.264724 0.381143 0.0222356 0.0683761 0.297363
1 0.428185 0.676282 0.030649 0.0790599 0.486328
1 0.609375 0.663462 0.0384615 0.0470086 0.473633
1 0.499399 0.307959 0.0480769 0.0480769 0.443604
1 0.39363 0.54594 0.0300481 0.0320513 0.435059
1 0.589543 0.855235 0.0300481 0.0587607 0.432129
1 0.799279 0.558227 0.0240385 0.0384615 0.424316
1 0.765625 0.183494 0.03125 0.104167 0.406494
1 0.238882 0.21688 0.0168269 0.0400641 0.364746
1 0.169922 0.473825 0.0333534 0.034188 0.345215
1 0.515325 0.184963 0.0252404 0.0563568 0.32251
1 0.572115 0.163996 0.0264423 0.0395299 0.303223
1 0.925481 0.208333 0.0216346 0.0400641 0.303223
1 0.264123 0.379808 0.0216346 0.0694444 0.300781
1 0.427885 0.677885 0.0300481 0.0779915 0.454346
1 0.798678 0.558761 0.0228365 0.0416667 0.439697
1 0.610577 0.66453 0.0384615 0.0470085 0.425293
1 0.393029 0.547009 0.0294471 0.0299145 0.412109
1 0.589543 0.856838 0.0288462 0.0608975 0.391357
1 0.765625 0.183494 0.03125 0.103632 0.377441
1 0.4997 0.307692 0.0480769 0.0470086 0.373047
1 0.170072 0.474626 0.0336538 0.0320513 0.36377
1 0.238131 0.21688 0.0165264 0.0416667 0.35498
1 0.264123 0.379541 0.0210337 0.0699786 0.337158
1 0.572115 0.164797 0.0252404 0.0384615 0.307373
1 0.515024 0.185363 0.0252404 0.0563568 0.305664
1 0.925481 0.208868 0.0216346 0.0411325 0.283691
1 0.609375 0.662927 0.0396635 0.0502137 0.523438
1 0.428486 0.67735 0.03125 0.0790599 0.495117
1 0.393329 0.54594 0.030649 0.0331197 0.477539
1 0.499399 0.308226 0.0480769 0.0475427 0.474609
1 0.799279 0.557692 0.0240385 0.0427351 0.457031
1 0.170072 0.474092 0.0342548 0.0336539 0.435059
1 0.590144 0.856303 0.0300481 0.0608974 0.432129
1 0.766827 0.183494 0.03125 0.104167 0.398926
1 0.239183 0.215812 0.0174279 0.0416667 0.398926
1 0.264874 0.380342 0.0219351 0.0694444 0.352295
1 0.521034 0.18149 0.0252404 0.056891 0.341553
1 0.571514 0.163996 0.0264423 0.0405983 0.332764
1 0.925481 0.208467 0.0228366 0.0419338 0.329346
1 0.54988 0.768697 0.0288461 0.0363247 0.289307
1 0.534255 0.89797 0.0210336 0.0277778 0.262207
1 0.265475 0.307158 0.0159255 0.0373932 0.253906
1 0.609375 0.662927 0.0384615 0.0502137 0.498047
1 0.429087 0.678419 0.03125 0.0779914 0.47168
1 0.393029 0.547009 0.0300481 0.0320513 0.458008
1 0.500301 0.307692 0.0480769 0.0491453 0.452393
1 0.799279 0.558227 0.0240385 0.0416667 0.429199
1 0.590144 0.855769 0.0300481 0.059829 0.407227
1 0.238882 0.21648 0.0174279 0.042468 0.403564
1 0.170072 0.474359 0.0342548 0.034188 0.383057
1 0.766827 0.184963 0.0288461 0.101229 0.362061
1 0.571514 0.165331 0.0264423 0.0411325 0.328613
1 0.521034 0.182959 0.0246394 0.0560898 0.321777
1 0.265024 0.380342 0.0210337 0.0673077 0.319092
1 0.925481 0.210069 0.0216346 0.0424679 0.30249
1 0.549579 0.768697 0.0288462 0.0363247 0.281494
1 0.609375 0.663462 0.0396635 0.0480769 0.513672
1 0.392428 0.54594 0.0300481 0.0320513 0.499023
1 0.427885 0.67735 0.03125 0.0790599 0.498047
1 0.5 0.307692 0.0492788 0.0470086 0.47168
1 0.590144 0.856838 0.0300481 0.059829 0.436768
1 0.170373 0.474359 0.0354567 0.0320513 0.431152
1 0.238582 0.216613 0.0180289 0.0422009 0.415771
1 0.798678 0.558761 0.0240385 0.042735 0.410156
1 0.264724 0.379808 0.0216346 0.0694444 0.377441
1 0.766827 0.186966 0.030048 0.100427 0.371094
1 0.571514 0.166132 0.0264423 0.0392628 0.352295
1 0.521034 0.182959 0.0252404 0.0566239 0.339844
1 0.925481 0.209802 0.0240384 0.042468 0.332031
1 0.265024 0.307692 0.015625 0.0379274 0.268066
1 0.533654 0.899573 0.0216346 0.0277778 0.262207
1 0.609375 0.663462 0.0396635 0.0491453 0.517578
1 0.392428 0.547009 0.03125 0.034188 0.505859
1 0.428185 0.676816 0.03125 0.0801282 0.496094
1 0.169772 0.474359 0.0360577 0.034188 0.46582
1 0.4997 0.308226 0.0498798 0.0480769 0.458008
1 0.589543 0.856838 0.03125 0.059829 0.432129
1 0.238281 0.216747 0.0174279 0.0413996 0.414062
1 0.798678 0.559295 0.0252404 0.0416667 0.400635
1 0.766226 0.185363 0.03125 0.100427 0.373779
1 0.264724 0.379541 0.0234375 0.0699786 0.371094
1 0.571214 0.166934 0.0270432 0.0400641 0.355713
1 0.521034 0.184028 0.0252404 0.0571581 0.32251
1 0.925481 0.209802 0.0228366 0.0413996 0.312256
1 0.549279 0.769765 0.0294471 0.0352564 0.290283
1 0.265325 0.306891 0.0168269 0.0379274 0.254639
1 0.533654 0.899573 0.0216346 0.0277778 0.251709
1 0.610577 0.663462 0.0384615 0.0491453 0.527344
1 0.428486 0.67735 0.03125 0.0790599 0.522461
1 0.392428 0.547009 0.0300481 0.0320513 0.490234
1 0.5 0.308761 0.0492788 0.0480769 0.474609
1 0.170072 0.474893 0.0354567 0.034188 0.44165
1 0.590144 0.856838 0.0300481 0.059829 0.434082
1 0.238732 0.215411 0.0174279 0.0419338 0.420654
1 0.799279 0.558761 0.0240385 0.042735 0.413086
1 0.766827 0.184696 0.03125 0.0996261 0.39502
1 0.265325 0.379808 0.0216346 0.0694444 0.361084
1 0.571815 0.1668 0.0258413 0.0403312 0.346924
1 0.926082 0.210069 0.0228365 0.0408654 0.338867
1 0.521635 0.183761 0.0252404 0.0555556 0.338135
1 0.54988 0.769231 0.0276442 0.0363248 0.281494
1 0.534255 0.899573 0.0210336 0.0277778 0.273682
1 0.265475 0.307692 0.0159255 0.0379274 0.265869
1 0.610577 0.663996 0.0384615 0.0491453 0.519531
1 0.428786 0.678953 0.031851 0.0811966 0.515625
1 0.393029 0.547009 0.030649 0.034188 0.496094
1 0.170673 0.47516 0.0360577 0.0352564 0.461914
1 0.5 0.311699 0.0492788 0.0491453 0.448486
1 0.590144 0.856838 0.03125 0.059829 0.42627
1 0.799279 0.558761 0.0252404 0.042735 0.411133
1 0.238732 0.216346 0.0171274 0.0416667 0.397949
1 0.766827 0.185897 0.03125 0.101496 0.388672
1 0.925481 0.211004 0.0216346 0.042735 0.373047
1 0.572115 0.166667 0.0264423 0.0408654 0.362061
1 0.521034 0.18523 0.0252404 0.056891 0.315674
1 0.265325 0.379808 0.0222356 0.0705128 0.303223
1 0.54988 0.770299 0.0288461 0.0363248 0.269775
1 0.610577 0.663996 0.0384615 0.0491453 0.519531
1 0.428486 0.678953 0.03125 0.0801282 0.519531
1 0.393029 0.54594 0.0300481 0.0320513 0.507812
1 0.170373 0.474359 0.0354567 0.034188 0.46875
1 0.5 0.311966 0.0492788 0.0491453 0.460938
1 0.590144 0.856838 0.0300481 0.059829 0.448486
1 0.799279 0.559829 0.0252404 0.042735 0.406494
1 0.766827 0.18523 0.03125 0.0996261 0.404541
1 0.238882 0.21688 0.0174279 0.0411325 0.398926
1 0.571815 0.166266 0.0258413 0.0400641 0.379395
1 0.925481 0.211405 0.0216346 0.0413996 0.336426
1 0.265325 0.380342 0.0222356 0.0694444 0.334473
1 0.521334 0.18563 0.0252404 0.0547543 0.309814
1 0.550481 0.770299 0.0288462 0.0363248 0.269043
1 0.534856 0.899573 0.0216346 0.0277778 0.255371
1 0.610577 0.663996 0.0384615 0.0502137 0.552734
1 0.393029 0.547543 0.0300481 0.0331196 0.530273
1 0.428486 0.679487 0.031851 0.0811966 0.525391
1 0.170673 0.475694 0.0354567 0.0336539 0.490234
1 0.5 0.3125 0.0492788 0.0502137 0.489258
1 0.590144 0.856838 0.0300481 0.059829 0.450439
1 0.799279 0.560363 0.0252404 0.042735 0.412109
1 0.571815 0.167735 0.0258413 0.0411325 0.404541
1 0.766827 0.185363 0.03125 0.0998932 0.404541
1 0.238582 0.217147 0.0168269 0.0411325 0.404541
1 0.265325 0.380609 0.0216346 0.0699786 0.373047
1 0.925481 0.212073 0.0216346 0.042735 0.347656
1 0.521334 0.185363 0.0252404 0.0552885 0.324219
1 0.55018 0.770299 0.0288462 0.0363248 0.290283
1 0.534856 0.900641 0.0216346 0.0277778 0.264404
1 0.265625 0.307692 0.015625 0.0363248 0.253906
1 0.609375 0.663462 0.0384615 0.0491453 0.521484
1 0.393029 0.547009 0.03125 0.0331196 0.510742
1 0.428486 0.679487 0.0324519 0.0811966 0.505859
1 0.170072 0.47516 0.0354567 0.034188 0.466797
1 0.500601 0.3125 0.0492788 0.0496795 0.449463
1 0.590294 0.857372 0.0309495 0.0608974 0.429199
1 0.799279 0.559829 0.0264423 0.042735 0.39502
1 0.571514 0.168002 0.0276442 0.0411325 0.390381
1 0.766827 0.185764 0.03125 0.10016 0.390381
1 0.238281 0.217682 0.0177284 0.0416667 0.376709
1 0.265325 0.380609 0.0228365 0.0694444 0.338135
1 0.925481 0.211806 0.0228366 0.042735 0.328613
1 0.521034 0.186298 0.0252404 0.0558227 0.306641
1 0.54988 0.770299 0.0300481 0.0363248 0.263672
1 0.534255 0.900641 0.0222356 0.0277778 0.259766
1 0.265625 0.307158 0.0168269 0.0363248 0.251709
1 0.609375 0.663462 0.0384615 0.0491453 0.546875
1 0.393029 0.547009 0.03125 0.034188 0.53418
1 0.428486 0.679487 0.031851 0.0811966 0.522461
1 0.170072 0.475427 0.0354567 0.0352564 0.500977
1 0.5 0.311966 0.0492788 0.0502137 0.455078
1 0.590294 0.856303 0.0309495 0.0608974 0.44458
1 0.799279 0.559829 0.0264423 0.042735 0.422607
1 0.766827 0.185897 0.03125 0.100962 0.406494
1 0.571514 0.167201 0.0264423 0.0416667 0.402588
1 0.238582 0.217415 0.0174279 0.0416667 0.397949
1 0.265325 0.380609 0.0222356 0.0699786 0.346924
1 0.925481 0.211538 0.0228366 0.0422009 0.343262
1 0.521034 0.185897 0.0252404 0.0566239 0.315674
1 0.54988 0.769765 0.0300481 0.0363247 0.299805
1 0.534255 0.900107 0.0222356 0.0277779 0.275879
1 0.265625 0.307692 0.0168269 0.0363248 0.265869
1 0.609976 0.663996 0.0384615 0.0480769 0.527344
1 0.393329 0.548077 0.03125 0.034188 0.516602
1 0.428486 0.678953 0.03125 0.0811966 0.505859
1 0.170222 0.475962 0.0348558 0.034188 0.484375
1 0.5 0.3125 0.0492788 0.0502137 0.44458
1 0.590144 0.856838 0.0300481 0.0608975 0.431152
1 0.766827 0.186165 0.03125 0.100427 0.391357
1 0.799279 0.560897 0.0252404 0.0416667 0.378418
1 0.571815 0.168002 0.0258413 0.0416667 0.374756
1 0.238582 0.218216 0.0174279 0.0411325 0.373047
1 0.265325 0.380609 0.0216346 0.0699786 0.345215
1 0.925481 0.211672 0.0216346 0.0419338 0.330322
1 0.521334 0.186165 0.0252404 0.0555556 0.309082
1 0.55018 0.770299 0.0294471 0.0363248 0.265137
1 0.534555 0.900641 0.0216346 0.0277778 0.259766
1 0.265625 0.308494 0.016226 0.0363248 0.253906
1 0.609375 0.66453 0.0384615 0.0491453 0.544922
1 0.393029 0.548077 0.03125 0.0331197 0.53125
1 0.428486 0.679487 0.031851 0.0811966 0.516602
1 0.170222 0.475962 0.0351562 0.034188 0.499023
1 0.5 0.312233 0.0492788 0.0496795 0.466797
1 0.590294 0.856838 0.0309495 0.0608975 0.440674
1 0.766827 0.186165 0.03125 0.100427 0.394287
1 0.799279 0.560897 0.0264423 0.0416667 0.392334
1 0.571514 0.168269 0.0264423 0.0411325 0.391357
1 0.238582 0.217949 0.0174279 0.0405983 0.38501
1 0.925481 0.211271 0.0216346 0.0411325 0.348633
1 0.265024 0.380876 0.0222356 0.0694444 0.348633
1 0.521034 0.186165 0.0252404 0.0560898 0.321777
1 0.54988 0.770299 0.0288461 0.0363248 0.277588
1 0.534255 0.900641 0.0216346 0.0277778 0.265137
1 0.427885 0.677885 0.0300481 0.0779915 0.454346
1 0.798678 0.558761 0.0228365 0.0416667 0.438721
1 0.610577 0.66453 0.0384615 0.0470085 0.425293
1 0.393029 0.547009 0.0294471 0.0299145 0.412109
1 0.589543 0.856838 0.0288462 0.0619658 0.391357
1 0.765625 0.183494 0.03125 0.103632 0.376709
1 0.4997 0.307692 0.0480769 0.0470086 0.373047
1 0.170072 0.474626 0.0336538 0.0320513 0.36377
1 0.238131 0.21688 0.0165264 0.0416667 0.35498
1 0.264123 0.379541 0.0210337 0.0699786 0.337158
1 0.572115 0.164797 0.0252404 0.0384615 0.307373
1 0.515024 0.185363 0.0252404 0.0563568 0.305664
1 0.925481 0.208868 0.0216346 0.0411325 0.283691
