1 0.511418 0.17468 0.0180289 0.0491453 0.396973
1 0.763221 0.17281 0.0264423 0.106303 0.294922
1 0.492788 0.308226 0.0456731 0.0470086 0.279785
1 0.605769 0.652778 0.03125 0.0555556 0.27124
1 0.447115 0.791132 0.0528846 0.073718 0.260498
1 0.164964 0.455662 0.0270433 0.0475427 0.258301
1 0.492488 0.287927 0.0426683 0.0507479 0.257568
1 0.419772 0.662393 0.0282452 0.0747863 0.288574
1 0.604567 0.65812 0.0396635 0.0641026 0.276611
1 0.602163 0.65812 0.0432692 0.0512821 0.32251
1 0.491286 0.308494 0.046274 0.0470086 0.310791
1 0.760817 0.178419 0.0288462 0.0929487 0.309082
1 0.16226 0.475427 0.0354567 0.0373931 0.284668
1 0.583534 0.853633 0.0336538 0.0673077 0.284668
1 0.417067 0.677885 0.032452 0.0844017 0.283691
1 0.760817 0.178152 0.0276442 0.0913462 0.39502
1 0.584736 0.854701 0.0288462 0.0576923 0.328613
1 0.417668 0.675748 0.0270433 0.0694444 0.310791
1 0.583083 0.858974 0.0285457 0.0619658 0.296631
1 0.760216 0.181357 0.0264423 0.0913462 0.254639
1 0.759615 0.177618 0.0240385 0.0942842 0.379395
1 0.584135 0.853632 0.0288462 0.0641026 0.32251
1 0.414964 0.667735 0.0222356 0.0747863 0.311523
1 0.258714 0.378739 0.0216346 0.0747863 0.301514
1 0.510817 0.179487 0.0216346 0.0560898 0.279785
1 0.495192 0.305556 0.0504808 0.0491453 0.263672
1 0.584135 0.855769 0.03125 0.065171 0.280518
1 0.415865 0.682158 0.0300481 0.0769231 0.267334
1 0.491587 0.309562 0.0504807 0.0528846 0.250244
1 0.49399 0.311966 0.0528846 0.0587607 0.281494
1 0.584135 0.857372 0.03125 0.0662393 0.265869
1 0.490986 0.309829 0.0480769 0.0544872 0.30249
1 0.759615 0.179487 0.03125 0.0905449 0.266602
1 0.417668 0.678419 0.0300481 0.0801282 0.259033
1 0.584135 0.853632 0.03125 0.0598291 0.353027
1 0.760216 0.181223 0.0324519 0.101229 0.287842
1 0.604567 0.659188 0.0384615 0.0534188 0.286133
1 0.492188 0.308494 0.0456731 0.0475427 0.276611
1 0.509014 0.18563 0.0240385 0.0625 0.263672
1 0.417368 0.672009 0.0288462 0.0801282 0.26123
1 0.387019 0.54594 0.0258414 0.0363248 0.253174
1 0.446514 0.794872 0.0552885 0.0918804 0.251709
1 0.584736 0.857906 0.0300481 0.0619658 0.32251
1 0.388522 0.550214 0.0294471 0.0427351 0.268066
1 0.761418 0.188702 0.0324519 0.101229 0.266602
1 0.490986 0.314103 0.0504807 0.0544872 0.26123
1 0.603966 0.657051 0.0372596 0.0491453 0.26123
1 0.586538 0.854701 0.0324519 0.0619659 0.317383
1 0.603365 0.657051 0.0384615 0.0512821 0.300781
1 0.164062 0.478633 0.03125 0.0363248 0.279785
1 0.38762 0.551282 0.0282452 0.0384615 0.27832
1 0.493389 0.310363 0.0492789 0.0512821 0.272705
1 0.445613 0.794872 0.0516827 0.076923 0.276611
1 0.603365 0.65812 0.0384615 0.0534188 0.272705
1 0.491587 0.313034 0.0504807 0.0566239 0.270508
1 0.760817 0.181891 0.03125 0.100427 0.259766
1 0.584285 0.858974 0.0309495 0.0619658 0.259033
1 0.584736 0.857906 0.03125 0.0662393 0.308105
1 0.763221 0.179754 0.0336538 0.0982906 0.27124
1 0.582933 0.856303 0.0288462 0.0619659 0.264404
1 0.445914 0.793803 0.0540865 0.0897436 0.256104
1 0.586388 0.856838 0.0291466 0.059829 0.321777
1 0.762019 0.179354 0.03125 0.0953526 0.309082
1 0.492188 0.310363 0.046875 0.045406 0.290283
1 0.41887 0.671474 0.0288462 0.0801282 0.282227
1 0.510817 0.182959 0.0222356 0.0518162 0.251709
1 0.447416 0.793803 0.047476 0.076923 0.250977
1 0.759615 0.186565 0.0336539 0.106036 0.273682
1 0.416166 0.673077 0.0300481 0.0854701 0.273682
1 0.602163 0.65812 0.0396635 0.0534188 0.263672
1 0.584285 0.856838 0.0285457 0.0608975 0.286133
1 0.760817 0.181223 0.0324519 0.100694 0.276611
1 0.417067 0.67735 0.0288461 0.0876069 0.275146
1 0.761418 0.180823 0.0324519 0.0998932 0.304932
1 0.585337 0.856838 0.0324519 0.0641025 0.293457
1 0.492789 0.311432 0.0504808 0.053953 0.276611
1 0.16226 0.477564 0.0330529 0.0384616 0.250977
1 0.762019 0.179487 0.0300481 0.0982906 0.272705
1 0.585186 0.857906 0.0291466 0.059829 0.27124
1 0.418269 0.678953 0.0324519 0.0886752 0.312256
1 0.586689 0.85844 0.0309495 0.0651709 0.295898
1 0.760817 0.180021 0.03125 0.0972222 0.320801
1 0.584736 0.85844 0.0288462 0.0608974 0.317383
1 0.602163 0.661325 0.0384615 0.0470086 0.277588
1 0.16256 0.480235 0.0339543 0.0352564 0.275879
1 0.915265 0.210203 0.0216346 0.0438034 0.273682
1 0.418269 0.680556 0.0324519 0.0769231 0.273682
1 0.509014 0.184028 0.0252404 0.0582265 0.259033
1 0.490385 0.313568 0.0480769 0.0555556 0.303223
1 0.584736 0.860577 0.0300481 0.0587607 0.27124
1 0.760817 0.180823 0.03125 0.0977564 0.320068
1 0.585186 0.857906 0.0291466 0.0619658 0.313965
1 0.41857 0.678419 0.0294471 0.0769231 0.283691
1 0.492488 0.311699 0.0480769 0.0528846 0.276611
1 0.509916 0.182425 0.0282452 0.0582265 0.27124
1 0.915265 0.209669 0.0216346 0.0470085 0.258301
1 0.446514 0.790598 0.0528846 0.0801281 0.253174
1 0.760817 0.179754 0.0336538 0.0982906 0.290283
1 0.16241 0.478632 0.0330529 0.0405983 0.269775
1 0.584736 0.85844 0.0324519 0.0641026 0.265137
1 0.602163 0.661325 0.0408654 0.0576923 0.250244
1 0.759615 0.179754 0.0336539 0.0988248 0.259766
1 0.492788 0.313034 0.0480769 0.0534188 0.357666
1 0.584736 0.860577 0.03125 0.0630341 0.336426
1 0.16226 0.4789 0.0336538 0.0357906 0.307373
1 0.602764 0.662927 0.0372596 0.0480769 0.29248
1 0.509615 0.183761 0.0264423 0.0550214 0.287842
1 0.417668 0.681624 0.0300481 0.0790598 0.275879
1 0.760817 0.182158 0.03125 0.0929487 0.273682
1 0.446514 0.792735 0.0492788 0.0854701 0.265869
1 0.915865 0.211806 0.0240385 0.0486111 0.262207
1 0.565505 0.173344 0.0264423 0.0384615 0.259766
1 0.491887 0.310897 0.0492789 0.0502137 0.313965
1 0.585337 0.858974 0.03125 0.0619658 0.30249
1 0.760817 0.181891 0.03125 0.0950855 0.291748
1 0.604567 0.660791 0.0384615 0.0480769 0.277588
1 0.163311 0.479167 0.0351562 0.0352564 0.271973
1 0.418269 0.673077 0.0324519 0.0811966 0.27124
1 0.510216 0.185096 0.0252404 0.0560898 0.259766
1 0.762019 0.179754 0.03125 0.0929487 0.327637
1 0.585487 0.857906 0.0333533 0.0630342 0.299072
1 0.492188 0.310096 0.0492788 0.0502137 0.29834
1 0.41887 0.673077 0.03125 0.076923 0.2854
1 0.510817 0.18336 0.0276442 0.0547543 0.279785
1 0.603966 0.660256 0.0396635 0.0470086 0.27832
1 0.915865 0.209001 0.0240385 0.0435363 0.251709
1 0.760817 0.182425 0.03125 0.0977564 0.366699
1 0.584736 0.857906 0.0300481 0.0619658 0.332764
1 0.417668 0.680021 0.0300481 0.0779914 0.327637
1 0.510216 0.185764 0.0264423 0.0555556 0.313232
1 0.445312 0.795406 0.0528846 0.0854701 0.306641
1 0.490385 0.310897 0.0480769 0.0518162 0.303955
1 0.915264 0.210337 0.0228365 0.0446047 0.287842
1 0.604567 0.661325 0.0348558 0.0480769 0.286865
1 0.257512 0.383013 0.0240385 0.0715812 0.273682
1 0.760817 0.181624 0.03125 0.0929487 0.294922
1 0.491887 0.310363 0.0492789 0.0459402 0.269775
1 0.762019 0.182425 0.03125 0.0950855 0.304932
1 0.761418 0.179621 0.0324519 0.0948184 0.294922
1 0.492789 0.310363 0.0528846 0.0491453 0.289307
1 0.16271 0.478365 0.0351562 0.036859 0.289307
1 0.584135 0.856838 0.03125 0.0619658 0.2854
1 0.509615 0.183761 0.0276442 0.0571581 0.279785
1 0.603365 0.660256 0.0384615 0.0502137 0.275879
1 0.417368 0.678953 0.0324519 0.0790598 0.275146
1 0.914663 0.208734 0.0252404 0.0446047 0.265137
1 0.385817 0.549145 0.0324519 0.034188 0.256836
1 0.417668 0.67735 0.030649 0.0811966 0.329346
1 0.602163 0.661325 0.0384615 0.0480769 0.317383
1 0.509916 0.184295 0.0264423 0.0566239 0.313965
1 0.760817 0.176015 0.03125 0.0956197 0.301514
1 0.584135 0.856838 0.0276443 0.059829 0.290283
1 0.492789 0.311432 0.0528846 0.0518162 0.27832
1 0.915865 0.2086 0.0216346 0.045406 0.269775
1 0.16226 0.478633 0.0324519 0.0363248 0.260498
1 0.444712 0.787393 0.0498798 0.0865384 0.250977
1 0.760216 0.180556 0.03125 0.0988248 0.303223
1 0.584736 0.858974 0.0288462 0.059829 0.29834
1 0.417668 0.678419 0.03125 0.0833333 0.294922
1 0.509916 0.184829 0.0258413 0.0566239 0.287842
1 0.16226 0.479701 0.0330529 0.0352564 0.284668
1 0.603365 0.660791 0.0360577 0.0427351 0.283691
1 0.492188 0.313034 0.0504807 0.0459402 0.273682
1 0.915865 0.211138 0.0216346 0.0435363 0.255371
1 0.760817 0.181624 0.0276442 0.0972222 0.400635
1 0.418269 0.673077 0.0300481 0.0790598 0.338867
1 0.583984 0.856303 0.0267428 0.0619659 0.308105
1 0.508714 0.184428 0.0234375 0.0590278 0.307373
1 0.492188 0.311165 0.0522837 0.0491453 0.287842
1 0.257812 0.378472 0.0198317 0.0790598 0.2854
1 0.565505 0.172009 0.0228365 0.0405983 0.271973
1 0.16226 0.477831 0.0336538 0.0363248 0.27124
1 0.914663 0.210203 0.0216346 0.0464744 0.265137
1 0.603365 0.660791 0.0336539 0.0438034 0.26123
1 0.385216 0.553419 0.03125 0.0320513 0.256104
1 0.257212 0.308226 0.0168269 0.0416667 0.250977
1 0.491587 0.308761 0.0504807 0.0480769 0.303955
1 0.760216 0.178152 0.03125 0.0956197 0.282959
1 0.417067 0.67735 0.03125 0.0801282 0.274414
1 0.759615 0.179354 0.03125 0.0980235 0.286133
1 0.491587 0.308761 0.0492788 0.0480769 0.342529
1 0.760817 0.180288 0.03125 0.0956197 0.339844
1 0.161959 0.478098 0.0336538 0.0347222 0.279053
1 0.417969 0.670406 0.0270432 0.0758547 0.277588
1 0.584736 0.856303 0.0300481 0.0619659 0.275879
1 0.602163 0.659722 0.0384615 0.0459402 0.268066
1 0.760817 0.178953 0.03125 0.0940171 0.328613
1 0.492488 0.311432 0.0492788 0.0544872 0.325195
1 0.603365 0.661859 0.0384615 0.0502137 0.288574
1 0.162861 0.480502 0.0330529 0.0389957 0.265137
1 0.38762 0.552885 0.0324519 0.0373932 0.251709
1 0.602163 0.661859 0.0396635 0.0491453 0.29248
1 0.760817 0.17735 0.03125 0.0998932 0.27832
1 0.762019 0.181624 0.03125 0.0956197 0.40918
1 0.601562 0.662393 0.0408654 0.0470086 0.325195
1 0.490986 0.309028 0.0504807 0.0550214 0.313965
1 0.585186 0.857906 0.0315505 0.0619658 0.304932
1 0.162109 0.477564 0.0354567 0.0395299 0.30249
1 0.419471 0.674145 0.0324519 0.082265 0.295898
1 0.915865 0.207131 0.0240385 0.0462073 0.277588
1 0.509315 0.184295 0.0276443 0.0550214 0.264404
1 0.566106 0.169338 0.0252404 0.0389957 0.251709
1 0.76262 0.180956 0.0300481 0.100694 0.397949
1 0.492789 0.307158 0.0516827 0.0470086 0.358398
1 0.602764 0.661325 0.0420673 0.0491453 0.325928
1 0.162861 0.479167 0.0354567 0.0373931 0.32251
1 0.445914 0.791667 0.0540865 0.0940171 0.303955
1 0.386118 0.551282 0.0330529 0.0363248 0.297363
1 0.916466 0.207799 0.0216346 0.0448718 0.290283
1 0.585337 0.855769 0.0336538 0.0608974 0.286865
1 0.419471 0.675214 0.0288462 0.0811966 0.286133
1 0.509615 0.194979 0.0264423 0.0590278 0.268066
1 0.760817 0.180155 0.0288462 0.0964209 0.386719
1 0.491587 0.308761 0.0516827 0.0502137 0.364746
1 0.601562 0.661325 0.0396635 0.0470086 0.317383
1 0.418269 0.67094 0.0294471 0.0833333 0.307373
1 0.161358 0.479167 0.0348558 0.0373931 0.299072
1 0.915865 0.209535 0.0216346 0.0488782 0.282227
1 0.508113 0.182425 0.0258413 0.0582265 0.279785
1 0.583534 0.857372 0.0300481 0.0587607 0.270508
1 0.565505 0.172009 0.0240385 0.0379274 0.257568
1 0.382812 0.543803 0.03125 0.034188 0.254639
1 0.492188 0.310897 0.0504807 0.0475427 0.331055
1 0.760817 0.17922 0.0288462 0.0961539 0.288574
1 0.602163 0.662393 0.0384615 0.0448718 0.2854
1 0.584736 0.856838 0.0300481 0.0587607 0.264404
1 0.16226 0.479968 0.0330529 0.0336539 0.263672
1 0.762019 0.178018 0.03125 0.0974893 0.303955
1 0.492789 0.309295 0.0486779 0.0523504 0.286865
1 0.603966 0.660256 0.0372596 0.051282 0.27832
1 0.760817 0.180556 0.0288462 0.0892094 0.346924
1 0.491887 0.310363 0.0498798 0.0470085 0.29248
1 0.41857 0.673611 0.030649 0.0747863 0.260498
1 0.602764 0.660791 0.0384615 0.0491453 0.250977
1 0.761418 0.179487 0.03125 0.0977564 0.307373
1 0.493389 0.310363 0.0516827 0.0534188 0.250977
1 0.762019 0.180155 0.03125 0.0964209 0.356689
1 0.418269 0.672543 0.0300481 0.0779914 0.29834
1 0.492789 0.310897 0.0504808 0.0491453 0.272705
1 0.161508 0.482372 0.0336539 0.0395299 0.265869
1 0.509615 0.196848 0.0288461 0.0614316 0.253174
1 0.762019 0.179487 0.03125 0.096688 0.404541
1 0.491587 0.311432 0.0504807 0.0491453 0.304932
1 0.16256 0.480235 0.0342548 0.0363248 0.300781
1 0.41887 0.673077 0.0288462 0.076923 0.297363
1 0.915865 0.212473 0.0216346 0.0430022 0.294922
1 0.603365 0.661325 0.0384615 0.0427351 0.2854
1 0.385517 0.551816 0.0324519 0.0331197 0.276611
1 0.510216 0.185096 0.0264423 0.0544872 0.27124
1 0.566406 0.171608 0.0234375 0.0395299 0.265869
1 0.585337 0.857372 0.0300481 0.0608974 0.265869
1 0.760817 0.17735 0.03125 0.0945513 0.358398
1 0.492488 0.308226 0.0498798 0.0502137 0.34082
1 0.386118 0.551282 0.0324519 0.034188 0.270508
1 0.16256 0.477564 0.0345553 0.036859 0.265869
1 0.419171 0.669872 0.030649 0.0790598 0.264404
1 0.602764 0.660256 0.0372596 0.0448718 0.255371
1 0.762019 0.180288 0.0288462 0.0940171 0.361084
1 0.492188 0.307158 0.0492788 0.0502137 0.287842
1 0.419471 0.67094 0.0276443 0.0769231 0.264404
1 0.760817 0.180021 0.03125 0.0961539 0.395996
1 0.418269 0.672009 0.0300481 0.0801282 0.257568
1 0.16226 0.480235 0.0324519 0.0395299 0.251709
1 0.585337 0.85844 0.0324519 0.0619659 0.250244
1 0.760817 0.178419 0.0288462 0.10203 0.390381
1 0.41887 0.672009 0.0288462 0.0811966 0.303223
1 0.602163 0.661859 0.0384615 0.0480769 0.284668
1 0.491887 0.309028 0.0498798 0.0464744 0.280518
1 0.917067 0.209669 0.0216347 0.0470085 0.26123
1 0.161508 0.479434 0.0351562 0.0400641 0.259766
1 0.584736 0.855769 0.03125 0.0619658 0.256104
1 0.760817 0.181624 0.03125 0.0982906 0.319092
1 0.492789 0.309829 0.0516827 0.0534188 0.273682
1 0.603365 0.660791 0.0384615 0.0502137 0.266602
1 0.566406 0.169872 0.0246394 0.0448718 0.257568
1 0.762019 0.181624 0.0288462 0.0977564 0.360352
1 0.602764 0.660791 0.0360577 0.0480769 0.301514
1 0.585487 0.857906 0.0309495 0.0587608 0.291748
1 0.492188 0.309295 0.0492788 0.0459402 0.290283
1 0.419471 0.672009 0.0276443 0.0790598 0.279053
1 0.510216 0.184295 0.0240385 0.0544872 0.276611
1 0.161659 0.481303 0.0330529 0.0373931 0.272705
1 0.566707 0.171207 0.0228365 0.0392628 0.268066
1 0.915865 0.211138 0.0216346 0.0430021 0.253174
1 0.760817 0.178953 0.03125 0.0972222 0.335449
1 0.603365 0.660256 0.0348558 0.0470086 0.279785
1 0.419171 0.669872 0.030649 0.0790598 0.269775
1 0.492188 0.308227 0.0486779 0.0448718 0.253174
1 0.762019 0.179087 0.03125 0.0958868 0.321777
1 0.602163 0.661325 0.0360577 0.0480769 0.272705
1 0.510216 0.183761 0.0264423 0.0587607 0.251709
1 0.419471 0.669872 0.0294471 0.0790598 0.250244
1 0.585337 0.856303 0.03125 0.0619659 0.250244
1 0.760817 0.178819 0.03125 0.0958867 0.373047
1 0.601562 0.661325 0.0384615 0.0502137 0.299805
1 0.418269 0.669872 0.0300481 0.0801282 0.296631
1 0.161058 0.4789 0.0333534 0.0389957 0.271973
1 0.509615 0.183494 0.0264423 0.0579594 0.269775
1 0.584135 0.856838 0.0300481 0.0608975 0.269043
1 0.915264 0.209268 0.0228365 0.0440705 0.257568
1 0.565204 0.169338 0.0246394 0.0389957 0.252441
1 0.760817 0.180155 0.0324519 0.0980235 0.34082
1 0.491587 0.309829 0.0516827 0.0491453 0.2854
1 0.602163 0.661325 0.0396635 0.051282 0.276611
1 0.161659 0.479167 0.0348558 0.0395299 0.26123
1 0.565505 0.170139 0.0252404 0.0400641 0.256836
1 0.41887 0.672543 0.0300481 0.0790599 0.254639
1 0.762019 0.178819 0.03125 0.096421 0.384033
1 0.602163 0.660791 0.0384615 0.051282 0.29834
1 0.161358 0.478098 0.0360577 0.0373932 0.284668
1 0.492188 0.308761 0.0504807 0.0496795 0.282227
1 0.915865 0.209802 0.0216346 0.042468 0.256836
1 0.419471 0.670406 0.0300481 0.0811966 0.254639
1 0.583984 0.857906 0.0315505 0.0619658 0.254639
1 0.762019 0.179354 0.03125 0.0985577 0.356689
1 0.603365 0.659722 0.0372596 0.051282 0.305664
1 0.161508 0.478632 0.0333534 0.0384616 0.288574
1 0.564603 0.168803 0.0246394 0.0416667 0.287842
1 0.492789 0.307959 0.0504808 0.0464744 0.284668
1 0.41887 0.673077 0.0288462 0.076923 0.275879
1 0.511418 0.184829 0.0276442 0.0566239 0.275146
1 0.915865 0.209669 0.0228365 0.0443376 0.274414
1 0.584135 0.857372 0.03125 0.0619659 0.265137
1 0.386418 0.549145 0.03125 0.0363248 0.263672
1 0.761418 0.180021 0.0300481 0.0982906 0.430176
1 0.602764 0.661859 0.0372596 0.0491453 0.324219
1 0.492188 0.309028 0.0516827 0.0459402 0.314941
1 0.584736 0.857906 0.0300481 0.059829 0.313965
1 0.161959 0.479968 0.0324519 0.0357906 0.304932
1 0.511719 0.194177 0.0264423 0.0566239 0.29834
1 0.419471 0.672543 0.0294471 0.0779914 0.296631
1 0.917067 0.210203 0.0216347 0.0448718 0.284668
1 0.565805 0.170139 0.0234375 0.0400641 0.276611
1 0.385817 0.551282 0.0324519 0.034188 0.27124
1 0.760817 0.183761 0.03125 0.0956197 0.294922
1 0.492188 0.309562 0.0492788 0.0507479 0.282227
1 0.762019 0.180956 0.03125 0.0990919 0.358398
1 0.492188 0.307158 0.0492788 0.0470086 0.31665
1 0.603365 0.660256 0.0384615 0.0534188 0.309082
1 0.512019 0.185096 0.0300481 0.0587607 0.288574
1 0.419471 0.672009 0.0300481 0.0811966 0.287842
1 0.585337 0.855769 0.03125 0.059829 0.2854
1 0.16256 0.476496 0.0336538 0.036859 0.279785
1 0.917067 0.207799 0.0240385 0.042735 0.262939
1 0.566707 0.166667 0.0252404 0.0384615 0.257568
1 0.387019 0.548077 0.0324519 0.0363248 0.250244
1 0.760817 0.18109 0.03125 0.0956197 0.363037
1 0.492188 0.307692 0.0498798 0.0480769 0.34082
1 0.603365 0.661325 0.0384615 0.0502137 0.279785
1 0.41857 0.67094 0.0300481 0.0790599 0.272705
1 0.510517 0.184562 0.0282452 0.0563568 0.262207
1 0.16256 0.478098 0.0324519 0.0384616 0.256836
1 0.584736 0.857372 0.03125 0.0598291 0.256104
1 0.762019 0.182025 0.03125 0.0990919 0.411133
1 0.492188 0.309295 0.0516827 0.0534188 0.35498
1 0.602163 0.661325 0.0408654 0.0555556 0.324219
1 0.419471 0.674145 0.03125 0.0811966 0.295898
1 0.510817 0.185096 0.0276442 0.0587607 0.294189
1 0.161809 0.478632 0.0333534 0.0395299 0.288574
1 0.584736 0.85844 0.03125 0.0619659 0.287842
1 0.917067 0.208734 0.0216347 0.0462073 0.271973
1 0.565805 0.168269 0.0246394 0.0405983 0.27124
1 0.385517 0.550748 0.0336538 0.0363248 0.258301
1 0.491587 0.309295 0.0516827 0.0523504 0.36377
1 0.762019 0.181624 0.03125 0.0988248 0.362061
1 0.602163 0.661859 0.0408654 0.0523504 0.301514
1 0.419471 0.673077 0.0300481 0.0833334 0.2854
1 0.584736 0.857372 0.0300481 0.0608974 0.281494
1 0.511719 0.185096 0.0282452 0.0582265 0.275146
1 0.564904 0.169738 0.0252404 0.0416667 0.268066
1 0.16226 0.479434 0.0330529 0.0400641 0.265137
1 0.385817 0.551816 0.0324519 0.0363248 0.265137
1 0.763221 0.18109 0.03125 0.099359 0.377441
1 0.492188 0.309829 0.0522837 0.0502137 0.35498
1 0.585337 0.857906 0.03125 0.0619658 0.291016
1 0.512019 0.184428 0.0276443 0.0550214 0.286865
1 0.603365 0.661859 0.0384615 0.051282 0.286865
1 0.565805 0.169071 0.0246394 0.0405983 0.286133
1 0.420072 0.674145 0.0300481 0.0811966 0.286133
1 0.16271 0.479167 0.0330529 0.0384616 0.2854
1 0.386418 0.550214 0.0324519 0.034188 0.279785
1 0.917668 0.209802 0.0228366 0.0451389 0.277588
1 0.491587 0.309829 0.0504807 0.0475427 0.311523
1 0.76262 0.181757 0.0324519 0.1039 0.310791
1 0.41887 0.673611 0.0300481 0.0811966 0.269043
1 0.585487 0.856838 0.0309495 0.0619658 0.260498
1 0.161659 0.4789 0.0336539 0.0357906 0.251709
1 0.510817 0.194712 0.0276442 0.056891 0.250977
1 0.491587 0.307158 0.0504807 0.0496795 0.31665
1 0.763221 0.173478 0.0324519 0.0980235 0.303955
1 0.41887 0.673077 0.0300481 0.0811966 0.297363
1 0.602163 0.661325 0.0408654 0.0534188 0.294922
1 0.510817 0.184028 0.0276442 0.0600961 0.291016
1 0.916466 0.206864 0.0228366 0.0440705 0.291016
1 0.584736 0.854701 0.0300481 0.0608974 0.291016
1 0.161358 0.477564 0.0342548 0.0373932 0.279785
1 0.385216 0.547009 0.0324519 0.034188 0.259033
1 0.491887 0.307692 0.0504808 0.0491453 0.385742
1 0.915865 0.207532 0.0228365 0.0438034 0.379395
1 0.583534 0.856303 0.0288462 0.0608974 0.369385
1 0.760817 0.185363 0.0324519 0.103632 0.359375
1 0.161358 0.477564 0.0336538 0.0352564 0.358398
1 0.601562 0.673077 0.0384615 0.0534188 0.342529
1 0.41887 0.678419 0.0324519 0.0811966 0.334473
1 0.509315 0.185897 0.0270432 0.0566239 0.325928
1 0.385817 0.55235 0.030649 0.034188 0.32251
1 0.563702 0.16453 0.0240385 0.0392628 0.286133
1 0.491587 0.307158 0.0492788 0.0491453 0.435059
1 0.762019 0.183227 0.03125 0.104701 0.414062
1 0.915865 0.206197 0.0240385 0.0432692 0.392334
1 0.583984 0.856838 0.0291466 0.0608975 0.376709
1 0.602163 0.67094 0.0384615 0.0534188 0.373779
1 0.161959 0.474893 0.0336538 0.0363248 0.37207
1 0.386418 0.547009 0.03125 0.034188 0.365723
1 0.419171 0.678419 0.030649 0.0811966 0.342529
1 0.510216 0.186298 0.0276442 0.0552885 0.33374
1 0.793269 0.557692 0.0252404 0.0384615 0.329346
1 0.565505 0.163862 0.0240385 0.0384615 0.294922
1 0.491587 0.309028 0.0492788 0.0512821 0.431152
1 0.762019 0.184829 0.0336538 0.105769 0.410156
1 0.915865 0.206731 0.0252404 0.0464744 0.395996
1 0.584135 0.857906 0.03125 0.0619658 0.39502
1 0.603365 0.666667 0.0384615 0.0491453 0.369385
1 0.386118 0.550214 0.0324519 0.034188 0.367432
1 0.16226 0.476229 0.0351562 0.0363248 0.343262
1 0.419471 0.679487 0.0324519 0.0833333 0.343262
1 0.510817 0.187233 0.0288461 0.056891 0.315674
1 0.793269 0.556624 0.0264423 0.0405983 0.294922
1 0.564904 0.165064 0.0264423 0.0405983 0.269043
1 0.257812 0.379006 0.0228365 0.0753205 0.250244
1 0.492188 0.308226 0.0504807 0.0502137 0.449463
1 0.762019 0.185363 0.0336538 0.105769 0.431152
1 0.584135 0.856303 0.0300481 0.059829 0.430176
1 0.602764 0.663462 0.0384615 0.0512821 0.413086
1 0.915865 0.206464 0.0240385 0.0448718 0.401611
1 0.510216 0.184829 0.0276442 0.0579594 0.396973
1 0.16226 0.47516 0.0336538 0.0347222 0.376709
1 0.386418 0.548077 0.03125 0.0299145 0.375732
1 0.41887 0.678419 0.0300481 0.0833333 0.361084
1 0.793269 0.555556 0.0252404 0.0384616 0.313232
1 0.564904 0.164797 0.0252404 0.0389957 0.294189
1 0.411659 0.24192 0.0192307 0.0332532 0.27832
1 0.54357 0.768162 0.0276442 0.0320513 0.273682
1 0.258113 0.379541 0.0222356 0.0731838 0.271973
1 0.257963 0.306624 0.0159255 0.0384615 0.253906
1 0.760817 0.182959 0.0324519 0.105769 0.500977
1 0.490986 0.308226 0.0504807 0.0507479 0.488281
1 0.584135 0.855235 0.0288462 0.059829 0.463867
1 0.602163 0.665064 0.0384615 0.0470085 0.453369
1 0.510216 0.186165 0.0264423 0.0550214 0.44751
1 0.915865 0.205262 0.0240385 0.0430021 0.443604
1 0.385817 0.548077 0.0324519 0.0320513 0.427246
1 0.16256 0.474092 0.0342548 0.0357906 0.405518
1 0.417969 0.679487 0.0288462 0.0790599 0.402588
1 0.257662 0.378472 0.0219351 0.0753205 0.336426
1 0.793269 0.558227 0.0240385 0.034188 0.306641
1 0.566106 0.162927 0.0252404 0.0395299 0.301514
1 0.542668 0.769231 0.0264423 0.0320513 0.271973
1 0.258113 0.306624 0.015024 0.0373932 0.252441
1 0.760817 0.183494 0.03125 0.104167 0.450439
1 0.915865 0.206998 0.0216346 0.0432692 0.435059
1 0.491587 0.308226 0.0504807 0.051282 0.424316
1 0.583534 0.856303 0.0288462 0.0619659 0.422607
1 0.603365 0.666133 0.0372596 0.0470086 0.419678
1 0.385817 0.549145 0.0300481 0.0299145 0.413086
1 0.417969 0.678953 0.0294471 0.0790598 0.402588
1 0.509615 0.186432 0.0264423 0.0550214 0.401611
1 0.161959 0.474893 0.0330529 0.0331197 0.394287
1 0.792668 0.559829 0.0240385 0.0384616 0.325928
1 0.564904 0.163996 0.0240385 0.0376602 0.313232
1 0.257512 0.378739 0.0216346 0.0753205 0.307373
1 0.257212 0.307692 0.015024 0.0373932 0.26123
1 0.411058 0.243056 0.0174279 0.0320513 0.257568
1 0.491286 0.308761 0.0498798 0.0507479 0.513672
1 0.602764 0.66453 0.0396635 0.0491453 0.489258
1 0.584285 0.855769 0.0309495 0.0619658 0.474609
1 0.761418 0.183494 0.0324519 0.105235 0.47168
1 0.161959 0.474893 0.0342548 0.034188 0.46875
1 0.386418 0.547009 0.03125 0.0320513 0.463867
1 0.915865 0.206597 0.0240385 0.0451389 0.456055
1 0.510216 0.185897 0.0276442 0.0555556 0.450439
1 0.41887 0.678419 0.0300481 0.0790599 0.430176
1 0.793269 0.557692 0.0264423 0.0384615 0.344238
1 0.258263 0.379273 0.023137 0.0769231 0.342529
1 0.565505 0.163462 0.0264423 0.0395299 0.324219
1 0.542668 0.768162 0.0276442 0.0331196 0.324219
1 0.258113 0.307158 0.0153245 0.0384615 0.315674
1 0.411659 0.242588 0.0180288 0.0329861 0.266602
1 0.528846 0.899573 0.0216346 0.0299145 0.250977
1 0.490986 0.307959 0.0504807 0.051282 0.478516
1 0.602163 0.66453 0.0396635 0.0491453 0.47168
1 0.585487 0.855769 0.0309495 0.0619658 0.452393
1 0.762019 0.184829 0.03125 0.102564 0.438721
1 0.161959 0.475427 0.0333534 0.0352564 0.433105
1 0.385817 0.549145 0.03125 0.0320513 0.433105
1 0.915865 0.206998 0.0228365 0.0459402 0.427246
1 0.510216 0.187366 0.0264423 0.053953 0.42334
1 0.41857 0.678419 0.030649 0.0790599 0.40918
1 0.258714 0.379006 0.0222356 0.0742521 0.358398
1 0.793269 0.558761 0.0240385 0.0363248 0.338867
1 0.542668 0.768162 0.0276442 0.0341881 0.330322
1 0.566106 0.16453 0.0252404 0.0400641 0.329346
1 0.257812 0.307158 0.015024 0.0395299 0.297363
1 0.411959 0.244124 0.0180289 0.0336538 0.263672
1 0.528245 0.899573 0.0222356 0.0288462 0.250977
1 0.490986 0.307959 0.0504807 0.0491453 0.492188
1 0.602163 0.66453 0.0396635 0.0491453 0.485352
1 0.161358 0.475427 0.0339543 0.0331197 0.483398
1 0.386118 0.548077 0.031851 0.0320513 0.475586
1 0.584736 0.855769 0.0300481 0.0608974 0.474609
1 0.915865 0.207532 0.0228365 0.0432692 0.459961
1 0.762019 0.186432 0.03125 0.10203 0.450439
1 0.41857 0.679487 0.030649 0.0790599 0.429199
1 0.510216 0.188301 0.0264423 0.0536859 0.424316
1 0.258413 0.378739 0.0216346 0.0737179 0.414062
1 0.565505 0.164797 0.0252404 0.0381945 0.358398
1 0.542368 0.768697 0.0282452 0.034188 0.331055
1 0.793269 0.559295 0.0264423 0.0384616 0.328613
1 0.411659 0.245192 0.0192307 0.034188 0.29248
1 0.257662 0.306891 0.0153245 0.0379274 0.291016
1 0.528245 0.900641 0.0216346 0.0299145 0.250977
1 0.161809 0.474893 0.0342548 0.0352564 0.505859
1 0.602764 0.66453 0.0384615 0.0491453 0.504883
1 0.584736 0.856303 0.03125 0.0608974 0.481445
1 0.915265 0.206998 0.0252404 0.0448718 0.474609
1 0.386118 0.548077 0.03125 0.0331197 0.458984
1 0.762019 0.184829 0.0324519 0.101496 0.455078
1 0.491587 0.308226 0.0498798 0.0491453 0.450439
1 0.509916 0.188301 0.0282452 0.0550214 0.449463
1 0.418269 0.678419 0.03125 0.0790599 0.431152
1 0.258113 0.378739 0.0228365 0.0747863 0.379395
1 0.565505 0.165331 0.0252404 0.0384615 0.374756
1 0.542668 0.769231 0.0276442 0.0341881 0.347656
1 0.793269 0.559829 0.0264423 0.0384616 0.328613
1 0.257362 0.306624 0.0153245 0.0373932 0.290283
1 0.411659 0.245727 0.0192307 0.034188 0.280518
1 0.603365 0.66453 0.0384615 0.0491453 0.503906
1 0.763221 0.184295 0.03125 0.101496 0.483398
1 0.492188 0.309295 0.0492788 0.0502137 0.477539
1 0.161659 0.475427 0.0330529 0.034188 0.477539
1 0.584736 0.856838 0.0300481 0.0619658 0.477539
1 0.915865 0.207532 0.0228365 0.0443376 0.473633
1 0.386418 0.548611 0.0300481 0.0299145 0.460938
1 0.510817 0.1875 0.0264423 0.0544872 0.443604
1 0.419471 0.678419 0.0300481 0.0790599 0.440674
1 0.258564 0.378205 0.0219351 0.0747863 0.395996
1 0.542668 0.768162 0.0276442 0.0341881 0.35498
1 0.793269 0.559295 0.0252404 0.0373931 0.354004
1 0.565505 0.164797 0.0252404 0.0389957 0.346924
1 0.411659 0.244124 0.0180288 0.034188 0.287842
1 0.257512 0.306624 0.015024 0.0373932 0.281494
1 0.234075 0.217281 0.0174279 0.0435363 0.254639
1 0.528546 0.901175 0.0216346 0.0299146 0.253174
1 0.161959 0.475427 0.0342548 0.0363248 0.510742
1 0.602764 0.665598 0.0396635 0.0491453 0.505859
1 0.76262 0.185897 0.0324519 0.103098 0.472656
1 0.916466 0.208734 0.0240384 0.0440705 0.47168
1 0.386418 0.549145 0.03125 0.0320513 0.46875
1 0.584736 0.857906 0.03125 0.0619658 0.46582
1 0.491887 0.309295 0.0510817 0.0502137 0.459961
1 0.510817 0.189637 0.0276442 0.0560898 0.425293
1 0.419471 0.678419 0.03125 0.0811966 0.411133
1 0.565505 0.165465 0.0264423 0.0400641 0.370117
1 0.793269 0.559829 0.0264423 0.0384616 0.332031
1 0.542368 0.769231 0.0276443 0.0341881 0.307373
1 0.258714 0.378739 0.0228365 0.0769231 0.294189
1 0.411659 0.244191 0.0192307 0.0361912 0.291016
1 0.257512 0.307425 0.015625 0.0373932 0.279785
1 0.233774 0.217682 0.0174279 0.0443376 0.250977
1 0.16226 0.474626 0.0339543 0.0347222 0.513672
1 0.602764 0.66453 0.0396635 0.0491453 0.506836
1 0.762019 0.184963 0.03125 0.10016 0.487305
1 0.584736 0.857906 0.0300481 0.0619658 0.477539
1 0.386418 0.548077 0.031851 0.0309829 0.467773
1 0.916466 0.208734 0.0240384 0.0435363 0.460938
1 0.491587 0.309562 0.0504807 0.0502137 0.44165
1 0.419471 0.678419 0.03125 0.0790599 0.434082
1 0.511118 0.18977 0.0276443 0.0531517 0.418701
1 0.565805 0.165465 0.0258413 0.0389957 0.379395
1 0.258564 0.379274 0.0225361 0.0747863 0.342529
1 0.793269 0.559829 0.0252404 0.0373932 0.339844
1 0.542668 0.769231 0.0276442 0.0341881 0.311523
1 0.411659 0.245459 0.0192307 0.0352564 0.294189
1 0.257662 0.307692 0.015024 0.0363248 0.290283
1 0.161959 0.475694 0.0336538 0.0347222 0.532227
1 0.602764 0.66453 0.0396635 0.0512821 0.532227
1 0.584736 0.857906 0.0300481 0.0619658 0.492188
1 0.386418 0.549145 0.03125 0.0320513 0.488281
1 0.492188 0.310363 0.0504807 0.0512821 0.487305
1 0.762019 0.18523 0.03125 0.10016 0.472656
1 0.915865 0.209936 0.0240385 0.0448718 0.466797
1 0.510817 0.188969 0.0276442 0.0534188 0.44458
1 0.419772 0.678953 0.030649 0.0801282 0.439697
1 0.565505 0.166667 0.0252404 0.0400641 0.414062
1 0.258413 0.379808 0.0222356 0.0747863 0.371094
1 0.793269 0.560897 0.0252404 0.0384616 0.348633
1 0.542668 0.769231 0.0270433 0.0341881 0.332031
1 0.257512 0.308761 0.0144231 0.0373932 0.326904
1 0.411659 0.246795 0.0192307 0.0352564 0.303955
1 0.16226 0.475962 0.0351562 0.0352564 0.512695
1 0.602764 0.665064 0.0396635 0.0502137 0.507812
1 0.584736 0.85844 0.03125 0.0619659 0.464844
1 0.386418 0.549145 0.03125 0.0320513 0.459961
1 0.762019 0.18563 0.0336538 0.100427 0.453369
1 0.491587 0.31063 0.0492788 0.0502137 0.453369
1 0.915865 0.209402 0.0252404 0.045406 0.445557
1 0.419471 0.679487 0.03125 0.0811966 0.424316
1 0.510817 0.190037 0.0288461 0.0544872 0.408203
1 0.565505 0.166934 0.0264423 0.0400641 0.390381
1 0.258413 0.379808 0.0228365 0.0753205 0.327637
1 0.257362 0.308494 0.015024 0.0373932 0.315674
1 0.793269 0.560363 0.0264423 0.0384616 0.313232
1 0.542368 0.769231 0.0276443 0.0341881 0.299072
1 0.411659 0.247329 0.0192307 0.0352564 0.271973
1 0.162109 0.475694 0.0345553 0.0357906 0.536133
1 0.602764 0.665064 0.0396635 0.0502137 0.533203
1 0.584736 0.857906 0.03125 0.0619658 0.487305
1 0.386118 0.549145 0.031851 0.0320513 0.479492
1 0.762019 0.186031 0.03125 0.101229 0.472656
1 0.915865 0.209535 0.0240385 0.0451389 0.466797
1 0.491587 0.310096 0.0492788 0.0502137 0.446533
1 0.419471 0.679487 0.03125 0.0811966 0.439697
1 0.510817 0.189904 0.0288461 0.0550214 0.431152
1 0.565505 0.1664 0.0264423 0.0411325 0.411133
1 0.258413 0.379808 0.0228365 0.0769231 0.351318
1 0.257662 0.309295 0.015024 0.0373932 0.345215
1 0.792668 0.560897 0.0264423 0.0384616 0.337158
1 0.542368 0.769231 0.0282452 0.0341881 0.325928
1 0.411659 0.246528 0.0192307 0.0352564 0.296631
1 0.548978 0.591346 0.0174279 0.0277778 0.253906
1 0.16226 0.476496 0.0345553 0.0352564 0.522461
1 0.603365 0.665064 0.0384615 0.0491453 0.515625
1 0.584736 0.857906 0.03125 0.0619658 0.476562
1 0.386418 0.54968 0.03125 0.0320513 0.46582
1 0.762019 0.186165 0.03125 0.101496 0.460938
1 0.915865 0.209669 0.0240385 0.0448718 0.454346
1 0.491587 0.31063 0.0498798 0.0502137 0.44751
1 0.419471 0.679487 0.03125 0.0811966 0.425293
1 0.510817 0.190171 0.0276442 0.0544872 0.413086
1 0.565505 0.1668 0.0264423 0.0405983 0.39502
1 0.258564 0.379808 0.0225361 0.0758547 0.351318
1 0.257812 0.309295 0.015024 0.0373932 0.326904
1 0.793269 0.560897 0.0264423 0.0384616 0.304932
1 0.542668 0.769231 0.0276442 0.0341881 0.299805
1 0.411659 0.247329 0.0192307 0.034188 0.271973
1 0.162109 0.476229 0.0345553 0.0347222 0.542969
1 0.602764 0.665598 0.0396635 0.0491453 0.536133
1 0.584285 0.857906 0.0309495 0.0619658 0.492188
1 0.386418 0.549145 0.03125 0.0320513 0.484375
1 0.915865 0.209669 0.0240385 0.0443376 0.474609
1 0.491587 0.310363 0.0504807 0.0502137 0.474609
1 0.762019 0.186165 0.0324519 0.100962 0.463867
1 0.419471 0.679487 0.03125 0.0811966 0.438721
1 0.510817 0.190037 0.0276442 0.0544872 0.429199
1 0.565505 0.166934 0.0264423 0.0400641 0.411133
1 0.258413 0.380075 0.0228365 0.0763889 0.348633
1 0.257812 0.308761 0.015024 0.0363248 0.328613
1 0.542368 0.769231 0.0276443 0.0341881 0.310791
1 0.793269 0.561432 0.0264423 0.0373932 0.305664
1 0.411959 0.247329 0.0186298 0.0331196 0.279053
1 0.760817 0.183494 0.03125 0.104167 0.450439
1 0.915865 0.206998 0.0216346 0.0432692 0.435059
1 0.491587 0.308226 0.0504807 0.051282 0.424316
1 0.583534 0.856303 0.0288462 0.0619659 0.422607
1 0.603365 0.666133 0.0372596 0.0470086 0.419678
1 0.385817 0.549145 0.0300481 0.0299145 0.413086
1 0.509615 0.186565 0.0264423 0.0550214 0.402588
1 0.417969 0.678953 0.0294471 0.0790598 0.402588
1 0.161959 0.474893 0.0330529 0.0331197 0.394287
1 0.792668 0.559829 0.0240385 0.0384616 0.326904
1 0.564904 0.163996 0.0240385 0.0373932 0.313232
1 0.257512 0.378739 0.0216346 0.0753205 0.307373
1 0.257212 0.307692 0.015024 0.0373932 0.260498
1 0.411058 0.243056 0.0174279 0.0320513 0.257568
