1 0.801683 0.959402 0.0216346 0.0448718 0.373047
1 0.189303 0.54968 0.0372596 0.0470086 0.361084
1 0.725361 0.788462 0.0504807 0.0491453 0.289307
1 0.844952 0.484509 0.0264423 0.0480769 0.255371
1 0.78726 0.616453 0.0841346 0.138889 0.406494
1 0.502704 0.550748 0.0294471 0.0769231 0.275146
1 0.189453 0.552885 0.0414663 0.0576923 0.359375
1 0.589994 0.623397 0.0267427 0.0747863 0.326904
1 0.501502 0.54594 0.0354568 0.0876068 0.264404
1 0.879808 0.904915 0.0384616 0.107906 0.355713
1 0.585938 0.272436 0.0540865 0.0844017 0.308105
1 0.189603 0.551816 0.0426683 0.0438034 0.308105
1 0.801082 0.962073 0.030048 0.0384615 0.304932
1 0.588341 0.620727 0.030048 0.0747863 0.268066
1 0.72476 0.788996 0.0516827 0.042735 0.256836
1 0.497296 0.548077 0.0270433 0.0811966 0.256104
1 0.589994 0.272169 0.0555889 0.088141 0.319092
1 0.799279 0.961539 0.0288461 0.0459402 0.297363
1 0.190204 0.551282 0.0426683 0.051282 0.2854
1 0.878606 0.906517 0.0384616 0.102564 0.266602
1 0.496695 0.547009 0.0246394 0.0705128 0.263672
1 0.190204 0.550748 0.047476 0.0534188 0.268066
1 0.585938 0.27938 0.0625 0.0886752 0.256836
1 0.876803 0.913462 0.03125 0.104701 0.306641
1 0.588942 0.621795 0.0216346 0.0619658 0.274414
1 0.800481 0.96047 0.0240385 0.0438034 0.266602
1 0.58759 0.275641 0.055589 0.0929487 0.254639
1 0.389123 0.44391 0.0228365 0.0705128 0.253906
1 0.1875 0.550214 0.0348558 0.0470086 0.252441
1 0.725962 0.793803 0.0504807 0.0555556 0.269043
1 0.495493 0.550214 0.0276443 0.0801282 0.255371
1 0.278846 0.754273 0.0324519 0.0576924 0.252441
1 0.586538 0.277845 0.0600962 0.106704 0.299072
1 0.799279 0.962073 0.03125 0.0448719 0.282227
1 0.386719 0.447917 0.0276442 0.073718 0.276611
1 0.280048 0.757479 0.03125 0.0502137 0.271973
1 0.586538 0.277244 0.0540865 0.0897436 0.286133
1 0.725962 0.792735 0.0552885 0.0459401 0.269775
1 0.280123 0.758547 0.0310998 0.0555556 0.266602
1 0.879207 0.909188 0.0396635 0.108974 0.265869
1 0.800481 0.963675 0.0288461 0.0491453 0.253906
1 0.727163 0.78953 0.0564904 0.0502136 0.321777
1 0.192007 0.556624 0.0414664 0.051282 0.318359
1 0.800481 0.963675 0.0336538 0.0470085 0.267334
1 0.280349 0.756944 0.031851 0.0544872 0.265137
1 0.802885 0.965278 0.0276443 0.042735 0.279785
1 0.280649 0.758547 0.0252404 0.0480769 0.276611
1 0.189303 0.554487 0.0348558 0.0448718 0.273682
1 0.389123 0.449252 0.0228365 0.0662393 0.262939
1 0.725962 0.790598 0.0600962 0.0512821 0.284668
1 0.278546 0.75641 0.0276442 0.0523504 0.274414
1 0.189904 0.554487 0.046274 0.0534188 0.262207
1 0.585337 0.272503 0.0600962 0.0949519 0.263672
1 0.801683 0.96688 0.03125 0.0470086 0.250244
1 0.586689 0.27297 0.0573918 0.0902778 0.295898
1 0.727163 0.794872 0.0492789 0.0491453 0.291748
1 0.279748 0.757479 0.0300481 0.0555556 0.259033
1 0.190204 0.552885 0.0426683 0.0491453 0.253906
1 0.801683 0.964744 0.03125 0.0491453 0.252441
1 0.585337 0.266627 0.0516827 0.0906784 0.265869
1 0.801683 0.965812 0.03125 0.0523504 0.262207
1 0.190204 0.554487 0.0405649 0.0534188 0.253174
1 0.800481 0.965812 0.03125 0.0491453 0.303223
1 0.190204 0.554487 0.0444712 0.0512821 0.290283
1 0.58759 0.625 0.0267428 0.0598291 0.267334
1 0.727163 0.79594 0.0492789 0.042735 0.259033
1 0.585337 0.275107 0.0625 0.0950855 0.250977
1 0.722957 0.792735 0.0528846 0.0470085 0.308105
1 0.799279 0.967415 0.0336538 0.0523504 0.303955
1 0.188702 0.556624 0.0420673 0.051282 0.289307
1 0.801683 0.965812 0.0360577 0.0512821 0.281494
1 0.496995 0.54968 0.0300481 0.0715812 0.256836
1 0.388221 0.447382 0.0264423 0.0694444 0.256104
1 0.725962 0.790598 0.0552885 0.0470086 0.253906
1 0.725361 0.788996 0.0540865 0.051282 0.259766
1 0.723558 0.790598 0.0552885 0.0491453 0.2854
1 0.189153 0.555556 0.0444712 0.0555556 0.250244
1 0.72476 0.790598 0.0528846 0.0470086 0.256104
1 0.725962 0.792735 0.0528846 0.0459401 0.31665
1 0.190054 0.556624 0.0453726 0.0534188 0.303223
1 0.799279 0.968483 0.0336538 0.0544872 0.300781
1 0.279147 0.760684 0.0300481 0.0555556 0.286865
1 0.58774 0.626068 0.0276442 0.0598291 0.253174
1 0.189002 0.554487 0.0420673 0.0491453 0.291748
1 0.801683 0.965812 0.0336539 0.0534188 0.282227
1 0.727163 0.790598 0.0552885 0.0438034 0.279785
1 0.280349 0.760684 0.030649 0.0534188 0.262939
1 0.800481 0.965278 0.0348557 0.0480769 0.304932
1 0.726562 0.78953 0.0564904 0.0470086 0.293457
1 0.190505 0.553419 0.0450721 0.0491453 0.291016
1 0.588341 0.625 0.0288461 0.0598291 0.26123
1 0.279447 0.759615 0.0324519 0.0555556 0.250977
1 0.799279 0.967949 0.0336538 0.0534188 0.319092
1 0.58774 0.627137 0.0288461 0.0619658 0.307373
1 0.279522 0.761752 0.0286959 0.0523504 0.303223
1 0.188401 0.556624 0.0411659 0.0534188 0.289307
1 0.495793 0.551282 0.0264423 0.0662393 0.256836
1 0.587891 0.276175 0.0597957 0.0886752 0.394287
1 0.799279 0.964744 0.0336538 0.0512821 0.309082
1 0.189603 0.553419 0.0450721 0.0491453 0.283691
1 0.587139 0.624466 0.0288461 0.0598291 0.272705
1 0.279147 0.759081 0.03125 0.0555556 0.256836
1 0.800481 0.964744 0.03125 0.0491453 0.30249
1 0.58774 0.272436 0.0600961 0.0913462 0.294189
1 0.725962 0.790598 0.0552885 0.0470086 0.294189
1 0.191707 0.559829 0.0450721 0.0523504 0.291748
1 0.58774 0.625 0.0264423 0.0619658 0.286865
1 0.495192 0.548077 0.0264423 0.0769231 0.276611
1 0.278846 0.759081 0.0294471 0.0566239 0.269043
1 0.58774 0.626603 0.0252404 0.0608974 0.291016
1 0.190505 0.554487 0.0432692 0.0491453 0.290283
1 0.799279 0.96688 0.0336538 0.0512821 0.283691
1 0.727163 0.791667 0.0528846 0.0384616 0.277588
1 0.279447 0.760684 0.0288461 0.0534188 0.26123
1 0.725962 0.790598 0.0540865 0.0405983 0.326904
1 0.189904 0.553419 0.0438702 0.0491453 0.309082
1 0.800481 0.965278 0.0336538 0.0491453 0.303955
1 0.58774 0.625534 0.0228365 0.0619658 0.288574
1 0.494892 0.550214 0.0276443 0.0726496 0.265137
1 0.279147 0.759615 0.0288461 0.0576923 0.251709
1 0.72476 0.787393 0.0528846 0.0448718 0.299072
1 0.585337 0.274306 0.0600962 0.0902778 0.281494
1 0.800481 0.964209 0.0336538 0.0491453 0.2854
1 0.190054 0.55235 0.0414664 0.0470086 0.270508
1 0.72476 0.788462 0.0552885 0.0405983 0.267334
1 0.279147 0.759615 0.0294471 0.0534188 0.265869
1 0.58774 0.626068 0.0252404 0.0619658 0.256104
1 0.725962 0.790598 0.0528846 0.0470086 0.250977
1 0.588341 0.626068 0.0252404 0.0598291 0.260498
1 0.189904 0.554487 0.0435697 0.0534188 0.309082
1 0.72476 0.78953 0.0528846 0.0459401 0.306641
1 0.800481 0.965812 0.0336538 0.0534188 0.301514
1 0.587891 0.625 0.0261418 0.0598291 0.279053
1 0.279748 0.759615 0.03125 0.0555556 0.27832
1 0.190505 0.553419 0.0426683 0.0491453 0.294189
1 0.801683 0.964744 0.0336539 0.0512821 0.291016
1 0.588341 0.625534 0.0252404 0.0651709 0.286133
1 0.725962 0.788462 0.0552885 0.042735 0.283691
1 0.280649 0.758547 0.030649 0.0566239 0.279053
1 0.587891 0.275641 0.0621995 0.0982906 0.262939
1 0.725361 0.78953 0.0540865 0.0448719 0.320801
1 0.799279 0.964744 0.0336538 0.0534188 0.295898
1 0.587891 0.625 0.0261418 0.0641026 0.293457
1 0.189303 0.553419 0.0459736 0.0534188 0.287842
1 0.279147 0.759615 0.030649 0.0576923 0.279053
1 0.727163 0.790598 0.0528846 0.0448719 0.332764
1 0.189754 0.555556 0.0423678 0.0480769 0.275879
1 0.800481 0.964744 0.0336538 0.0470085 0.275146
1 0.58774 0.625 0.0240385 0.0598291 0.258301
1 0.726562 0.78953 0.0528846 0.0480769 0.281494
1 0.189754 0.554487 0.0429688 0.0512821 0.259033
1 0.589093 0.623932 0.0261418 0.0619658 0.255371
1 0.800481 0.964744 0.0336538 0.0512821 0.254639
1 0.725962 0.78953 0.0528846 0.0427351 0.294922
1 0.588341 0.627671 0.0252404 0.0587607 0.250977
1 0.726562 0.790064 0.0540865 0.0448718 0.295898
1 0.189002 0.555556 0.0432692 0.051282 0.275146
1 0.799279 0.96688 0.0348558 0.0534188 0.256104
1 0.725962 0.790598 0.0528846 0.0448719 0.321777
1 0.189303 0.555556 0.0423678 0.051282 0.301514
1 0.588341 0.627137 0.0240385 0.0555556 0.289307
1 0.800481 0.967415 0.0336538 0.0502137 0.286865
1 0.279748 0.761752 0.0300481 0.0534188 0.256104
1 0.495793 0.548077 0.0252404 0.0683761 0.254639
1 0.190805 0.559829 0.0456731 0.0491453 0.280518
1 0.725962 0.788462 0.0516827 0.0448719 0.272705
1 0.58774 0.623932 0.0264423 0.059829 0.26123
1 0.725962 0.790598 0.0504807 0.0448719 0.267334
1 0.587891 0.625534 0.0261418 0.0619658 0.264404
1 0.725361 0.788996 0.0528846 0.0459402 0.288574
1 0.58774 0.625 0.0252404 0.0619658 0.272705
1 0.79988 0.965812 0.0336538 0.0534188 0.270508
1 0.189303 0.555556 0.0426683 0.051282 0.265869
1 0.725962 0.78953 0.0528846 0.0512821 0.286133
1 0.586538 0.277511 0.0625 0.0950855 0.263672
1 0.58774 0.623932 0.0264423 0.0662393 0.250244
1 0.58774 0.627137 0.0228365 0.0598291 0.289307
1 0.725962 0.790598 0.0504807 0.0416667 0.27832
1 0.279748 0.760684 0.0288462 0.0555556 0.275146
1 0.189303 0.555556 0.0396635 0.0470086 0.267334
1 0.79988 0.96688 0.03125 0.0480769 0.265137
1 0.587139 0.625 0.0264423 0.0630342 0.259033
1 0.189002 0.554487 0.0423678 0.0512821 0.250244
1 0.58759 0.625 0.024339 0.0619658 0.26123
1 0.190505 0.554487 0.0432692 0.0512821 0.254639
1 0.587891 0.626068 0.0261418 0.0619658 0.286865
1 0.279147 0.76015 0.0294471 0.0566239 0.280518
1 0.799279 0.966346 0.0324519 0.0502137 0.260498
1 0.189754 0.554487 0.0426683 0.0512821 0.259766
1 0.494892 0.550214 0.0264423 0.068376 0.254639
1 0.72476 0.790598 0.0528846 0.0459401 0.260498
1 0.58774 0.625 0.0252404 0.0630342 0.276611
1 0.279973 0.76015 0.0301983 0.0566239 0.26123
1 0.190956 0.554487 0.0450721 0.0523504 0.253906
1 0.799279 0.965812 0.0336538 0.0534188 0.250244
1 0.190204 0.55609 0.0426683 0.0502137 0.297363
1 0.58759 0.626068 0.024339 0.0619658 0.294922
1 0.79988 0.965812 0.0336538 0.0534188 0.275146
1 0.280349 0.76015 0.0294471 0.0555556 0.263672
1 0.495493 0.550214 0.0276443 0.068376 0.252441
1 0.800481 0.967949 0.0336538 0.0512821 0.320068
1 0.190204 0.556624 0.0423678 0.051282 0.31665
1 0.588341 0.627671 0.0252404 0.0608974 0.304932
1 0.280123 0.761218 0.0286959 0.0555556 0.289307
1 0.496394 0.550214 0.0276442 0.0694444 0.27124
1 0.388221 0.444979 0.0240384 0.0705128 0.262207
1 0.72476 0.790598 0.0528846 0.042735 0.259033
1 0.586388 0.272436 0.0579928 0.0924145 0.307373
1 0.588942 0.627137 0.0252404 0.0619658 0.294189
1 0.190204 0.555021 0.0423678 0.0502137 0.286865
1 0.800481 0.965812 0.0336538 0.0523504 0.27124
1 0.28095 0.760684 0.03125 0.0576923 0.265869
1 0.496394 0.548077 0.0276442 0.0705128 0.256104
1 0.725361 0.788462 0.0516827 0.042735 0.251709
1 0.189904 0.555021 0.0426683 0.0491453 0.266602
1 0.495192 0.550214 0.0276442 0.0705129 0.256104
1 0.79988 0.965812 0.0336538 0.0512821 0.253174
1 0.189904 0.559829 0.0450721 0.0523504 0.304932
1 0.587891 0.626603 0.023738 0.0619658 0.296631
1 0.725361 0.790598 0.0540865 0.0491453 0.280518
1 0.79988 0.96688 0.0348557 0.0555556 0.274414
1 0.280649 0.760684 0.030649 0.059829 0.27124
1 0.496394 0.55235 0.0288462 0.0715812 0.255371
1 0.72476 0.790598 0.0528846 0.0480769 0.318359
1 0.588341 0.626068 0.0252404 0.0619658 0.27832
1 0.190805 0.559829 0.0438702 0.0491453 0.275879
1 0.800481 0.96688 0.0336538 0.0512821 0.271973
1 0.725962 0.791667 0.0552885 0.0491453 0.286133
1 0.191106 0.556624 0.0426683 0.051282 0.2854
1 0.588792 0.625534 0.0243389 0.0608974 0.279785
1 0.801082 0.967415 0.0336538 0.0523504 0.273682
1 0.28125 0.761752 0.0300481 0.0576923 0.250244
1 0.190505 0.557158 0.0414663 0.0480769 0.257568
1 0.190505 0.557692 0.0435697 0.0523504 0.265869
1 0.79988 0.967415 0.0336538 0.0502137 0.255371
1 0.725361 0.790064 0.0528846 0.048077 0.250977
1 0.588341 0.626603 0.0252404 0.0630342 0.250244
1 0.189002 0.560897 0.0423678 0.0480769 0.330322
1 0.799279 0.971688 0.0336538 0.0459401 0.325928
1 0.584736 0.275641 0.0552885 0.090812 0.288574
1 0.280048 0.763889 0.0300481 0.0555556 0.283691
1 0.72476 0.793803 0.0516827 0.0448718 0.279785
1 0.495793 0.554487 0.0300481 0.0705128 0.270508
1 0.38732 0.44765 0.0246394 0.0699786 0.263672
1 0.586538 0.636752 0.0252404 0.059829 0.251709
1 0.190355 0.560897 0.0423678 0.0491453 0.347656
1 0.800481 0.972222 0.0336538 0.0448718 0.326904
1 0.72476 0.791667 0.0528846 0.0459401 0.32251
1 0.280349 0.764423 0.0294471 0.0544872 0.291748
1 0.588341 0.632479 0.0240385 0.0566239 0.272705
1 0.495793 0.551282 0.0276442 0.0683761 0.270508
1 0.388221 0.448718 0.0228365 0.0683761 0.269043
1 0.533654 0.75 0.0204327 0.0288461 0.265869
1 0.190204 0.561432 0.0438702 0.0502137 0.363037
1 0.800481 0.971688 0.0348557 0.048077 0.356689
1 0.72476 0.794872 0.0528846 0.0470085 0.336426
1 0.280649 0.765491 0.03125 0.0555556 0.315674
1 0.588341 0.632479 0.0264423 0.0598291 0.310791
1 0.38762 0.449252 0.0252404 0.0694444 0.295898
1 0.496394 0.552885 0.0288462 0.0705128 0.291016
1 0.584736 0.271902 0.0540865 0.0940171 0.282959
1 0.533954 0.750534 0.0222356 0.0288461 0.275879
1 0.250901 0.820513 0.0384615 0.0619658 0.271973
1 0.363582 0.333868 0.0204327 0.0352564 0.259766
1 0.967548 0.925214 0.0216347 0.0405983 0.251709
1 0.453726 0.592949 0.0240385 0.034188 0.250244
1 0.190204 0.560897 0.0432692 0.0512821 0.391357
1 0.800481 0.970086 0.0336538 0.0491453 0.38501
1 0.587891 0.63141 0.0261418 0.0598291 0.349609
1 0.725361 0.792735 0.0516827 0.0470085 0.347656
1 0.279973 0.764957 0.0301983 0.0555556 0.338135
1 0.388221 0.450053 0.0228365 0.0678419 0.334473
1 0.495793 0.552885 0.0276442 0.0683761 0.306641
1 0.585337 0.276709 0.0564904 0.0929487 0.296631
1 0.453726 0.59188 0.0240385 0.0331197 0.267334
1 0.533654 0.751068 0.0216346 0.0277778 0.262939
1 0.189603 0.558227 0.0420673 0.0470086 0.44751
1 0.800481 0.967949 0.0336538 0.0470086 0.437744
1 0.588341 0.629274 0.0252404 0.0576923 0.413086
1 0.280349 0.761752 0.0294471 0.0534188 0.406494
1 0.38762 0.448184 0.0228365 0.0673077 0.376709
1 0.724159 0.790598 0.0528846 0.0448719 0.366699
1 0.495192 0.548611 0.0276442 0.0683761 0.352295
1 0.534255 0.747863 0.0222356 0.0277778 0.299072
1 0.454327 0.590278 0.0228365 0.0299145 0.296631
1 0.584285 0.274038 0.0573918 0.0929487 0.286133
1 0.36238 0.336004 0.0216346 0.0363248 0.282959
1 0.850962 0.496795 0.0336538 0.042735 0.260498
1 0.609375 0.803953 0.0168269 0.0384616 0.252441
1 0.968149 0.922009 0.0204328 0.0384616 0.251709
1 0.79988 0.970086 0.0336538 0.0470086 0.391357
1 0.189904 0.561432 0.0426683 0.0480769 0.379395
1 0.58759 0.632479 0.024339 0.0555556 0.364746
1 0.495192 0.551282 0.0264423 0.0705128 0.349609
1 0.280349 0.76656 0.0294471 0.0534188 0.337158
1 0.38732 0.450321 0.0228365 0.0678419 0.325195
1 0.533053 0.751603 0.0216346 0.0267094 0.30249
1 0.72476 0.792735 0.0528846 0.0448718 0.30249
1 0.361779 0.33734 0.0210337 0.0352564 0.294922
1 0.453125 0.593483 0.0222356 0.0320513 0.266602
1 0.967548 0.923077 0.0192308 0.0384616 0.263672
1 0.189303 0.558761 0.0420673 0.0491453 0.473633
1 0.800481 0.967949 0.0336538 0.0480769 0.46875
1 0.588341 0.629274 0.0264423 0.059829 0.457031
1 0.72476 0.791667 0.0528846 0.0470086 0.431152
1 0.280724 0.763889 0.0310997 0.0555556 0.417725
1 0.388221 0.449519 0.0240384 0.0683761 0.393311
1 0.495793 0.54968 0.0276442 0.0705128 0.386719
1 0.584736 0.276709 0.0552885 0.0929487 0.345215
1 0.453726 0.589744 0.0240385 0.0320513 0.335449
1 0.533654 0.748932 0.0216346 0.0288461 0.329346
1 0.361779 0.336004 0.0204327 0.0357906 0.297363
1 0.967548 0.922009 0.0216347 0.0384616 0.291016
1 0.851562 0.496528 0.0360577 0.045406 0.27124
1 0.609375 0.803419 0.0180288 0.0405982 0.262207
1 0.464543 0.751068 0.0228365 0.0277778 0.255371
1 0.190204 0.558227 0.0426683 0.0502137 0.44458
1 0.587891 0.629274 0.0261418 0.059829 0.442627
1 0.79988 0.967949 0.0336538 0.0491453 0.429199
1 0.72476 0.790598 0.0528846 0.0470086 0.416748
1 0.280349 0.762821 0.030649 0.0576923 0.394287
1 0.585186 0.273504 0.0579928 0.0892094 0.375732
1 0.388522 0.449786 0.0228365 0.0673077 0.366699
1 0.495793 0.550214 0.0276442 0.0705129 0.349609
1 0.453726 0.589744 0.0228365 0.0320513 0.326904
1 0.533053 0.748932 0.0216346 0.0299145 0.303223
1 0.361779 0.336271 0.0204327 0.0363248 0.276611
1 0.968149 0.924145 0.0204328 0.0405983 0.270508
1 0.608173 0.803419 0.0168269 0.0405982 0.260498
1 0.189754 0.558761 0.0426683 0.0480769 0.472656
1 0.79988 0.969017 0.0336538 0.0470086 0.449463
1 0.58774 0.630876 0.0252404 0.0576923 0.439697
1 0.280349 0.763889 0.0300481 0.0555556 0.419678
1 0.388221 0.449786 0.0240384 0.0673077 0.381104
1 0.495793 0.551282 0.0276442 0.0683761 0.381104
1 0.723558 0.791667 0.0528846 0.0448718 0.368408
1 0.584736 0.275908 0.0540865 0.0913462 0.356689
1 0.453726 0.590812 0.0228365 0.0309829 0.325195
1 0.361779 0.336538 0.0216346 0.0352564 0.31665
1 0.533053 0.749466 0.0216346 0.0277778 0.310791
1 0.967548 0.923611 0.0216347 0.0384616 0.279785
1 0.608774 0.804487 0.0168269 0.0416667 0.272705
1 0.464543 0.752137 0.0240385 0.0277778 0.258301
1 0.850962 0.496528 0.0360578 0.0443376 0.255371
1 0.189754 0.558761 0.0438702 0.0491453 0.472656
1 0.799279 0.967415 0.0336538 0.0491453 0.463867
1 0.58774 0.630342 0.0252404 0.0576923 0.448486
1 0.280048 0.762821 0.03125 0.0555556 0.431152
1 0.585938 0.273504 0.0588943 0.0876069 0.417725
1 0.388221 0.450053 0.0240384 0.0678419 0.376709
1 0.495793 0.550214 0.0288461 0.068376 0.375732
1 0.72476 0.791667 0.0516827 0.0470086 0.373779
1 0.533053 0.748932 0.0216346 0.0299145 0.335449
1 0.361478 0.33547 0.0204327 0.034188 0.306641
1 0.453125 0.590812 0.0240385 0.0320513 0.30249
1 0.609375 0.804487 0.0168269 0.0405983 0.275879
1 0.851562 0.496528 0.0360577 0.045406 0.270508
1 0.967548 0.923077 0.0204327 0.0384616 0.269775
1 0.458534 0.751068 0.0240385 0.0288461 0.259033
1 0.189904 0.558761 0.0420673 0.0491453 0.479492
1 0.800481 0.969017 0.0336538 0.0480769 0.460938
1 0.588341 0.629274 0.0252404 0.0587607 0.44751
1 0.586538 0.271635 0.0588942 0.088141 0.438721
1 0.280649 0.762821 0.0300481 0.0555556 0.427246
1 0.72476 0.791667 0.0528846 0.0470086 0.422607
1 0.388522 0.449252 0.0240385 0.0683761 0.393311
1 0.496394 0.550214 0.0276442 0.0705129 0.373779
1 0.533053 0.749466 0.0216346 0.0277778 0.326904
1 0.361178 0.33547 0.0210336 0.036859 0.324219
1 0.453726 0.590812 0.0228365 0.0309829 0.29834
1 0.609375 0.803419 0.0168269 0.0416667 0.293457
1 0.851562 0.495994 0.0348557 0.0443376 0.282227
1 0.967548 0.923077 0.0216347 0.0384616 0.273682
1 0.458834 0.752137 0.0228365 0.0277778 0.265869
1 0.253005 0.820513 0.0336538 0.0576923 0.251709
1 0.190204 0.558761 0.0426683 0.0491453 0.46582
1 0.800481 0.969017 0.0336538 0.0491453 0.455078
1 0.588341 0.630342 0.0264423 0.059829 0.446533
1 0.280649 0.763889 0.03125 0.0576923 0.425293
1 0.586538 0.273771 0.0600962 0.088141 0.406494
1 0.387921 0.449519 0.0234375 0.0694444 0.401611
1 0.72476 0.791667 0.0528846 0.0470086 0.386719
1 0.496394 0.550214 0.0282452 0.0705129 0.363037
1 0.533053 0.75 0.0216346 0.0277778 0.33374
1 0.362079 0.336004 0.0216346 0.036859 0.294922
1 0.454026 0.590812 0.0234375 0.0320513 0.287842
1 0.967548 0.925214 0.0216347 0.0405983 0.280518
1 0.850962 0.496795 0.0384616 0.0470086 0.269775
1 0.464543 0.752671 0.0240385 0.0288461 0.265869
1 0.609375 0.803953 0.0180288 0.0416667 0.264404
1 0.190054 0.559829 0.0417668 0.0491453 0.47168
1 0.800481 0.970086 0.0336538 0.0470086 0.462891
1 0.589093 0.630342 0.0261418 0.0587607 0.44458
1 0.28095 0.763889 0.030649 0.0576923 0.427246
1 0.72476 0.791667 0.0528846 0.0470086 0.394287
1 0.496394 0.550214 0.0288462 0.0694444 0.38501
1 0.388221 0.449786 0.0234375 0.0673077 0.384033
1 0.533654 0.748932 0.0216346 0.0277778 0.350342
1 0.36238 0.33547 0.0204327 0.0352564 0.330322
1 0.585938 0.275641 0.0564904 0.0886752 0.325195
1 0.968149 0.925214 0.0216346 0.0395299 0.291016
1 0.850962 0.496795 0.0384616 0.0459402 0.289307
1 0.459135 0.751068 0.0240385 0.0277778 0.289307
1 0.454327 0.591346 0.0228365 0.0309829 0.286133
1 0.609375 0.804487 0.0168269 0.042735 0.272705
1 0.190204 0.559829 0.0432692 0.0491453 0.476562
1 0.79988 0.970086 0.0336538 0.0470086 0.476562
1 0.588341 0.630342 0.0252404 0.059829 0.470703
1 0.280649 0.763889 0.030649 0.0576923 0.44165
1 0.586388 0.275107 0.0603966 0.0897436 0.424316
1 0.72476 0.792201 0.0528846 0.048077 0.422607
1 0.496394 0.551282 0.0276442 0.0694444 0.394287
1 0.388221 0.450321 0.0228365 0.0673077 0.380371
1 0.533053 0.75 0.0216346 0.0277778 0.353027
1 0.36238 0.336538 0.0204327 0.0373932 0.325195
1 0.967548 0.925214 0.0216347 0.0405983 0.299805
1 0.453726 0.59188 0.0228365 0.0320513 0.299072
1 0.850962 0.496795 0.0360578 0.0448718 0.291016
1 0.458834 0.752137 0.0234375 0.0277778 0.288574
1 0.609375 0.803953 0.0168269 0.0416667 0.286133
1 0.251803 0.820513 0.0366586 0.0608974 0.272705
1 0.79988 0.970086 0.0348557 0.0480769 0.449463
1 0.189603 0.560363 0.0432692 0.0491453 0.445557
1 0.588341 0.630342 0.0264423 0.059829 0.436768
1 0.280574 0.764423 0.0314002 0.0576923 0.419678
1 0.72476 0.792735 0.0528846 0.0470085 0.38208
1 0.495793 0.551282 0.0288461 0.0694444 0.369385
1 0.586538 0.274573 0.0600962 0.0876068 0.360352
1 0.38762 0.450588 0.0228365 0.0678419 0.356689
1 0.533353 0.749466 0.0222356 0.0288461 0.351318
1 0.361779 0.337607 0.0204327 0.0373931 0.326904
1 0.967548 0.925748 0.0216347 0.0405983 0.294189
1 0.458534 0.751603 0.0240385 0.0288461 0.286865
1 0.609375 0.804487 0.0180288 0.0416667 0.275879
1 0.453726 0.59188 0.0240385 0.0320513 0.275146
1 0.851562 0.497329 0.0372597 0.0459401 0.26123
1 0.189453 0.559829 0.0423678 0.0491453 0.46582
1 0.587891 0.630342 0.0261418 0.059829 0.464844
1 0.79988 0.969017 0.0336538 0.0470086 0.464844
1 0.280349 0.763889 0.03125 0.0576923 0.433105
1 0.72476 0.791667 0.0528846 0.0470086 0.396973
1 0.495793 0.550748 0.0288461 0.0705129 0.386719
1 0.533353 0.749466 0.0222356 0.0288461 0.377441
1 0.586538 0.275107 0.0600962 0.0897436 0.375732
1 0.387921 0.450588 0.0234375 0.0683761 0.369385
1 0.36238 0.337073 0.0216346 0.0373931 0.349609
1 0.458534 0.751068 0.0240385 0.0299145 0.315674
1 0.609375 0.804487 0.0168269 0.0405983 0.315674
1 0.968149 0.925214 0.0216346 0.042735 0.308105
1 0.453726 0.59188 0.0240385 0.0320513 0.297363
1 0.850962 0.497329 0.0372596 0.0459401 0.269775
1 0.251502 0.819444 0.0372596 0.0619658 0.254639
1 0.189603 0.560897 0.0426683 0.0491453 0.455078
1 0.79988 0.970086 0.0336538 0.0470086 0.452393
1 0.588341 0.630342 0.0252404 0.059829 0.443604
1 0.280649 0.763889 0.030649 0.0566239 0.422607
1 0.72476 0.792735 0.0528846 0.0470085 0.39502
1 0.495793 0.550748 0.0276442 0.0694444 0.374756
1 0.388221 0.450855 0.0228365 0.0683761 0.364746
1 0.586388 0.275107 0.0603966 0.0886752 0.35498
1 0.533654 0.749466 0.0216346 0.0288461 0.345215
1 0.36238 0.33734 0.0204327 0.0373932 0.325928
1 0.609375 0.804487 0.0168269 0.0416667 0.295898
1 0.968149 0.925214 0.0216346 0.0405983 0.291016
1 0.458534 0.751068 0.0240385 0.0299145 0.277588
1 0.453726 0.59188 0.0240385 0.0320513 0.271973
1 0.189603 0.560897 0.0426683 0.0491453 0.474609
1 0.79988 0.970086 0.0336538 0.0470086 0.467773
1 0.588341 0.63141 0.0252404 0.0598291 0.454346
1 0.280724 0.763889 0.0310997 0.0576923 0.431152
1 0.72476 0.792735 0.0528846 0.0470085 0.412109
1 0.495793 0.551282 0.0282452 0.0683761 0.38501
1 0.388221 0.450855 0.0228365 0.0683761 0.377441
1 0.585938 0.274573 0.0612981 0.0876068 0.365723
1 0.533654 0.75 0.0216346 0.0277778 0.357666
1 0.362079 0.336806 0.0216346 0.0357906 0.327637
1 0.967548 0.925214 0.0216347 0.0395299 0.294922
1 0.609375 0.804487 0.0168269 0.0405983 0.289307
1 0.458534 0.752137 0.0240385 0.0277778 0.286133
1 0.453726 0.59188 0.0240385 0.0309829 0.279785
1 0.251803 0.820513 0.0366586 0.0608974 0.260498
1 0.850962 0.497596 0.0372596 0.045406 0.256836
1 0.79988 0.970086 0.0336538 0.0470086 0.391357
1 0.189904 0.561432 0.0426683 0.0480769 0.379395
1 0.58759 0.632479 0.024339 0.0555556 0.364746
1 0.495192 0.551282 0.0264423 0.0705128 0.349609
1 0.280349 0.76656 0.0294471 0.0534188 0.337158
1 0.38732 0.450321 0.0228365 0.0678419 0.325928
1 0.533053 0.751603 0.0216346 0.0267094 0.30249
1 0.72476 0.792735 0.0528846 0.0448718 0.30249
1 0.361779 0.33734 0.0210337 0.0352564 0.294922
1 0.453125 0.593483 0.0222356 0.0320513 0.266602
1 0.967548 0.923077 0.0192308 0.0384616 0.263672
