1 0.608173 0.655449 0.0372596 0.051282 0.371094
1 0.495192 0.307425 0.0444711 0.045406 0.284668
1 0.515926 0.177083 0.0192308 0.0544872 0.275146
1 0.591346 0.854701 0.0240385 0.0534188 0.266602
1 0.597356 0.856838 0.0252404 0.0534188 0.258301
1 0.608774 0.657051 0.0396635 0.059829 0.27124
1 0.429688 0.663462 0.0300481 0.0811966 0.253174
1 0.590144 0.855235 0.03125 0.0566239 0.369385
1 0.607572 0.655449 0.0420673 0.0523504 0.362061
1 0.167668 0.473558 0.0366587 0.0389957 0.345947
1 0.453125 0.787927 0.0480769 0.0844017 0.33374
1 0.497296 0.307158 0.046875 0.0448718 0.284668
1 0.428486 0.67735 0.03125 0.0811966 0.265869
1 0.392428 0.545406 0.0288461 0.0352564 0.256836
1 0.589994 0.854167 0.0267427 0.0566239 0.348633
1 0.428486 0.677885 0.0288462 0.0715812 0.323486
1 0.765625 0.178018 0.0264423 0.0892094 0.268066
1 0.426683 0.684295 0.0324519 0.0758547 0.2854
1 0.591346 0.857372 0.03125 0.0608974 0.275146
1 0.589543 0.854167 0.0252404 0.0587607 0.359375
1 0.454928 0.788462 0.0516827 0.0876068 0.345215
1 0.764423 0.177618 0.0288462 0.0929487 0.336426
1 0.428486 0.680556 0.0282452 0.0811966 0.325195
1 0.393029 0.543803 0.0276442 0.0427351 0.268066
1 0.498798 0.306891 0.046875 0.0459402 0.266602
1 0.58774 0.856838 0.030048 0.059829 0.289307
1 0.428185 0.680556 0.0354567 0.0790598 0.258301
1 0.498197 0.314637 0.0492788 0.0555556 0.282227
1 0.498798 0.313034 0.0480769 0.0566239 0.266602
1 0.590144 0.855769 0.03125 0.0641026 0.264404
1 0.426983 0.676282 0.0324519 0.0769231 0.317383
1 0.588942 0.853632 0.0300481 0.0598291 0.289307
1 0.766827 0.181357 0.032452 0.10203 0.256104
1 0.500601 0.311432 0.0504808 0.0448718 0.253906
1 0.429087 0.680021 0.03125 0.0811966 0.309082
1 0.453726 0.794872 0.0492788 0.0833333 0.291016
1 0.590144 0.856838 0.0276443 0.0619658 0.257568
1 0.766827 0.189637 0.03125 0.0982906 0.253174
1 0.591346 0.853632 0.0324519 0.0598291 0.313232
1 0.500601 0.307692 0.0486779 0.0544872 0.295898
1 0.394231 0.548077 0.0288461 0.0363248 0.286133
1 0.428786 0.677885 0.031851 0.0833333 0.273682
1 0.169772 0.475427 0.0342548 0.0352564 0.269775
1 0.428185 0.681624 0.030048 0.0790598 0.313965
1 0.5 0.313568 0.0492788 0.0571581 0.279785
1 0.591196 0.857372 0.0291466 0.0598291 0.266602
1 0.455529 0.794872 0.0528846 0.076923 0.251709
1 0.428486 0.682692 0.0348557 0.0833333 0.320801
1 0.767428 0.17922 0.03125 0.0945513 0.260498
1 0.591196 0.855769 0.0315505 0.0683761 0.259766
1 0.590144 0.855769 0.03125 0.0641026 0.286133
1 0.427584 0.669872 0.0288461 0.0790598 0.259033
1 0.429988 0.67735 0.03125 0.0833333 0.334473
1 0.591346 0.856838 0.0276443 0.0555556 0.313965
1 0.5 0.308226 0.046875 0.0459402 0.284668
1 0.766226 0.186966 0.0336539 0.106838 0.254639
1 0.427584 0.681624 0.0324519 0.0779915 0.253906
1 0.588942 0.856838 0.0348558 0.0641025 0.251709
1 0.426683 0.677885 0.0324519 0.0844017 0.370117
1 0.453125 0.790598 0.0546875 0.0833333 0.303223
1 0.590144 0.856838 0.0300481 0.0641025 0.286133
1 0.427584 0.677885 0.0330529 0.0854701 0.307373
1 0.429087 0.680556 0.0342548 0.0811966 0.342529
1 0.498798 0.308226 0.0492788 0.0502137 0.291016
1 0.591346 0.856838 0.0324519 0.0619658 0.284668
1 0.610577 0.657051 0.0384615 0.0502137 0.256836
1 0.455529 0.785256 0.0516827 0.0876068 0.256104
1 0.169471 0.476229 0.0330529 0.0352564 0.251709
1 0.428486 0.676816 0.0330529 0.0811966 0.280518
1 0.592548 0.857906 0.03125 0.059829 0.250977
1 0.430289 0.67735 0.0360577 0.0897436 0.334473
1 0.591346 0.857906 0.03125 0.0662393 0.317383
1 0.765625 0.179487 0.03125 0.10203 0.286133
1 0.429087 0.680021 0.0324519 0.0801282 0.332764
1 0.590745 0.857372 0.03125 0.0598291 0.320801
1 0.765625 0.181223 0.0324519 0.0990919 0.300781
1 0.609976 0.65812 0.0396635 0.0470085 0.269775
1 0.169772 0.475962 0.0360577 0.0352564 0.263672
1 0.496995 0.312233 0.0480769 0.0528846 0.341553
1 0.590294 0.860043 0.0309495 0.059829 0.281494
1 0.608173 0.658654 0.0408654 0.0555556 0.279053
1 0.429688 0.680021 0.03125 0.0790598 0.269775
1 0.167819 0.479167 0.0357572 0.042735 0.255371
1 0.427885 0.678419 0.0324519 0.0790599 0.355713
1 0.766827 0.182425 0.03125 0.0961539 0.310791
1 0.500601 0.307158 0.0510818 0.0512821 0.308105
1 0.591947 0.857372 0.0324519 0.0630341 0.293457
1 0.609375 0.65812 0.0384615 0.0491453 0.279785
1 0.498798 0.306624 0.0516827 0.0512821 0.254639
1 0.429688 0.67735 0.0348557 0.0833333 0.253906
1 0.765625 0.181891 0.0288462 0.0972222 0.252441
1 0.498197 0.307158 0.0492788 0.0528846 0.284668
1 0.169772 0.47516 0.0336538 0.0389957 0.262939
1 0.393029 0.548611 0.031851 0.0416667 0.259766
1 0.499099 0.309829 0.0498798 0.0512821 0.338867
1 0.609375 0.660256 0.0396635 0.051282 0.331055
1 0.590144 0.859509 0.03125 0.0651709 0.32251
1 0.429087 0.681624 0.0324519 0.0833333 0.320068
1 0.392127 0.549145 0.030649 0.0363248 0.29248
1 0.169321 0.476229 0.0342548 0.0325855 0.282227
1 0.765024 0.183227 0.03125 0.0972222 0.256836
1 0.609375 0.658654 0.0396635 0.0502137 0.309082
1 0.591346 0.857372 0.0324519 0.0619659 0.294189
1 0.499399 0.310363 0.0504807 0.0502137 0.29248
1 0.766226 0.181891 0.0324519 0.0956197 0.288574
1 0.430288 0.682158 0.0324519 0.0790599 0.283691
1 0.766226 0.181223 0.03125 0.09375 0.343262
1 0.608774 0.657051 0.0408654 0.0534188 0.315674
1 0.430589 0.680021 0.0342548 0.082265 0.315674
1 0.591947 0.856838 0.03125 0.0619658 0.313965
1 0.5 0.308494 0.0504807 0.0502137 0.281494
1 0.765625 0.182959 0.03125 0.0961539 0.371094
1 0.590144 0.857372 0.03125 0.0608974 0.351318
1 0.608173 0.65812 0.0384615 0.0534188 0.334473
1 0.429688 0.680556 0.0324519 0.0833333 0.311523
1 0.498798 0.307692 0.0480769 0.0491453 0.297363
1 0.264123 0.383013 0.0222356 0.0715812 0.295898
1 0.515024 0.184428 0.0228365 0.0531517 0.27832
1 0.237981 0.213141 0.0204327 0.0470085 0.267334
1 0.572115 0.171474 0.0252404 0.0363248 0.253906
1 0.168269 0.474893 0.031851 0.034188 0.252441
1 0.263972 0.308226 0.0147236 0.0373931 0.250977
1 0.766827 0.182692 0.03125 0.0961539 0.272705
1 0.499399 0.309829 0.0480769 0.0470085 0.259766
1 0.766226 0.182959 0.0324519 0.0988248 0.309814
1 0.429988 0.680556 0.03125 0.0769231 0.279785
1 0.588792 0.856838 0.0315505 0.059829 0.311523
1 0.609375 0.657586 0.0408654 0.0512821 0.297363
1 0.392428 0.547543 0.0324519 0.0363248 0.284668
1 0.428486 0.679487 0.0324519 0.0790599 0.282959
1 0.499399 0.308226 0.0540865 0.0491453 0.282227
1 0.766226 0.180288 0.0300481 0.0972222 0.277588
1 0.169171 0.476496 0.0372596 0.034188 0.257568
1 0.572416 0.171207 0.0258413 0.0395299 0.256104
1 0.766226 0.175748 0.0288461 0.0940171 0.367432
1 0.609375 0.657051 0.0384615 0.0491453 0.313965
1 0.589994 0.856303 0.0291467 0.0608974 0.300781
1 0.427885 0.678953 0.0324519 0.082265 0.293457
1 0.169321 0.475694 0.0324519 0.0347222 0.262207
1 0.572115 0.171207 0.0252404 0.0411325 0.26123
1 0.515024 0.181357 0.0228365 0.0566239 0.259033
1 0.392728 0.548077 0.0288462 0.034188 0.256104
1 0.429087 0.679487 0.0324519 0.0833333 0.310791
1 0.610577 0.657586 0.0384615 0.0448718 0.30249
1 0.590144 0.858974 0.0288462 0.059829 0.2854
1 0.169621 0.476229 0.0327524 0.0320513 0.269775
1 0.765625 0.180288 0.03125 0.100427 0.269043
1 0.393029 0.549145 0.030649 0.0331197 0.262207
1 0.766827 0.182158 0.0336539 0.100962 0.396973
1 0.428185 0.678419 0.030048 0.0854701 0.338135
1 0.262921 0.379808 0.0228365 0.0758547 0.304932
1 0.590144 0.856838 0.0288462 0.059829 0.303223
1 0.4997 0.306624 0.0504808 0.0459402 0.300781
1 0.610577 0.656517 0.0396635 0.0438034 0.286865
1 0.169922 0.475694 0.0348558 0.0315171 0.282959
1 0.391827 0.54968 0.0288461 0.0363248 0.271973
1 0.238582 0.21274 0.0183293 0.0435363 0.266602
1 0.514724 0.181757 0.0246395 0.0584936 0.258301
1 0.571514 0.171741 0.0252404 0.0416667 0.257568
1 0.498798 0.305823 0.0480769 0.045406 0.29248
1 0.765024 0.178686 0.0348557 0.0961538 0.27832
1 0.427885 0.678419 0.03125 0.0790599 0.27124
1 0.609976 0.655983 0.0384615 0.0491453 0.264404
1 0.590144 0.857372 0.0300481 0.0576923 0.254639
1 0.428486 0.679487 0.0324519 0.0833333 0.254639
1 0.609375 0.659188 0.0408654 0.0523504 0.251709
1 0.497897 0.306624 0.047476 0.0438034 0.315674
1 0.428486 0.680556 0.0324519 0.0811966 0.303955
1 0.766827 0.180689 0.0336539 0.0974893 0.29248
1 0.609375 0.655983 0.0384615 0.0459402 0.282959
1 0.170222 0.474893 0.0339543 0.0309829 0.269043
1 0.571815 0.169338 0.0270432 0.0384615 0.265137
1 0.590745 0.854701 0.0288462 0.0555556 0.264404
1 0.392428 0.548077 0.0288461 0.034188 0.262939
1 0.499399 0.308226 0.0486779 0.0502137 0.299072
1 0.429087 0.679487 0.0336538 0.0854701 0.297363
1 0.609375 0.65812 0.0384615 0.0534188 0.283691
1 0.766827 0.179754 0.0336539 0.0945513 0.273682
1 0.393029 0.551282 0.03125 0.0405983 0.265137
1 0.609976 0.657051 0.0408654 0.0534188 0.279053
1 0.427885 0.679487 0.0336538 0.0811966 0.270508
1 0.766827 0.183761 0.03125 0.096688 0.329346
1 0.591346 0.856838 0.0336538 0.0641025 0.299805
1 0.428185 0.680556 0.032452 0.0790598 0.291016
1 0.169471 0.473291 0.0342548 0.0363248 0.288574
1 0.609375 0.65812 0.0408654 0.0491453 0.286133
1 0.498498 0.306357 0.047476 0.0496795 0.283691
1 0.392428 0.547543 0.03125 0.0373932 0.281494
1 0.572115 0.167735 0.0276442 0.0400641 0.263672
1 0.427284 0.679487 0.0336538 0.0833333 0.348633
1 0.768029 0.182559 0.0336539 0.100694 0.338135
1 0.609976 0.657051 0.0420673 0.0534188 0.327637
1 0.393329 0.54968 0.031851 0.0363248 0.314941
1 0.499399 0.305556 0.0504807 0.0448718 0.297363
1 0.170673 0.474893 0.0354567 0.034188 0.297363
1 0.592548 0.856838 0.03125 0.0619658 0.283691
1 0.573317 0.170406 0.0252404 0.0379274 0.27124
1 0.766827 0.180823 0.03125 0.0950855 0.326904
1 0.426683 0.677885 0.0324519 0.0801282 0.319092
1 0.608774 0.65812 0.0420673 0.0512821 0.318359
1 0.572115 0.170673 0.0264423 0.0438034 0.313965
1 0.498197 0.307158 0.0504807 0.0491453 0.301514
1 0.16887 0.474359 0.0348558 0.0347222 0.301514
1 0.392428 0.549145 0.03125 0.0363248 0.291748
1 0.590745 0.856838 0.03125 0.059829 0.275146
1 0.499099 0.308761 0.0498798 0.0459402 0.317383
1 0.429087 0.67735 0.03125 0.0779914 0.283691
1 0.609375 0.659188 0.0408654 0.0470086 0.282227
1 0.393029 0.550214 0.0288461 0.0320513 0.279053
1 0.591196 0.856838 0.0291466 0.0576923 0.251709
1 0.499099 0.308761 0.048077 0.0512821 0.29834
1 0.609976 0.656517 0.0396635 0.0523504 0.282959
1 0.766827 0.179754 0.03125 0.0977564 0.275879
1 0.429087 0.677885 0.03125 0.0790598 0.274414
1 0.572115 0.170272 0.0264423 0.0440705 0.256104
1 0.499099 0.308761 0.048077 0.0459402 0.303223
1 0.766827 0.181757 0.032452 0.0905449 0.286865
1 0.767428 0.180556 0.032452 0.0972222 0.262207
1 0.428486 0.679487 0.0324519 0.0811966 0.251709
1 0.766827 0.181357 0.03125 0.0945513 0.296631
1 0.429688 0.68109 0.0330529 0.0801282 0.275146
1 0.609375 0.659188 0.0408654 0.0491453 0.272705
1 0.590144 0.857906 0.0324519 0.0641025 0.271973
1 0.391827 0.551282 0.03125 0.0352564 0.254639
1 0.499099 0.308761 0.0516827 0.0491453 0.252441
1 0.766827 0.178686 0.03125 0.0982906 0.318359
1 0.608774 0.659188 0.0384615 0.0470086 0.31665
1 0.393029 0.550214 0.0300481 0.034188 0.308105
1 0.169621 0.476496 0.0330529 0.034188 0.30249
1 0.429688 0.678419 0.0300481 0.0811966 0.30249
1 0.498798 0.310897 0.0510818 0.0502137 0.287842
1 0.572716 0.171875 0.0240385 0.0408654 0.276611
1 0.590745 0.857372 0.0300481 0.0598291 0.269043
1 0.239633 0.214877 0.0177284 0.0424679 0.262939
1 0.515024 0.182559 0.0240385 0.0518163 0.262207
1 0.799279 0.557692 0.0240385 0.0416667 0.251709
1 0.498498 0.307692 0.0498798 0.0475427 0.314941
1 0.428486 0.679487 0.0324519 0.0811966 0.297363
1 0.766827 0.175481 0.03125 0.0950855 0.272705
1 0.392428 0.548077 0.0300481 0.034188 0.260498
1 0.428185 0.678419 0.031851 0.0811966 0.282959
1 0.766827 0.180021 0.0288461 0.0921474 0.275146
1 0.499399 0.307692 0.0492788 0.0480769 0.265869
1 0.609375 0.656517 0.0384615 0.0512821 0.262207
1 0.766827 0.179621 0.0336539 0.0953526 0.310791
1 0.429387 0.68109 0.0330529 0.0801282 0.304932
1 0.609375 0.65812 0.0396635 0.0502137 0.2854
1 0.609375 0.65812 0.0408654 0.0491453 0.33374
1 0.766226 0.177618 0.0324519 0.101496 0.304932
1 0.428185 0.678419 0.0336539 0.0811966 0.29834
1 0.392428 0.549145 0.03125 0.0384615 0.264404
1 0.499099 0.306624 0.0498798 0.0448718 0.258301
1 0.16887 0.476229 0.0348558 0.036859 0.250977
1 0.609375 0.65812 0.0408654 0.0534188 0.288574
1 0.429087 0.681624 0.0336538 0.0833333 0.288574
1 0.766827 0.180288 0.0336539 0.0977564 0.251709
1 0.609375 0.659188 0.0384615 0.0470086 0.303223
1 0.429087 0.682158 0.0324519 0.0801282 0.279785
1 0.392728 0.551282 0.0294471 0.0352564 0.270508
1 0.768029 0.181357 0.03125 0.0961538 0.262939
1 0.590745 0.857906 0.0300481 0.0576923 0.262939
1 0.239784 0.213809 0.0180289 0.0419338 0.262207
1 0.572716 0.170406 0.0240385 0.0381944 0.256836
1 0.608774 0.657586 0.0396635 0.0523504 0.283691
1 0.427885 0.680556 0.03125 0.082265 0.272705
1 0.766827 0.179888 0.0336539 0.0974893 0.259033
1 0.498498 0.306624 0.0492789 0.0459402 0.251709
1 0.609375 0.65812 0.0408654 0.0512821 0.267334
1 0.766827 0.178953 0.03125 0.0945513 0.258301
1 0.499399 0.306357 0.0492788 0.0486111 0.251709
1 0.429688 0.68109 0.0324519 0.0801282 0.250244
1 0.766827 0.178953 0.0336539 0.096688 0.301514
1 0.498798 0.30609 0.0480769 0.0470085 0.299072
1 0.608173 0.65812 0.0384615 0.0512821 0.296631
1 0.428486 0.680021 0.0324519 0.0779914 0.2854
1 0.590144 0.856838 0.0300481 0.059829 0.269043
1 0.571815 0.169605 0.0270432 0.0411325 0.262939
1 0.392428 0.549145 0.0300481 0.0363248 0.260498
1 0.498197 0.308226 0.0492788 0.0491453 0.291016
1 0.609375 0.659188 0.0408654 0.0491453 0.262939
1 0.428486 0.680556 0.0336538 0.0811966 0.257568
1 0.609375 0.657586 0.0408654 0.0523504 0.304932
1 0.768029 0.185096 0.0300481 0.0988248 0.2854
1 0.428486 0.68109 0.0336538 0.0801282 0.272705
1 0.392428 0.548077 0.0300481 0.034188 0.270508
1 0.170673 0.475427 0.0342548 0.034188 0.259766
1 0.498498 0.307425 0.0504808 0.0518162 0.250244
1 0.609375 0.65812 0.0396635 0.0491453 0.303955
1 0.392428 0.548611 0.0288461 0.0373931 0.294189
1 0.169772 0.477297 0.0342548 0.0352564 0.291016
1 0.766827 0.185497 0.030048 0.0990919 0.280518
1 0.238732 0.211538 0.0180289 0.0459402 0.277588
1 0.572115 0.169204 0.0264423 0.0427351 0.276611
1 0.498798 0.307692 0.0480769 0.0459402 0.275146
1 0.428486 0.680021 0.0330529 0.0790598 0.271973
1 0.799279 0.55609 0.0264423 0.042735 0.260498
1 0.590144 0.85844 0.03125 0.0608974 0.253906
1 0.428786 0.680556 0.032452 0.0811966 0.342529
1 0.609375 0.659722 0.0396635 0.0502137 0.334473
1 0.766827 0.179754 0.03125 0.100427 0.326904
1 0.170072 0.476496 0.0333534 0.0336539 0.304932
1 0.393029 0.550214 0.0288461 0.034188 0.299805
1 0.572716 0.170139 0.0252404 0.0416667 0.286865
1 0.590294 0.857906 0.0309495 0.059829 0.284668
1 0.499399 0.307158 0.0480769 0.0448718 0.27832
1 0.799279 0.557692 0.0252404 0.0427351 0.255371
1 0.608173 0.659188 0.0408654 0.0512821 0.260498
1 0.766827 0.186699 0.030048 0.0982906 0.259766
1 0.429087 0.67735 0.0336538 0.0790599 0.319092
1 0.609375 0.657051 0.0408654 0.0512821 0.309082
1 0.766827 0.18109 0.032452 0.0998932 0.283691
1 0.169772 0.473825 0.0330529 0.034188 0.281494
1 0.39363 0.547009 0.03125 0.0363248 0.280518
1 0.498798 0.306624 0.0492788 0.0448718 0.273682
1 0.239784 0.212073 0.0186298 0.0438034 0.256104
1 0.521935 0.180288 0.0264423 0.0606303 0.252441
1 0.590745 0.856838 0.03125 0.059829 0.252441
1 0.766827 0.182292 0.03125 0.0953526 0.294189
1 0.429087 0.679487 0.0324519 0.0801282 0.275879
1 0.499399 0.306624 0.0492788 0.0464744 0.270508
1 0.608774 0.65812 0.0384615 0.0470085 0.269775
1 0.169321 0.474893 0.0333534 0.0352564 0.265137
1 0.393029 0.548077 0.0288461 0.034188 0.257568
1 0.609375 0.658654 0.0408654 0.0544872 0.325928
1 0.428185 0.680556 0.0330529 0.0811966 0.313232
1 0.767428 0.182959 0.03125 0.0988248 0.299072
1 0.498498 0.308761 0.0492789 0.0523504 0.297363
1 0.392728 0.549145 0.0294471 0.0363248 0.294922
1 0.169772 0.474893 0.0342548 0.0363248 0.290283
1 0.590144 0.859509 0.03125 0.0619659 0.286865
1 0.799279 0.556624 0.0264423 0.0470086 0.286133
1 0.239483 0.212874 0.0180289 0.0470085 0.272705
1 0.572115 0.167468 0.0264423 0.0427351 0.262939
1 0.498798 0.308494 0.0492788 0.0512821 0.365723
1 0.609375 0.659188 0.0408654 0.0512821 0.311523
1 0.428786 0.680021 0.032452 0.0811966 0.303955
1 0.392728 0.550748 0.0288462 0.0363248 0.282959
1 0.239183 0.212874 0.0186298 0.0459402 0.27124
1 0.170072 0.476496 0.0333534 0.0384616 0.267334
1 0.766827 0.181891 0.03125 0.0977564 0.263672
1 0.590294 0.857906 0.0309495 0.0619658 0.259766
1 0.429087 0.68109 0.0324519 0.0801282 0.325195
1 0.499399 0.309295 0.0480769 0.0491453 0.324219
1 0.609976 0.659188 0.0396635 0.0512821 0.300781
1 0.800481 0.556624 0.0264423 0.042735 0.290283
1 0.393029 0.54968 0.0288461 0.0352564 0.287842
1 0.170974 0.475962 0.0330529 0.0363248 0.279785
1 0.239784 0.213675 0.0186298 0.0470086 0.268066
1 0.767428 0.180823 0.030048 0.0977564 0.265137
1 0.591196 0.858974 0.0291466 0.0608975 0.259766
1 0.573017 0.168002 0.0258413 0.0432692 0.254639
1 0.498798 0.309028 0.0480769 0.0443376 0.310791
1 0.429087 0.679487 0.0324519 0.0811966 0.279053
1 0.169471 0.476496 0.0336539 0.034188 0.26123
1 0.608774 0.659722 0.0396635 0.0491453 0.256836
1 0.392428 0.54968 0.0300481 0.034188 0.255371
1 0.572416 0.166533 0.0258413 0.0411325 0.251709
1 0.609375 0.659188 0.0408654 0.0534188 0.319092
1 0.498798 0.307692 0.0480769 0.0470086 0.291748
1 0.428486 0.673611 0.0324519 0.0833333 0.288574
1 0.169471 0.475962 0.0348558 0.0379273 0.283691
1 0.392428 0.548611 0.0300481 0.034188 0.279785
1 0.590294 0.856838 0.0309495 0.059829 0.275879
1 0.572416 0.163194 0.0258413 0.0413996 0.275146
1 0.799279 0.554487 0.0252404 0.042735 0.272705
1 0.589543 0.857906 0.03125 0.0608975 0.363037
1 0.498197 0.306624 0.0480769 0.0470085 0.361084
1 0.426683 0.67735 0.0324519 0.0811966 0.35498
1 0.392127 0.55235 0.0294471 0.0320513 0.337158
1 0.609375 0.663996 0.0408654 0.0470085 0.33374
1 0.169471 0.474359 0.0348558 0.034188 0.330322
1 0.571514 0.163194 0.0264423 0.0413996 0.323486
1 0.798077 0.557692 0.0240385 0.0405983 0.323486
1 0.766226 0.185096 0.0324519 0.104167 0.320801
1 0.519832 0.178953 0.0264423 0.0608974 0.27832
1 0.23738 0.215545 0.0180288 0.0432692 0.270508
1 0.920673 0.207933 0.0240385 0.039797 0.253906
1 0.798678 0.556624 0.0240385 0.0405983 0.406494
1 0.392728 0.547009 0.0300481 0.034188 0.397949
1 0.428486 0.67735 0.03125 0.0790599 0.390381
1 0.590144 0.85844 0.0300481 0.0608974 0.384033
1 0.170072 0.472756 0.0330529 0.034188 0.378418
1 0.498798 0.30609 0.047476 0.045406 0.375732
1 0.571815 0.16266 0.0270432 0.0408654 0.353027
1 0.609375 0.66453 0.0384615 0.0470085 0.336426
1 0.238582 0.215411 0.0171274 0.0419338 0.323486
1 0.766827 0.184028 0.03125 0.104701 0.319092
1 0.520733 0.179754 0.0246394 0.0576923 0.282227
1 0.925481 0.20633 0.0228366 0.039797 0.270508
1 0.427885 0.679487 0.0324519 0.0790599 0.430176
1 0.498197 0.308761 0.0492788 0.0480769 0.402588
1 0.393029 0.548077 0.03125 0.034188 0.381104
1 0.590144 0.860043 0.03125 0.0630342 0.377441
1 0.609375 0.665598 0.0408654 0.0470086 0.365723
1 0.798678 0.55609 0.0264423 0.0448718 0.364746
1 0.169772 0.474893 0.0348558 0.0357906 0.345215
1 0.766827 0.18563 0.032452 0.104167 0.334473
1 0.238882 0.217415 0.0180289 0.0448718 0.332764
1 0.571514 0.165598 0.0276442 0.0430022 0.311523
1 0.520433 0.181357 0.0264423 0.0603633 0.288574
1 0.92488 0.207799 0.0240385 0.0422009 0.267334
1 0.428486 0.677885 0.03125 0.0779915 0.466797
1 0.798678 0.554487 0.0252404 0.0448718 0.427246
1 0.609375 0.662393 0.0396635 0.0502137 0.420654
1 0.392728 0.547009 0.030649 0.0320513 0.405518
1 0.498498 0.307959 0.0486779 0.0486111 0.398926
1 0.239183 0.214744 0.0180289 0.0443376 0.396973
1 0.590294 0.85844 0.0309495 0.0598291 0.377441
1 0.169922 0.474359 0.0345553 0.034188 0.348633
1 0.766827 0.186165 0.032452 0.104167 0.341553
1 0.521034 0.178953 0.0252404 0.0603632 0.321777
1 0.925481 0.206731 0.0228366 0.0400641 0.294189
1 0.571514 0.165064 0.0264423 0.0405983 0.282959
1 0.427885 0.67735 0.03125 0.0790599 0.500977
1 0.498197 0.307692 0.0480769 0.0491453 0.458008
1 0.609375 0.663462 0.0384615 0.0470086 0.457031
1 0.39363 0.547009 0.0300481 0.0320513 0.453369
1 0.799279 0.557158 0.0240385 0.0395299 0.451416
1 0.589543 0.855769 0.0300481 0.059829 0.438721
1 0.238882 0.216346 0.0168269 0.0411325 0.414795
1 0.765625 0.184028 0.0336538 0.104701 0.404541
1 0.169471 0.473024 0.0330529 0.0352564 0.373047
1 0.515024 0.184295 0.0252404 0.0571581 0.346924
1 0.571815 0.163729 0.0270432 0.0405983 0.29248
1 0.92488 0.206864 0.0228365 0.0389957 0.281494
1 0.54988 0.768162 0.0264423 0.0320513 0.253906
1 0.427885 0.678419 0.03125 0.0779914 0.457031
1 0.798678 0.558227 0.0228365 0.0416667 0.456055
1 0.392428 0.547543 0.0288461 0.0299145 0.427246
1 0.609375 0.66453 0.0396635 0.0470085 0.405518
1 0.238281 0.216346 0.0168269 0.0427351 0.399902
1 0.588942 0.857372 0.0300481 0.0619659 0.399902
1 0.169621 0.473825 0.0333534 0.0331197 0.385742
1 0.498498 0.307158 0.047476 0.0480769 0.375732
1 0.765625 0.183761 0.03125 0.104167 0.373047
1 0.515024 0.184829 0.0252404 0.0571581 0.325195
1 0.571514 0.16453 0.0264423 0.0395299 0.291748
1 0.263522 0.379808 0.0216346 0.0715812 0.27832
1 0.920673 0.209402 0.0228365 0.0405983 0.273682
1 0.609375 0.662927 0.0408654 0.0502137 0.509766
1 0.428185 0.67735 0.031851 0.0790599 0.50293
1 0.393029 0.546474 0.03125 0.0320513 0.490234
1 0.799279 0.556624 0.0252404 0.042735 0.478516
1 0.498197 0.307959 0.0480769 0.0480769 0.475586
1 0.169772 0.473291 0.0336538 0.034188 0.458008
1 0.239183 0.215144 0.0174279 0.0424679 0.450439
1 0.589543 0.856838 0.03125 0.0619658 0.44165
1 0.766226 0.183894 0.03125 0.104434 0.393311
1 0.515325 0.184295 0.0252404 0.0576923 0.347656
1 0.571514 0.163862 0.0264423 0.0413996 0.317383
1 0.925481 0.207799 0.0240384 0.0405983 0.311523
1 0.264423 0.380609 0.0222356 0.071047 0.306641
1 0.549579 0.768162 0.0282452 0.0341881 0.295898
1 0.533654 0.898504 0.0210336 0.0277778 0.271973
1 0.265024 0.306624 0.015024 0.0373932 0.270508
1 0.608774 0.662393 0.0396635 0.0491453 0.492188
1 0.428786 0.679487 0.031851 0.0769231 0.473633
1 0.392728 0.548077 0.0300481 0.0320513 0.470703
1 0.498798 0.307158 0.0480769 0.0491453 0.458008
1 0.799279 0.557692 0.0240385 0.0427351 0.448486
1 0.238882 0.215812 0.0180289 0.0438034 0.44751
1 0.590144 0.856838 0.0300481 0.0619658 0.416748
1 0.169772 0.473558 0.0336538 0.0352564 0.408203
1 0.766827 0.185096 0.03125 0.10203 0.351318
1 0.521034 0.182025 0.0252404 0.056891 0.32251
1 0.571514 0.165064 0.0264423 0.0422009 0.321777
1 0.925481 0.209135 0.0228366 0.0411325 0.288574
1 0.549279 0.768697 0.0288461 0.0352564 0.282959
1 0.264423 0.380876 0.0216346 0.0683761 0.275146
1 0.532752 0.898504 0.0210337 0.0277778 0.26123
1 0.264724 0.306357 0.0144231 0.0379274 0.251709
1 0.392428 0.546474 0.0300481 0.0309829 0.508789
1 0.427885 0.678419 0.0324519 0.0790599 0.503906
1 0.609375 0.663462 0.0408654 0.0470086 0.496094
1 0.238582 0.216213 0.0180289 0.0430022 0.477539
1 0.498798 0.307692 0.0480769 0.0475427 0.46875
1 0.169772 0.473825 0.0348558 0.0331197 0.458984
1 0.589543 0.856838 0.0300481 0.059829 0.446533
1 0.799279 0.558227 0.0240385 0.042735 0.434082
1 0.767428 0.184295 0.030048 0.096688 0.369385
1 0.521034 0.182025 0.0258413 0.056891 0.346924
1 0.571214 0.165999 0.0270432 0.0403312 0.342529
1 0.264423 0.380342 0.0216346 0.0705128 0.336426
1 0.925481 0.208868 0.0240384 0.0405983 0.306641
1 0.264423 0.306891 0.015024 0.0384615 0.279785
1 0.533053 0.899573 0.0216346 0.0277778 0.265869
1 0.392428 0.546474 0.03125 0.0331196 0.522461
1 0.608774 0.663462 0.0396635 0.0480769 0.503906
1 0.169471 0.473825 0.0354567 0.0352564 0.501953
1 0.428185 0.67735 0.031851 0.0790599 0.501953
1 0.238281 0.216346 0.0180288 0.0422009 0.477539
1 0.589543 0.856838 0.03125 0.059829 0.44751
1 0.498798 0.307959 0.0492788 0.0480769 0.44458
1 0.799279 0.558761 0.0264423 0.042735 0.431152
1 0.766827 0.182959 0.03125 0.0982906 0.393311
1 0.515024 0.186699 0.0258413 0.0571581 0.350342
1 0.570913 0.1668 0.0276442 0.0411325 0.346924
1 0.264123 0.379808 0.0234375 0.0705128 0.338135
1 0.548678 0.769765 0.0288461 0.0352564 0.296631
1 0.920673 0.209936 0.0240385 0.0411325 0.294922
1 0.264724 0.30609 0.016226 0.0384615 0.267334
1 0.533053 0.900641 0.0222355 0.0288462 0.259766
1 0.428486 0.678419 0.03125 0.0790599 0.527344
1 0.392428 0.547543 0.0300481 0.0320513 0.508789
1 0.609375 0.663462 0.0396635 0.0491453 0.508789
1 0.238882 0.214877 0.0174279 0.0424679 0.480469
1 0.169471 0.474359 0.0348558 0.0347222 0.477539
1 0.498798 0.308761 0.0492788 0.0486111 0.462891
1 0.590294 0.856838 0.0309495 0.0619658 0.439697
1 0.799279 0.558761 0.0240385 0.042735 0.431152
1 0.766827 0.185363 0.03125 0.0998932 0.388672
1 0.515625 0.186165 0.0252404 0.0560898 0.347656
1 0.571514 0.166667 0.0264423 0.0416667 0.335449
1 0.925481 0.209669 0.0228366 0.0389957 0.315674
1 0.265024 0.379808 0.0216346 0.0705128 0.309082
1 0.549579 0.769231 0.0276443 0.0341881 0.289307
1 0.533654 0.900641 0.0216346 0.0299145 0.284668
1 0.264724 0.306624 0.015024 0.0384615 0.270508
1 0.452825 0.790598 0.0450721 0.0854701 0.258301
1 0.428486 0.679487 0.0324519 0.0811966 0.518555
1 0.392728 0.547543 0.030649 0.0320513 0.513672
1 0.609375 0.663996 0.0408654 0.0491453 0.512695
1 0.170072 0.474626 0.0357572 0.0363248 0.490234
1 0.238582 0.215545 0.0174279 0.042735 0.467773
1 0.590144 0.857906 0.03125 0.0619658 0.437744
1 0.499099 0.309295 0.0486779 0.0480769 0.432129
1 0.799279 0.558761 0.0264423 0.0438034 0.432129
1 0.766827 0.186966 0.03125 0.10203 0.38208
1 0.925481 0.210737 0.0228366 0.0416667 0.357666
1 0.571514 0.166667 0.0276442 0.0419338 0.356689
1 0.515325 0.187767 0.0252404 0.0571581 0.31665
1 0.549279 0.770299 0.0282452 0.0341881 0.269043
1 0.533654 0.900641 0.0216346 0.0277778 0.251709
1 0.428486 0.680556 0.0324519 0.0790598 0.522461
1 0.393029 0.54594 0.030649 0.0320513 0.520508
1 0.609375 0.663996 0.0384615 0.0491453 0.509766
1 0.170072 0.473825 0.0348558 0.0352564 0.494141
1 0.238732 0.216346 0.0177284 0.0422009 0.461914
1 0.590294 0.857906 0.0309495 0.059829 0.458984
1 0.499099 0.309295 0.047476 0.0491453 0.440674
1 0.799279 0.559829 0.0264423 0.042735 0.417725
1 0.766827 0.186031 0.03125 0.10016 0.396973
1 0.571514 0.166266 0.0264423 0.0411325 0.37207
1 0.521034 0.184829 0.0252404 0.0555555 0.310791
1 0.925481 0.211004 0.0228366 0.0395299 0.309814
1 0.265024 0.380342 0.0222356 0.0705128 0.289307
1 0.54988 0.770299 0.0282452 0.0352564 0.262939
1 0.533954 0.900641 0.0216346 0.0277778 0.262207
1 0.265024 0.305823 0.015625 0.0363248 0.254639
1 0.609375 0.663462 0.0408654 0.0491453 0.541992
1 0.393029 0.547543 0.0300481 0.0320513 0.538086
1 0.428486 0.680021 0.0324519 0.0801282 0.525391
1 0.170072 0.474893 0.0348558 0.0352564 0.516602
1 0.238582 0.21648 0.0174279 0.042468 0.476562
1 0.499399 0.310363 0.0480769 0.0496795 0.46875
1 0.590294 0.857906 0.0309495 0.0608975 0.463867
1 0.799279 0.560363 0.0252404 0.042735 0.424316
1 0.768029 0.183494 0.0300481 0.0972222 0.401611
1 0.571514 0.168002 0.0264423 0.0422009 0.394287
1 0.265024 0.380342 0.0216346 0.071047 0.329346
1 0.515625 0.188034 0.0252404 0.0555555 0.325928
1 0.925481 0.211806 0.0228366 0.0411325 0.325195
1 0.549579 0.770299 0.0282452 0.0341881 0.2854
1 0.533654 0.901175 0.0216346 0.0288461 0.275146
1 0.264874 0.306891 0.0153245 0.036859 0.266602
1 0.393029 0.547009 0.03125 0.0320513 0.518555
1 0.609375 0.663462 0.0408654 0.0491453 0.512695
1 0.428486 0.680556 0.0324519 0.0811966 0.507812
1 0.169471 0.474626 0.0348558 0.0347222 0.490234
1 0.238281 0.21688 0.0180288 0.0427351 0.451416
1 0.589543 0.857906 0.03125 0.0619658 0.442627
1 0.498798 0.310363 0.0486779 0.0491453 0.42334
1 0.799279 0.559829 0.0264423 0.042735 0.410156
1 0.570913 0.168403 0.0276442 0.042468 0.380371
1 0.766827 0.186565 0.03125 0.100694 0.380371
1 0.515325 0.188301 0.0264423 0.0560897 0.312256
1 0.92488 0.211538 0.0228365 0.0411325 0.303955
1 0.265024 0.380609 0.0228365 0.0705128 0.29248
1 0.264874 0.306624 0.0159255 0.036859 0.263672
1 0.533654 0.901175 0.0228365 0.0288461 0.263672
1 0.549579 0.770299 0.0294471 0.0363248 0.255371
1 0.393029 0.547543 0.03125 0.0331196 0.542969
1 0.609375 0.663462 0.0396635 0.0480769 0.538086
1 0.428486 0.680021 0.0324519 0.0811966 0.525391
1 0.169621 0.474893 0.0345553 0.0363248 0.519531
1 0.238582 0.216613 0.0180289 0.0427351 0.46875
1 0.589543 0.856838 0.03125 0.0619658 0.458984
1 0.799279 0.559829 0.0264423 0.042735 0.433105
1 0.498798 0.309829 0.0480769 0.0491453 0.421631
1 0.766827 0.186699 0.03125 0.101496 0.395996
1 0.571214 0.167468 0.0270432 0.0427351 0.392334
1 0.515325 0.188301 0.0258414 0.0566239 0.330322
1 0.925481 0.211538 0.0240384 0.0411325 0.315674
1 0.264874 0.380609 0.0225361 0.0715812 0.306641
1 0.549279 0.769765 0.0288461 0.0352564 0.293457
1 0.264874 0.307158 0.0159255 0.036859 0.279053
1 0.533654 0.901175 0.0228365 0.0288461 0.27832
1 0.393029 0.548077 0.03125 0.0320513 0.525391
1 0.609375 0.663996 0.0396635 0.0470085 0.517578
1 0.428486 0.680556 0.031851 0.0811966 0.508789
1 0.169772 0.475427 0.0342548 0.0352564 0.507812
1 0.238582 0.217415 0.0177284 0.0422009 0.454346
1 0.589543 0.857372 0.03125 0.0608974 0.44458
1 0.498798 0.309829 0.0480769 0.0491453 0.414795
1 0.799279 0.560897 0.0252404 0.042735 0.396973
1 0.768029 0.184028 0.0288461 0.0972222 0.381104
1 0.571514 0.168002 0.0264423 0.042735 0.365723
1 0.515325 0.188435 0.0252404 0.0558226 0.309082
1 0.925481 0.211538 0.0228366 0.0405983 0.305664
1 0.264874 0.380609 0.0219351 0.071047 0.303223
1 0.264874 0.307692 0.0153245 0.036859 0.266602
1 0.533654 0.901709 0.0216346 0.0277778 0.265137
1 0.549579 0.770299 0.0288462 0.0341881 0.262207
1 0.393029 0.548077 0.03125 0.0320513 0.540039
1 0.609375 0.66453 0.0396635 0.0470085 0.536133
1 0.169772 0.47516 0.0348558 0.0347222 0.522461
1 0.428486 0.680556 0.0324519 0.0811966 0.517578
1 0.238582 0.217281 0.0177284 0.0419338 0.46582
1 0.589543 0.857906 0.03125 0.0619658 0.456055
1 0.498798 0.309829 0.0480769 0.0491453 0.439697
1 0.799279 0.560897 0.0264423 0.042735 0.411133
1 0.768029 0.184295 0.03125 0.0972222 0.387695
1 0.571514 0.168269 0.0264423 0.0422009 0.380371
1 0.925481 0.211271 0.0216346 0.0400641 0.324219
1 0.515024 0.188568 0.0252404 0.0560898 0.319092
1 0.264724 0.380876 0.0222356 0.0705128 0.310791
1 0.549579 0.770299 0.0288462 0.0341881 0.271973
1 0.533654 0.901175 0.0222355 0.0277778 0.268066
1 0.264724 0.307692 0.015625 0.0352564 0.26123
1 0.427885 0.678419 0.03125 0.0779914 0.457031
1 0.798678 0.558227 0.0228365 0.0416667 0.456055
1 0.392428 0.547543 0.0288461 0.0299145 0.427246
1 0.609375 0.66453 0.0384615 0.0459401 0.405518
1 0.238281 0.216346 0.0168269 0.0427351 0.399902
1 0.588942 0.857372 0.0300481 0.0619659 0.398926
1 0.169621 0.473825 0.0333534 0.0331197 0.385742
1 0.498498 0.307158 0.047476 0.0480769 0.375732
1 0.765625 0.183761 0.03125 0.104167 0.37207
1 0.515024 0.184829 0.0252404 0.0571581 0.325195
1 0.571514 0.16453 0.0264423 0.0395299 0.291748
1 0.263522 0.379808 0.0216346 0.0715812 0.277588
1 0.920673 0.209402 0.0228365 0.0405983 0.273682
