1 0.253305 0.61859 0.0270433 0.0801282 0.253174
1 0.253305 0.615385 0.0360577 0.0897436 0.314941
1 0.252855 0.618056 0.0243389 0.0769231 0.250977
1 0.969952 0.75 0.0216346 0.0779914 0.259766
1 0.254057 0.615385 0.0249399 0.0790599 0.256836
1 0.527043 0.856838 0.0396635 0.0555556 0.255371
1 0.528245 0.856838 0.0372596 0.0405983 0.313965
1 0.251803 0.620727 0.0303486 0.0833333 0.250244
1 0.445914 0.505876 0.0360577 0.082265 0.265869
1 0.527644 0.860043 0.0372596 0.0491453 0.255371
1 0.530048 0.85844 0.0396635 0.042735 0.306641
1 0.527644 0.860577 0.0378606 0.0470085 0.257568
1 0.527644 0.858974 0.0372596 0.0405982 0.258301
1 0.527644 0.856303 0.0408654 0.0438034 0.2854
1 0.527043 0.860577 0.0384615 0.0438034 0.273682
1 0.505409 0.659188 0.0240385 0.0769231 0.262939
1 0.526743 0.859509 0.0360577 0.0448718 0.253906
1 0.527644 0.860043 0.0378606 0.0448719 0.271973
1 0.505409 0.660256 0.0252404 0.082265 0.280518
1 0.253606 0.615385 0.0279447 0.082265 0.279785
1 0.504808 0.661859 0.0264423 0.082265 0.266602
1 0.253906 0.621261 0.0261418 0.0747863 0.251709
1 0.527945 0.86218 0.0378606 0.0491453 0.250977
1 0.528846 0.85844 0.0408654 0.0448718 0.307373
1 0.528846 0.858974 0.0384615 0.0480769 0.296631
1 0.527644 0.861111 0.0396635 0.0470086 0.275146
1 0.504207 0.659188 0.0240385 0.0811966 0.253906
1 0.50601 0.660256 0.0228365 0.0811966 0.26123
1 0.505409 0.65812 0.0216346 0.0811966 0.318359
1 0.527644 0.860043 0.0372596 0.0448719 0.26123
1 0.253606 0.618056 0.0252404 0.0865385 0.260498
1 0.528846 0.857906 0.0372596 0.0405983 0.280518
1 0.505108 0.659188 0.0222356 0.082265 0.252441
1 0.505409 0.659188 0.0252404 0.0833333 0.293457
1 0.528846 0.861645 0.0372596 0.048077 0.250244
1 0.505409 0.655983 0.0240385 0.0747863 0.262939
1 0.528245 0.860043 0.0384615 0.042735 0.320801
1 0.504808 0.657051 0.0228365 0.0747863 0.296631
1 0.253305 0.616987 0.0258413 0.0758547 0.262939
1 0.504207 0.658654 0.0228365 0.0801282 0.30249
1 0.528546 0.860043 0.0390625 0.042735 0.279053
1 0.252103 0.617521 0.0270433 0.0854701 0.27124
1 0.527644 0.860043 0.0384615 0.0448719 0.311523
1 0.504207 0.659188 0.0234375 0.0769231 0.262207
1 0.504808 0.657051 0.0228365 0.0726496 0.260498
1 0.505409 0.657051 0.0252404 0.0758547 0.265869
1 0.528846 0.858974 0.0372596 0.0470086 0.259766
1 0.527644 0.861645 0.0372596 0.0438034 0.266602
1 0.505409 0.662393 0.0228365 0.0726496 0.26123
1 0.527644 0.86218 0.0372596 0.0448718 0.325195
1 0.527644 0.861645 0.0372596 0.042735 0.280518
1 0.528245 0.858974 0.0372596 0.0427351 0.262939
1 0.504808 0.659188 0.0240385 0.0769231 0.254639
1 0.528846 0.857372 0.0372596 0.042735 0.259766
1 0.505108 0.661325 0.0240385 0.0811966 0.265137
1 0.528846 0.860043 0.0384615 0.0491453 0.273682
1 0.528846 0.859509 0.0372596 0.0438035 0.294922
1 0.505409 0.662393 0.0234375 0.0811966 0.279053
1 0.504808 0.657051 0.0228365 0.0747863 0.270508
1 0.528846 0.858974 0.0360577 0.0405982 0.255371
1 0.529447 0.860043 0.0372596 0.042735 0.250977
1 0.505108 0.658654 0.0222356 0.0758547 0.253906
1 0.528846 0.85844 0.0372596 0.0459402 0.277588
1 0.504808 0.65812 0.0216346 0.0747863 0.253906
1 0.50601 0.656517 0.0216346 0.0715812 0.284668
1 0.529147 0.860043 0.0360577 0.0448719 0.264404
1 0.255108 0.617521 0.0246394 0.0790599 0.260498
1 0.506611 0.661325 0.0228365 0.0747863 0.280518
1 0.529447 0.85844 0.0372596 0.0459402 0.254639
1 0.529447 0.858974 0.0360577 0.0427351 0.286865
1 0.505409 0.662393 0.0234375 0.0769231 0.253174
1 0.529447 0.858974 0.0378606 0.0470086 0.279785
1 0.529447 0.860577 0.0372596 0.0448718 0.293457
1 0.505709 0.661325 0.0222356 0.0726496 0.269043
1 0.530048 0.861111 0.0360577 0.0448718 0.282227
1 0.50601 0.659188 0.0204327 0.0705128 0.256836
1 0.505709 0.660791 0.0222356 0.0747863 0.283691
1 0.50601 0.661325 0.0240385 0.0811966 0.265869
1 0.530048 0.858974 0.0372596 0.0448719 0.26123
1 0.505409 0.660256 0.0222356 0.0769231 0.31665
1 0.528846 0.860043 0.0360577 0.0384615 0.286865
1 0.444111 0.493323 0.0372596 0.0817308 0.256104
1 0.50601 0.661325 0.0216346 0.0726496 0.360352
1 0.529447 0.861645 0.0348557 0.0416667 0.321777
1 0.254357 0.619124 0.023738 0.0779914 0.258301
1 0.505709 0.665598 0.0234375 0.0811966 0.392334
1 0.529147 0.863782 0.0366586 0.0459401 0.335449
1 0.253756 0.619124 0.0258414 0.0790598 0.276611
1 0.444411 0.494124 0.0360577 0.0779914 0.275879
1 0.50601 0.665598 0.0228365 0.0769231 0.381104
1 0.254057 0.620727 0.023738 0.0769231 0.32251
1 0.529447 0.861645 0.0360577 0.0438034 0.313965
1 0.444712 0.49359 0.0360577 0.0747863 0.29834
1 0.504808 0.663462 0.0228365 0.0779914 0.406494
1 0.529447 0.861111 0.0360577 0.0438034 0.369385
1 0.253606 0.619658 0.0228365 0.0769231 0.341553
1 0.444111 0.492254 0.0372596 0.0785257 0.312256
1 0.505409 0.662927 0.0222356 0.0758547 0.376709
1 0.528846 0.86218 0.0360577 0.042735 0.327637
1 0.253305 0.620192 0.0240385 0.0779914 0.313965
1 0.444712 0.492521 0.0354568 0.0758547 0.256104
1 0.315505 0.376603 0.0228365 0.0299146 0.251709
1 0.50601 0.66453 0.0240385 0.0790599 0.437744
1 0.529147 0.860577 0.0366586 0.0448718 0.365723
1 0.254057 0.620192 0.0252404 0.0801282 0.363037
1 0.444712 0.492521 0.0360577 0.0758547 0.307373
1 0.316106 0.378205 0.0234375 0.0320513 0.253174
1 0.50601 0.66453 0.0228365 0.0769231 0.439697
1 0.529447 0.858974 0.0360577 0.0448719 0.397949
1 0.254507 0.620727 0.0246394 0.0769231 0.360352
1 0.444712 0.492521 0.0372596 0.0769231 0.293457
1 0.316106 0.378205 0.0228365 0.0309829 0.283691
1 0.50601 0.66453 0.0228365 0.0769231 0.44165
1 0.528846 0.860043 0.0372596 0.0448719 0.383057
1 0.254207 0.619658 0.0252404 0.0769231 0.367432
1 0.444712 0.490652 0.0372596 0.0753205 0.29834
1 0.315505 0.378739 0.0228365 0.0293803 0.282959
1 0.138221 0.404915 0.0234375 0.0320513 0.250977
1 0.505709 0.663462 0.0228365 0.0747863 0.404541
1 0.253906 0.620727 0.0246394 0.0790598 0.370117
1 0.529147 0.860043 0.0366586 0.0448719 0.328613
1 0.440805 0.493056 0.0372596 0.0747863 0.294189
1 0.315505 0.378205 0.0240385 0.0299146 0.259033
1 0.50601 0.661859 0.0222356 0.0758547 0.431152
1 0.254357 0.620727 0.0249399 0.0769231 0.367432
1 0.529447 0.859509 0.0372596 0.0459402 0.352295
1 0.441106 0.492788 0.0372596 0.0753205 0.301514
1 0.315805 0.378739 0.0228365 0.0293803 0.258301
1 0.254207 0.620727 0.0246394 0.0811966 0.38208
1 0.505709 0.663462 0.0222356 0.0769231 0.375732
1 0.529447 0.860043 0.0372596 0.0470086 0.338867
1 0.444712 0.491987 0.0384615 0.0779915 0.294189
1 0.315805 0.378739 0.0234375 0.0299145 0.256104
1 0.505709 0.663462 0.0222356 0.0747863 0.399902
1 0.254207 0.620727 0.0246394 0.0769231 0.37207
1 0.529447 0.860043 0.0366587 0.0448719 0.352295
1 0.444712 0.492254 0.0378606 0.0763889 0.294922
1 0.316106 0.378739 0.0240385 0.0299145 0.262207
1 0.138221 0.405983 0.0225361 0.0320513 0.253174
1 0.505409 0.663462 0.0228365 0.0769231 0.430176
1 0.254057 0.620727 0.0243389 0.0769231 0.376709
1 0.529447 0.860577 0.0372596 0.0459402 0.368408
1 0.441707 0.493056 0.0372596 0.0747863 0.33374
1 0.315505 0.379808 0.0240385 0.0299145 0.262207
1 0.137921 0.406517 0.0222356 0.0320513 0.253906
1 0.505409 0.66453 0.0228365 0.0769231 0.392334
1 0.253906 0.620727 0.0243389 0.0769231 0.357666
1 0.529447 0.860577 0.0372596 0.0459402 0.352295
1 0.441106 0.493056 0.0372596 0.0747863 0.310791
1 0.505409 0.66453 0.0228365 0.0769231 0.398926
1 0.254057 0.621261 0.0240385 0.0790598 0.381104
1 0.529447 0.860043 0.0372596 0.0448719 0.366699
1 0.441106 0.493323 0.0372596 0.0753205 0.312256
1 0.315805 0.379541 0.0240385 0.0304487 0.282959
1 0.137921 0.406784 0.0228365 0.0331197 0.267334
1 0.96875 0.753205 0.0264423 0.076923 0.252441
1 0.505409 0.663996 0.0216346 0.0758547 0.386719
1 0.254207 0.620727 0.0240385 0.0790598 0.36377
1 0.529447 0.860043 0.0372596 0.0448719 0.343262
1 0.445312 0.492521 0.0384615 0.0769231 0.308105
1 0.316106 0.380609 0.0240385 0.0299146 0.257568
1 0.505409 0.663996 0.0216346 0.0758547 0.391357
1 0.254057 0.620727 0.0240385 0.0790598 0.373047
1 0.529447 0.860577 0.0372596 0.0448718 0.351318
1 0.441406 0.493056 0.0378606 0.0758547 0.336426
1 0.316106 0.380075 0.0240385 0.0299146 0.254639
1 0.505409 0.662927 0.0222356 0.0758547 0.376709
1 0.528846 0.86218 0.0360577 0.042735 0.327637
1 0.253305 0.620192 0.0240385 0.0779914 0.313965
1 0.444712 0.492521 0.0354568 0.0758547 0.256104
1 0.315505 0.376603 0.0228365 0.0299146 0.250977
