1 0.682692 0.964744 0.0444711 0.0555556 0.329346
1 0.991286 0.573718 0.0174278 0.0854701 0.320068
1 0.204928 0.418269 0.0210336 0.0571581 0.286133
1 0.103966 0.550214 0.0210337 0.051282 0.258301
1 0.204928 0.292201 0.0282452 0.0774573 0.256104
1 0.716346 0.444979 0.03125 0.0854701 0.337158
1 0.990084 0.586538 0.0198318 0.0811966 0.287842
1 0.683293 0.979167 0.0480769 0.0416667 0.299805
1 0.203726 0.306624 0.031851 0.0779915 0.297363
1 0.990385 0.58547 0.0192307 0.0747863 0.263672
1 0.81851 0.924145 0.0432693 0.0512821 0.262939
1 0.989784 0.584936 0.0204327 0.073718 0.380371
1 0.714543 0.448184 0.0252404 0.0726496 0.297363
1 0.203425 0.30609 0.03125 0.0715812 0.286133
1 0.201923 0.421474 0.0258413 0.0715812 0.273682
1 0.204928 0.314103 0.0282452 0.0747863 0.284668
1 0.990084 0.590278 0.0198318 0.0747863 0.279785
1 0.202374 0.425748 0.023137 0.068376 0.27832
1 0.715144 0.45406 0.0264423 0.0769231 0.269775
1 0.990385 0.584402 0.0192307 0.0726496 0.355713
1 0.204026 0.307959 0.0240384 0.0731838 0.345947
1 0.716346 0.445513 0.0264423 0.0779914 0.304932
1 0.6875 0.978098 0.0504807 0.0438034 0.279785
1 0.988582 0.586538 0.0228365 0.0769231 0.271973
1 0.202524 0.308226 0.031851 0.073718 0.255371
1 0.686298 0.975694 0.0528846 0.0486111 0.294922
1 0.989483 0.586004 0.0210337 0.0779914 0.256104
1 0.713942 0.450321 0.0288462 0.0785256 0.314941
1 0.204026 0.307959 0.0288462 0.0779914 0.272705
1 0.989183 0.588675 0.0216346 0.0833333 0.256836
1 0.715745 0.449786 0.0276443 0.0779915 0.276611
1 0.465144 0.429487 0.0288462 0.0940171 0.274414
1 0.823317 0.924145 0.0456731 0.0448718 0.275879
1 0.989784 0.587073 0.0204327 0.0779914 0.252441
1 0.989784 0.588675 0.0204327 0.0705128 0.301514
1 0.716947 0.450321 0.0264423 0.0694444 0.279785
1 0.203726 0.425214 0.023137 0.0560897 0.279053
1 0.205829 0.309295 0.0279447 0.0737179 0.26123
1 0.989784 0.587607 0.0204327 0.0769231 0.270508
1 0.203125 0.426015 0.0255409 0.0657051 0.253906
1 0.989784 0.586538 0.0204327 0.0726496 0.269775
1 0.205228 0.310897 0.0294471 0.0753205 0.254639
1 0.489183 0.514423 0.0336538 0.0373931 0.251709
1 0.990385 0.586538 0.0192307 0.0747863 0.282959
1 0.205228 0.310363 0.0294471 0.0737179 0.253906
1 0.204477 0.310897 0.0309495 0.0715812 0.286133
1 0.989483 0.587607 0.0210337 0.0726496 0.280518
1 0.203275 0.428419 0.0279447 0.0662393 0.253174
1 0.486478 0.517094 0.0396635 0.0395299 0.27124
1 0.202674 0.425214 0.0279447 0.0608974 0.263672
1 0.489183 0.514423 0.0384615 0.0395299 0.303955
1 0.990084 0.58547 0.0198318 0.0726496 0.286133
1 0.524038 0.584402 0.0210337 0.0363248 0.27832
1 0.204928 0.309829 0.0309495 0.071047 0.274414
1 0.203576 0.424679 0.0285457 0.0667735 0.274414
1 0.716346 0.449252 0.0288462 0.0715812 0.269775
1 0.48768 0.513889 0.0342548 0.0384616 0.256836
1 0.48738 0.51656 0.0348558 0.0373931 0.308105
1 0.202374 0.424679 0.0279447 0.0635684 0.306641
1 0.853966 0.386752 0.0276443 0.042735 0.290283
1 0.102915 0.569979 0.0285457 0.0587607 0.274414
1 0.989483 0.588675 0.0210337 0.0715812 0.272705
1 0.203726 0.3125 0.03125 0.0726496 0.263672
1 0.490385 0.517094 0.0336538 0.034188 0.308105
1 0.203425 0.426549 0.0282452 0.0657051 0.270508
1 0.990385 0.586538 0.0192307 0.0726496 0.262939
1 0.202975 0.424145 0.0276442 0.0619658 0.303223
1 0.488582 0.514022 0.0348558 0.033921 0.299805
1 0.990385 0.586538 0.0192307 0.0705128 0.287842
1 0.204778 0.311699 0.0324519 0.0726496 0.269775
1 0.989784 0.589744 0.0204327 0.0705128 0.33374
1 0.204327 0.314637 0.03125 0.0715812 0.318359
1 0.202674 0.426816 0.0285457 0.0603633 0.308105
1 0.570613 0.854701 0.0198318 0.0587607 0.266602
1 0.854567 0.38515 0.0264423 0.0384615 0.254639
1 0.716346 0.452991 0.0288462 0.0763889 0.251709
1 0.488582 0.515491 0.0348558 0.0309829 0.250977
1 0.488582 0.515491 0.0360577 0.0331197 0.286865
1 0.488582 0.514423 0.0348558 0.034188 0.27832
1 0.854567 0.381677 0.0300481 0.0395299 0.266602
1 0.202674 0.434562 0.0291466 0.0657052 0.263672
1 0.102689 0.570513 0.0301983 0.0587607 0.258301
1 0.989183 0.587607 0.0216346 0.0747863 0.250977
1 0.990685 0.586004 0.0186298 0.0790598 0.299072
1 0.203125 0.423611 0.0270433 0.065171 0.291748
1 0.48768 0.516026 0.0360577 0.0363248 0.2854
1 0.989784 0.588675 0.0204327 0.0747863 0.309082
1 0.203125 0.424679 0.0276442 0.0662393 0.304932
1 0.144832 0.630342 0.0276442 0.0512821 0.266602
1 0.205228 0.313301 0.0261418 0.0694445 0.255371
1 0.201923 0.425214 0.0240385 0.0662393 0.324219
1 0.989784 0.588675 0.0204327 0.0801282 0.320068
1 0.488882 0.51656 0.0360577 0.0352564 0.309082
1 0.459736 0.424947 0.0348557 0.0934829 0.282959
1 0.523438 0.584936 0.0198318 0.0309829 0.27832
1 0.853966 0.383547 0.0264423 0.0373931 0.259766
1 0.101638 0.557692 0.0256911 0.056624 0.256104
1 0.715144 0.451389 0.0264423 0.0790599 0.251709
1 0.14378 0.629808 0.0258413 0.0523504 0.250244
1 0.488582 0.513355 0.0360577 0.0363248 0.294922
1 0.488582 0.516026 0.0348558 0.0395299 0.2854
1 0.487079 0.513889 0.0384615 0.0352564 0.34082
1 0.204627 0.310897 0.0288461 0.0769231 0.275146
1 0.202224 0.423077 0.0234375 0.0641026 0.274414
1 0.990385 0.587607 0.0192307 0.0726496 0.268066
1 0.855769 0.380876 0.0264423 0.0363248 0.253174
1 0.102614 0.570513 0.0276442 0.0576923 0.250244
1 0.487981 0.516026 0.0384615 0.0416667 0.329346
1 0.202524 0.424145 0.0258413 0.0630342 0.260498
1 0.48738 0.514957 0.0384615 0.0395299 0.259033
1 0.990385 0.584402 0.0192307 0.0705128 0.252441
1 0.201923 0.423878 0.0246394 0.0598291 0.305664
1 0.48738 0.512821 0.0384615 0.0395299 0.29834
1 0.989784 0.58547 0.0204327 0.0726496 0.289307
1 0.855168 0.383547 0.0288462 0.0384615 0.271973
1 0.205228 0.309295 0.0288461 0.071047 0.26123
1 0.487981 0.515491 0.0396635 0.0373931 0.347656
1 0.990986 0.586538 0.0180288 0.0790598 0.315674
1 0.203275 0.424145 0.0225361 0.0651709 0.294189
1 0.85637 0.382479 0.0288461 0.0363248 0.284668
1 0.205829 0.309295 0.0294471 0.082265 0.283691
1 0.820913 0.923077 0.0456731 0.042735 0.273682
1 0.523438 0.584402 0.0210337 0.0320513 0.270508
1 0.101863 0.571581 0.0276442 0.0555556 0.26123
1 0.713942 0.450855 0.0288462 0.0801282 0.250244
1 0.201923 0.423878 0.0255409 0.0662393 0.312256
1 0.486178 0.514824 0.0396635 0.0365919 0.311523
1 0.989784 0.586538 0.0204327 0.073718 0.304932
1 0.204627 0.307692 0.0288461 0.0785256 0.266602
1 0.853966 0.383547 0.0264423 0.0395299 0.26123
1 0.488281 0.515491 0.0354568 0.0299146 0.271973
1 0.488281 0.514957 0.0366587 0.0405983 0.295898
1 0.202825 0.423611 0.0270433 0.0641026 0.269775
1 0.990084 0.58547 0.0198318 0.0769231 0.256836
1 0.48768 0.51656 0.0360577 0.0373931 0.291016
1 0.48738 0.514824 0.0372596 0.0387286 0.26123
1 0.486779 0.518162 0.0348558 0.0363248 0.307373
1 0.458834 0.424145 0.0300481 0.0918803 0.262207
1 0.205379 0.31063 0.0291466 0.0758547 0.259766
1 0.989784 0.587607 0.0204327 0.0747863 0.253174
1 0.48738 0.517628 0.0372596 0.0352564 0.325195
1 0.203125 0.426015 0.0240385 0.0582265 0.29248
1 0.990986 0.586538 0.0180288 0.0705128 0.275879
1 0.205529 0.308226 0.0270433 0.0779914 0.27124
1 0.855769 0.386218 0.0288462 0.0395299 0.27124
1 0.523438 0.583868 0.0192307 0.0320513 0.264404
1 0.48738 0.515491 0.0378605 0.0363248 0.310791
1 0.48768 0.514423 0.0348557 0.0373931 0.286865
1 0.205228 0.309295 0.0270433 0.0753205 0.268066
1 0.202224 0.423611 0.023137 0.0619658 0.262939
1 0.488281 0.51656 0.0360577 0.0373931 0.291016
1 0.204928 0.310363 0.0288461 0.0753205 0.283691
1 0.486779 0.515892 0.0384615 0.0387286 0.290283
1 0.855769 0.38515 0.0288462 0.0379274 0.273682
1 0.202825 0.424145 0.0252404 0.0641026 0.257568
1 0.205679 0.302885 0.0279447 0.0822649 0.252441
1 0.205228 0.309295 0.030649 0.0806624 0.29248
1 0.487981 0.517094 0.0372596 0.0384615 0.291016
1 0.461238 0.428953 0.0336538 0.0945513 0.264404
1 0.202674 0.423344 0.0255409 0.0683761 0.263672
1 0.523738 0.583333 0.0210337 0.034188 0.253174
1 0.487981 0.517094 0.0348558 0.0352564 0.311523
1 0.205829 0.310897 0.0264423 0.0769231 0.296631
1 0.202825 0.426282 0.0228365 0.0630342 0.275146
1 0.989784 0.589744 0.0204327 0.0737179 0.273682
1 0.854567 0.38515 0.0264423 0.0347222 0.271973
1 0.459135 0.423077 0.0276443 0.090812 0.263672
1 0.48768 0.515491 0.0372596 0.0352564 0.300781
1 0.459135 0.422543 0.03125 0.090812 0.27124
1 0.201623 0.424145 0.0252404 0.0651709 0.259033
1 0.487981 0.514957 0.0360577 0.0384615 0.287842
1 0.463642 0.430021 0.03125 0.0918804 0.257568
1 0.202825 0.423611 0.0246394 0.065171 0.251709
1 0.486779 0.514957 0.0372596 0.0373931 0.313965
1 0.989483 0.588675 0.0210337 0.0726496 0.280518
1 0.202224 0.423611 0.0249399 0.0641026 0.279785
1 0.854567 0.383814 0.0288462 0.0389957 0.250977
1 0.487079 0.516159 0.0384615 0.0403312 0.309814
1 0.458534 0.423611 0.0324519 0.0945513 0.270508
1 0.486779 0.514957 0.0390625 0.0395299 0.307373
1 0.855769 0.384081 0.0288462 0.036859 0.276611
1 0.202825 0.42281 0.0246394 0.0646368 0.271973
1 0.523438 0.582265 0.0216346 0.0320513 0.270508
1 0.990084 0.587607 0.0198318 0.0726496 0.256836
1 0.462139 0.424679 0.0348558 0.0918803 0.252441
1 0.486779 0.515491 0.0372596 0.0405983 0.313965
1 0.854567 0.383814 0.0288462 0.0379273 0.286133
1 0.203125 0.424145 0.0258413 0.0641026 0.269043
1 0.989784 0.588675 0.0204327 0.0705128 0.267334
1 0.522837 0.582265 0.0204327 0.034188 0.265869
1 0.146034 0.631944 0.0276442 0.0534188 0.252441
1 0.990084 0.588675 0.0198318 0.0705128 0.294922
1 0.855769 0.385684 0.0288462 0.0373931 0.286133
1 0.103666 0.570513 0.0273438 0.0576923 0.277588
1 0.205529 0.309295 0.0288461 0.0811966 0.276611
1 0.523438 0.584402 0.0204327 0.034188 0.273682
1 0.48738 0.516026 0.0360577 0.0363248 0.265869
1 0.203125 0.424679 0.0246394 0.0630342 0.262207
1 0.716346 0.452457 0.0288462 0.0747863 0.250977
1 0.48738 0.516159 0.0360577 0.0381944 0.265869
1 0.855769 0.382479 0.0288462 0.0379273 0.279785
1 0.203876 0.424947 0.0267428 0.0657051 0.26123
1 0.146184 0.630342 0.0285457 0.0534188 0.26123
1 0.989784 0.588675 0.0204327 0.0726496 0.256104
1 0.487981 0.514423 0.0372596 0.0373931 0.254639
1 0.524038 0.581731 0.0204327 0.0320513 0.250244
1 0.48738 0.515892 0.0372596 0.0365919 0.308105
1 0.855168 0.383547 0.0288462 0.0384615 0.255371
1 0.523438 0.583333 0.0204327 0.034188 0.250977
1 0.458834 0.426816 0.0324519 0.0918803 0.311523
1 0.486178 0.51656 0.0378606 0.0384615 0.305664
1 0.855769 0.384615 0.0288462 0.0416667 0.287842
1 0.203125 0.423878 0.0255409 0.0651709 0.270508
1 0.989784 0.590278 0.0204327 0.073718 0.269775
1 0.523438 0.584402 0.0210337 0.034188 0.260498
1 0.145733 0.63141 0.0276442 0.0534188 0.260498
1 0.459135 0.425748 0.0324519 0.0934829 0.318359
1 0.487079 0.51656 0.0378606 0.0395299 0.309814
1 0.855769 0.38515 0.0288462 0.0384615 0.281494
1 0.523137 0.584402 0.0210337 0.0363248 0.272705
1 0.203125 0.423611 0.0264423 0.065171 0.260498
1 0.486779 0.515892 0.0384615 0.0387286 0.297363
1 0.523738 0.583333 0.0210337 0.034188 0.291748
1 0.855769 0.38515 0.0288462 0.0384615 0.284668
1 0.203726 0.423077 0.0255409 0.0635684 0.279785
1 0.990385 0.587607 0.0192307 0.0726496 0.269043
1 0.146635 0.630342 0.0270433 0.0512821 0.255371
1 0.523438 0.583333 0.0204327 0.034188 0.279785
1 0.485877 0.51656 0.0378606 0.0373931 0.265137
1 0.524038 0.581197 0.0204327 0.0320513 0.303955
1 0.461839 0.426816 0.0360577 0.0950855 0.276611
1 0.486178 0.513355 0.0384615 0.0405983 0.251709
1 0.523438 0.583333 0.0198318 0.034188 0.346924
1 0.457933 0.428953 0.0324519 0.0961539 0.324219
1 0.102464 0.569444 0.0288462 0.0587607 0.321777
1 0.989183 0.588141 0.0216346 0.0747863 0.319092
1 0.144231 0.632479 0.0264423 0.0502137 0.317383
1 0.205078 0.309829 0.0303486 0.0801282 0.303955
1 0.71274 0.447383 0.03125 0.0758547 0.299072
1 0.486779 0.513889 0.0360577 0.0373931 0.282959
1 0.854567 0.38969 0.0288462 0.0352564 0.275146
1 0.201322 0.426282 0.0252404 0.0641026 0.273682
1 0.524339 0.582265 0.0186298 0.0320513 0.367432
1 0.103215 0.569444 0.0288462 0.0566239 0.354004
1 0.205829 0.30609 0.0282452 0.0769231 0.338867
1 0.854567 0.387286 0.0288462 0.0363248 0.338135
1 0.48738 0.512821 0.0354567 0.0363248 0.338135
1 0.989183 0.586538 0.0216346 0.0726496 0.33374
1 0.201923 0.426282 0.0243389 0.0608974 0.308105
1 0.458233 0.42735 0.030649 0.0940171 0.297363
1 0.145883 0.638889 0.0267428 0.0534188 0.290283
1 0.716346 0.452457 0.0288462 0.0763889 0.287842
1 0.571514 0.854167 0.0180289 0.0555556 0.282959
1 0.205228 0.310363 0.0297476 0.0779915 0.381104
1 0.458534 0.428953 0.031851 0.0972222 0.367432
1 0.523438 0.583333 0.0204327 0.0352564 0.365723
1 0.855769 0.38969 0.0288462 0.0384616 0.351318
1 0.102764 0.569444 0.0294471 0.0576923 0.351318
1 0.989784 0.587607 0.0204327 0.0726496 0.342529
1 0.715144 0.453526 0.0288462 0.0758547 0.32251
1 0.202674 0.426015 0.0255409 0.0635684 0.320801
1 0.48738 0.514957 0.0372596 0.0384615 0.311523
1 0.145433 0.638889 0.0282452 0.0544872 0.291748
1 0.571514 0.855769 0.0192308 0.059829 0.279053
1 0.682692 0.977831 0.0504808 0.0443375 0.260498
1 0.202524 0.424145 0.0246394 0.0641026 0.401611
1 0.524038 0.581197 0.0198317 0.0320513 0.39502
1 0.204928 0.308761 0.0300481 0.0769231 0.383057
1 0.855168 0.387019 0.0288462 0.0363248 0.373047
1 0.989183 0.587607 0.0216346 0.0705128 0.353027
1 0.102614 0.567308 0.0285457 0.0576923 0.350342
1 0.715745 0.451923 0.0288462 0.073718 0.345947
1 0.458534 0.428419 0.0324519 0.0972222 0.33374
1 0.144832 0.632479 0.0258413 0.0480769 0.314941
1 0.487981 0.513889 0.0348558 0.0352564 0.282959
1 0.570913 0.854701 0.0180288 0.0555556 0.282959
1 0.683894 0.978632 0.0504807 0.042735 0.26123
1 0.54387 0.494124 0.0168269 0.0416667 0.256104
1 0.352163 0.621795 0.0324519 0.0598291 0.253906
1 0.204627 0.308761 0.0300481 0.0763889 0.419678
1 0.201773 0.426282 0.0246394 0.0630342 0.417725
1 0.457332 0.426282 0.0324519 0.099359 0.40918
1 0.855769 0.387821 0.0264423 0.0352564 0.392334
1 0.524038 0.581197 0.0192308 0.0320513 0.379395
1 0.103215 0.567308 0.0288462 0.0576923 0.376709
1 0.989183 0.587607 0.0216346 0.0705128 0.374756
1 0.715144 0.451389 0.0288462 0.0742522 0.371094
1 0.682692 0.977564 0.0504808 0.0448718 0.331055
1 0.487981 0.513355 0.0360577 0.0363248 0.317383
1 0.144681 0.634081 0.0261418 0.0480769 0.317383
1 0.570913 0.852564 0.0180288 0.0555556 0.303223
1 0.351562 0.621795 0.0324519 0.0598291 0.293457
1 0.54357 0.494925 0.015625 0.0400641 0.27124
1 0.201623 0.425214 0.0240385 0.0630342 0.416748
1 0.204327 0.308226 0.0294471 0.0779914 0.386719
1 0.854567 0.387553 0.0264423 0.0357906 0.38501
1 0.457332 0.425748 0.03125 0.0972223 0.377441
1 0.523438 0.581197 0.0192307 0.0320513 0.376709
1 0.989183 0.588141 0.0216346 0.0726496 0.375732
1 0.144531 0.634081 0.0264423 0.0502137 0.346924
1 0.102314 0.566239 0.0282452 0.0576923 0.345215
1 0.715144 0.451389 0.0288462 0.0758547 0.341553
1 0.570613 0.851496 0.0174279 0.0555556 0.308105
1 0.48768 0.513889 0.0354568 0.034188 0.29248
1 0.682692 0.976763 0.0504808 0.0464744 0.269775
1 0.81851 0.924145 0.0384615 0.0384616 0.265137
1 0.457933 0.426282 0.03125 0.0972222 0.469727
1 0.202374 0.425748 0.0252404 0.0625 0.455078
1 0.854567 0.387286 0.0288462 0.0373932 0.448486
1 0.523438 0.581197 0.0192307 0.0320513 0.425293
1 0.204778 0.31063 0.0300481 0.0785256 0.408203
1 0.103215 0.567308 0.0291466 0.0566239 0.408203
1 0.989183 0.588675 0.0216346 0.0726496 0.394287
1 0.682692 0.977564 0.0492789 0.0448718 0.392334
1 0.716346 0.452457 0.0300481 0.0758547 0.381104
1 0.144982 0.634615 0.0273438 0.0502137 0.380371
1 0.48738 0.512821 0.0360577 0.0352564 0.344238
1 0.81851 0.923077 0.0408654 0.0405983 0.338867
1 0.571514 0.852564 0.0180289 0.0576924 0.330322
1 0.54387 0.493857 0.0168269 0.0422009 0.30249
1 0.352163 0.622863 0.0324519 0.059829 0.262207
1 0.458233 0.426549 0.03125 0.0961539 0.433105
1 0.202374 0.426282 0.0243389 0.0619658 0.432129
1 0.854567 0.388355 0.0288462 0.0373932 0.420654
1 0.523738 0.581197 0.0192307 0.0320513 0.415771
1 0.205529 0.310363 0.0276442 0.0758547 0.399902
1 0.48738 0.513889 0.0360577 0.0373931 0.387695
1 0.989784 0.589209 0.0204327 0.0715812 0.374756
1 0.716346 0.452724 0.0288462 0.0753205 0.364746
1 0.144832 0.634615 0.0270433 0.0502137 0.364746
1 0.682692 0.977564 0.0504808 0.0448718 0.362061
1 0.103666 0.567308 0.0282452 0.0555556 0.348633
1 0.81851 0.923077 0.0408654 0.0405983 0.329346
1 0.571214 0.854167 0.0174279 0.0566239 0.303955
1 0.54357 0.495459 0.016226 0.0422009 0.271973
1 0.201923 0.426816 0.0240385 0.0608974 0.458008
1 0.458534 0.428419 0.03125 0.0956197 0.458008
1 0.854567 0.387821 0.0288462 0.0373932 0.456055
1 0.523438 0.580128 0.0204327 0.0320513 0.438721
1 0.205679 0.311966 0.0279447 0.0758547 0.422607
1 0.486779 0.513755 0.0372596 0.0365919 0.413086
1 0.989784 0.590812 0.0204327 0.0705128 0.388672
1 0.103065 0.565171 0.0282452 0.0566239 0.383057
1 0.715745 0.453259 0.0300481 0.0747863 0.36377
1 0.144681 0.635684 0.0267428 0.0512821 0.350342
1 0.682692 0.977297 0.0504808 0.045406 0.341553
1 0.570913 0.853632 0.0180288 0.0566239 0.320801
1 0.54387 0.495192 0.0168269 0.0438034 0.313232
1 0.81851 0.922009 0.0408654 0.0384616 0.281494
1 0.202073 0.42735 0.0255409 0.0608974 0.474609
1 0.854567 0.388088 0.0288462 0.0384615 0.453369
1 0.457933 0.42735 0.031851 0.0929487 0.407227
1 0.523438 0.581197 0.0198318 0.0320513 0.407227
1 0.103065 0.565171 0.0282452 0.0576923 0.400635
1 0.205078 0.311699 0.0297476 0.0763889 0.391357
1 0.989183 0.589744 0.0216346 0.0715812 0.387695
1 0.48738 0.513889 0.0360577 0.0373931 0.385742
1 0.683293 0.977297 0.0492788 0.045406 0.368408
1 0.144832 0.636752 0.0282452 0.0512821 0.364746
1 0.716346 0.453793 0.0288462 0.0758547 0.363037
1 0.570913 0.853098 0.0192308 0.0566239 0.303223
1 0.54387 0.495727 0.015625 0.042735 0.289307
1 0.81851 0.923077 0.0396634 0.0405983 0.254639
1 0.202374 0.425748 0.0234375 0.0598291 0.473633
1 0.854567 0.387821 0.0276443 0.0373932 0.459961
1 0.523438 0.581731 0.0204327 0.0309829 0.44751
1 0.458834 0.425748 0.031851 0.0950854 0.44165
1 0.205529 0.310096 0.0288461 0.0763889 0.414062
1 0.48768 0.514423 0.0360577 0.0363248 0.398926
1 0.103065 0.566239 0.0279447 0.0555556 0.375732
1 0.989784 0.589209 0.0204327 0.0715812 0.370117
1 0.716346 0.452724 0.0288462 0.0753205 0.368408
1 0.683894 0.97703 0.0492788 0.0459401 0.360352
1 0.145282 0.634615 0.0261418 0.051282 0.356689
1 0.54387 0.494658 0.0168269 0.0427351 0.347656
1 0.81851 0.923611 0.0408654 0.0405983 0.308105
1 0.571214 0.853098 0.0174279 0.0566239 0.301514
1 0.202524 0.426816 0.0246394 0.0614316 0.456055
1 0.523438 0.582265 0.0204327 0.0320513 0.448486
1 0.855168 0.387821 0.0288462 0.0373932 0.446533
1 0.103215 0.566239 0.0291466 0.0576923 0.393311
1 0.205529 0.31063 0.0294471 0.0774573 0.392334
1 0.48738 0.514423 0.0372596 0.0363248 0.385742
1 0.458534 0.42735 0.03125 0.0961539 0.377441
1 0.989784 0.590812 0.0204327 0.0726496 0.371094
1 0.716346 0.45406 0.0288462 0.0779914 0.365723
1 0.145132 0.636218 0.0276442 0.0523504 0.354004
1 0.683293 0.977564 0.0504808 0.0448718 0.341553
1 0.54387 0.495727 0.0168269 0.042735 0.317383
1 0.571214 0.853098 0.0186298 0.0566239 0.315674
1 0.819712 0.924145 0.0408654 0.0405983 0.250244
1 0.202524 0.42735 0.0246394 0.0587607 0.44751
1 0.523438 0.581197 0.0198318 0.0320513 0.437744
1 0.855769 0.388622 0.0288462 0.036859 0.432129
1 0.458534 0.426816 0.03125 0.0950855 0.431152
1 0.103441 0.566239 0.0286959 0.0555556 0.42627
1 0.205529 0.311432 0.0288461 0.0758547 0.40918
1 0.487079 0.513889 0.0372596 0.0363248 0.40918
1 0.146034 0.635684 0.0276442 0.0534188 0.38501
1 0.989784 0.590278 0.0204327 0.0715812 0.379395
1 0.716346 0.453793 0.0288462 0.0747863 0.368408
1 0.683293 0.97703 0.0504808 0.0459401 0.346924
1 0.571514 0.852564 0.0192308 0.0555556 0.321777
1 0.54387 0.495192 0.016226 0.0416667 0.314941
1 0.819111 0.924145 0.0408653 0.0384616 0.313965
1 0.202374 0.42735 0.0246394 0.0598291 0.46582
1 0.855168 0.388889 0.0288462 0.0363248 0.457031
1 0.523438 0.582265 0.0192307 0.0320513 0.457031
1 0.458834 0.42735 0.03125 0.0961539 0.451416
1 0.487079 0.514957 0.0366587 0.0373931 0.443604
1 0.10314 0.566239 0.0286959 0.0555556 0.435059
1 0.205529 0.311165 0.0288461 0.0758547 0.428223
1 0.989784 0.590812 0.0204327 0.0705128 0.407227
1 0.145883 0.636752 0.0276442 0.0534188 0.388672
1 0.716346 0.45406 0.0288462 0.0753205 0.374756
1 0.683293 0.977564 0.0504808 0.0448718 0.368408
1 0.571514 0.853633 0.0180289 0.0576923 0.347656
1 0.54387 0.495192 0.015625 0.0416667 0.32251
1 0.819712 0.924145 0.0408654 0.0384616 0.300781
1 0.522837 0.582265 0.0204327 0.0320513 0.442627
1 0.202224 0.428419 0.0258413 0.059829 0.439697
1 0.458534 0.428152 0.03125 0.0956197 0.425293
1 0.855168 0.389156 0.0300481 0.036859 0.422607
1 0.48738 0.514957 0.0372596 0.0373931 0.414795
1 0.103065 0.566239 0.0294471 0.0555556 0.414795
1 0.205379 0.3125 0.0297476 0.0758547 0.404541
1 0.989483 0.590812 0.0210337 0.0726496 0.375732
1 0.146034 0.636752 0.0288461 0.0534188 0.373047
1 0.715144 0.454594 0.0288462 0.073718 0.361084
1 0.683894 0.977564 0.0504807 0.0448718 0.329346
1 0.571514 0.853633 0.0192308 0.0576923 0.320801
1 0.543269 0.495727 0.0168269 0.042735 0.297363
1 0.819111 0.924145 0.0408653 0.0395299 0.267334
1 0.523438 0.581731 0.0204327 0.0320513 0.467773
1 0.202524 0.428419 0.0252404 0.0608974 0.458984
1 0.854567 0.388622 0.0288462 0.0363248 0.446533
1 0.103215 0.567308 0.0291466 0.0576923 0.434082
1 0.458534 0.428419 0.03125 0.0961539 0.42334
1 0.48738 0.514423 0.0372596 0.0373931 0.422607
1 0.205228 0.311966 0.0291466 0.0769231 0.411133
1 0.989183 0.590812 0.0216346 0.0726496 0.391357
1 0.146034 0.636752 0.0282452 0.0534188 0.387695
1 0.715144 0.455662 0.0288462 0.0731838 0.371094
1 0.682692 0.977564 0.0504808 0.0448718 0.345215
1 0.571514 0.853633 0.0192308 0.0576923 0.331055
1 0.819712 0.924145 0.0408654 0.0405983 0.312256
1 0.543269 0.495727 0.0168269 0.0416667 0.296631
1 0.202524 0.428686 0.0246394 0.0598291 0.448486
1 0.523438 0.582265 0.0204327 0.0320513 0.44458
1 0.855168 0.389423 0.0288462 0.0363248 0.428223
1 0.103441 0.566774 0.0289964 0.0566239 0.418701
1 0.458534 0.428152 0.03125 0.0956197 0.411133
1 0.48738 0.514957 0.0372596 0.0373931 0.405518
1 0.205228 0.311966 0.0288461 0.0769231 0.391357
1 0.989183 0.591346 0.0216346 0.0726496 0.38208
1 0.146034 0.636218 0.0276442 0.0534188 0.368408
1 0.715745 0.45406 0.0300481 0.073718 0.360352
1 0.683894 0.977564 0.0504807 0.0448718 0.335449
1 0.571514 0.852564 0.0180289 0.0576924 0.313232
1 0.819712 0.92468 0.0408654 0.0395299 0.293457
1 0.54357 0.496261 0.016226 0.0416667 0.279053
1 0.202374 0.428953 0.0252404 0.059829 0.458008
1 0.523438 0.582265 0.0204327 0.0309829 0.452393
1 0.854567 0.389423 0.0288462 0.0363248 0.439697
1 0.10329 0.566239 0.0292969 0.0576923 0.427246
1 0.48738 0.514824 0.0372596 0.0365919 0.408203
1 0.457933 0.428152 0.03125 0.0956197 0.402588
1 0.205078 0.311966 0.0294471 0.0769231 0.39502
1 0.989183 0.591346 0.0216346 0.0726496 0.394287
1 0.146034 0.635684 0.0282452 0.0534188 0.377441
1 0.716346 0.454861 0.0288462 0.0763889 0.367432
1 0.683293 0.977564 0.0504808 0.0448718 0.342529
1 0.571214 0.853633 0.0186298 0.0555556 0.323486
1 0.54357 0.495727 0.016226 0.0416667 0.288574
1 0.819111 0.924145 0.0408653 0.0384616 0.281494
1 0.201623 0.425214 0.0240385 0.0630342 0.416748
1 0.204327 0.308226 0.0294471 0.0779914 0.386719
1 0.854567 0.387553 0.0264423 0.0357906 0.38501
1 0.457332 0.425748 0.03125 0.0972223 0.377441
1 0.523438 0.581197 0.0192307 0.0320513 0.376709
1 0.989183 0.588141 0.0216346 0.0726496 0.375732
1 0.144531 0.634081 0.0264423 0.0502137 0.345947
1 0.102314 0.566774 0.0282452 0.0566239 0.345215
1 0.715144 0.451389 0.0288462 0.0758547 0.341553
1 0.570613 0.851496 0.0174279 0.0555556 0.308105
1 0.48768 0.513889 0.0354568 0.034188 0.291748
1 0.682692 0.976763 0.0504808 0.0464744 0.269775
1 0.81851 0.924145 0.0384615 0.0384616 0.264404
