1 0.59375 0.782051 0.0540865 0.0940171 0.332031
1 0.817308 0.58547 0.0168269 0.0491453 0.328613
1 0.890625 0.818376 0.0492788 0.0854701 0.277588
1 0.813702 0.59188 0.0240385 0.0534188 0.255371
1 0.42488 0.954861 0.0600961 0.0902778 0.253174
1 0.644231 0.592949 0.0240385 0.0747863 0.350342
1 0.71875 0.622863 0.0432693 0.0897436 0.282227
1 0.59375 0.78953 0.0516827 0.0972222 0.260498
1 0.641827 0.509615 0.0204327 0.0523504 0.250244
1 0.644231 0.598291 0.0216346 0.0705128 0.287842
1 0.644231 0.596688 0.0216346 0.0715812 0.343262
1 0.645433 0.51015 0.0192307 0.0544872 0.262207
1 0.644832 0.597222 0.0240385 0.0790598 0.255371
1 0.644231 0.592949 0.0240385 0.0790598 0.282227
1 0.591947 0.78953 0.0528846 0.106838 0.313965
1 0.644231 0.600427 0.0264423 0.0790598 0.297363
1 0.774038 0.517628 0.0216346 0.0363248 0.266602
1 0.641827 0.508681 0.0168269 0.051015 0.257568
1 0.813702 0.594017 0.0264423 0.051282 0.255371
1 0.644832 0.599359 0.0252404 0.0790598 0.269043
1 0.5936 0.801282 0.055589 0.111111 0.265137
1 0.642428 0.511886 0.0192308 0.0531517 0.274414
1 0.77524 0.522436 0.0228365 0.0352564 0.250977
1 0.5936 0.793269 0.055589 0.105769 0.286133
1 0.64363 0.610043 0.0228365 0.0683761 0.251709
1 0.645433 0.597756 0.0264423 0.0715812 0.281494
1 0.646034 0.598291 0.0252404 0.0683761 0.33374
1 0.643029 0.511752 0.016827 0.0470085 0.255371
1 0.642428 0.601496 0.0252404 0.0790599 0.26123
1 0.64363 0.598825 0.0240385 0.0694444 0.250244
1 0.64363 0.599893 0.0240385 0.073718 0.325928
1 0.641827 0.511886 0.0168269 0.0488782 0.269043
1 0.592548 0.791667 0.0564904 0.108974 0.263672
1 0.644231 0.598825 0.0264423 0.0758547 0.256836
1 0.643029 0.511218 0.0216346 0.0566239 0.27832
1 0.644231 0.599359 0.0264423 0.0705129 0.275879
1 0.644231 0.599359 0.0240385 0.0747863 0.312256
1 0.644231 0.601496 0.0240385 0.0705128 0.288574
1 0.643029 0.512821 0.0180289 0.0502137 0.262939
1 0.644231 0.599359 0.0264423 0.0662393 0.280518
1 0.890625 0.803419 0.046875 0.0876068 0.253174
1 0.644231 0.597222 0.0264423 0.0790598 0.360352
1 0.594351 0.791667 0.0552885 0.100427 0.294189
1 0.642428 0.51055 0.0192308 0.0579594 0.290283
1 0.813702 0.592415 0.0252404 0.0523504 0.281494
1 0.644231 0.595086 0.0264423 0.0769231 0.267334
1 0.644231 0.597756 0.0264423 0.0683761 0.263672
1 0.64363 0.596688 0.0252404 0.0833333 0.291016
1 0.643029 0.599359 0.0264423 0.0726496 0.325195
1 0.643029 0.513889 0.0192308 0.0576923 0.304932
1 0.813702 0.594551 0.0288461 0.0491453 0.290283
1 0.77524 0.524573 0.0240385 0.0384616 0.270508
1 0.644231 0.600427 0.0264423 0.0726496 0.303955
1 0.643029 0.512954 0.0192308 0.0552884 0.275146
1 0.813702 0.595086 0.0264423 0.0502137 0.250244
1 0.644231 0.599359 0.0264423 0.0726496 0.342529
1 0.890625 0.804487 0.0504807 0.090812 0.307373
1 0.813702 0.593483 0.0288461 0.0502137 0.259766
1 0.642428 0.509749 0.0192308 0.0552885 0.252441
1 0.889423 0.80609 0.0480769 0.0929487 0.361084
1 0.644231 0.60203 0.0276442 0.0694444 0.351318
1 0.641827 0.510817 0.0216346 0.0552885 0.311523
1 0.813702 0.595086 0.0264423 0.0512821 0.270508
1 0.64363 0.600962 0.0252404 0.0683761 0.264404
1 0.641827 0.513755 0.0192308 0.0558226 0.259033
1 0.889423 0.804487 0.0480769 0.0897436 0.254639
1 0.644231 0.598825 0.0264423 0.0769231 0.313965
1 0.594351 0.797009 0.0552885 0.106838 0.309814
1 0.423377 0.96047 0.0582933 0.0790598 0.264404
1 0.644231 0.598825 0.0264423 0.0758547 0.32251
1 0.641226 0.511886 0.0204327 0.0552885 0.288574
1 0.8125 0.592949 0.0276443 0.051282 0.262207
1 0.64363 0.596688 0.0252404 0.0737179 0.343262
1 0.592698 0.791667 0.054988 0.104701 0.305664
1 0.888221 0.801282 0.048077 0.0876068 0.290283
1 0.813702 0.594551 0.0264423 0.0480769 0.279785
1 0.641226 0.511752 0.0168269 0.0555556 0.265137
1 0.644231 0.599359 0.0240385 0.0769231 0.378418
1 0.813702 0.594551 0.0264423 0.0512821 0.250977
1 0.643029 0.600962 0.0216346 0.073718 0.404541
1 0.641827 0.512286 0.0180289 0.0555556 0.325195
1 0.813101 0.594551 0.0240384 0.0491453 0.294189
1 0.888822 0.805556 0.0492789 0.0918803 0.280518
1 0.644231 0.597222 0.0240385 0.0705128 0.313965
1 0.643029 0.598825 0.0264423 0.0758547 0.307373
1 0.889423 0.79968 0.0480769 0.0897436 0.254639
1 0.64363 0.597756 0.0240385 0.073718 0.339844
1 0.889423 0.79968 0.0480769 0.090812 0.267334
1 0.813702 0.592949 0.0252404 0.051282 0.263672
1 0.641827 0.510817 0.0168269 0.0510149 0.260498
1 0.644231 0.598291 0.0264423 0.0747863 0.328613
1 0.643029 0.513355 0.0216346 0.0576923 0.304932
1 0.889423 0.80235 0.0480769 0.0918803 0.29248
1 0.814303 0.594551 0.0276443 0.0512821 0.262207
1 0.776442 0.523504 0.0252404 0.0363248 0.256104
1 0.64363 0.597222 0.0240385 0.0747863 0.319092
1 0.813702 0.593483 0.0252404 0.0502137 0.253906
1 0.643029 0.509482 0.0192308 0.0536859 0.252441
1 0.643029 0.599359 0.0240385 0.0726496 0.33374
1 0.641827 0.509081 0.0192308 0.0502137 0.289307
1 0.813101 0.594017 0.0264423 0.0491453 0.288574
1 0.889423 0.803419 0.0456731 0.0876068 0.2854
1 0.889423 0.801282 0.0504808 0.0940171 0.329346
1 0.643029 0.600427 0.0240385 0.0726496 0.324219
1 0.641827 0.51015 0.0168269 0.051282 0.301514
1 0.813702 0.595086 0.0264423 0.0523504 0.27124
1 0.77524 0.521368 0.0240385 0.034188 0.262207
1 0.889423 0.803419 0.0492788 0.0918803 0.365723
1 0.643029 0.599359 0.0240385 0.0769231 0.361084
1 0.641827 0.512286 0.0168269 0.0534188 0.294189
1 0.8125 0.592949 0.0252403 0.051282 0.286133
1 0.592398 0.794872 0.0531851 0.106838 0.252441
1 0.888221 0.803419 0.048077 0.0897436 0.367432
1 0.643029 0.599359 0.0240385 0.0747863 0.311523
1 0.641827 0.512286 0.0168269 0.0502137 0.269775
1 0.644231 0.597222 0.0264423 0.0769231 0.325195
1 0.642428 0.509615 0.0192308 0.0555556 0.275146
1 0.813702 0.592949 0.0264423 0.0534188 0.250244
1 0.643029 0.60203 0.0240385 0.0694444 0.311523
1 0.890024 0.803953 0.0480769 0.082265 0.281494
1 0.64363 0.599359 0.0264423 0.0747863 0.273682
1 0.643029 0.600427 0.0264423 0.0726496 0.319092
1 0.890625 0.803419 0.0456731 0.0897436 0.279053
1 0.641827 0.512286 0.0192308 0.0555556 0.260498
1 0.644231 0.600427 0.0240385 0.0683761 0.373779
1 0.888221 0.803419 0.0492788 0.0897436 0.356689
1 0.814303 0.595086 0.0252404 0.0491453 0.286133
1 0.641827 0.511218 0.0180289 0.0534188 0.271973
1 0.889423 0.80235 0.0480769 0.0897436 0.339844
1 0.644231 0.598291 0.0264423 0.0705128 0.320068
1 0.813702 0.592949 0.0276443 0.051282 0.280518
1 0.641827 0.51055 0.0192308 0.0536859 0.260498
1 0.644231 0.599359 0.0240385 0.0726496 0.345215
1 0.890625 0.80235 0.0444712 0.0876068 0.284668
1 0.813702 0.592949 0.0240385 0.0502137 0.250244
1 0.643029 0.600427 0.0240385 0.0726496 0.325928
1 0.643029 0.512821 0.016827 0.0544872 0.297363
1 0.889423 0.803419 0.0480769 0.0897436 0.282959
1 0.643029 0.599359 0.0240385 0.0726496 0.329346
1 0.889423 0.804487 0.046875 0.0886753 0.320068
1 0.813101 0.594017 0.0264423 0.051282 0.275146
1 0.642428 0.51015 0.016827 0.0576923 0.251709
1 0.643029 0.599359 0.0264423 0.0811966 0.309082
1 0.888221 0.805556 0.0504808 0.0897436 0.306641
1 0.641827 0.511218 0.0192308 0.0587607 0.276611
1 0.813702 0.592949 0.0288461 0.0534188 0.259033
1 0.888822 0.806624 0.0492789 0.0897436 0.338867
1 0.644231 0.600427 0.0240385 0.0769231 0.330322
1 0.641827 0.512286 0.0168269 0.0523504 0.307373
1 0.813702 0.594017 0.0252404 0.0491453 0.288574
1 0.642428 0.598291 0.0252404 0.073718 0.318359
1 0.641226 0.511619 0.0180288 0.0536859 0.276611
1 0.889423 0.805556 0.0480769 0.0897436 0.265869
1 0.8125 0.592949 0.0264423 0.0534188 0.264404
1 0.64363 0.598291 0.0252404 0.0726496 0.299072
1 0.641827 0.511218 0.0192308 0.0576923 0.280518
1 0.813702 0.594017 0.0264423 0.051282 0.270508
1 0.643029 0.597222 0.0264423 0.0747863 0.338135
1 0.813702 0.592949 0.0264423 0.0534188 0.299805
1 0.641827 0.510684 0.0192308 0.0544872 0.279053
1 0.889423 0.803419 0.0456731 0.0854701 0.274414
1 0.644231 0.598825 0.0264423 0.0747863 0.288574
1 0.889423 0.804487 0.0480769 0.0854701 0.286865
1 0.641827 0.511752 0.0192308 0.0587607 0.259766
1 0.813702 0.594551 0.0264423 0.0523504 0.256104
1 0.888822 0.803419 0.0492789 0.0886753 0.33374
1 0.813702 0.593483 0.0264423 0.051282 0.306641
1 0.64363 0.597222 0.0240385 0.0747863 0.305664
1 0.641827 0.512286 0.0168269 0.0523504 0.279053
1 0.77524 0.521368 0.0240385 0.0331197 0.250977
1 0.644231 0.599359 0.0240385 0.0726496 0.323486
1 0.813702 0.592949 0.0264423 0.0534188 0.303223
1 0.890625 0.803419 0.0456731 0.0876068 0.280518
1 0.641827 0.512687 0.0192308 0.0536859 0.27832
1 0.77524 0.521368 0.0228365 0.034188 0.262207
1 0.644231 0.600427 0.0240385 0.0694444 0.358398
1 0.890024 0.804487 0.0456731 0.0897436 0.347656
1 0.814303 0.594551 0.0264423 0.0512821 0.329346
1 0.641827 0.511218 0.0168269 0.0523504 0.307373
1 0.77524 0.522436 0.0240385 0.034188 0.269775
1 0.888221 0.803953 0.048077 0.0940171 0.272705
1 0.644231 0.600427 0.0264423 0.0747863 0.268066
1 0.889423 0.80235 0.0504808 0.0918803 0.346924
1 0.644231 0.599359 0.0240385 0.0747863 0.344238
1 0.814904 0.593483 0.0288462 0.0544872 0.314941
1 0.776442 0.520299 0.0240385 0.0363248 0.265869
1 0.642428 0.51015 0.0180289 0.051282 0.26123
1 0.592548 0.794872 0.0528846 0.106838 0.259766
1 0.890024 0.802885 0.0480769 0.0865384 0.379395
1 0.643029 0.599359 0.0264423 0.0747863 0.319092
1 0.813702 0.593483 0.0264423 0.051282 0.287842
1 0.641827 0.512821 0.0192308 0.0512821 0.259766
1 0.889423 0.803953 0.0504808 0.0929487 0.391357
1 0.644231 0.599359 0.0240385 0.0747863 0.348633
1 0.814303 0.592949 0.0264423 0.0555556 0.317383
1 0.643029 0.513755 0.0192308 0.0536859 0.301514
1 0.775841 0.521368 0.0240385 0.0405983 0.262207
1 0.592548 0.800214 0.0528846 0.104701 0.252441
1 0.889423 0.803419 0.0504808 0.094017 0.381104
1 0.64363 0.598291 0.0252404 0.0747863 0.349609
1 0.642428 0.513889 0.0180289 0.0534188 0.303223
1 0.813702 0.594017 0.0264423 0.0523504 0.30249
1 0.592548 0.79968 0.0528846 0.104701 0.257568
1 0.644832 0.598291 0.0228365 0.0726496 0.36377
1 0.888822 0.80235 0.0492789 0.0918803 0.344238
1 0.814904 0.594017 0.0264423 0.051282 0.305664
1 0.643029 0.512954 0.0180289 0.0531517 0.284668
1 0.775841 0.522436 0.0240385 0.0352564 0.250977
1 0.644231 0.599359 0.0240385 0.0747863 0.320801
1 0.642428 0.513355 0.0180289 0.0534188 0.282227
1 0.813702 0.592949 0.0264423 0.051282 0.270508
1 0.889423 0.805556 0.0480769 0.0897436 0.258301
1 0.644231 0.599359 0.0240385 0.0758547 0.308105
1 0.813702 0.592949 0.0264423 0.0534188 0.290283
1 0.643029 0.512954 0.0180289 0.0531517 0.2854
1 0.888822 0.807692 0.0492789 0.0940171 0.338867
1 0.643029 0.602564 0.0264423 0.0747863 0.334473
1 0.8125 0.597756 0.0264423 0.0502137 0.32251
1 0.641827 0.513889 0.0168269 0.0534188 0.307373
1 0.890024 0.806624 0.046875 0.0918804 0.384033
1 0.643029 0.602564 0.0240385 0.0726496 0.358398
1 0.813702 0.597756 0.0264423 0.0502137 0.338135
1 0.641827 0.51015 0.0168269 0.0502137 0.27124
1 0.77524 0.522436 0.0216346 0.0331197 0.263672
1 0.890024 0.807692 0.0480769 0.0929487 0.416748
1 0.64363 0.601496 0.0252404 0.0747863 0.414062
1 0.813702 0.598291 0.0264423 0.0502137 0.374756
1 0.641827 0.512821 0.0168269 0.0544872 0.312256
1 0.77524 0.525641 0.0240385 0.034188 0.262939
1 0.64363 0.60203 0.0252404 0.0758547 0.456055
1 0.889423 0.806624 0.0492788 0.0929487 0.425293
1 0.813702 0.597222 0.0264423 0.0491453 0.418701
1 0.77524 0.523504 0.0228365 0.0320513 0.343262
1 0.641827 0.511218 0.0168269 0.0512821 0.334473
1 0.889423 0.805556 0.0504808 0.0940171 0.508789
1 0.643029 0.602564 0.0240385 0.0726496 0.488281
1 0.813702 0.598291 0.0264423 0.0470086 0.450439
1 0.641827 0.51015 0.0168269 0.051282 0.377441
1 0.77524 0.524573 0.0216346 0.0299145 0.350342
1 0.643029 0.603098 0.0240385 0.0726496 0.473633
1 0.813101 0.597756 0.0252404 0.0480769 0.436768
1 0.889423 0.804487 0.0480769 0.094017 0.36377
1 0.641226 0.510684 0.0168269 0.051282 0.348633
1 0.774038 0.525107 0.0216346 0.0331197 0.327637
1 0.643029 0.602564 0.0264423 0.0737179 0.53418
1 0.813702 0.597222 0.0276443 0.0491453 0.491211
1 0.889423 0.806624 0.0516827 0.0918804 0.47168
1 0.641827 0.509081 0.0168269 0.0502137 0.411133
1 0.77524 0.52297 0.0240385 0.0331197 0.401611
1 0.643029 0.603098 0.0240385 0.0715812 0.515625
1 0.889423 0.805556 0.0480769 0.0940171 0.476562
1 0.813702 0.598291 0.0264423 0.0480769 0.46582
1 0.641827 0.511218 0.0168269 0.0512821 0.399902
1 0.77524 0.525641 0.0228365 0.034188 0.353027
1 0.643029 0.604167 0.0240385 0.0705128 0.527344
1 0.813702 0.598291 0.0264423 0.0491453 0.490234
1 0.889423 0.80609 0.0528847 0.0897436 0.482422
1 0.641827 0.511886 0.0180289 0.051015 0.448486
1 0.77524 0.526709 0.0240385 0.034188 0.363037
1 0.643029 0.602564 0.0252404 0.0705128 0.529297
1 0.813101 0.598291 0.0264423 0.0491453 0.507812
1 0.889423 0.804487 0.0480769 0.090812 0.479492
1 0.641827 0.510817 0.0168269 0.0510149 0.452393
1 0.774639 0.527244 0.0228365 0.0331197 0.384033
1 0.813702 0.597222 0.0264423 0.0491453 0.513672
1 0.644231 0.603098 0.0240385 0.0705128 0.512695
1 0.889423 0.805556 0.0504808 0.0918803 0.488281
1 0.641827 0.509615 0.0180289 0.051282 0.433105
1 0.77524 0.524573 0.0228365 0.0320513 0.404541
1 0.813702 0.598825 0.0264423 0.0491453 0.506836
1 0.890024 0.807692 0.0516828 0.0908119 0.493164
1 0.644231 0.604701 0.0252404 0.0726496 0.46875
1 0.641827 0.511218 0.0180289 0.0523504 0.466797
1 0.77524 0.526175 0.0228365 0.0331196 0.394287
1 0.890024 0.807692 0.0516828 0.0897436 0.500977
1 0.813702 0.599359 0.0264423 0.0480769 0.493164
1 0.64363 0.604701 0.0252404 0.0705128 0.469727
1 0.641827 0.510684 0.0168269 0.051282 0.459961
1 0.77524 0.526709 0.0240385 0.0331196 0.373047
1 0.96875 0.946047 0.0216347 0.042735 0.27832
1 0.889423 0.806624 0.0504808 0.0897436 0.532227
1 0.813101 0.598291 0.0264423 0.0470086 0.524414
1 0.64363 0.603633 0.0252404 0.0726496 0.504883
1 0.641827 0.511752 0.0168269 0.0523504 0.492188
1 0.77524 0.525641 0.0228365 0.034188 0.415771
1 0.968149 0.945513 0.0204328 0.042735 0.256104
1 0.890625 0.804487 0.0480769 0.0918803 0.508789
1 0.813101 0.599359 0.0276442 0.0480769 0.491211
1 0.641226 0.512286 0.0180288 0.0534188 0.476562
1 0.643029 0.604701 0.0264423 0.0726496 0.476562
1 0.77524 0.526709 0.0240385 0.034188 0.374756
1 0.968149 0.946047 0.0204328 0.042735 0.251709
1 0.890625 0.804487 0.046875 0.0918803 0.520508
1 0.813702 0.599359 0.0264423 0.0491453 0.508789
1 0.643029 0.604701 0.0264423 0.0726496 0.498047
1 0.641827 0.511619 0.0180289 0.0536859 0.49707
1 0.77524 0.526709 0.0240385 0.0331196 0.387695
1 0.968149 0.946047 0.0204328 0.0438034 0.296631
1 0.890625 0.804487 0.0480769 0.0918803 0.505859
1 0.813702 0.600427 0.0264423 0.0470086 0.496094
1 0.641827 0.512286 0.0168269 0.0534188 0.490234
1 0.643029 0.605769 0.0240385 0.0705129 0.477539
1 0.77524 0.527244 0.0228365 0.0331197 0.368408
1 0.96875 0.945513 0.0216347 0.042735 0.260498
1 0.890024 0.805021 0.0480769 0.0929487 0.522461
1 0.813101 0.599893 0.0264423 0.0480769 0.506836
1 0.641827 0.512286 0.0168269 0.0534188 0.5
1 0.643029 0.605769 0.0264423 0.0726496 0.482422
1 0.77524 0.526709 0.0228365 0.0320513 0.384033
1 0.96875 0.945513 0.0216347 0.042735 0.266602
1 0.643029 0.603098 0.0240385 0.0726496 0.473633
1 0.813101 0.597756 0.0252404 0.0480769 0.436768
1 0.889423 0.804487 0.0480769 0.094017 0.36377
1 0.641226 0.510684 0.0168269 0.051282 0.348633
1 0.774038 0.525107 0.0216346 0.0331197 0.328613
