1 0.441707 0.78953 0.0408654 0.0886753 0.308105
1 0.435096 0.781517 0.0384615 0.0972222 0.384033
1 0.436298 0.784188 0.0348557 0.0886752 0.359375
1 0.436298 0.791667 0.0384615 0.0918803 0.262939
1 0.434495 0.784722 0.0276443 0.090812 0.303223
1 0.434495 0.788996 0.0372596 0.0886752 0.26123
1 0.435697 0.784188 0.0408654 0.0982906 0.27832
1 0.438702 0.787393 0.0402644 0.102564 0.279053
1 0.438702 0.78953 0.0396635 0.094017 0.295898
1 0.4375 0.785256 0.0402644 0.100427 0.280518
1 0.4372 0.785256 0.0384615 0.0961539 0.383057
1 0.436899 0.788462 0.0378606 0.0961539 0.306641
1 0.436599 0.787393 0.0354567 0.0940171 0.259033
1 0.4375 0.78312 0.0384615 0.0918804 0.282959
1 0.350361 0.967949 0.0336538 0.0630342 0.250977
1 0.436599 0.784722 0.0402645 0.101496 0.264404
1 0.436599 0.788462 0.0360577 0.0897436 0.335449
1 0.436298 0.788462 0.0360577 0.0876068 0.289307
1 0.438101 0.784188 0.0360577 0.0897436 0.287842
1 0.436298 0.786859 0.0348557 0.0940171 0.337158
1 0.436298 0.785256 0.0360577 0.0918804 0.304932
1 0.4375 0.784188 0.0372596 0.0940171 0.376709
1 0.438101 0.785791 0.0408654 0.099359 0.344238
1 0.4372 0.786325 0.0348558 0.0940171 0.367432
1 0.436298 0.784722 0.0378606 0.0918803 0.294189
1 0.4372 0.785256 0.0384615 0.0961539 0.258301
1 0.4375 0.788462 0.0354568 0.094017 0.318359
1 0.438101 0.785256 0.0366587 0.0908119 0.343262
1 0.438702 0.786325 0.0384615 0.100427 0.269775
1 0.4375 0.786325 0.0396635 0.0950855 0.345947
1 0.436899 0.784188 0.0366587 0.0961539 0.331055
1 0.4375 0.786325 0.0360577 0.0897436 0.263672
1 0.438702 0.784188 0.0384615 0.0950855 0.251709
1 0.436899 0.785256 0.0348557 0.0929487 0.339844
1 0.4375 0.783654 0.0354568 0.0929487 0.325928
1 0.4375 0.783654 0.0372596 0.0918803 0.320068
1 0.436599 0.784188 0.0330529 0.0897436 0.313232
1 0.4375 0.784188 0.0384615 0.0918804 0.344238
1 0.436899 0.784188 0.0360577 0.0961539 0.320068
1 0.436899 0.786859 0.0360577 0.0918804 0.299805
1 0.438101 0.786325 0.0378606 0.0961539 0.2854
1 0.438101 0.784722 0.0360577 0.0929487 0.323486
1 0.436599 0.784188 0.0354567 0.0950855 0.378418
1 0.4375 0.785256 0.0372596 0.0918804 0.320068
1 0.350361 0.971154 0.0348558 0.0576923 0.254639
1 0.438401 0.784188 0.0366587 0.0918804 0.329346
1 0.436298 0.785791 0.0336538 0.0886752 0.332031
1 0.4372 0.784188 0.0342548 0.0918804 0.348633
1 0.436298 0.788462 0.0348557 0.0876068 0.308105
1 0.436899 0.786325 0.0336538 0.0918804 0.342529
1 0.352163 0.96875 0.0336539 0.0625 0.27124
1 0.436298 0.787393 0.0348557 0.0918803 0.371094
1 0.350962 0.969551 0.0324519 0.0598291 0.286865
1 0.436899 0.788462 0.0372596 0.0897436 0.431152
1 0.4375 0.787393 0.0360577 0.0918803 0.363037
1 0.350962 0.969017 0.0336538 0.0619658 0.253906
1 0.4378 0.786859 0.0348558 0.0908119 0.36377
1 0.436899 0.786325 0.0360577 0.0961539 0.301514
1 0.4375 0.784188 0.0372596 0.0961539 0.280518
1 0.436298 0.784188 0.0372596 0.0918804 0.370117
1 0.349459 0.967415 0.0336539 0.0608974 0.250977
1 0.436599 0.785256 0.0354567 0.0918804 0.414795
1 0.350962 0.968483 0.0324519 0.0566239 0.26123
1 0.4372 0.784188 0.0366586 0.0940171 0.386719
1 0.350361 0.96688 0.0336538 0.0576923 0.253906
1 0.436899 0.786325 0.0348557 0.0897436 0.408203
1 0.435096 0.784188 0.0336538 0.0918804 0.459961
1 0.435397 0.786325 0.0330529 0.0897436 0.424316
1 0.436298 0.785791 0.0348557 0.0918804 0.496094
1 0.350361 0.867521 0.0192308 0.0534188 0.284668
1 0.436899 0.786859 0.0336538 0.0897436 0.457031
1 0.350361 0.867521 0.0186298 0.051282 0.274414
1 0.350361 0.970086 0.031851 0.0544872 0.265137
1 0.436899 0.787927 0.0348557 0.0929487 0.515625
1 0.350361 0.867521 0.0198318 0.0555556 0.286133
1 0.35006 0.967949 0.031851 0.0555556 0.265137
1 0.343149 0.872863 0.0192308 0.059829 0.253906
1 0.436298 0.786325 0.0348557 0.0940171 0.5
1 0.350361 0.868056 0.0192308 0.0555556 0.26123
1 0.436899 0.787393 0.0348557 0.0918803 0.517578
1 0.350361 0.869658 0.0192308 0.0555556 0.288574
1 0.350361 0.969551 0.0324519 0.0555556 0.252441
1 0.4372 0.788996 0.0354567 0.0950854 0.505859
1 0.350361 0.870192 0.0198318 0.0566239 0.262207
1 0.436899 0.787393 0.0348557 0.0897436 0.530273
1 0.350361 0.869124 0.0192308 0.0544872 0.267334
1 0.436899 0.788462 0.0348557 0.090812 0.552734
1 0.35006 0.86859 0.0192308 0.0534188 0.262939
1 0.436899 0.788462 0.0354568 0.0918803 0.518555
1 0.436899 0.788462 0.0348557 0.0918803 0.538086
1 0.34976 0.869124 0.0204327 0.0566239 0.250244
1 0.436899 0.787927 0.0348557 0.0918804 0.520508
1 0.35006 0.86859 0.0198317 0.0555556 0.250244
1 0.436298 0.788462 0.0348557 0.0918803 0.53125
1 0.34976 0.869124 0.0192308 0.0544872 0.253906
1 0.435397 0.786325 0.0330529 0.0897436 0.424316
