1 0.661058 0.592415 0.0216346 0.0694444 0.29834
1 0.441106 0.960737 0.0612981 0.0785256 0.280518
1 0.436899 0.956731 0.0552885 0.0865384 0.387695
1 0.733173 0.616987 0.0444712 0.0982906 0.277588
1 0.605769 0.777778 0.0528846 0.0982906 0.262939
1 0.4375 0.959936 0.0564904 0.0801282 0.258301
1 0.661058 0.597756 0.0216346 0.0715812 0.250244
1 0.659255 0.595086 0.0240385 0.0747863 0.267334
1 0.604567 0.788462 0.0564904 0.111111 0.436768
1 0.658654 0.597756 0.0264423 0.0790598 0.289307
1 0.606971 0.801282 0.0564904 0.111111 0.320068
1 0.658654 0.608974 0.0240385 0.0747863 0.265869
1 0.657452 0.599359 0.0240385 0.0747863 0.253174
1 0.658654 0.596154 0.0240385 0.0715812 0.27124
1 0.660457 0.597222 0.0216346 0.0662393 0.307373
1 0.659856 0.597222 0.0240385 0.0726496 0.27832
1 0.90625 0.798611 0.046875 0.0811966 0.265137
1 0.659856 0.597222 0.0264423 0.0747863 0.258301
1 0.659255 0.597222 0.0276442 0.0811966 0.332764
1 0.907452 0.797009 0.0516827 0.0854702 0.265137
1 0.658654 0.597222 0.0264423 0.0769231 0.300781
1 0.829928 0.591346 0.0276443 0.0544872 0.254639
1 0.658654 0.599359 0.0240385 0.0747863 0.273682
1 0.658053 0.596154 0.0252404 0.0747863 0.283691
1 0.906851 0.798611 0.0504807 0.0833333 0.281494
1 0.825721 0.587607 0.030048 0.0512821 0.264404
1 0.905649 0.800748 0.0516828 0.0865384 0.29248
1 0.658654 0.600427 0.0264423 0.0769231 0.2854
1 0.824519 0.589744 0.0264423 0.0523504 0.253906
1 0.658654 0.599359 0.0240385 0.0726496 0.254639
1 0.658053 0.598291 0.0240385 0.0747863 0.253906
1 0.905048 0.796474 0.0504808 0.0865385 0.265137
1 0.658654 0.596154 0.0216346 0.0747863 0.252441
1 0.659255 0.598291 0.0240385 0.0811966 0.293457
1 0.658654 0.599359 0.0216346 0.0811966 0.358398
1 0.904447 0.800748 0.0480769 0.0897436 0.262207
1 0.824519 0.588675 0.0276442 0.0512821 0.259766
1 0.90625 0.797543 0.0480769 0.0844017 0.252441
1 0.658654 0.595086 0.0240385 0.0790599 0.275146
1 0.90625 0.798611 0.0492788 0.0865384 0.256104
1 0.658654 0.596154 0.0264423 0.0790599 0.295898
1 0.90625 0.798077 0.046875 0.0833333 0.262939
1 0.658654 0.594017 0.0264423 0.0790598 0.265137
1 0.90625 0.798077 0.0456731 0.0833333 0.309082
1 0.658053 0.596688 0.0240385 0.0779914 0.290283
1 0.905048 0.797009 0.0480769 0.0918804 0.345947
1 0.657452 0.596154 0.0252404 0.0811966 0.289307
1 0.829327 0.589744 0.0276443 0.0512821 0.262207
1 0.905649 0.797543 0.0480769 0.0876068 0.307373
1 0.657452 0.596154 0.0252404 0.0811966 0.288574
1 0.904447 0.798611 0.0492789 0.0865384 0.328613
1 0.658654 0.596154 0.0240385 0.0769231 0.253174
1 0.659255 0.595086 0.0264423 0.0790599 0.288574
1 0.659255 0.599359 0.0240385 0.0726496 0.270508
1 0.906851 0.799145 0.0480769 0.076923 0.253174
1 0.906851 0.79968 0.0480769 0.0844017 0.286133
1 0.658654 0.598291 0.0264423 0.0790598 0.250244
1 0.658654 0.596688 0.0216346 0.0715812 0.279785
1 0.824519 0.589744 0.0264423 0.0502137 0.26123
1 0.905048 0.799145 0.0504808 0.0854701 0.253174
1 0.90625 0.798611 0.0504807 0.0854701 0.318359
1 0.906851 0.798077 0.0480769 0.0844017 0.291016
1 0.659255 0.597222 0.0228365 0.0747863 0.250977
1 0.90625 0.799145 0.0504807 0.0854701 0.321777
1 0.658654 0.598291 0.0252404 0.0769231 0.262939
1 0.658053 0.597756 0.0252404 0.0790598 0.275146
1 0.90625 0.799145 0.0456731 0.0801282 0.272705
1 0.824519 0.587073 0.0288462 0.0534188 0.260498
1 0.905649 0.800748 0.0504807 0.0844017 0.299805
1 0.905649 0.801816 0.0492788 0.082265 0.339844
1 0.658654 0.599359 0.0240385 0.0811966 0.272705
1 0.829327 0.588675 0.0264423 0.0512821 0.259033
1 0.658053 0.597756 0.0252404 0.0779914 0.268066
1 0.90625 0.801282 0.0480769 0.0833333 0.263672
1 0.905649 0.800214 0.0480769 0.0811966 0.315674
1 0.658654 0.59562 0.0240385 0.0790599 0.280518
1 0.82512 0.587607 0.0264422 0.0534188 0.254639
1 0.90625 0.800214 0.0504807 0.0811966 0.319092
1 0.90625 0.79968 0.0504807 0.0833333 0.325195
1 0.829327 0.588141 0.0288462 0.0544872 0.256104
1 0.658654 0.59562 0.0252404 0.0790599 0.253174
1 0.90625 0.79968 0.0480769 0.082265 0.274414
1 0.825721 0.588675 0.0288462 0.0555556 0.269775
1 0.780048 0.761752 0.0288462 0.0747864 0.255371
1 0.90625 0.79968 0.0480769 0.0844017 0.392334
1 0.829327 0.589744 0.0276443 0.0534188 0.288574
1 0.659856 0.598825 0.0240385 0.0758547 0.269043
1 0.790865 0.520833 0.0240385 0.0320513 0.256104
1 0.905048 0.800214 0.0504808 0.0876068 0.258301
1 0.905048 0.798611 0.0504808 0.0886753 0.365723
1 0.829327 0.587607 0.0288462 0.0534188 0.260498
1 0.90625 0.800214 0.0492788 0.0844017 0.342529
1 0.905048 0.800748 0.0504808 0.0886752 0.374756
1 0.82512 0.589744 0.0300481 0.0576923 0.252441
1 0.90625 0.799145 0.0504807 0.0897436 0.398926
1 0.780649 0.762286 0.03125 0.076923 0.253174
1 0.905649 0.797009 0.0504807 0.0833333 0.341553
1 0.829327 0.589209 0.0288462 0.0544872 0.268066
1 0.659255 0.597756 0.0252404 0.0790598 0.259033
1 0.90625 0.800214 0.0504807 0.0833333 0.263672
1 0.828726 0.586538 0.0276443 0.0534188 0.262939
1 0.824519 0.59188 0.0288462 0.0534188 0.32251
1 0.905048 0.80235 0.0504808 0.0876068 0.313965
1 0.657452 0.60203 0.0264423 0.0790599 0.250977
1 0.829327 0.59188 0.0264423 0.051282 0.303223
1 0.90625 0.801282 0.0504807 0.0876068 0.299072
1 0.658654 0.602564 0.0240385 0.0769231 0.284668
1 0.780048 0.757479 0.0288462 0.0683761 0.266602
1 0.790865 0.519231 0.0216346 0.0277778 0.264404
1 0.905649 0.802885 0.0492788 0.0886752 0.390381
1 0.829327 0.59188 0.0288462 0.0534188 0.330322
1 0.658654 0.602564 0.0264423 0.0790599 0.311523
1 0.790865 0.52297 0.0240385 0.0299146 0.281494
1 0.780649 0.761218 0.03125 0.0758547 0.270508
1 0.829327 0.589744 0.0264423 0.0534188 0.368408
1 0.905048 0.801282 0.0504808 0.0876068 0.359375
1 0.658654 0.603098 0.0240385 0.0779915 0.358398
1 0.790865 0.521368 0.0216346 0.0277778 0.332031
1 0.905048 0.801282 0.0504808 0.0897436 0.493164
1 0.828125 0.590812 0.0264423 0.0491453 0.38501
1 0.658654 0.603633 0.0240385 0.0769231 0.37207
1 0.790865 0.522436 0.0216346 0.0277778 0.359375
1 0.779447 0.758547 0.0300481 0.0726496 0.293457
1 0.824519 0.590812 0.0264423 0.0523504 0.368408
1 0.658654 0.602564 0.0240385 0.0758547 0.366699
1 0.790264 0.521902 0.0216346 0.0288461 0.332764
1 0.90625 0.800214 0.0492788 0.0876068 0.320801
1 0.779447 0.757479 0.0288462 0.0705128 0.286865
1 0.905649 0.801282 0.0504807 0.0876068 0.458984
1 0.829327 0.589744 0.0264423 0.0512821 0.424316
1 0.658654 0.602564 0.0264423 0.0769231 0.420654
1 0.790264 0.519231 0.0228365 0.0277778 0.391357
1 0.780048 0.757479 0.0300481 0.0726496 0.330322
1 0.905048 0.801816 0.0504808 0.0876069 0.495117
1 0.829327 0.590812 0.0264423 0.051282 0.403564
1 0.659255 0.603633 0.0252404 0.0747863 0.399902
1 0.790865 0.521368 0.0216346 0.0288461 0.353027
1 0.780048 0.757479 0.0288462 0.0705128 0.321777
1 0.905048 0.80235 0.0504808 0.0865385 0.519531
1 0.829327 0.590812 0.0264423 0.051282 0.416748
1 0.659255 0.603633 0.0252404 0.0747863 0.400635
1 0.790865 0.522436 0.0228365 0.0299146 0.381104
1 0.780048 0.759081 0.0288462 0.0715812 0.337158
1 0.905649 0.801282 0.0504807 0.0865384 0.479492
1 0.829327 0.590812 0.0264423 0.051282 0.404541
1 0.658654 0.603633 0.0252404 0.0747863 0.392334
1 0.790865 0.522436 0.0216346 0.0277778 0.350342
1 0.780048 0.757479 0.03125 0.0705128 0.319092
1 0.905649 0.799145 0.0492788 0.0876068 0.494141
1 0.829327 0.590812 0.0264423 0.0502137 0.42334
1 0.790865 0.521368 0.0216346 0.0277778 0.404541
1 0.659255 0.603633 0.0252404 0.0747863 0.387695
1 0.780649 0.758013 0.0300481 0.0726496 0.291748
1 0.362079 0.751068 0.0216346 0.0277778 0.257568
1 0.90625 0.801282 0.0504807 0.0876068 0.462891
1 0.829327 0.590812 0.0264423 0.051282 0.435791
1 0.790865 0.522436 0.0216346 0.0288462 0.393311
1 0.658654 0.603633 0.0252404 0.0747863 0.35498
1 0.362079 0.75 0.0222356 0.0299145 0.254639
1 0.90625 0.79968 0.0492788 0.0844017 0.478516
1 0.828726 0.59188 0.0264423 0.051282 0.406494
1 0.790865 0.522436 0.0216346 0.0277778 0.373779
1 0.658654 0.604167 0.0240385 0.073718 0.351318
1 0.78125 0.759615 0.03125 0.0726496 0.305664
1 0.363582 0.746795 0.0216346 0.0277778 0.277588
1 0.90625 0.799145 0.0504807 0.0854701 0.545898
1 0.829327 0.590812 0.0264423 0.051282 0.425293
1 0.790865 0.522436 0.0216346 0.0277778 0.394287
1 0.658654 0.603633 0.0240385 0.0747863 0.375732
1 0.780048 0.758547 0.03125 0.0726496 0.297363
1 0.363582 0.746795 0.0216346 0.0299145 0.259766
1 0.90625 0.800214 0.0480769 0.0854701 0.53418
1 0.828726 0.59188 0.0264423 0.051282 0.397949
1 0.790865 0.52297 0.0216346 0.0288462 0.370117
1 0.658654 0.604701 0.0240385 0.0747863 0.344238
1 0.780048 0.759615 0.03125 0.0726496 0.262207
1 0.363281 0.747329 0.0222356 0.0288461 0.259766
1 0.90625 0.79968 0.0480769 0.0865384 0.529297
1 0.828726 0.59188 0.0264423 0.0502137 0.407227
1 0.790865 0.52297 0.0216346 0.0277778 0.365723
1 0.658654 0.604701 0.0240385 0.0747863 0.363037
1 0.362981 0.746795 0.0228365 0.0299145 0.290283
1 0.780048 0.759081 0.03125 0.0726496 0.262939
1 0.90625 0.800214 0.0480769 0.0854701 0.525391
1 0.829327 0.592949 0.0264423 0.0491453 0.390381
1 0.790865 0.523504 0.0216346 0.0277778 0.36377
1 0.658654 0.604701 0.0240385 0.0747863 0.354004
1 0.363582 0.747863 0.0222356 0.0299145 0.265869
1 0.90625 0.800214 0.0480769 0.0854701 0.548828
1 0.828726 0.592415 0.0264423 0.0502137 0.413086
1 0.790865 0.522436 0.0216346 0.0267094 0.375732
1 0.658654 0.604701 0.0240385 0.0747863 0.367432
1 0.824519 0.590812 0.0264423 0.0523504 0.368408
1 0.658654 0.602564 0.0240385 0.0758547 0.367432
1 0.790264 0.521902 0.0216346 0.0288461 0.332764
1 0.90625 0.800214 0.0492788 0.0876068 0.320068
1 0.779447 0.757479 0.0288462 0.0705128 0.2854
