1 0.625 0.930021 0.0324519 0.0512821 0.250244
1 0.701923 0.771368 0.0432693 0.0982906 0.305664
1 0.703125 0.774573 0.0360577 0.0811966 0.259033
1 0.703125 0.777244 0.0456731 0.0886752 0.294922
1 0.703726 0.778312 0.0492789 0.0972222 0.303955
1 0.703726 0.771368 0.0456731 0.0972222 0.319092
1 0.701923 0.776175 0.0480769 0.0961539 0.262207
1 0.701923 0.770299 0.0432693 0.0961539 0.294922
1 0.701923 0.772436 0.0432693 0.104701 0.344238
1 0.703125 0.771902 0.0456731 0.0972222 0.250244
1 0.703125 0.773504 0.0408654 0.0897436 0.267334
1 0.703125 0.778312 0.0408654 0.0940171 0.352295
1 0.703125 0.774573 0.0432693 0.0918803 0.300781
1 0.703726 0.774573 0.0432692 0.094017 0.274414
1 0.702524 0.77297 0.0408654 0.0940171 0.321777
1 0.703125 0.774573 0.0384615 0.0929487 0.256836
1 0.701923 0.77297 0.0420673 0.0972222 0.336426
1 0.704327 0.768162 0.0432692 0.0918804 0.332764
1 0.701923 0.772436 0.0408654 0.0982906 0.299805
1 0.704327 0.771368 0.0420673 0.0961539 0.329346
1 0.610577 0.855769 0.0180289 0.0619658 0.255371
1 0.703125 0.772436 0.0432693 0.0940171 0.303223
1 0.703726 0.770833 0.0444712 0.0940171 0.281494
1 0.703125 0.771368 0.0420673 0.0929487 0.345215
1 0.704928 0.771902 0.0444711 0.0961539 0.34082
1 0.704928 0.771368 0.045673 0.0982906 0.26123
1 0.703726 0.770299 0.0444712 0.0918804 0.263672
1 0.704327 0.769765 0.0432692 0.0929487 0.309082
1 0.704327 0.767094 0.0432692 0.0897436 0.273682
1 0.704327 0.770833 0.0408654 0.082265 0.286865
1 0.704327 0.770299 0.0444711 0.0961539 0.272705
1 0.703125 0.773504 0.0408654 0.0940171 0.291016
1 0.704327 0.770299 0.0432692 0.0929487 0.289307
1 0.703125 0.771902 0.0456731 0.0961539 0.313965
1 0.704327 0.768162 0.0432692 0.0897436 0.309814
1 0.703726 0.774573 0.0456731 0.094017 0.31665
1 0.703726 0.770299 0.0444712 0.0918804 0.334473
1 0.703125 0.775107 0.0456731 0.0961539 0.328613
1 0.703125 0.775107 0.0444712 0.0940171 0.320068
1 0.704327 0.776709 0.0456731 0.094017 0.29248
1 0.703726 0.77297 0.0444712 0.0961539 0.308105
1 0.703125 0.773504 0.0432693 0.0897436 0.348633
1 0.703726 0.770299 0.0456731 0.0918804 0.336426
1 0.704327 0.770299 0.0444711 0.0897436 0.350342
1 0.704327 0.774573 0.0456731 0.0918803 0.389648
1 0.704327 0.772436 0.0456731 0.0940171 0.44458
1 0.703726 0.775641 0.046875 0.0961538 0.345947
1 0.704327 0.771368 0.0432692 0.0897436 0.366699
1 0.704327 0.771902 0.0444711 0.090812 0.399902
1 0.704327 0.775641 0.0456731 0.090812 0.439697
1 0.704327 0.771902 0.0456731 0.0940171 0.393311
1 0.704327 0.772436 0.0456731 0.0982906 0.38501
1 0.704327 0.774039 0.0456731 0.0961539 0.345947
1 0.703726 0.772436 0.046875 0.0982906 0.454346
1 0.704928 0.770833 0.045673 0.0950855 0.479492
1 0.647837 0.857372 0.0168269 0.0405983 0.256104
1 0.704327 0.772436 0.0456731 0.0950855 0.484375
1 0.164964 0.768162 0.0198317 0.0555556 0.265869
1 0.704327 0.77297 0.0456731 0.0940171 0.485352
1 0.165264 0.769231 0.0192308 0.0534187 0.286865
1 0.703726 0.771368 0.0444712 0.0940171 0.542969
1 0.164363 0.770299 0.0192308 0.0534188 0.306641
1 0.611779 0.850427 0.0180289 0.0491453 0.259033
1 0.704327 0.771368 0.0444711 0.0940171 0.466797
1 0.164062 0.769231 0.0189303 0.051282 0.325928
1 0.704327 0.771368 0.0444711 0.0940171 0.530273
1 0.165114 0.769231 0.0201322 0.0534187 0.299805
1 0.648438 0.858974 0.0168269 0.0405982 0.255371
1 0.611779 0.849359 0.016827 0.0512821 0.250977
1 0.704327 0.768162 0.0432692 0.0897436 0.435059
1 0.164363 0.769231 0.0198317 0.051282 0.294922
1 0.647837 0.858974 0.0168269 0.0384615 0.256836
1 0.704327 0.770299 0.0456731 0.0908119 0.548828
1 0.164363 0.769231 0.0195312 0.0534187 0.320801
1 0.611779 0.849359 0.016827 0.0512821 0.282959
1 0.647837 0.860043 0.0168269 0.0405983 0.262939
1 0.703726 0.769231 0.0444712 0.0908119 0.50293
1 0.164062 0.769231 0.0198317 0.0534187 0.326904
1 0.611779 0.848825 0.0192308 0.0512821 0.263672
1 0.449519 0.873398 0.0252404 0.0352564 0.258301
1 0.704327 0.769765 0.0432692 0.0929487 0.541992
1 0.164663 0.769231 0.0192308 0.0534187 0.311523
1 0.611779 0.850427 0.016827 0.0534188 0.274414
1 0.647837 0.861111 0.0168269 0.0405983 0.271973
1 0.704327 0.770299 0.0444711 0.0918804 0.516602
1 0.164663 0.770299 0.0195312 0.0534188 0.294189
1 0.611779 0.850427 0.0180289 0.0534188 0.265137
1 0.704327 0.769231 0.0432692 0.0897436 0.553711
1 0.164663 0.770299 0.0198317 0.0534188 0.313232
1 0.611779 0.848291 0.0180289 0.0512821 0.275146
1 0.647837 0.858974 0.0168269 0.0384615 0.259766
1 0.448918 0.874466 0.0240385 0.0309829 0.257568
1 0.704327 0.770833 0.0444711 0.0918803 0.570801
1 0.164663 0.769765 0.0192308 0.0523504 0.29834
1 0.611779 0.849359 0.0180289 0.0523504 0.2854
1 0.648438 0.860043 0.0168269 0.0384615 0.259766
1 0.704327 0.772436 0.0444711 0.0940171 0.518555
1 0.164663 0.770299 0.0204327 0.0534188 0.282959
1 0.611779 0.849359 0.0192308 0.0534188 0.27124
1 0.648438 0.860043 0.0180288 0.0395299 0.250977
1 0.704327 0.770299 0.0432692 0.0918804 0.550781
1 0.164513 0.770299 0.0201322 0.0534188 0.307373
1 0.611779 0.848825 0.0192308 0.0534188 0.284668
1 0.448918 0.875 0.0252404 0.0299145 0.256104
1 0.704327 0.770299 0.0444711 0.0918804 0.53125
1 0.164663 0.770299 0.0198317 0.0534188 0.279785
1 0.611779 0.848825 0.0180289 0.0534188 0.271973
1 0.704327 0.771368 0.0456731 0.0918804 0.543945
1 0.611779 0.849359 0.0180289 0.0523504 0.288574
1 0.164363 0.770299 0.0198317 0.0534188 0.279053
1 0.704327 0.771368 0.0444711 0.0940171 0.466797
1 0.164062 0.769231 0.0189303 0.051282 0.325928
