1 0.608774 0.864316 0.0408654 0.0534188 0.252441
1 0.608173 0.883547 0.0408654 0.0470085 0.32251
1 0.610577 0.883547 0.0432692 0.0448718 0.267334
1 0.608173 0.886752 0.0408654 0.0427351 0.250977
1 0.610577 0.884615 0.0408654 0.0448718 0.264404
1 0.609976 0.884081 0.0420673 0.0405983 0.273682
1 0.609375 0.884615 0.0444712 0.0480769 0.256104
1 0.139573 0.514423 0.0225361 0.0448718 0.27124
1 0.686899 0.817308 0.03125 0.0641025 0.269775
1 0.20643 0.476496 0.0180288 0.042735 0.266602
1 0.140024 0.513889 0.0216346 0.042735 0.265137
1 0.139724 0.514423 0.0240385 0.0459402 0.301514
1 0.686899 0.817308 0.0324519 0.0662393 0.260498
1 0.206581 0.477564 0.0204327 0.0480769 0.254639
1 0.140174 0.514022 0.0225361 0.0446047 0.313232
1 0.20643 0.477564 0.0180288 0.0432693 0.264404
1 0.6875 0.818376 0.03125 0.0641025 0.259033
1 0.608173 0.881944 0.0456731 0.0448718 0.255371
1 0.139724 0.513755 0.0225361 0.0451389 0.342529
1 0.20613 0.47516 0.0186298 0.042735 0.294922
1 0.686298 0.815705 0.03125 0.0641026 0.288574
1 0.608173 0.88515 0.0432693 0.0459402 0.258301
1 0.139123 0.513889 0.0222356 0.042735 0.328613
1 0.205829 0.476496 0.0180288 0.042735 0.286865
1 0.686899 0.816239 0.03125 0.0641025 0.256104
1 0.139724 0.512821 0.0228365 0.042735 0.347656
1 0.6875 0.817308 0.03125 0.0641025 0.307373
1 0.20643 0.475962 0.0183293 0.0432692 0.279785
1 0.608173 0.88515 0.0432693 0.0438034 0.267334
1 0.140024 0.514022 0.0222356 0.0446047 0.351318
1 0.6875 0.818376 0.03125 0.0641025 0.299072
1 0.608774 0.884615 0.0432693 0.0448718 0.284668
1 0.20613 0.476496 0.0174279 0.0438034 0.277588
1 0.814904 0.576389 0.0264423 0.0448718 0.256104
1 0.139724 0.513355 0.0228365 0.042735 0.365723
1 0.205829 0.47703 0.0180288 0.0438034 0.325195
1 0.6875 0.817308 0.03125 0.0619658 0.29834
1 0.608774 0.883547 0.0444712 0.0416667 0.291016
1 0.814904 0.576389 0.0264423 0.042735 0.266602
1 0.139423 0.512821 0.0225361 0.042735 0.364746
1 0.205829 0.475427 0.0192308 0.0438034 0.31665
1 0.686298 0.816239 0.03125 0.0619658 0.286865
1 0.814904 0.574786 0.0264423 0.0448718 0.27124
1 0.608774 0.884081 0.0444712 0.0438034 0.27124
1 0.139423 0.513355 0.0228365 0.042735 0.371094
1 0.205829 0.475962 0.0186298 0.0438034 0.311523
1 0.814904 0.575321 0.0264423 0.0438034 0.2854
1 0.686899 0.818376 0.03125 0.0630342 0.284668
1 0.608173 0.88515 0.0456731 0.0459402 0.275146
1 0.139423 0.514957 0.023137 0.0448718 0.375732
1 0.20613 0.475962 0.0192308 0.0443376 0.324219
1 0.6875 0.817842 0.03125 0.0641026 0.287842
1 0.608774 0.885684 0.0456731 0.042735 0.277588
1 0.814303 0.575321 0.0276443 0.0470085 0.267334
1 0.139724 0.514824 0.0228365 0.0430021 0.36377
1 0.20643 0.475962 0.0192308 0.0438034 0.332031
1 0.608173 0.884615 0.0444712 0.042735 0.317383
1 0.6875 0.816773 0.03125 0.0619659 0.306641
1 0.814904 0.575321 0.0276443 0.0448718 0.280518
1 0.139273 0.514957 0.0228365 0.0438034 0.381104
1 0.20643 0.476496 0.0180288 0.0438034 0.331055
1 0.814904 0.575855 0.0264423 0.0448718 0.306641
1 0.609375 0.88515 0.0456731 0.0438034 0.296631
1 0.6875 0.817308 0.03125 0.0641025 0.294922
1 0.139273 0.514957 0.0228365 0.0438034 0.369385
1 0.20643 0.476496 0.0192308 0.0438034 0.309814
1 0.609375 0.884081 0.0456731 0.042735 0.299805
1 0.814904 0.575855 0.0276443 0.0448718 0.294922
1 0.686899 0.817308 0.0324519 0.0641025 0.2854
1 0.139573 0.515091 0.023137 0.0446047 0.388672
1 0.20643 0.47703 0.0192308 0.0448718 0.339844
1 0.608173 0.88515 0.0456731 0.042735 0.310791
1 0.686899 0.816773 0.0324519 0.0630341 0.306641
1 0.814904 0.575855 0.0264423 0.0459401 0.303955
1 0.139573 0.515091 0.023137 0.0446047 0.377441
1 0.206581 0.47703 0.0189303 0.0448718 0.309814
1 0.608173 0.883547 0.0456731 0.042735 0.303223
1 0.814904 0.575855 0.0276443 0.0459401 0.282959
1 0.6875 0.816239 0.03125 0.0630342 0.277588
1 0.139423 0.514957 0.0228365 0.0438034 0.388672
1 0.608173 0.884081 0.0456731 0.042735 0.313232
1 0.20643 0.47703 0.0192308 0.0438034 0.311523
1 0.686899 0.817308 0.0324519 0.0641025 0.287842
1 0.814904 0.575855 0.0276443 0.0448718 0.277588
1 0.139123 0.513889 0.0222356 0.042735 0.328613
1 0.205679 0.476496 0.0180289 0.042735 0.286865
1 0.686899 0.816239 0.03125 0.0641025 0.256104
