1 0.667668 0.724359 0.0528846 0.0619659 0.318359
1 0.780048 0.792735 0.0432692 0.059829 0.2854
1 0.416166 0.898504 0.0426683 0.0833333 0.263672
1 0.414663 0.894231 0.0408654 0.0790598 0.309814
1 0.778846 0.788996 0.0444712 0.0619659 0.286133
1 0.669471 0.723291 0.0576923 0.0705129 0.27832
1 0.66887 0.726496 0.0600962 0.0705128 0.265137
1 0.782452 0.790598 0.0456731 0.059829 0.299072
1 0.358774 0.474092 0.0264423 0.0625 0.269775
1 0.664663 0.727564 0.0552885 0.0619658 0.266602
1 0.745192 0.517628 0.0336538 0.0534188 0.254639
1 0.668269 0.728633 0.0576923 0.0598291 0.262207
1 0.78125 0.791667 0.0456731 0.0544872 0.256104
1 0.665264 0.727564 0.0588942 0.0598291 0.280518
1 0.358173 0.472222 0.0240385 0.0587607 0.254639
1 0.746394 0.514824 0.0324519 0.0515492 0.250244
1 0.747596 0.512954 0.0336538 0.0552884 0.282227
1 0.665865 0.724359 0.0625 0.0662393 0.253906
1 0.78125 0.790598 0.0432693 0.0534188 0.269775
1 0.358774 0.47062 0.0234375 0.0683761 0.262207
1 0.667067 0.725427 0.0600961 0.0641026 0.258301
1 0.748197 0.512286 0.0372596 0.0523504 0.250244
1 0.780048 0.790598 0.0456731 0.059829 0.255371
1 0.746995 0.513755 0.0336538 0.0558226 0.251709
1 0.665865 0.725962 0.0576923 0.0619658 0.284668
1 0.746995 0.512286 0.0324519 0.0491453 0.255371
1 0.667067 0.724359 0.0600961 0.0619659 0.293457
1 0.78125 0.791132 0.048077 0.0544872 0.290283
1 0.748798 0.513355 0.0336538 0.0491453 0.263672
1 0.358774 0.472222 0.0240385 0.0630342 0.262939
1 0.746394 0.512821 0.0336538 0.0523504 0.293457
1 0.358774 0.474626 0.0228365 0.0592949 0.260498
1 0.746995 0.515091 0.03125 0.0467414 0.262207
1 0.746995 0.513889 0.03125 0.0523504 0.280518
1 0.747596 0.513889 0.03125 0.0491453 0.300781
1 0.747596 0.510817 0.0336538 0.0488782 0.286865
1 0.746995 0.511619 0.03125 0.0494124 0.265137
1 0.746394 0.513889 0.0336538 0.0502137 0.281494
1 0.747596 0.511619 0.0336538 0.0515492 0.275879
1 0.747596 0.512687 0.0360577 0.0579594 0.296631
1 0.748197 0.512286 0.03125 0.0491453 0.269775
1 0.747596 0.510817 0.0336538 0.0510149 0.297363
1 0.748798 0.511886 0.0336538 0.051015 0.250244
1 0.747596 0.512286 0.0360577 0.0534188 0.291748
1 0.748197 0.512286 0.0348557 0.0534188 0.305664
1 0.747596 0.510817 0.0336538 0.0552885 0.310791
1 0.747596 0.511619 0.0336538 0.0558227 0.311523
1 0.747596 0.51055 0.0336538 0.0558227 0.345947
1 0.746995 0.511752 0.0324519 0.0544872 0.284668
1 0.748197 0.509081 0.0336538 0.0523504 0.314941
1 0.747596 0.51015 0.0348557 0.0544872 0.31665
1 0.667067 0.725427 0.0588942 0.0598291 0.279785
1 0.747596 0.511752 0.0360577 0.0576923 0.311523
1 0.667067 0.726496 0.0588942 0.0619659 0.265137
1 0.107572 0.827991 0.0204327 0.042735 0.252441
1 0.532151 0.616453 0.0180288 0.0534188 0.250977
1 0.748197 0.510684 0.0348557 0.0566239 0.344238
1 0.667067 0.725427 0.0576923 0.0619659 0.306641
1 0.748798 0.511752 0.0336538 0.0576923 0.34082
1 0.666466 0.725427 0.0588942 0.0619659 0.273682
1 0.747596 0.512286 0.0336538 0.0523504 0.273682
1 0.747596 0.509615 0.0336538 0.0544872 0.305664
1 0.746995 0.50641 0.0348557 0.0534188 0.422607
1 0.666466 0.723291 0.0600961 0.0619658 0.303955
1 0.709135 0.644231 0.0264423 0.0416667 0.259766
1 0.53125 0.619658 0.0198318 0.0523504 0.253906
1 0.746995 0.508013 0.0336538 0.0534188 0.417725
1 0.667067 0.726496 0.0600961 0.0619659 0.348633
1 0.359375 0.469017 0.0252404 0.0630342 0.303955
1 0.531851 0.617521 0.0180288 0.0491453 0.281494
1 0.107121 0.82906 0.0189303 0.0405983 0.276611
1 0.709135 0.644231 0.0240385 0.0384616 0.251709
1 0.746394 0.510817 0.0360577 0.0574252 0.401611
1 0.667067 0.727564 0.0576923 0.0619658 0.350342
1 0.107422 0.830128 0.0201322 0.042735 0.274414
1 0.359075 0.470086 0.0282452 0.0683761 0.273682
1 0.709135 0.645833 0.0264423 0.0416667 0.259766
1 0.532452 0.615919 0.0192308 0.0544872 0.259033
1 0.78125 0.794872 0.0420673 0.0576923 0.254639
1 0.746995 0.51015 0.0348557 0.0544872 0.398926
1 0.667067 0.726496 0.0576923 0.0619659 0.355713
1 0.107121 0.827991 0.0192308 0.0405983 0.326904
1 0.531851 0.616987 0.0180288 0.0512821 0.310791
1 0.359375 0.469551 0.0264423 0.0673077 0.286133
1 0.746394 0.509081 0.0336538 0.0555556 0.452393
1 0.666466 0.725962 0.0588942 0.0608975 0.422607
1 0.106821 0.828526 0.0189303 0.0395299 0.383057
1 0.531851 0.616453 0.0180288 0.0491453 0.328613
1 0.358774 0.469551 0.0264423 0.065171 0.284668
1 0.709135 0.644765 0.0240385 0.0384616 0.272705
1 0.417969 0.908654 0.0438702 0.0662393 0.271973
1 0.746394 0.509081 0.0336538 0.0544871 0.404541
1 0.105919 0.829594 0.0181791 0.0395299 0.352295
1 0.667067 0.72703 0.0576923 0.0608974 0.34082
1 0.53125 0.617521 0.0180288 0.0512821 0.32251
1 0.358173 0.469818 0.0264423 0.0657052 0.303223
1 0.707933 0.644231 0.0240385 0.0384616 0.265869
1 0.746394 0.509615 0.0336538 0.0544872 0.436768
1 0.666466 0.727564 0.0576923 0.0598291 0.433105
1 0.106821 0.826923 0.0192308 0.0405983 0.352295
1 0.532452 0.61859 0.0180289 0.0534188 0.326904
1 0.358774 0.469818 0.0264423 0.0657052 0.30249
1 0.78125 0.793803 0.0408653 0.0555556 0.299805
1 0.709135 0.644231 0.0240385 0.0384616 0.287842
1 0.418269 0.907051 0.0450721 0.0662393 0.274414
1 0.747596 0.510817 0.0336538 0.0552885 0.408203
1 0.667067 0.726496 0.0576923 0.0598291 0.38208
1 0.106671 0.826923 0.0192308 0.0405983 0.366699
1 0.531851 0.619658 0.0180288 0.0534188 0.349609
1 0.359375 0.471154 0.0252404 0.0641026 0.300781
1 0.508714 0.955128 0.0288462 0.0876068 0.281494
1 0.709135 0.644765 0.0240385 0.0395299 0.274414
1 0.418269 0.905983 0.0432692 0.0662393 0.274414
1 0.780649 0.793269 0.0384615 0.0544872 0.263672
1 0.917067 0.866453 0.0288462 0.0534187 0.26123
1 0.747596 0.511619 0.0360577 0.0536859 0.431152
1 0.667067 0.727564 0.0576923 0.0576923 0.420654
1 0.10652 0.826923 0.0195313 0.0405983 0.416748
1 0.531551 0.61859 0.0180288 0.051282 0.371094
1 0.358774 0.47062 0.0252404 0.0630342 0.323486
1 0.709135 0.645833 0.0264423 0.0384616 0.308105
1 0.508413 0.955128 0.0288462 0.0876068 0.294189
1 0.41857 0.906517 0.0438702 0.065171 0.272705
1 0.917668 0.867521 0.03125 0.0534188 0.271973
1 0.746394 0.511752 0.0360577 0.0544872 0.416748
1 0.667067 0.72703 0.0576923 0.059829 0.381104
1 0.53125 0.61859 0.0192307 0.051282 0.37207
1 0.10622 0.826923 0.0195313 0.0405983 0.367432
1 0.358173 0.469551 0.0276443 0.065171 0.361084
1 0.708534 0.645833 0.0252404 0.0395299 0.281494
1 0.785457 0.798077 0.0396635 0.051282 0.253906
1 0.415565 0.900641 0.0450721 0.0662393 0.251709
1 0.747596 0.511619 0.0360577 0.0558227 0.442627
1 0.667067 0.727564 0.0576923 0.0598291 0.412109
1 0.10652 0.827991 0.0189303 0.0405983 0.358398
1 0.531851 0.619124 0.0180288 0.0534188 0.347656
1 0.358774 0.471421 0.0264423 0.0646368 0.327637
1 0.709135 0.647436 0.0240385 0.0405983 0.305664
1 0.78125 0.793803 0.0408653 0.0566239 0.301514
1 0.419171 0.905983 0.0432692 0.0641026 0.258301
1 0.746995 0.511218 0.0348557 0.0555556 0.433105
1 0.667067 0.728633 0.0576923 0.0598291 0.396973
1 0.531551 0.61859 0.0192307 0.0534188 0.344238
1 0.358774 0.470086 0.0264423 0.065171 0.332764
1 0.106821 0.827991 0.0192308 0.0395299 0.320801
1 0.709135 0.645833 0.0240385 0.0405983 0.305664
1 0.234676 0.512821 0.0219351 0.0245727 0.284668
1 0.785457 0.798611 0.0396635 0.0534188 0.275146
1 0.746995 0.512286 0.0348557 0.0566239 0.435059
1 0.667067 0.729167 0.0576923 0.0587607 0.393311
1 0.531851 0.617521 0.0192308 0.0534188 0.357666
1 0.358774 0.47062 0.0264423 0.0641026 0.338867
1 0.107121 0.827991 0.0189303 0.0395299 0.326904
1 0.709135 0.645299 0.0240385 0.0405983 0.32251
1 0.78125 0.794872 0.0384615 0.0566239 0.294922
1 0.917668 0.86859 0.03125 0.0534188 0.252441
1 0.746995 0.512821 0.0348557 0.0566239 0.456055
1 0.667067 0.729167 0.0576923 0.0587607 0.42334
1 0.531851 0.619658 0.0192308 0.0534188 0.364746
1 0.106971 0.828526 0.0186298 0.0395299 0.359375
1 0.358774 0.471955 0.0276442 0.0657052 0.35498
1 0.709135 0.646368 0.0240385 0.0405983 0.314941
1 0.784856 0.798077 0.0408654 0.051282 0.276611
1 0.415264 0.901709 0.0456731 0.0662393 0.262207
1 0.508413 0.955128 0.0294471 0.0897436 0.254639
1 0.746394 0.512821 0.0360577 0.0566239 0.434082
1 0.667067 0.729701 0.0576923 0.0598291 0.390381
1 0.531851 0.619658 0.0204327 0.0544871 0.348633
1 0.106971 0.827991 0.0195312 0.0405983 0.336426
1 0.358774 0.471688 0.0276442 0.065171 0.330322
1 0.709135 0.646368 0.0240385 0.0405983 0.294189
1 0.415264 0.901709 0.0456731 0.0641025 0.254639
1 0.746394 0.511619 0.0348557 0.0558227 0.455078
1 0.667067 0.729701 0.0576923 0.0587607 0.407227
1 0.531851 0.619658 0.0192308 0.0534188 0.383057
1 0.106971 0.827991 0.0195312 0.0405983 0.361084
1 0.358774 0.47062 0.0264423 0.0641026 0.350342
1 0.709135 0.645833 0.0240385 0.0405983 0.314941
1 0.234675 0.511752 0.0216346 0.0245727 0.256836
1 0.414964 0.902244 0.0450721 0.065171 0.256104
1 0.78125 0.793803 0.0384615 0.0555556 0.255371
1 0.508413 0.955395 0.0294471 0.0892094 0.253174
1 0.746995 0.512286 0.0348557 0.0566239 0.427246
1 0.667067 0.729701 0.0576923 0.0587607 0.400635
1 0.531851 0.619658 0.0192308 0.0534188 0.351318
1 0.106971 0.828526 0.0192308 0.0395299 0.330322
1 0.358774 0.471421 0.0264423 0.0635684 0.312256
1 0.709135 0.646368 0.0240385 0.0405983 0.288574
1 0.78125 0.793803 0.0408653 0.0555556 0.264404
1 0.415264 0.901175 0.0456731 0.0651709 0.264404
1 0.746394 0.512954 0.0360577 0.0574252 0.435059
1 0.667067 0.729701 0.0576923 0.0587607 0.415771
1 0.531851 0.620192 0.0192308 0.0534188 0.357666
1 0.106971 0.82906 0.0192308 0.0384616 0.336426
1 0.358774 0.471688 0.0264423 0.0641026 0.320801
1 0.709135 0.645833 0.0240385 0.0395299 0.297363
1 0.414964 0.901175 0.0456731 0.0641026 0.269775
1 0.78125 0.794872 0.0408653 0.0555556 0.267334
1 0.746394 0.509081 0.0336538 0.0544871 0.403564
1 0.105919 0.829594 0.0181791 0.0395299 0.352295
1 0.667067 0.72703 0.0576923 0.0608974 0.34082
1 0.53125 0.617521 0.0180288 0.0512821 0.32251
1 0.358173 0.469818 0.0264423 0.0657052 0.303223
1 0.707933 0.644231 0.0240385 0.0384616 0.265869
