1 0.956731 0.933761 0.0360578 0.0619659 0.259766
1 0.953125 0.934829 0.0372597 0.0662393 0.269775
1 0.955529 0.933761 0.0384616 0.0662393 0.264404
1 0.955529 0.930556 0.0384616 0.0619658 0.287842
1 0.953726 0.934829 0.0372596 0.0673076 0.272705
1 0.513221 0.751068 0.0198318 0.0619658 0.254639
1 0.954327 0.932692 0.0384615 0.0662393 0.259033
1 0.954327 0.932692 0.0360577 0.0641026 0.27124
1 0.0613732 0.717949 0.0256911 0.042735 0.273682
1 0.0620493 0.715812 0.0259916 0.0405983 0.303223
1 0.513822 0.748932 0.0180288 0.0566239 0.291016
1 0.061899 0.71688 0.0273438 0.042735 0.306641
1 0.513822 0.748932 0.0192307 0.059829 0.262207
1 0.846154 0.497329 0.0444712 0.0480769 0.254639
1 0.0624249 0.71688 0.0259916 0.0395299 0.338135
1 0.846154 0.494391 0.0444712 0.0486111 0.282959
1 0.513221 0.751068 0.0180288 0.0576923 0.275879
1 0.0620493 0.715812 0.0261418 0.0405983 0.346924
1 0.846154 0.494124 0.0432693 0.0459402 0.331055
1 0.513221 0.748932 0.0180288 0.0576923 0.289307
1 0.938101 0.837073 0.0204327 0.0491453 0.263672
1 0.0612981 0.716346 0.0258413 0.0384616 0.32251
1 0.513221 0.75 0.0168269 0.0576923 0.299805
1 0.846154 0.493857 0.0408654 0.0475427 0.262939
1 0.938101 0.837607 0.0204327 0.0502137 0.254639
1 0.0618239 0.715812 0.0265925 0.0384615 0.366699
1 0.846154 0.49359 0.0432693 0.0480769 0.327637
1 0.513822 0.751068 0.0180288 0.0576923 0.308105
1 0.938702 0.836004 0.0192307 0.0523504 0.280518
1 0.0619742 0.71688 0.0262921 0.0405983 0.352295
1 0.846154 0.49359 0.0444712 0.0502137 0.307373
1 0.513522 0.752137 0.016827 0.0566239 0.2854
1 0.938702 0.837073 0.0192307 0.0512821 0.264404
1 0.0614483 0.715812 0.0273438 0.0395299 0.38208
1 0.513221 0.752137 0.0174279 0.0576923 0.308105
1 0.846154 0.493857 0.0432693 0.0486111 0.306641
1 0.938101 0.838675 0.0204327 0.0555556 0.291748
1 0.810096 0.866453 0.0288462 0.0395298 0.264404
1 0.97476 0.851496 0.0180289 0.0363248 0.254639
1 0.0614483 0.715812 0.0264423 0.0405983 0.398926
1 0.846154 0.49359 0.0444712 0.0502137 0.320068
1 0.513221 0.750534 0.0192307 0.0587607 0.309082
1 0.938702 0.837607 0.0216346 0.0534187 0.282959
1 0.97476 0.850427 0.0180289 0.0384616 0.265137
1 0.810096 0.865919 0.0288462 0.0405982 0.250977
1 0.0615986 0.715812 0.0259916 0.0384615 0.366699
1 0.846154 0.493056 0.0432693 0.0491453 0.315674
1 0.513221 0.752137 0.0174279 0.0587607 0.30249
1 0.938702 0.837607 0.0204327 0.0534187 0.282959
1 0.97476 0.850427 0.0168269 0.0384616 0.282959
1 0.810697 0.866453 0.0276443 0.0384616 0.269775
1 0.0617488 0.71688 0.0264423 0.0405983 0.404541
1 0.513221 0.751068 0.0180288 0.0576923 0.309814
1 0.846154 0.49359 0.0456731 0.051282 0.288574
1 0.97476 0.851496 0.0180289 0.0384616 0.283691
1 0.938702 0.838141 0.0216346 0.0544871 0.275146
1 0.810096 0.866453 0.0288462 0.0395298 0.270508
1 0.0617488 0.71688 0.0264423 0.0384615 0.396973
1 0.513522 0.75 0.0186298 0.0576923 0.317383
1 0.846154 0.494124 0.0444712 0.0502137 0.300781
1 0.97476 0.850427 0.0192307 0.0363248 0.288574
1 0.938702 0.837607 0.0204327 0.0534187 0.287842
1 0.810096 0.865919 0.0288462 0.0384615 0.266602
1 0.0615234 0.71688 0.0262921 0.0405983 0.407227
1 0.513822 0.752137 0.0180288 0.0576923 0.320068
1 0.846154 0.49359 0.0444712 0.0502137 0.31665
1 0.938702 0.837607 0.0192307 0.0534187 0.289307
1 0.97476 0.851496 0.0168269 0.0363248 0.289307
1 0.810096 0.866453 0.0288462 0.0384616 0.268066
1 0.0614483 0.71688 0.0265926 0.0405983 0.390381
1 0.513522 0.751068 0.0186298 0.0576923 0.304932
1 0.938702 0.838141 0.0216346 0.0544871 0.283691
1 0.97476 0.851496 0.0192307 0.0363248 0.280518
1 0.0615234 0.71688 0.026893 0.0405983 0.415771
1 0.513522 0.751068 0.0186298 0.0576923 0.325195
1 0.938702 0.837607 0.0216346 0.0534187 0.297363
1 0.97476 0.851496 0.0192307 0.0363248 0.288574
1 0.810096 0.866453 0.0288462 0.0384616 0.265137
1 0.846154 0.494124 0.0444712 0.0502137 0.253906
1 0.0615986 0.717415 0.0267428 0.0395299 0.395996
1 0.513522 0.751068 0.0180289 0.0576923 0.303955
1 0.97476 0.851496 0.0192307 0.0363248 0.280518
1 0.938702 0.837607 0.0204327 0.0534187 0.27832
1 0.846154 0.494658 0.0456731 0.0491453 0.259766
1 0.810697 0.866453 0.0288461 0.0384616 0.252441
1 0.0615986 0.71688 0.0267428 0.0384615 0.412109
1 0.513522 0.751068 0.0180289 0.0576923 0.315674
1 0.97476 0.851496 0.0192307 0.0363248 0.291016
1 0.938702 0.838675 0.0216346 0.0534187 0.286133
1 0.846154 0.494658 0.0456731 0.0502137 0.273682
1 0.810096 0.866453 0.0288462 0.0384616 0.254639
1 0.0612981 0.716346 0.0258413 0.0384616 0.32251
1 0.513221 0.75 0.0168269 0.0576923 0.299072
1 0.846154 0.493857 0.0420673 0.0475427 0.263672
1 0.938101 0.837607 0.0204327 0.0502137 0.253906
