1 0.973558 0.865385 0.0480769 0.0619659 0.282959
1 0.857572 0.113114 0.0336539 0.0504808 0.2854
1 0.967548 0.872863 0.0625 0.0811966 0.270508
1 0.679087 0.0748531 0.0324519 0.0567575 0.266602
1 0.969952 0.871261 0.0504807 0.0598291 0.359375
1 0.671875 0.0696448 0.0384615 0.0484776 0.286865
1 0.323317 0.068109 0.0420673 0.0558226 0.270508
1 0.971154 0.884615 0.0480769 0.059829 0.251709
1 0.973558 0.881944 0.0504807 0.0555556 0.290283
1 0.970553 0.883547 0.0528846 0.0641026 0.331055
1 0.972957 0.885684 0.0540865 0.0726496 0.344238
1 0.796274 0.0657051 0.0528846 0.0737179 0.331055
1 0.794471 0.0625 0.0516827 0.0678419 0.27832
1 0.969952 0.884615 0.0528846 0.0641025 0.253174
1 0.676082 0.0734509 0.0336538 0.0400641 0.311523
1 0.794471 0.061899 0.0504808 0.0612981 0.297363
1 0.971755 0.881944 0.0528847 0.0619658 0.291748
1 0.969952 0.89156 0.0516827 0.0641025 0.284668
1 0.677885 0.0747196 0.0336538 0.0458066 0.269043
1 0.677885 0.0745192 0.0348557 0.0443376 0.341553
1 0.326022 0.0697115 0.0444711 0.0552885 0.290283
1 0.795673 0.0643029 0.0504808 0.0642361 0.271973
1 0.969351 0.886752 0.0540866 0.059829 0.299805
1 0.676683 0.0773237 0.0360577 0.0478098 0.293457
1 0.675481 0.0778579 0.0348558 0.0470086 0.299072
1 0.971154 0.887821 0.0552884 0.0619658 0.265869
1 0.676082 0.0754541 0.0360577 0.0395299 0.256104
1 0.971154 0.883547 0.0504807 0.0502137 0.269775
1 0.676683 0.0775908 0.0348557 0.042735 0.256836
1 0.675481 0.0744525 0.0336538 0.0466079 0.256836
1 0.67488 0.0777911 0.0372596 0.0455395 0.303955
1 0.972055 0.870727 0.0558894 0.0683761 0.279785
1 0.972356 0.885684 0.0504807 0.0619658 0.267334
1 0.676683 0.076656 0.0336538 0.0502137 0.253906
1 0.971154 0.884615 0.0528846 0.0608975 0.290283
1 0.793269 0.0619658 0.0528847 0.0763889 0.265137
1 0.969952 0.886752 0.0528846 0.059829 0.256836
1 0.674279 0.0791934 0.0384615 0.0440705 0.272705
1 0.793269 0.0653045 0.0528847 0.0713141 0.262939
1 0.969952 0.886752 0.0576923 0.0619658 0.257568
1 0.971154 0.884615 0.0528846 0.0705128 0.318359
1 0.672476 0.0774573 0.0384615 0.0475427 0.279785
1 0.795673 0.063101 0.0504808 0.0738515 0.304932
1 0.972356 0.88141 0.0528846 0.0683761 0.297363
1 0.67488 0.0774573 0.0348558 0.0443376 0.286865
1 0.795673 0.0600294 0.0516827 0.0797276 0.265869
1 0.676082 0.078125 0.0360577 0.0480769 0.290283
1 0.96875 0.883547 0.0528847 0.0641026 0.275879
1 0.676683 0.0794605 0.0336538 0.0491453 0.341553
1 0.795673 0.0651709 0.0504808 0.073718 0.341553
1 0.972356 0.885684 0.0504807 0.0555556 0.306641
1 0.857572 0.115652 0.0348557 0.0456731 0.257568
1 0.971154 0.887821 0.0504807 0.0576923 0.339844
1 0.676683 0.0770566 0.0360577 0.0438034 0.305664
1 0.858173 0.113782 0.0360577 0.045406 0.259033
1 0.675481 0.0761218 0.0372596 0.045406 0.341553
1 0.794471 0.0638355 0.0528846 0.0667735 0.317383
1 0.858173 0.112447 0.0384615 0.0475427 0.277588
1 0.971154 0.885684 0.0528846 0.0555556 0.276611
1 0.969952 0.882479 0.0504807 0.0619659 0.327637
1 0.676082 0.0786592 0.0372596 0.0451389 0.299072
1 0.970553 0.88515 0.0516827 0.0566239 0.255371
1 0.675481 0.0783921 0.0336538 0.0381944 0.252441
1 0.971154 0.887821 0.0552884 0.0576923 0.313232
1 0.674279 0.0764557 0.0360577 0.0447383 0.339844
1 0.857572 0.110844 0.0360578 0.0446047 0.2854
1 0.971154 0.885684 0.0552884 0.0576923 0.282959
1 0.760817 0.133681 0.03125 0.0496795 0.268066
1 0.794471 0.0642361 0.0528846 0.0683761 0.252441
1 0.675481 0.0783921 0.0360577 0.042735 0.314941
1 0.971154 0.888889 0.0552884 0.059829 0.29248
1 0.794471 0.0616987 0.0528846 0.0753205 0.2854
1 0.674279 0.0732505 0.0360577 0.0423344 0.294189
1 0.971154 0.888889 0.0528846 0.0544872 0.256104
1 0.674279 0.0798611 0.0336539 0.0448718 0.34082
1 0.971154 0.88515 0.0552884 0.0630341 0.319092
1 0.79387 0.0608974 0.0552885 0.0758547 0.288574
1 0.762019 0.133681 0.0288462 0.0526175 0.259033
1 0.675481 0.077524 0.0360577 0.0452724 0.272705
1 0.793269 0.0635684 0.0528847 0.0651709 0.27124
1 0.674279 0.0782586 0.0360577 0.0440705 0.269775
1 0.794471 0.0647703 0.0540865 0.0707799 0.262207
1 0.674279 0.0758547 0.0360577 0.0438034 0.319092
1 0.969952 0.885684 0.0504807 0.0534188 0.299072
1 0.676683 0.0790598 0.0348557 0.0472756 0.327637
1 0.794471 0.0651709 0.0504808 0.0678419 0.27832
1 0.971154 0.884615 0.0504807 0.0641025 0.262207
1 0.675481 0.0769899 0.0360577 0.046875 0.269775
1 0.674279 0.0788595 0.0360577 0.0447382 0.357666
1 0.969952 0.885684 0.0504807 0.0576923 0.297363
1 0.794471 0.0643697 0.0528846 0.0643697 0.293457
1 0.858173 0.112981 0.0360577 0.0443376 0.277588
1 0.762019 0.133547 0.0288462 0.0459402 0.259766
1 0.675481 0.0774573 0.0348558 0.0432692 0.364746
1 0.795072 0.0624332 0.0528846 0.0650374 0.325928
1 0.971154 0.88141 0.0528846 0.0576923 0.313965
1 0.674279 0.0769231 0.0336539 0.0443376 0.35498
1 0.970553 0.883547 0.0528846 0.0587607 0.325195
1 0.794471 0.0584268 0.0552885 0.0738515 0.279053
1 0.857572 0.112714 0.0360578 0.0462073 0.267334
1 0.762019 0.13328 0.0288462 0.0491453 0.267334
1 0.675481 0.0789931 0.0336538 0.0391293 0.299072
1 0.795673 0.0618323 0.0528846 0.0675748 0.293457
1 0.971154 0.884615 0.0504807 0.059829 0.27832
1 0.676683 0.0767228 0.0336538 0.0463408 0.301514
1 0.675481 0.0779247 0.0360577 0.0458066 0.2854
1 0.794471 0.0627671 0.0504808 0.0657051 0.262939
1 0.796875 0.0607639 0.0552885 0.0761218 0.2854
1 0.675481 0.0765224 0.0360577 0.0499466 0.282227
1 0.675481 0.079594 0.0336538 0.0480769 0.289307
1 0.795072 0.0655048 0.0504807 0.0645032 0.276611
1 0.674279 0.0740518 0.0384615 0.0447383 0.330322
1 0.79387 0.0650374 0.0540866 0.0659722 0.259033
1 0.675481 0.0779915 0.0360577 0.0472756 0.319092
1 0.796875 0.0635684 0.0540865 0.0678419 0.318359
1 0.676082 0.0767228 0.0336538 0.0444712 0.306641
1 0.795673 0.0597623 0.0528846 0.0687767 0.251709
1 0.675481 0.0785256 0.0348558 0.0419338 0.281494
1 0.795673 0.0655716 0.0540865 0.0678419 0.279053
1 0.675481 0.0779915 0.0336538 0.0443376 0.323486
1 0.794471 0.0596955 0.0516827 0.068109 0.291748
1 0.676082 0.078726 0.0360577 0.0482105 0.279053
1 0.676082 0.0782586 0.0348557 0.0446047 0.309082
1 0.794471 0.061899 0.0528846 0.0653045 0.252441
1 0.675481 0.0778579 0.0336538 0.0443376 0.295898
1 0.795072 0.0612981 0.0540865 0.0667735 0.251709
1 0.795072 0.0596955 0.0540865 0.0758547 0.281494
1 0.67488 0.0786592 0.0348558 0.0440705 0.27124
1 0.793269 0.0608974 0.0528847 0.0673077 0.300781
1 0.67488 0.0782586 0.0360577 0.0448718 0.294189
1 0.794471 0.0641026 0.0528846 0.0670406 0.301514
1 0.675481 0.0796608 0.0360577 0.0463408 0.259033
1 0.675481 0.0783921 0.0360577 0.0448718 0.323486
1 0.794471 0.0638355 0.0552885 0.0670406 0.287842
1 0.675481 0.0769899 0.0360577 0.046875 0.310791
1 0.795673 0.0649706 0.0552885 0.0650374 0.297363
1 0.675481 0.0795273 0.0360577 0.0471421 0.326904
1 0.795072 0.0658387 0.0540865 0.0662393 0.29248
1 0.674279 0.0756544 0.0372596 0.0492788 0.253174
1 0.795072 0.0596955 0.0528846 0.0691774 0.321777
1 0.676683 0.0768563 0.0372596 0.0471421 0.303955
1 0.794471 0.0635684 0.0528846 0.065438 0.332031
1 0.676683 0.0773905 0.0360577 0.0458066 0.290283
1 0.794471 0.0643697 0.0552885 0.0699786 0.365723
1 0.675481 0.0781918 0.0360577 0.0503472 0.313965
1 0.858173 0.113248 0.0360577 0.0464744 0.256836
1 0.762019 0.134615 0.0288462 0.0486111 0.252441
1 0.794471 0.0636352 0.0552885 0.069578 0.38208
1 0.675481 0.0786592 0.0360577 0.0472756 0.303955
1 0.858173 0.113782 0.0348558 0.0438034 0.251709
1 0.794471 0.0632345 0.0552885 0.0679754 0.362061
1 0.675481 0.0778579 0.0360577 0.048344 0.303955
1 0.794471 0.0579594 0.0564904 0.0689103 0.320801
1 0.675481 0.0761886 0.0360577 0.0455395 0.291748
1 0.675481 0.0728499 0.0372596 0.046875 0.344238
1 0.794471 0.0554387 0.0552885 0.0686098 0.265137
1 0.675481 0.0747863 0.0336538 0.0443376 0.399902
1 0.795072 0.0608307 0.0540865 0.0655716 0.362061
1 0.858173 0.113248 0.0360577 0.0408654 0.291016
1 0.325721 0.0657719 0.0426683 0.0484776 0.274414
1 0.795072 0.0629006 0.0528846 0.0649038 0.406494
1 0.676683 0.0780582 0.0360577 0.0452724 0.349609
1 0.762019 0.131677 0.0288462 0.0470086 0.332031
1 0.971154 0.883547 0.0504807 0.0555556 0.301514
1 0.326623 0.0674412 0.0420673 0.0507479 0.290283
1 0.858774 0.116987 0.0348557 0.042735 0.284668
1 0.795072 0.0614984 0.0540865 0.0703793 0.413086
1 0.676683 0.0759215 0.0360577 0.0471421 0.362061
1 0.969952 0.88141 0.0552885 0.0598291 0.350342
1 0.325721 0.068109 0.0444711 0.0552885 0.329346
1 0.859375 0.115919 0.0360577 0.0448718 0.29248
1 0.762019 0.130609 0.03125 0.051282 0.275146
1 0.795673 0.0647703 0.0552885 0.0646368 0.40918
1 0.676683 0.0767895 0.0360577 0.0459402 0.399902
1 0.858173 0.115251 0.0360577 0.0438034 0.319092
1 0.971154 0.877137 0.0552884 0.059829 0.309082
1 0.326623 0.0686432 0.0438702 0.0520833 0.272705
1 0.76262 0.13101 0.0300481 0.0472756 0.265137
1 0.675481 0.0782586 0.0360577 0.0422009 0.431152
1 0.794471 0.065438 0.0540865 0.0630342 0.417725
1 0.326623 0.0679087 0.0438702 0.0519498 0.36377
1 0.969952 0.879273 0.0552885 0.0576924 0.332031
1 0.858774 0.115251 0.0348557 0.0408654 0.303955
1 0.763221 0.129407 0.0288462 0.0475427 0.271973
1 0.795072 0.0659722 0.0528846 0.0627671 0.412109
1 0.676082 0.0793269 0.0336538 0.0440705 0.394287
1 0.858774 0.117254 0.0348557 0.0422009 0.300781
1 0.762019 0.131277 0.0288462 0.0435363 0.286133
1 0.326322 0.0693109 0.0420673 0.0502137 0.266602
1 0.969351 0.877137 0.0492788 0.0566239 0.250977
1 0.794471 0.0651042 0.0528846 0.0637019 0.525391
1 0.676683 0.0787927 0.0360577 0.0456731 0.456055
1 0.858774 0.11672 0.0360578 0.0432692 0.35498
1 0.969952 0.882479 0.0504807 0.0555556 0.353027
1 0.76262 0.131143 0.0300481 0.0464744 0.349609
1 0.326923 0.0697115 0.0420673 0.0518162 0.307373
1 0.794471 0.0656384 0.0528846 0.0637019 0.499023
1 0.676082 0.0797276 0.0360577 0.0448718 0.430176
1 0.76262 0.13141 0.0288462 0.0475427 0.363037
1 0.858173 0.116587 0.0348558 0.0413996 0.351318
1 0.326923 0.0677083 0.0426683 0.0520833 0.338135
1 0.972356 0.879273 0.0516828 0.0576924 0.330322
1 0.794471 0.0673745 0.0528846 0.0607639 0.484375
1 0.675481 0.0809963 0.0360577 0.0447383 0.455078
1 0.76262 0.13141 0.0288462 0.0438034 0.354004
1 0.969952 0.881944 0.0504807 0.0534188 0.350342
1 0.858173 0.117655 0.0360577 0.0411325 0.338135
1 0.326923 0.0684428 0.0432692 0.0519498 0.331055
1 0.676082 0.0799279 0.0360577 0.0450053 0.473633
1 0.794471 0.0663061 0.0516827 0.0618323 0.46875
1 0.858173 0.117254 0.0360577 0.0422009 0.346924
1 0.970553 0.881944 0.0504807 0.0544872 0.34082
1 0.762019 0.129941 0.0300481 0.0456731 0.334473
1 0.326623 0.0697783 0.0438702 0.0495459 0.303955
1 0.794471 0.0672409 0.0504808 0.0629006 0.483398
1 0.676082 0.0803953 0.0360577 0.0446047 0.461914
1 0.762019 0.132212 0.0300481 0.0448718 0.343262
1 0.326923 0.0697115 0.0438702 0.0515491 0.339844
1 0.969952 0.879808 0.0504807 0.0544871 0.337158
1 0.858774 0.117788 0.0348557 0.0416667 0.325928
1 0.676082 0.0802618 0.0372596 0.0451389 0.462891
1 0.795072 0.0676416 0.0528846 0.0626335 0.44751
1 0.971154 0.88141 0.0504807 0.0566239 0.351318
1 0.859375 0.118056 0.0360577 0.042735 0.332764
1 0.327524 0.0705796 0.0444712 0.0527511 0.328613
1 0.762019 0.131677 0.03125 0.0464744 0.328613
1 0.794471 0.0685096 0.0528846 0.0622329 0.484375
1 0.676082 0.0811966 0.0372596 0.045406 0.450439
1 0.970553 0.88141 0.0516827 0.0555556 0.362061
1 0.762019 0.132612 0.0288462 0.0446047 0.360352
1 0.327524 0.0711806 0.0432692 0.0542201 0.341553
1 0.858774 0.119391 0.0348557 0.0422009 0.33374
1 0.794471 0.0682425 0.0528846 0.0625 0.516602
1 0.675481 0.0807959 0.0360577 0.0451389 0.470703
1 0.970553 0.881944 0.0516827 0.0566239 0.375732
1 0.762019 0.132746 0.0288462 0.0448718 0.353027
1 0.327524 0.0707799 0.0444712 0.0558226 0.346924
1 0.859375 0.11859 0.0360577 0.0405983 0.337158
1 0.795072 0.0683761 0.0516827 0.0619658 0.487305
1 0.676683 0.0809295 0.0360577 0.045406 0.450439
1 0.969351 0.880342 0.0516827 0.0523504 0.374756
1 0.762019 0.131944 0.03125 0.045406 0.345215
1 0.327524 0.0712473 0.0444712 0.0551549 0.331055
1 0.858774 0.11899 0.0360578 0.0416667 0.313965
1 0.794471 0.068109 0.0504808 0.0619658 0.495117
1 0.676683 0.0807959 0.0360577 0.0443376 0.477539
1 0.969351 0.880876 0.0504807 0.0544872 0.389648
1 0.762019 0.131677 0.0288462 0.0456731 0.379395
1 0.858173 0.118857 0.0360577 0.0405983 0.349609
1 0.327524 0.0711806 0.0432692 0.0536859 0.346924
1 0.794471 0.0685096 0.0516827 0.0622329 0.499023
1 0.676683 0.081664 0.0360577 0.0442041 0.456055
1 0.969351 0.880342 0.0516827 0.0534187 0.37207
1 0.762019 0.132479 0.0288462 0.0456731 0.354004
1 0.327524 0.0713809 0.0444712 0.0540865 0.324219
1 0.858774 0.119391 0.0360578 0.0405983 0.324219
1 0.794471 0.0686432 0.0516827 0.0622329 0.504883
1 0.676082 0.0815972 0.0372596 0.0446047 0.470703
1 0.969952 0.879273 0.0528846 0.0534187 0.377441
1 0.762019 0.132345 0.0288462 0.0456731 0.357666
1 0.858774 0.119391 0.0360578 0.0411325 0.33374
1 0.327524 0.0717147 0.0444712 0.0544872 0.326904
1 0.795072 0.066039 0.0528846 0.0626335 0.411133
1 0.676082 0.0793269 0.0336538 0.0440705 0.394287
1 0.858774 0.117254 0.0348557 0.0422009 0.300781
1 0.762019 0.131277 0.0288462 0.0435363 0.286865
1 0.326322 0.0693109 0.0420673 0.0504808 0.266602
1 0.969351 0.877137 0.0492788 0.0566239 0.250977
