1 0.20012 0.961539 0.0252404 0.0405983 0.263672
1 0.19982 0.964209 0.0264423 0.0384616 0.256836
1 0.19982 0.965812 0.0246394 0.034188 0.291016
1 0.200721 0.962607 0.0249399 0.0352564 0.321777
1 0.472356 0.236712 0.0276442 0.0340545 0.276611
1 0.200721 0.965812 0.0264423 0.0384616 0.338867
1 0.472356 0.238248 0.0294471 0.0347222 0.268066
1 0.200421 0.963141 0.0258414 0.0373932 0.350342
1 0.472055 0.238315 0.0282452 0.0319177 0.274414
1 0.201022 0.962607 0.0246394 0.0363248 0.380371
1 0.472656 0.23778 0.0276443 0.0329861 0.317383
1 0.19997 0.964209 0.0243389 0.0352564 0.350342
1 0.471755 0.237447 0.0276442 0.0299145 0.280518
1 0.200721 0.963675 0.0258414 0.0363248 0.398926
1 0.472356 0.237246 0.0276442 0.0329861 0.339844
1 0.200721 0.963675 0.0252404 0.0363248 0.389648
1 0.472356 0.237447 0.0276442 0.0331196 0.328613
1 0.200421 0.963675 0.0246394 0.0341881 0.414795
1 0.471755 0.236645 0.0276442 0.0309829 0.312256
1 0.19997 0.964209 0.0249399 0.0352564 0.410156
1 0.471454 0.236378 0.0288462 0.0336539 0.353027
1 0.20027 0.963675 0.0246394 0.0352564 0.420654
1 0.471454 0.237447 0.0282452 0.0325855 0.353027
1 0.200421 0.964744 0.0252404 0.0363248 0.407227
1 0.471755 0.236912 0.0288461 0.034188 0.35498
1 0.200721 0.964744 0.0246394 0.0341881 0.395996
1 0.472356 0.236645 0.0288461 0.0331196 0.361084
1 0.200421 0.964744 0.0249399 0.0363248 0.401611
1 0.472055 0.236912 0.0282452 0.0320513 0.330322
1 0.200421 0.964744 0.0255409 0.0363248 0.391357
1 0.472356 0.236712 0.0288461 0.0329861 0.327637
1 0.200721 0.964744 0.0252404 0.0363248 0.414795
1 0.472055 0.236645 0.0288462 0.0336539 0.369385
1 0.200721 0.964744 0.0249399 0.0363248 0.394287
1 0.472356 0.237113 0.0288461 0.0332532 0.34082
1 0.200571 0.964744 0.0249399 0.0341881 0.397949
1 0.472055 0.237246 0.0288462 0.0329861 0.343262
1 0.19997 0.964209 0.0243389 0.0352564 0.350342
1 0.471755 0.237447 0.0276442 0.0299145 0.280518
