1 0.0718149 0.409188 0.0507812 0.0544872 0.301514
1 0.203426 0.0238048 0.0258414 0.0476095 0.286865
1 0.203275 0.025641 0.0219351 0.0512821 0.313232
1 0.645433 0.0717147 0.0252404 0.0945513 0.299072
1 0.204026 0.0331864 0.0276442 0.0663729 0.262207
1 0.65024 0.0632846 0.0408654 0.107138 0.27832
1 0.649038 0.0727163 0.0348558 0.104567 0.259766
1 0.204928 0.0315839 0.0288461 0.0631677 0.259033
1 0.713942 0.0177618 0.0456731 0.0355235 0.253906
1 0.20628 0.0286792 0.0267428 0.0573584 0.279785
1 0.65024 0.0663729 0.0336539 0.100694 0.270508
1 0.649038 0.0703626 0.0408654 0.107138 0.274414
1 0.205529 0.0354567 0.0324519 0.0709135 0.26123
1 0.205379 0.0309161 0.0291466 0.0618323 0.289307
1 0.205529 0.0361579 0.031851 0.0723157 0.363037
1 0.205379 0.0341213 0.0315505 0.0682425 0.305664
1 0.205228 0.0345219 0.030649 0.0690438 0.269775
1 0.20613 0.0338876 0.030649 0.0677751 0.274414
1 0.159706 0.324519 0.0429688 0.0422009 0.256836
1 0.713942 0.0157585 0.0480769 0.0315171 0.265869
1 0.205228 0.0321181 0.031851 0.0642361 0.250977
1 0.207181 0.0332866 0.0303486 0.0665732 0.281494
1 0.205529 0.0348558 0.030649 0.0697115 0.318359
1 0.204928 0.0342548 0.03125 0.0685096 0.283691
1 0.142428 0.248397 0.031851 0.042735 0.27124
1 0.205228 0.033754 0.0291466 0.067508 0.337158
1 0.159255 0.323718 0.0444712 0.0438034 0.263672
1 0.205529 0.034355 0.030649 0.0687099 0.297363
1 0.205529 0.0338208 0.0300481 0.0676416 0.307373
1 0.141827 0.249733 0.0315505 0.0443376 0.268066
1 0.204778 0.0343216 0.03125 0.0686432 0.273682
1 0.205379 0.0323518 0.0282452 0.0647035 0.264404
1 0.206731 0.0346555 0.031851 0.0693109 0.301514
1 0.142879 0.25 0.0324519 0.042735 0.262939
1 0.713341 0.0162927 0.0420673 0.0325855 0.250244
1 0.207332 0.0351229 0.0288462 0.0702457 0.254639
1 0.158353 0.323184 0.047476 0.0438034 0.253174
1 0.141376 0.249466 0.0303486 0.0459402 0.29834
1 0.156851 0.323184 0.0492788 0.0416667 0.254639
1 0.143329 0.249466 0.0324519 0.0470086 0.251709
1 0.205379 0.034789 0.0303486 0.069578 0.267334
1 0.14363 0.251068 0.030649 0.0438034 0.294189
1 0.205679 0.0339209 0.0291466 0.0678419 0.253174
1 0.143179 0.25 0.0324519 0.0448718 0.264404
1 0.161659 0.322917 0.0396635 0.0411325 0.269775
1 0.143029 0.251603 0.031851 0.0438034 0.262939
1 0.14363 0.250534 0.0300481 0.0405983 0.251709
1 0.142428 0.250534 0.0300481 0.0438034 0.263672
1 0.142879 0.251068 0.0300481 0.0416667 0.259766
1 0.143329 0.250801 0.0336538 0.0459402 0.279785
1 0.14363 0.250801 0.0330529 0.0459402 0.273682
1 0.14393 0.252137 0.03125 0.0438034 0.307373
1 0.20613 0.0330529 0.0288462 0.0661058 0.265137
1 0.144231 0.249933 0.0333534 0.0482105 0.269043
1 0.14393 0.250534 0.03125 0.045406 0.262207
1 0.20598 0.0309829 0.030649 0.0619658 0.252441
1 0.14363 0.250534 0.0321514 0.0507479 0.301514
1 0.206881 0.0334535 0.0315505 0.0669071 0.263672
1 0.14393 0.252137 0.0327524 0.0448718 0.293457
1 0.0732422 0.412393 0.0533353 0.0625 0.260498
1 0.206581 0.0360243 0.03125 0.0720486 0.258301
1 0.144832 0.251603 0.0324519 0.0459402 0.294922
1 0.0736929 0.412927 0.0528846 0.0608974 0.257568
1 0.207332 0.0357572 0.030649 0.0715144 0.256836
1 0.14363 0.250534 0.0324519 0.0480769 0.258301
1 0.14363 0.249733 0.0321514 0.0507479 0.270508
1 0.71274 0.0170272 0.0432692 0.0340545 0.29248
1 0.142428 0.254274 0.030649 0.045406 0.289307
1 0.205829 0.0333534 0.03125 0.0667067 0.27832
1 0.20613 0.0330863 0.0300481 0.0661725 0.284668
1 0.14363 0.254808 0.0309495 0.0443376 0.276611
1 0.713341 0.0184963 0.0432692 0.0369925 0.259766
1 0.143329 0.255876 0.0324519 0.045406 0.30249
1 0.157602 0.325321 0.0480769 0.0448718 0.30249
1 0.713942 0.0185296 0.0432692 0.0370593 0.29834
1 0.206581 0.0340545 0.031851 0.068109 0.289307
1 0.0730168 0.416667 0.0531851 0.059829 0.251709
1 0.14348 0.252938 0.030649 0.045406 0.352295
1 0.205829 0.0345887 0.030649 0.0691774 0.2854
1 0.713942 0.0174279 0.0432692 0.0348558 0.274414
1 0.143329 0.254541 0.030649 0.0427351 0.36377
1 0.71274 0.0169605 0.045673 0.0339209 0.354004
1 0.0731671 0.412393 0.0545373 0.0608974 0.339844
1 0.204928 0.0327858 0.0294471 0.0655716 0.29248
1 0.204778 0.0342548 0.0297476 0.0685096 0.36377
1 0.142728 0.254541 0.0300481 0.0438034 0.338135
1 0.713942 0.0170606 0.0432692 0.0341213 0.279053
1 0.143179 0.252671 0.0309495 0.0448718 0.385742
1 0.205829 0.0344551 0.03125 0.0689103 0.37207
1 0.0725661 0.411325 0.0546875 0.0630342 0.339844
1 0.713341 0.0168269 0.0432692 0.0336538 0.321777
1 0.160757 0.324519 0.0405649 0.0389957 0.259766
1 0.143329 0.253739 0.0300481 0.042735 0.38208
1 0.205228 0.0338542 0.030649 0.0677083 0.364746
1 0.0732422 0.411325 0.0533353 0.0598291 0.345947
1 0.713942 0.0165598 0.0444712 0.0331197 0.329346
1 0.160306 0.324786 0.0405649 0.0384615 0.259033
1 0.142728 0.253739 0.03125 0.0438034 0.394287
1 0.206731 0.0337874 0.030649 0.0675748 0.362061
1 0.71274 0.0171608 0.045673 0.0343216 0.350342
1 0.0728666 0.412126 0.0540865 0.0566239 0.345947
1 0.142879 0.253739 0.0315505 0.0448718 0.39502
1 0.713341 0.0172943 0.0456731 0.0345887 0.341553
1 0.20628 0.0329861 0.03125 0.0659722 0.332764
1 0.0735427 0.411859 0.0536358 0.0576923 0.289307
1 0.143029 0.253205 0.03125 0.0448718 0.401611
1 0.713942 0.0178619 0.0432692 0.0357238 0.349609
1 0.207031 0.0342548 0.0300481 0.0685096 0.34082
1 0.0734676 0.411325 0.0537861 0.0587607 0.327637
1 0.161659 0.325321 0.0384615 0.0395299 0.256104
1 0.143179 0.253739 0.031851 0.0459402 0.393311
1 0.207031 0.0343216 0.030649 0.0686432 0.348633
1 0.0731671 0.410791 0.0546875 0.0608974 0.328613
1 0.713942 0.0178953 0.0432692 0.0357906 0.320068
1 0.159405 0.325855 0.0438702 0.0416667 0.267334
1 0.14348 0.254274 0.031851 0.0448718 0.395996
1 0.206881 0.0339543 0.0303486 0.0679087 0.379395
1 0.713942 0.0182959 0.0432692 0.0365919 0.320801
1 0.0730919 0.411058 0.0536358 0.0603633 0.308105
1 0.159255 0.326923 0.0444712 0.0416667 0.282959
1 0.143329 0.254274 0.031851 0.0448718 0.424316
1 0.207181 0.0340879 0.0297476 0.0681758 0.39502
1 0.0734676 0.410524 0.0540865 0.0614316 0.388672
1 0.159255 0.326389 0.0444712 0.0411325 0.294189
1 0.713942 0.0188301 0.0456731 0.0376603 0.29248
1 0.143329 0.254274 0.0333534 0.0459402 0.404541
1 0.207031 0.0346888 0.030649 0.0693777 0.373047
1 0.0734676 0.410791 0.054387 0.0608974 0.359375
1 0.714543 0.0195646 0.0456731 0.0391293 0.271973
1 0.160306 0.326923 0.0420673 0.0411325 0.258301
1 0.143329 0.254808 0.0324519 0.0448718 0.42334
1 0.206731 0.0347222 0.0303486 0.0694444 0.389648
1 0.0731671 0.411058 0.0537861 0.0608974 0.331055
1 0.713341 0.0184963 0.0444711 0.0369925 0.271973
1 0.143329 0.255342 0.0324519 0.0443376 0.399902
1 0.206731 0.0345887 0.0300481 0.0691774 0.373047
1 0.0733173 0.411325 0.0540865 0.0608974 0.332764
1 0.713942 0.0184629 0.0456731 0.0369257 0.271973
1 0.143179 0.255342 0.0327524 0.0448718 0.419678
1 0.206731 0.0347556 0.030649 0.0695112 0.380371
1 0.0731671 0.410791 0.0546875 0.0619658 0.349609
1 0.713942 0.0185296 0.0456731 0.0370593 0.289307
1 0.160156 0.326923 0.0414663 0.0405983 0.253174
1 0.204778 0.0342548 0.0297476 0.0685096 0.36377
1 0.142728 0.254541 0.0300481 0.0438034 0.338135
1 0.713942 0.0170606 0.0432692 0.0341213 0.279053
