1 0.876202 0.826389 0.0228365 0.0512821 0.420654
1 0.870793 0.849893 0.0264422 0.0534188 0.250977
1 0.873798 0.833868 0.0288462 0.0566239 0.299072
1 0.344351 0.619658 0.0228365 0.0491453 0.276611
1 0.343149 0.616453 0.0264423 0.034188 0.273682
1 0.871995 0.851496 0.0252404 0.0448718 0.269775
1 0.873197 0.852564 0.0228366 0.0534187 0.281494
1 0.873798 0.848291 0.0240385 0.0502137 0.256104
1 0.873197 0.836004 0.0276443 0.0555556 0.286865
1 0.58113 0.468216 0.0420673 0.0849359 0.256104
1 0.873197 0.849893 0.0264422 0.0576923 0.266602
1 0.578726 0.458868 0.0456731 0.0844017 0.250977
1 0.872596 0.850427 0.0264423 0.051282 0.26123
1 0.342548 0.619658 0.0240385 0.0352564 0.253174
1 0.871995 0.847222 0.0252404 0.0512821 0.251709
1 0.873798 0.850427 0.0288462 0.0491453 0.275146
1 0.872596 0.847222 0.0264423 0.0534188 0.251709
1 0.872596 0.849893 0.0288462 0.0480769 0.262939
1 0.873798 0.848291 0.0264423 0.0491453 0.269775
1 0.872596 0.849359 0.0264423 0.0491453 0.307373
1 0.34375 0.613248 0.0240385 0.0299146 0.265137
1 0.872596 0.846154 0.0288462 0.0512821 0.349609
1 0.34375 0.613248 0.0240385 0.0320513 0.260498
1 0.853365 0.163462 0.0240385 0.0384615 0.254639
1 0.872596 0.846688 0.0288462 0.051282 0.342529
1 0.34405 0.61859 0.0252404 0.0331197 0.279053
1 0.871995 0.845086 0.0276443 0.0491453 0.336426
1 0.34375 0.617521 0.0240385 0.0320513 0.265137
1 0.34375 0.617521 0.0240385 0.0309829 0.323486
1 0.872596 0.844017 0.0288462 0.0491453 0.315674
1 0.871995 0.842949 0.0264422 0.0491453 0.325195
1 0.343149 0.61859 0.0240385 0.0299145 0.32251
1 0.872596 0.844017 0.0288462 0.0491453 0.388672
1 0.343149 0.617521 0.0240385 0.0299145 0.360352
1 0.853365 0.162927 0.0240385 0.0373932 0.265137
1 0.58774 0.586538 0.016827 0.0299145 0.265137
1 0.643029 0.206063 0.0240385 0.0288461 0.256836
1 0.41887 0.965812 0.0204327 0.0299145 0.255371
1 0.873798 0.844017 0.0288462 0.0491453 0.327637
1 0.343149 0.619658 0.0228365 0.0299146 0.326904
1 0.643029 0.206197 0.0240385 0.0285791 0.264404
1 0.586538 0.586538 0.015625 0.0299145 0.260498
1 0.343149 0.619124 0.0240385 0.0299146 0.351318
1 0.872596 0.843483 0.0276442 0.048077 0.346924
1 0.852764 0.163462 0.0240385 0.036859 0.269775
1 0.586538 0.587073 0.0168269 0.0288461 0.265869
1 0.872596 0.843483 0.0288462 0.0491453 0.38501
1 0.343149 0.620192 0.0240385 0.0309829 0.35498
1 0.852163 0.163194 0.0240384 0.0379274 0.276611
1 0.586538 0.586538 0.0168269 0.0277778 0.275879
1 0.642428 0.205796 0.0240385 0.0277778 0.270508
1 0.872596 0.844017 0.0276442 0.0491453 0.360352
1 0.34375 0.620727 0.0240385 0.0309829 0.347656
1 0.587139 0.587607 0.015625 0.0277778 0.286133
1 0.642428 0.206464 0.0240385 0.0275107 0.257568
1 0.873197 0.844017 0.0288461 0.0512821 0.415771
1 0.34375 0.620727 0.0240385 0.0320513 0.362061
1 0.852765 0.163996 0.0252404 0.0384615 0.299805
1 0.643029 0.207131 0.0240385 0.0285791 0.273682
1 0.873798 0.844017 0.0288462 0.0491453 0.421631
1 0.34375 0.619658 0.0240385 0.0299146 0.351318
1 0.853365 0.164396 0.0240385 0.0371261 0.290283
1 0.643029 0.206464 0.0240385 0.0277778 0.263672
1 0.587139 0.588675 0.015625 0.0267094 0.260498
1 0.419171 0.965812 0.0198317 0.0299145 0.253906
1 0.872596 0.844551 0.0288462 0.0491453 0.435791
1 0.34345 0.621795 0.0240385 0.0299145 0.357666
1 0.852163 0.165064 0.0240384 0.0373932 0.311523
1 0.586538 0.589209 0.015625 0.0277778 0.291016
1 0.642428 0.207265 0.0240385 0.028312 0.280518
1 0.41887 0.967949 0.0198318 0.0299145 0.252441
1 0.873197 0.843483 0.0288461 0.0491453 0.408203
1 0.343149 0.621795 0.0246394 0.0299145 0.349609
1 0.852765 0.164663 0.0252404 0.0376603 0.291748
1 0.586538 0.589209 0.0168269 0.0277778 0.289307
1 0.643029 0.206864 0.0240385 0.028312 0.264404
1 0.41887 0.967415 0.0204327 0.0309829 0.250244
1 0.873197 0.844017 0.0288461 0.0491453 0.431152
1 0.343149 0.621261 0.0246394 0.0309829 0.379395
1 0.852765 0.164797 0.0252404 0.0379274 0.326904
1 0.586538 0.589209 0.0168269 0.0277778 0.299072
1 0.643029 0.206998 0.0240385 0.0288461 0.291016
1 0.41887 0.96688 0.0204327 0.0299145 0.269043
1 0.873798 0.844017 0.0288462 0.0491453 0.412109
1 0.343149 0.621795 0.0240385 0.0309829 0.353027
1 0.852765 0.164797 0.0252404 0.0373932 0.299072
1 0.586538 0.589744 0.0168269 0.0267094 0.272705
1 0.643029 0.208066 0.0240385 0.028312 0.256836
1 0.873197 0.844017 0.0288461 0.0491453 0.424316
1 0.343149 0.621795 0.0246394 0.0299145 0.370117
1 0.852163 0.164797 0.0240384 0.0373932 0.304932
1 0.643029 0.207799 0.0240385 0.0277778 0.275146
1 0.586538 0.589744 0.0168269 0.025641 0.27124
1 0.871995 0.842949 0.0264422 0.0491453 0.325928
1 0.343149 0.61859 0.0240385 0.0299145 0.32251
