1 0.877404 0.894765 0.0408654 0.0523504 0.509766
1 0.283353 0.929487 0.030649 0.0512821 0.32251
1 0.667067 0.438568 0.0228365 0.0854701 0.275879
1 0.454928 0.61859 0.0180289 0.0448718 0.259766
1 0.878005 0.913996 0.046875 0.0523504 0.256836
1 0.338341 0.655983 0.0294471 0.0491453 0.250977
1 0.598558 0.471154 0.0240385 0.0737179 0.260498
1 0.876202 0.900107 0.0432693 0.051282 0.315674
1 0.602163 0.452991 0.0240385 0.0769231 0.296631
1 0.666466 0.451656 0.0240385 0.0827992 0.280518
1 0.280123 0.934829 0.0298978 0.0598291 0.274414
1 0.990986 0.726496 0.0180288 0.0790598 0.269043
1 0.280349 0.951923 0.0366587 0.0555556 0.30249
1 0.876202 0.897436 0.0408654 0.0438034 0.300781
1 0.664663 0.451389 0.0240385 0.079594 0.37207
1 0.990385 0.725427 0.0192307 0.0747863 0.338135
1 0.28125 0.949786 0.030649 0.0534188 0.277588
1 0.780048 0.548611 0.0240385 0.0448718 0.259766
1 0.602163 0.459402 0.0216346 0.073718 0.295898
1 0.281851 0.936966 0.0330529 0.0641026 0.266602
1 0.664663 0.455662 0.0216346 0.0790599 0.251709
1 0.665264 0.448184 0.0216346 0.0747863 0.287842
1 0.602163 0.453526 0.0240385 0.073718 0.274414
1 0.992188 0.725427 0.015625 0.0662393 0.27124
1 0.664663 0.459402 0.0240385 0.0844017 0.253906
1 0.66226 0.462607 0.0240385 0.0790599 0.291748
1 0.665865 0.461004 0.0264423 0.0886752 0.277588
1 0.990685 0.726496 0.0186298 0.0801282 0.268066
1 0.59976 0.458868 0.0264423 0.0758547 0.332031
1 0.667067 0.462874 0.0240385 0.079594 0.313965
1 0.639423 0.547009 0.0180288 0.0363248 0.301514
1 0.778846 0.547009 0.0216346 0.0363248 0.267334
1 0.991587 0.733974 0.0168269 0.0790599 0.257568
1 0.28155 0.938568 0.0324519 0.0619659 0.251709
1 0.666466 0.46234 0.0252404 0.0892094 0.330322
1 0.600962 0.469017 0.0240385 0.0747863 0.299072
1 0.780048 0.550214 0.0240385 0.0427351 0.270508
1 0.779447 0.550214 0.0240385 0.0427351 0.296631
1 0.879808 0.895299 0.0420672 0.0448718 0.281494
1 0.284255 0.948718 0.0348557 0.0641026 0.274414
1 0.667067 0.461538 0.0264423 0.0897436 0.262207
1 0.340144 0.677885 0.0354567 0.0373932 0.258301
1 0.640625 0.551282 0.0192307 0.0373931 0.250977
1 0.667067 0.462073 0.0240385 0.0811966 0.314941
1 0.667067 0.46234 0.0240385 0.0892094 0.34082
1 0.283353 0.951389 0.0336539 0.0662393 0.256836
1 0.600361 0.455128 0.0240385 0.0715812 0.250977
1 0.666466 0.452991 0.0252404 0.0811966 0.30249
1 0.602163 0.457265 0.0216346 0.065171 0.293457
1 0.990986 0.739316 0.0180288 0.073718 0.273682
1 0.283579 0.936966 0.0301983 0.0566239 0.272705
1 0.664663 0.459135 0.0276442 0.0870727 0.271973
1 0.989784 0.733974 0.0204327 0.0876068 0.258301
1 0.878005 0.898504 0.046875 0.0534188 0.255371
1 0.59976 0.463675 0.0228365 0.0769231 0.294922
1 0.667067 0.459936 0.0240385 0.0865385 0.287842
1 0.991587 0.736645 0.0168269 0.082265 0.287842
1 0.779447 0.550214 0.0228365 0.0427351 0.256836
1 0.878606 0.899038 0.0384616 0.0416667 0.254639
1 0.664663 0.45406 0.0252404 0.0886752 0.271973
1 0.600361 0.462607 0.0228365 0.0790599 0.27124
1 0.990685 0.735043 0.0186298 0.0865385 0.255371
1 0.668269 0.46047 0.0216346 0.0897436 0.348633
1 0.990986 0.732906 0.0180288 0.0790599 0.286133
1 0.780048 0.54968 0.0240385 0.0438034 0.273682
1 0.601562 0.457265 0.0276443 0.0769231 0.269043
1 0.667067 0.46047 0.0240385 0.090812 0.269043
1 0.667067 0.460203 0.0216346 0.0849359 0.310791
1 0.602163 0.462874 0.0240385 0.0763889 0.268066
1 0.780048 0.551282 0.0216346 0.0448718 0.266602
1 0.281851 0.950855 0.0336539 0.0683761 0.260498
1 0.665264 0.459135 0.0264423 0.088141 0.344238
1 0.990685 0.731838 0.0186298 0.0726496 0.273682
1 0.779447 0.551282 0.0228365 0.042735 0.269043
1 0.281851 0.951923 0.0336539 0.0662393 0.259766
1 0.878606 0.898504 0.0420672 0.0448719 0.256836
1 0.876803 0.900107 0.0408654 0.048077 0.273682
1 0.665865 0.467147 0.0240385 0.079594 0.264404
1 0.601562 0.457532 0.0264423 0.0811966 0.330322
1 0.665865 0.454594 0.0240385 0.0870726 0.315674
1 0.991587 0.729701 0.0168269 0.0790599 0.310791
1 0.779447 0.550214 0.0228365 0.0470086 0.295898
1 0.369591 0.371528 0.0252404 0.0550214 0.252441
1 0.665865 0.461004 0.0264423 0.0865385 0.255371
1 0.877404 0.899573 0.0408654 0.0534188 0.251709
1 0.664663 0.461004 0.0264423 0.0886752 0.262939
1 0.601562 0.467949 0.0264423 0.0811966 0.329346
1 0.667067 0.467682 0.0216346 0.0817307 0.329346
1 0.778846 0.55235 0.0240385 0.0448718 0.309082
1 0.878005 0.901709 0.0408653 0.0448719 0.291748
1 0.990685 0.729701 0.0186298 0.076923 0.290283
1 0.640024 0.55235 0.0180288 0.0363248 0.2854
1 0.370493 0.375 0.0276442 0.0528846 0.276611
1 0.280649 0.951389 0.0336538 0.0608974 0.269043
1 0.668269 0.463942 0.0228365 0.0806624 0.295898
1 0.991587 0.730769 0.0168269 0.0790599 0.290283
1 0.877404 0.899573 0.0408654 0.0470086 0.279053
1 0.601562 0.467949 0.0240385 0.0769231 0.266602
1 0.665865 0.44391 0.0216346 0.0758547 0.265137
1 0.780048 0.551816 0.0216346 0.042735 0.255371
1 0.667067 0.451923 0.0240385 0.0790598 0.315674
1 0.990986 0.729701 0.0180288 0.0747863 0.297363
1 0.878005 0.896902 0.0420673 0.0459401 0.290283
1 0.600962 0.465278 0.0264423 0.0747863 0.286865
1 0.282452 0.950855 0.0354567 0.059829 0.275879
1 0.780048 0.548611 0.0240385 0.042735 0.256104
1 0.639423 0.550214 0.0192307 0.0363248 0.250977
1 0.667067 0.461004 0.0216346 0.0854701 0.39502
1 0.991587 0.731838 0.0168269 0.0758547 0.343262
1 0.600962 0.465812 0.0264423 0.0747863 0.339844
1 0.779447 0.550214 0.0240385 0.0448718 0.320068
1 0.639423 0.548611 0.0192307 0.0363248 0.282959
1 0.281325 0.949786 0.0347055 0.0598291 0.280518
1 0.877404 0.899573 0.0384616 0.0470086 0.273682
1 0.370192 0.371795 0.0252404 0.0502137 0.250244
1 0.665865 0.46234 0.0240385 0.0902778 0.320068
1 0.600962 0.457799 0.0252404 0.0758547 0.279053
1 0.665264 0.463408 0.0252404 0.0849359 0.286133
1 0.601562 0.457799 0.0240385 0.0774573 0.274414
1 0.665865 0.461806 0.0240385 0.0860043 0.357666
1 0.777644 0.549145 0.0264423 0.0448718 0.317383
1 0.59976 0.465812 0.0240385 0.0779914 0.291748
1 0.280724 0.951389 0.0359075 0.059829 0.255371
1 0.639423 0.549145 0.0192307 0.034188 0.253906
1 0.369591 0.373932 0.0264423 0.0502137 0.251709
1 0.665865 0.450321 0.0228365 0.0897436 0.374756
1 0.600361 0.454861 0.0240385 0.0779914 0.311523
1 0.778846 0.549145 0.0240385 0.0448718 0.311523
1 0.28095 0.951389 0.0342548 0.0630342 0.265869
1 0.878005 0.898504 0.0408653 0.0470086 0.263672
1 0.369591 0.374466 0.0240385 0.0496795 0.250977
1 0.991286 0.730769 0.0174278 0.0790599 0.368408
1 0.665865 0.453526 0.0216346 0.0865385 0.366699
1 0.602163 0.457265 0.0240385 0.0779915 0.313232
1 0.780048 0.551282 0.0216346 0.042735 0.300781
1 0.878606 0.897436 0.0408654 0.0448718 0.27124
1 0.370793 0.375267 0.0258414 0.0502137 0.260498
1 0.664663 0.455128 0.0228365 0.0940171 0.434082
1 0.991286 0.731303 0.0174278 0.0854701 0.364746
1 0.600962 0.457799 0.0216346 0.0811966 0.35498
1 0.778245 0.550214 0.0228365 0.0448718 0.311523
1 0.640024 0.551816 0.0180288 0.0331197 0.277588
1 0.878606 0.897436 0.0432693 0.0448718 0.277588
1 0.281776 0.942308 0.0338041 0.0662393 0.256836
1 0.369892 0.372863 0.0246394 0.0491453 0.253174
1 0.664663 0.453259 0.0252404 0.0870727 0.327637
1 0.990986 0.728632 0.0180288 0.076923 0.313965
1 0.601562 0.462607 0.0264423 0.0769231 0.280518
1 0.664663 0.454861 0.0240385 0.0876069 0.288574
1 0.991286 0.729701 0.0174278 0.0801282 0.27124
1 0.665264 0.453259 0.0228365 0.0892094 0.369385
1 0.780048 0.547543 0.0216346 0.042735 0.283691
1 0.600962 0.464477 0.0240385 0.079594 0.275146
1 0.877404 0.896368 0.0408654 0.0448718 0.272705
1 0.665264 0.462073 0.0264423 0.0950855 0.346924
1 0.600962 0.46688 0.0264423 0.0844017 0.299805
1 0.779447 0.551282 0.0252404 0.0470086 0.269043
1 0.640625 0.551282 0.0192307 0.0384615 0.26123
1 0.877404 0.899039 0.0396634 0.0491453 0.259033
1 0.990986 0.729701 0.0180288 0.0790599 0.256836
1 0.665865 0.459936 0.0240385 0.0897436 0.313965
1 0.600962 0.455662 0.0264423 0.0774573 0.267334
1 0.991587 0.728633 0.0168269 0.0779914 0.256104
1 0.665865 0.452724 0.0240385 0.0860043 0.391357
1 0.600962 0.456731 0.0240385 0.0790599 0.345215
1 0.878005 0.899039 0.0432693 0.048077 0.30249
1 0.991587 0.729701 0.0168269 0.0811966 0.290283
1 0.778846 0.548077 0.0264423 0.0448718 0.280518
1 0.370493 0.372863 0.0246394 0.0491453 0.256836
1 0.666466 0.453526 0.0228365 0.0940171 0.416748
1 0.599159 0.463675 0.0252404 0.082265 0.345215
1 0.878606 0.898504 0.0432693 0.0470086 0.313232
1 0.780649 0.549145 0.0228365 0.042735 0.284668
1 0.369591 0.373397 0.0252404 0.0502137 0.259033
1 0.282151 0.950855 0.0342548 0.0576923 0.259033
1 0.239633 0.349359 0.0255409 0.0352564 0.253906
1 0.665865 0.453526 0.0240385 0.0886752 0.402588
1 0.59976 0.463675 0.0240385 0.0790599 0.314941
1 0.877404 0.897436 0.0432693 0.0470086 0.307373
1 0.991587 0.729701 0.0168269 0.0811966 0.299072
1 0.778846 0.550214 0.0240385 0.0448718 0.290283
1 0.280649 0.951389 0.0354567 0.0630342 0.256836
1 0.238281 0.35016 0.0243389 0.0373932 0.256104
1 0.666466 0.459936 0.0228365 0.0886752 0.330322
1 0.600962 0.455929 0.0240385 0.0753205 0.300781
1 0.780048 0.550214 0.0240385 0.0427351 0.253174
1 0.666466 0.451389 0.0252404 0.090812 0.315674
1 0.600962 0.455128 0.0264423 0.0769231 0.294922
1 0.990986 0.727564 0.0180288 0.0833334 0.277588
1 0.878606 0.897436 0.0408654 0.0491453 0.250244
1 0.665865 0.461538 0.0240385 0.0844017 0.315674
1 0.601562 0.458333 0.0240385 0.071047 0.27124
1 0.665865 0.451923 0.0240385 0.090812 0.299805
1 0.665865 0.452991 0.0240385 0.0865385 0.337158
1 0.778846 0.55235 0.0264423 0.0491453 0.262207
1 0.600962 0.464477 0.0264423 0.0827992 0.260498
1 0.991587 0.730769 0.0168269 0.0811966 0.253174
1 0.666466 0.45219 0.0216346 0.0860043 0.355713
1 0.780048 0.551816 0.0240385 0.0448718 0.307373
1 0.877404 0.899573 0.0396634 0.0470086 0.295898
1 0.992188 0.731303 0.015625 0.0779915 0.282959
1 0.602163 0.457265 0.0240385 0.0715812 0.279785
1 0.239483 0.35203 0.0240385 0.0373932 0.252441
1 0.665865 0.451122 0.0252404 0.0865385 0.33374
1 0.600962 0.455929 0.0240385 0.0747863 0.259033
1 0.780048 0.548611 0.0240385 0.0438034 0.252441
1 0.990986 0.729701 0.0180288 0.0790599 0.250977
1 0.665865 0.451923 0.0216346 0.0833333 0.339844
1 0.991587 0.730769 0.0168269 0.0747863 0.271973
1 0.602163 0.457265 0.0240385 0.0737179 0.270508
1 0.780048 0.550214 0.0240385 0.0448718 0.265137
1 0.665865 0.452457 0.0240385 0.0865385 0.377441
1 0.990986 0.731838 0.0180288 0.0769231 0.286865
1 0.600962 0.4586 0.0240385 0.0742522 0.281494
1 0.780048 0.551282 0.0240385 0.0459402 0.262207
1 0.665264 0.450855 0.0240385 0.0929487 0.370117
1 0.877404 0.899573 0.0408654 0.0448719 0.276611
1 0.780048 0.54968 0.0240385 0.0459402 0.271973
1 0.600962 0.457799 0.0240385 0.0769231 0.269775
1 0.665264 0.452991 0.0240385 0.0897436 0.364746
1 0.990986 0.730769 0.0180288 0.0822649 0.2854
1 0.780048 0.54968 0.0240385 0.0480769 0.282227
1 0.600962 0.465545 0.0264423 0.0827992 0.262939
1 0.665865 0.453259 0.0204327 0.088141 0.364746
1 0.991587 0.730769 0.0168269 0.0790599 0.320801
1 0.780048 0.55235 0.0216346 0.042735 0.297363
1 0.602163 0.459402 0.0240385 0.0779914 0.295898
1 0.371695 0.375 0.0252404 0.0491453 0.259766
1 0.665264 0.452457 0.0240385 0.0886752 0.33374
1 0.990986 0.728633 0.0180288 0.0811966 0.279785
1 0.778846 0.550214 0.0240385 0.0470086 0.256104
1 0.666466 0.450321 0.0240385 0.0876068 0.305664
1 0.991587 0.727564 0.0168269 0.0811966 0.273682
1 0.665264 0.451389 0.0240385 0.0865384 0.344238
1 0.991286 0.729167 0.0174278 0.0779914 0.323486
1 0.778846 0.54968 0.0240385 0.0448718 0.299805
1 0.600962 0.455662 0.0240385 0.0769231 0.288574
1 0.665865 0.451389 0.0240385 0.0886752 0.30249
1 0.990986 0.728633 0.0180288 0.0811966 0.275879
1 0.780048 0.551282 0.0240385 0.0470086 0.270508
1 0.665865 0.451122 0.0228365 0.0860043 0.319092
1 0.780048 0.54968 0.0240385 0.0459402 0.279053
1 0.991587 0.729701 0.0168269 0.076923 0.268066
1 0.600962 0.456464 0.0252404 0.0753205 0.266602
1 0.877404 0.898504 0.0432693 0.0480769 0.258301
1 0.665865 0.458333 0.0264423 0.0940171 0.343262
1 0.780048 0.550214 0.0240385 0.0470086 0.313965
1 0.991587 0.730235 0.0168269 0.0779915 0.304932
1 0.878606 0.899039 0.0408654 0.0459402 0.267334
1 0.600962 0.4586 0.0240385 0.0769231 0.260498
1 0.780048 0.550214 0.0240385 0.0448718 0.338135
1 0.602163 0.458333 0.0228365 0.0758547 0.335449
1 0.665865 0.451923 0.0216346 0.0817308 0.309814
1 0.991587 0.731838 0.0168269 0.0790599 0.291016
1 0.878606 0.900641 0.0408654 0.0470086 0.291016
1 0.371394 0.372062 0.0252404 0.0496795 0.282227
1 0.28155 0.950855 0.0330529 0.059829 0.262939
1 0.665865 0.461806 0.0240385 0.0870727 0.265869
1 0.667067 0.455662 0.0252404 0.0876069 0.332031
1 0.602163 0.458868 0.0252404 0.079594 0.29248
1 0.780649 0.548611 0.0252404 0.0438034 0.286865
1 0.991587 0.731838 0.0168269 0.0811966 0.264404
1 0.877404 0.898504 0.0408654 0.0470086 0.255371
1 0.371995 0.370192 0.0276442 0.0518163 0.250244
1 0.665865 0.456998 0.0252404 0.0892094 0.313232
1 0.780048 0.549145 0.0240385 0.0448718 0.272705
1 0.990986 0.730769 0.0180288 0.0811966 0.269043
1 0.601562 0.458333 0.0252404 0.0779914 0.262939
1 0.665865 0.454594 0.0240385 0.090812 0.364746
1 0.602163 0.459135 0.0264423 0.0790599 0.294189
1 0.780048 0.550214 0.0240385 0.0470086 0.294189
1 0.991587 0.731838 0.0168269 0.0822649 0.262207
1 0.878005 0.899573 0.0432693 0.0491453 0.259766
1 0.28155 0.953526 0.0348558 0.0630341 0.250977
1 0.665865 0.45406 0.0264423 0.090812 0.348633
1 0.600962 0.458868 0.0264423 0.0790598 0.286865
1 0.780048 0.550214 0.0240385 0.0470086 0.282227
1 0.667067 0.452457 0.0240385 0.0865385 0.334473
1 0.780048 0.550214 0.0240385 0.0470086 0.306641
1 0.991587 0.729701 0.0168269 0.0779914 0.289307
1 0.602163 0.458066 0.0240385 0.0769231 0.2854
1 0.665865 0.45219 0.0240385 0.090812 0.325928
1 0.778846 0.549145 0.0240385 0.0448718 0.282959
1 0.991286 0.730235 0.0174278 0.0811966 0.260498
1 0.665865 0.453793 0.0252404 0.0897436 0.346924
1 0.780048 0.543269 0.0240385 0.0438034 0.305664
1 0.600962 0.458868 0.0264423 0.0811966 0.297363
1 0.991286 0.731303 0.0174278 0.082265 0.281494
1 0.370493 0.372062 0.0258413 0.0507479 0.26123
1 0.778846 0.551282 0.0240385 0.0448718 0.371094
1 0.665264 0.457799 0.0252404 0.0886752 0.358398
1 0.369892 0.372329 0.0264423 0.0523504 0.345947
1 0.28095 0.950855 0.0348558 0.0619659 0.331055
1 0.600361 0.464209 0.0252404 0.0790599 0.323486
1 0.990986 0.735043 0.0180288 0.0833333 0.315674
1 0.639423 0.550214 0.0180288 0.034188 0.307373
1 0.736779 0.54968 0.0144231 0.0384615 0.300781
1 0.65024 0.342682 0.0192308 0.0443376 0.262939
1 0.779447 0.547009 0.0240385 0.0448718 0.40918
1 0.370793 0.370727 0.0252404 0.0491453 0.385742
1 0.281175 0.948718 0.0338041 0.0619659 0.378418
1 0.665865 0.456197 0.0264423 0.0897436 0.357666
1 0.601562 0.463141 0.0240385 0.0790599 0.337158
1 0.991587 0.731838 0.0168269 0.0790599 0.336426
1 0.639423 0.548611 0.0168269 0.0331197 0.331055
1 0.73738 0.547009 0.0144231 0.0363248 0.325195
1 0.933293 0.794338 0.0192307 0.0405983 0.309814
1 0.239183 0.348291 0.0228365 0.0331197 0.308105
1 0.197115 0.653846 0.0258413 0.0299146 0.266602
1 0.452224 0.63141 0.0222355 0.034188 0.255371
1 0.878005 0.905983 0.0408653 0.0459402 0.255371
1 0.822115 0.511752 0.0216346 0.0331196 0.254639
1 0.779447 0.549145 0.0252404 0.0459402 0.414062
1 0.370192 0.370727 0.0264423 0.051282 0.380371
1 0.281325 0.950321 0.0347055 0.0641025 0.379395
1 0.665264 0.456731 0.0252404 0.0886752 0.365723
1 0.991587 0.733974 0.0168269 0.0811966 0.362061
1 0.600962 0.464744 0.0264423 0.0801282 0.360352
1 0.736779 0.549145 0.015625 0.0384615 0.336426
1 0.639423 0.549145 0.0192307 0.034188 0.329346
1 0.239032 0.350962 0.0246394 0.0352564 0.27832
1 0.933894 0.79594 0.0204327 0.0438035 0.273682
1 0.65024 0.340812 0.0204327 0.0459402 0.27124
1 0.822115 0.513355 0.0228365 0.034188 0.265137
1 0.196965 0.657051 0.0270433 0.0309829 0.263672
1 0.452524 0.632479 0.0234375 0.0352564 0.259766
1 0.878606 0.906517 0.0408654 0.0448719 0.254639
1 0.778846 0.547009 0.0252404 0.0448718 0.42627
1 0.665264 0.456464 0.0240385 0.088141 0.411133
1 0.600962 0.463408 0.0252404 0.0806624 0.405518
1 0.991587 0.732906 0.0168269 0.0811966 0.394287
1 0.370793 0.369124 0.0264423 0.0491453 0.373779
1 0.639423 0.547009 0.0180288 0.0320513 0.363037
1 0.281175 0.949786 0.0338041 0.0619659 0.361084
1 0.736779 0.546474 0.0144231 0.0363248 0.351318
1 0.933894 0.791667 0.0204327 0.042735 0.345215
1 0.238882 0.349359 0.0240385 0.0331197 0.341553
1 0.878005 0.903846 0.0408653 0.0448718 0.336426
1 0.452524 0.630876 0.0228365 0.0331197 0.331055
1 0.197416 0.653846 0.0258413 0.0277778 0.288574
1 0.888822 0.515491 0.0204328 0.034188 0.26123
1 0.65024 0.339209 0.0192308 0.0438034 0.250244
1 0.664663 0.454327 0.0240385 0.088141 0.475586
1 0.780048 0.545406 0.0240385 0.042735 0.46875
1 0.990986 0.731303 0.0180288 0.0811966 0.46582
1 0.600361 0.464744 0.0240385 0.0790599 0.439697
1 0.28125 0.948184 0.0330529 0.0619658 0.395996
1 0.370793 0.368857 0.0264423 0.0502137 0.394287
1 0.933894 0.791667 0.0192308 0.0405983 0.393311
1 0.878606 0.903846 0.0384616 0.042735 0.378418
1 0.73738 0.545406 0.0144231 0.0352564 0.363037
1 0.639423 0.548077 0.0168269 0.0320513 0.357666
1 0.453125 0.63141 0.0216346 0.0320513 0.344238
1 0.197716 0.65438 0.0246394 0.0267094 0.303955
1 0.65024 0.338141 0.0192308 0.0427351 0.300781
1 0.822716 0.510684 0.0228366 0.0320513 0.294922
1 0.239483 0.351496 0.0228365 0.0293803 0.2854
1 0.888221 0.515091 0.0192308 0.033921 0.280518
1 0.709135 0.794872 0.0228365 0.0405983 0.279053
1 0.664663 0.455128 0.0240385 0.0897436 0.458984
1 0.778846 0.547009 0.0240385 0.042735 0.443604
1 0.991286 0.730769 0.0174278 0.0790599 0.44165
1 0.600361 0.462874 0.0240385 0.0774573 0.398926
1 0.280574 0.94765 0.0326022 0.0619659 0.376709
1 0.369892 0.367788 0.0258413 0.0491453 0.362061
1 0.736779 0.547009 0.0144231 0.034188 0.355713
1 0.932692 0.792735 0.0192307 0.0405983 0.35498
1 0.451923 0.63141 0.0216346 0.034188 0.353027
1 0.878606 0.904915 0.0408654 0.0448718 0.330322
1 0.639423 0.548611 0.0168269 0.0309829 0.314941
1 0.238882 0.351496 0.0222356 0.0320513 0.309082
1 0.196364 0.653846 0.0246394 0.0277778 0.306641
1 0.822115 0.512286 0.0216346 0.0309829 0.29834
1 0.65024 0.338408 0.0192308 0.0422009 0.29248
1 0.708534 0.794872 0.0228365 0.0416667 0.286133
1 0.88762 0.51656 0.0204328 0.034188 0.258301
1 0.665264 0.454327 0.0252404 0.0902778 0.53418
1 0.779447 0.547009 0.0252404 0.0448718 0.498047
1 0.991587 0.731838 0.0168269 0.0811966 0.464844
1 0.600962 0.463675 0.0264423 0.0779915 0.458984
1 0.28125 0.94765 0.0336539 0.0608974 0.430176
1 0.878005 0.90438 0.0408653 0.0448718 0.414062
1 0.370493 0.368323 0.0270433 0.0486111 0.404541
1 0.736779 0.54594 0.0144231 0.034188 0.396973
1 0.452825 0.630876 0.0228365 0.034188 0.393311
1 0.639423 0.547009 0.0180288 0.0320513 0.38501
1 0.933894 0.792735 0.0204327 0.042735 0.379395
1 0.196815 0.653312 0.0258414 0.0288461 0.353027
1 0.822115 0.511218 0.0216346 0.0320513 0.338135
1 0.65024 0.338141 0.0192308 0.0427351 0.324219
1 0.239633 0.350427 0.024339 0.0331197 0.311523
1 0.888221 0.51656 0.0216347 0.0352564 0.303955
1 0.709135 0.793803 0.0228365 0.0416667 0.299805
1 0.665264 0.455662 0.0240385 0.0886752 0.494141
1 0.780048 0.548077 0.0240385 0.0448718 0.454346
1 0.600962 0.463675 0.0240385 0.0779915 0.44458
1 0.990986 0.732906 0.0180288 0.0790599 0.425293
1 0.281175 0.949252 0.0326021 0.0608975 0.391357
1 0.877404 0.903846 0.0408654 0.042735 0.386719
1 0.371094 0.369124 0.0258414 0.0486111 0.37207
1 0.736779 0.547009 0.0144231 0.0363248 0.37207
1 0.452524 0.63141 0.0234375 0.034188 0.35498
1 0.933894 0.793269 0.0192308 0.042735 0.350342
1 0.639423 0.548077 0.0180288 0.0320513 0.347656
1 0.197115 0.65438 0.0258413 0.0288462 0.34082
1 0.239633 0.353098 0.0234375 0.0320513 0.309814
1 0.65024 0.338942 0.0192308 0.0438034 0.299805
1 0.821515 0.512687 0.0216346 0.0323184 0.299072
1 0.708534 0.794872 0.0228365 0.0405983 0.267334
1 0.888221 0.518162 0.0204327 0.0363248 0.266602
1 0.778846 0.548077 0.0240385 0.042735 0.493164
1 0.600962 0.464477 0.0252404 0.0763889 0.457031
1 0.665264 0.456731 0.0228365 0.0854701 0.455078
1 0.991286 0.733974 0.0174278 0.0790599 0.437744
1 0.28155 0.94765 0.0330529 0.0598291 0.414062
1 0.370493 0.36859 0.0258413 0.0470086 0.405518
1 0.736779 0.547009 0.0168269 0.0363248 0.404541
1 0.878005 0.90438 0.0408653 0.042735 0.389648
1 0.933293 0.792735 0.0204328 0.042735 0.377441
1 0.452224 0.631944 0.0228365 0.0331197 0.358398
1 0.196815 0.653312 0.0264423 0.0277778 0.358398
1 0.639423 0.547009 0.0180288 0.0320513 0.357666
1 0.65024 0.339209 0.0192308 0.0432692 0.334473
1 0.822115 0.513355 0.0216346 0.0309829 0.314941
1 0.239483 0.354701 0.0234375 0.0325855 0.309082
1 0.888221 0.517094 0.0216347 0.0363248 0.297363
1 0.709135 0.79594 0.0240385 0.042735 0.294189
1 0.778846 0.547009 0.0264423 0.0448718 0.5
1 0.665264 0.455662 0.0252404 0.0849359 0.476562
1 0.600962 0.465278 0.0252404 0.0779914 0.454346
1 0.281175 0.94765 0.0338041 0.0598291 0.431152
1 0.990685 0.732906 0.0186298 0.0790599 0.410156
1 0.370493 0.368056 0.0258413 0.0475427 0.402588
1 0.932692 0.792201 0.0216347 0.042735 0.398926
1 0.877404 0.90438 0.0408654 0.0438034 0.397949
1 0.451923 0.632479 0.0234375 0.034188 0.391357
1 0.736779 0.54594 0.0144231 0.0363248 0.374756
1 0.196665 0.653846 0.0255409 0.0277778 0.362061
1 0.65024 0.338675 0.0192308 0.0438034 0.349609
1 0.239183 0.355502 0.0240385 0.0331196 0.341553
1 0.639423 0.547543 0.0168269 0.0309829 0.337158
1 0.821514 0.512821 0.0228365 0.0320513 0.321777
1 0.707933 0.795406 0.0240385 0.042735 0.288574
1 0.888221 0.517094 0.0204327 0.0352564 0.277588
1 0.778846 0.547543 0.0240385 0.0438034 0.499023
1 0.665865 0.455395 0.0240385 0.0849359 0.480469
1 0.600962 0.464209 0.0240385 0.0779915 0.463867
1 0.878606 0.903846 0.0408654 0.042735 0.416748
1 0.281325 0.949252 0.0335036 0.059829 0.414795
1 0.991587 0.731838 0.0168269 0.0790599 0.40918
1 0.370793 0.368056 0.0252404 0.048077 0.403564
1 0.736779 0.54594 0.0144231 0.0352564 0.396973
1 0.452524 0.63141 0.0222356 0.034188 0.396973
1 0.933894 0.792735 0.0192308 0.042735 0.388672
1 0.639423 0.549145 0.0180288 0.0299145 0.373779
1 0.196965 0.653846 0.0249399 0.0267094 0.349609
1 0.65024 0.338408 0.0192308 0.0443376 0.320801
1 0.822115 0.513355 0.0216346 0.0320513 0.313232
1 0.888221 0.518162 0.0216347 0.034188 0.297363
1 0.239483 0.352831 0.0234375 0.0315171 0.288574
1 0.709135 0.79594 0.0216346 0.042735 0.280518
1 0.779447 0.548077 0.0252404 0.0448718 0.490234
1 0.600962 0.46688 0.0252404 0.0790598 0.455078
1 0.666466 0.459402 0.0264423 0.0844017 0.455078
1 0.281776 0.949786 0.0338041 0.0608974 0.418701
1 0.370493 0.369124 0.0264423 0.0502137 0.40918
1 0.736779 0.547543 0.0144231 0.0363248 0.398926
1 0.878606 0.90438 0.0420672 0.0448718 0.393311
1 0.639423 0.551282 0.0168269 0.0320513 0.385742
1 0.991587 0.734509 0.0168269 0.0801282 0.38208
1 0.933894 0.792735 0.0192308 0.042735 0.377441
1 0.452825 0.632479 0.0234375 0.034188 0.367432
1 0.196965 0.65438 0.0255409 0.0277778 0.359375
1 0.65024 0.339744 0.0192308 0.0448718 0.339844
1 0.822115 0.513889 0.0228365 0.0320513 0.325195
1 0.888221 0.518162 0.0204327 0.0363248 0.315674
1 0.239633 0.353632 0.0240385 0.0320513 0.293457
1 0.709135 0.794872 0.0228365 0.042735 0.293457
1 0.779447 0.548077 0.0252404 0.042735 0.498047
1 0.665865 0.456731 0.0252404 0.0854701 0.496094
1 0.600962 0.465278 0.0240385 0.0758547 0.459961
1 0.281851 0.948718 0.0330529 0.0598291 0.437744
1 0.991587 0.73344 0.0168269 0.0790598 0.42334
1 0.370793 0.369658 0.0264423 0.0480769 0.420654
1 0.736779 0.546474 0.0144231 0.0352564 0.405518
1 0.878606 0.904915 0.0408654 0.0448718 0.401611
1 0.933894 0.792735 0.0204327 0.0416667 0.391357
1 0.639423 0.549145 0.0168269 0.0299145 0.366699
1 0.453125 0.632479 0.0234375 0.034188 0.361084
1 0.822115 0.512286 0.0228365 0.0309829 0.346924
1 0.197416 0.653312 0.0252404 0.0267094 0.341553
1 0.65024 0.338675 0.0192308 0.042735 0.336426
1 0.888221 0.517628 0.0192308 0.034188 0.303955
1 0.709135 0.794338 0.0228365 0.0416667 0.299072
1 0.240084 0.354701 0.0240385 0.0331197 0.255371
1 0.779447 0.549145 0.0252404 0.0448718 0.520508
1 0.666466 0.458868 0.0252404 0.0844017 0.518555
1 0.600962 0.465545 0.0240385 0.0763889 0.469727
1 0.991587 0.732906 0.0168269 0.0790599 0.464844
1 0.281776 0.949786 0.0326022 0.0598291 0.443604
1 0.370493 0.370192 0.0258413 0.0491453 0.429199
1 0.736779 0.547543 0.0144231 0.0363248 0.421631
1 0.933894 0.793269 0.0192308 0.042735 0.419678
1 0.878606 0.904915 0.0408654 0.0438034 0.414795
1 0.639423 0.551282 0.0168269 0.0320513 0.377441
1 0.452825 0.632479 0.0234375 0.034188 0.374756
1 0.822115 0.513889 0.0216346 0.0309829 0.358398
1 0.196965 0.653846 0.0252404 0.0277778 0.358398
1 0.65024 0.340278 0.0192308 0.0438034 0.347656
1 0.888221 0.518697 0.0204327 0.0352564 0.317383
1 0.709135 0.795406 0.0228365 0.0416667 0.306641
1 0.239483 0.354701 0.0240385 0.0331197 0.269043
1 0.778846 0.549145 0.0264423 0.0448718 0.5
1 0.666466 0.459936 0.0264423 0.0833333 0.486328
1 0.600361 0.466613 0.0252404 0.0774573 0.439697
1 0.28155 0.949786 0.0336539 0.0598291 0.422607
1 0.991587 0.733974 0.0168269 0.0790599 0.420654
1 0.370493 0.370192 0.0264423 0.0496795 0.416748
1 0.736779 0.548077 0.0144231 0.0373932 0.397949
1 0.933894 0.792735 0.0216347 0.042735 0.396973
1 0.878005 0.904915 0.0420673 0.0448718 0.386719
1 0.638822 0.551282 0.0180288 0.0320513 0.360352
1 0.822115 0.513889 0.0240385 0.0320513 0.347656
1 0.65024 0.340278 0.0192308 0.0438034 0.342529
1 0.196815 0.653846 0.0258414 0.0277778 0.337158
1 0.452524 0.633013 0.0240385 0.034188 0.336426
1 0.888221 0.518697 0.0216347 0.0352564 0.291016
1 0.709135 0.795406 0.0240385 0.0416667 0.290283
1 0.779447 0.548077 0.0252404 0.0448718 0.517578
1 0.666466 0.459135 0.0264423 0.0860043 0.501953
1 0.600962 0.46688 0.0240385 0.0779914 0.457031
1 0.28155 0.949786 0.0336539 0.0598291 0.440674
1 0.370493 0.370192 0.0264423 0.0502137 0.434082
1 0.991286 0.735043 0.0174278 0.0790599 0.422607
1 0.736779 0.547543 0.0144231 0.0373932 0.421631
1 0.933894 0.792735 0.0216347 0.042735 0.407227
1 0.878005 0.904915 0.0408653 0.042735 0.399902
1 0.639423 0.551282 0.0168269 0.0320513 0.379395
1 0.65024 0.340011 0.0204327 0.0448718 0.371094
1 0.822115 0.513755 0.0240385 0.0323184 0.369385
1 0.196815 0.65438 0.0258414 0.0277778 0.369385
1 0.452524 0.632479 0.0240385 0.034188 0.367432
1 0.709135 0.794872 0.0240385 0.0405983 0.309082
1 0.888221 0.518162 0.0216347 0.0363248 0.308105
1 0.239483 0.354968 0.0240385 0.0325855 0.290283
1 0.779447 0.549145 0.0252404 0.0448718 0.500977
1 0.666466 0.459402 0.0252404 0.0844017 0.494141
1 0.600962 0.466346 0.0240385 0.0779914 0.448486
1 0.991587 0.733974 0.0168269 0.0790599 0.420654
1 0.28155 0.949252 0.0330529 0.059829 0.416748
1 0.370793 0.370192 0.0264423 0.0502137 0.414795
1 0.736779 0.548077 0.0144231 0.0373932 0.405518
1 0.878005 0.904915 0.0408653 0.042735 0.389648
1 0.933894 0.792735 0.0192308 0.042735 0.384033
1 0.639423 0.551282 0.0168269 0.0320513 0.371094
1 0.65024 0.340278 0.0192308 0.0448718 0.348633
1 0.196965 0.654915 0.0258413 0.0277778 0.345947
1 0.452524 0.633013 0.0240385 0.034188 0.336426
1 0.822115 0.514423 0.0228365 0.0320513 0.332764
1 0.888221 0.519231 0.0204327 0.0352564 0.294922
1 0.709135 0.794872 0.0216346 0.0405983 0.279053
1 0.239633 0.355769 0.0240385 0.0320513 0.255371
1 0.779447 0.549145 0.0252404 0.0448718 0.520508
1 0.666466 0.461004 0.0252404 0.082265 0.511719
1 0.600962 0.46688 0.0240385 0.0779914 0.458008
1 0.370793 0.369658 0.0264423 0.0491453 0.433105
1 0.281325 0.948718 0.0335036 0.0598291 0.432129
1 0.990986 0.735043 0.0180288 0.0790599 0.428223
1 0.736779 0.548077 0.0144231 0.0363248 0.418701
1 0.878606 0.904915 0.0408654 0.042735 0.400635
1 0.933894 0.792735 0.0192308 0.042735 0.397949
1 0.639423 0.551282 0.0168269 0.0309829 0.38501
1 0.65024 0.340278 0.0192308 0.0438034 0.36377
1 0.196815 0.654915 0.0258414 0.0267094 0.356689
1 0.452524 0.633013 0.0234375 0.034188 0.347656
1 0.822115 0.514423 0.0216346 0.0309829 0.346924
1 0.888221 0.518697 0.0204327 0.034188 0.308105
1 0.708534 0.795406 0.0228365 0.0405983 0.299072
1 0.239483 0.355235 0.0240385 0.0320513 0.258301
1 0.664663 0.455128 0.0240385 0.0897436 0.458984
1 0.778846 0.547009 0.0240385 0.042735 0.443604
1 0.991286 0.730769 0.0174278 0.0790599 0.44165
1 0.600361 0.462874 0.0240385 0.0774573 0.398926
1 0.280574 0.94765 0.0326022 0.0619659 0.376709
1 0.369892 0.367788 0.0258413 0.0491453 0.362061
1 0.736779 0.547009 0.0144231 0.034188 0.355713
1 0.932692 0.792735 0.0192307 0.0405983 0.35498
1 0.451923 0.63141 0.0216346 0.034188 0.353027
1 0.878606 0.904915 0.0408654 0.0448718 0.330322
1 0.639423 0.548611 0.0168269 0.0309829 0.314941
1 0.238882 0.351496 0.0222356 0.0320513 0.308105
1 0.196364 0.653846 0.0246394 0.0277778 0.306641
1 0.822115 0.512687 0.0216346 0.0301816 0.29834
1 0.65024 0.338408 0.0192308 0.0422009 0.29248
1 0.708534 0.794872 0.0228365 0.0416667 0.286133
1 0.88762 0.51656 0.0204328 0.034188 0.257568
