1 0.594351 0.557158 0.03125 0.0502137 0.313232
1 0.500901 0.356838 0.0625 0.0705128 0.279785
1 0.594351 0.575855 0.0324519 0.0470086 0.256104
1 0.14979 0.401709 0.0925481 0.184829 0.279053
1 0.593149 0.560897 0.0384615 0.0555556 0.270508
1 0.593149 0.574786 0.0396635 0.0448718 0.318359
1 0.5 0.371261 0.0649038 0.079594 0.269043
1 0.492188 0.241386 0.0216346 0.0482105 0.282227
1 0.499399 0.37313 0.0600962 0.0731838 0.27124
1 0.491587 0.241987 0.0180288 0.0432692 0.334473
1 0.493389 0.241453 0.0186298 0.0470086 0.269775
1 0.257662 0.274306 0.0303486 0.0438034 0.263672
1 0.59375 0.576923 0.0324519 0.0448718 0.252441
1 0.25601 0.27938 0.0336539 0.0438034 0.256104
1 0.256611 0.278312 0.0366587 0.0491453 0.27124
1 0.258113 0.276175 0.0366586 0.0438034 0.274414
1 0.257812 0.275641 0.0342548 0.0384615 0.336426
1 0.490986 0.23985 0.0204327 0.0384615 0.290283
1 0.257812 0.278846 0.0342548 0.0438034 0.303955
1 0.492188 0.243056 0.0204327 0.0486111 0.251709
1 0.257812 0.278846 0.0336539 0.0405983 0.356689
1 0.491587 0.243323 0.0180288 0.0443376 0.279785
1 0.594802 0.576389 0.0363582 0.0480769 0.269775
1 0.501502 0.373397 0.0643029 0.0779915 0.259766
1 0.257362 0.280182 0.0327524 0.042735 0.325928
1 0.256911 0.281517 0.0336538 0.0432692 0.303223
1 0.258113 0.278312 0.0360577 0.0373932 0.259766
1 0.258714 0.27938 0.0330529 0.0373932 0.294922
1 0.257512 0.277244 0.0366587 0.0405983 0.266602
1 0.258113 0.279647 0.0348558 0.0357906 0.336426
1 0.594351 0.577991 0.0348558 0.0470086 0.252441
1 0.256911 0.278846 0.0336538 0.0416667 0.328613
1 0.491887 0.242521 0.0210336 0.0475427 0.268066
1 0.491887 0.243657 0.0180289 0.046875 0.267334
1 0.259615 0.280449 0.0354567 0.0416667 0.262939
1 0.257812 0.280449 0.0342548 0.0373931 0.299805
1 0.491286 0.244391 0.0186298 0.0443376 0.274414
1 0.257512 0.281517 0.0342548 0.042735 0.275146
1 0.259165 0.279915 0.0357572 0.0405983 0.307373
1 0.490385 0.243323 0.0192307 0.0480769 0.289307
1 0.257812 0.27938 0.0342548 0.0405983 0.291016
1 0.257512 0.276709 0.0330529 0.0395299 0.260498
1 0.489784 0.241453 0.0192307 0.0496795 0.253174
1 0.257362 0.280983 0.0327524 0.0400641 0.355713
1 0.490986 0.244725 0.0210337 0.0490118 0.286865
1 0.165264 0.575855 0.0324519 0.0363248 0.258301
1 0.594952 0.575855 0.0348558 0.042735 0.250977
1 0.258864 0.279647 0.0363582 0.0384615 0.320801
1 0.258113 0.278312 0.0360577 0.0373932 0.306641
1 0.257812 0.278846 0.0336539 0.0373932 0.324219
1 0.490986 0.243857 0.0204327 0.0427351 0.309082
1 0.592548 0.575855 0.0336538 0.042735 0.250977
1 0.256911 0.280449 0.0336538 0.0352564 0.258301
1 0.257812 0.277244 0.0336539 0.0384615 0.320068
1 0.489784 0.242521 0.0228365 0.0443376 0.295898
1 0.257512 0.278312 0.031851 0.0373932 0.310791
1 0.490685 0.24359 0.0180289 0.0438034 0.299072
1 0.257662 0.279647 0.0333534 0.0352564 0.315674
1 0.491887 0.245459 0.0180289 0.042735 0.282959
1 0.489784 0.244391 0.0186298 0.0475427 0.310791
1 0.256911 0.280449 0.0336538 0.0384616 0.30249
1 0.258113 0.276442 0.0348558 0.0379274 0.270508
1 0.257662 0.278312 0.0333534 0.0373932 0.256836
1 0.257512 0.276709 0.0336538 0.0363248 0.314941
1 0.490986 0.240318 0.0174279 0.043937 0.277588
1 0.258263 0.280449 0.0333534 0.0405983 0.288574
1 0.491286 0.244591 0.0210336 0.0492789 0.269043
1 0.257512 0.278312 0.0342548 0.0384615 0.280518
1 0.257212 0.278045 0.0348558 0.0389957 0.341553
1 0.490084 0.240919 0.0198317 0.0438034 0.301514
1 0.166617 0.573718 0.0336538 0.0405983 0.264404
1 0.594351 0.573718 0.0348558 0.0438034 0.252441
1 0.258413 0.278312 0.0360577 0.0373932 0.36377
1 0.491587 0.242254 0.0168269 0.0443376 0.283691
1 0.596755 0.580662 0.0348558 0.0480769 0.26123
1 0.166466 0.575855 0.0342548 0.0384616 0.259766
1 0.490685 0.243323 0.0180289 0.0475427 0.318359
1 0.256911 0.278846 0.0336538 0.0379274 0.318359
1 0.594351 0.574786 0.0336538 0.0405983 0.269775
1 0.258263 0.27938 0.0327524 0.0352564 0.308105
1 0.490986 0.243857 0.0168269 0.0438034 0.259766
1 0.258413 0.278312 0.0336539 0.0400641 0.279785
1 0.257362 0.27938 0.0333534 0.0384615 0.251709
1 0.257362 0.279915 0.0327524 0.0373932 0.281494
1 0.491587 0.245459 0.0192307 0.0491453 0.262939
1 0.258413 0.280182 0.0336539 0.0395299 0.31665
1 0.491286 0.24566 0.0180289 0.043937 0.308105
1 0.594351 0.575321 0.0360577 0.0438034 0.251709
1 0.257812 0.277244 0.0342548 0.0384615 0.294189
1 0.257812 0.276709 0.0330529 0.0395299 0.265869
1 0.491587 0.243857 0.0174279 0.0470085 0.260498
1 0.258413 0.278312 0.0324519 0.0384615 0.274414
1 0.492188 0.243657 0.0186298 0.0490117 0.251709
1 0.258113 0.277778 0.0348558 0.0395299 0.315674
1 0.258113 0.27938 0.0348558 0.0405983 0.277588
1 0.257963 0.27938 0.0333534 0.0363248 0.320068
1 0.258113 0.278312 0.0336539 0.0389957 0.270508
1 0.258113 0.277244 0.0342548 0.0400641 0.274414
1 0.257362 0.277778 0.0327524 0.0373932 0.297363
1 0.490986 0.24172 0.0186298 0.045406 0.258301
1 0.257812 0.279915 0.0342548 0.0395299 0.273682
1 0.257812 0.278045 0.0348558 0.0373932 0.317383
1 0.257812 0.276976 0.0330529 0.0400641 0.315674
1 0.491587 0.241386 0.0192307 0.0482105 0.271973
1 0.595553 0.576923 0.0360577 0.0438034 0.253174
1 0.257963 0.278846 0.0327524 0.036859 0.335449
1 0.596154 0.573718 0.0360577 0.042735 0.280518
1 0.491587 0.242254 0.0186298 0.0491453 0.279053
1 0.166767 0.575855 0.031851 0.0363248 0.26123
1 0.258714 0.275374 0.0348558 0.0373932 0.315674
1 0.492488 0.241186 0.0198317 0.045406 0.256104
1 0.258413 0.276709 0.0330529 0.036859 0.291016
1 0.257362 0.277244 0.0339543 0.0405983 0.313965
1 0.492188 0.240852 0.0192307 0.0492789 0.27124
1 0.166466 0.575321 0.0330529 0.0373932 0.266602
1 0.594952 0.575855 0.0360577 0.0448718 0.260498
1 0.257812 0.278846 0.0336539 0.0384615 0.320068
1 0.491887 0.241186 0.0186298 0.0480769 0.258301
1 0.258864 0.27938 0.0345553 0.0395299 0.32251
1 0.492188 0.242254 0.0180288 0.0475427 0.269775
1 0.596154 0.575855 0.0360577 0.0459401 0.263672
1 0.258113 0.278846 0.0348558 0.0384615 0.280518
1 0.258113 0.276976 0.0348558 0.0389957 0.281494
1 0.594952 0.575855 0.0360577 0.0448718 0.267334
1 0.257512 0.278846 0.0336538 0.0363248 0.380371
1 0.594952 0.573718 0.0360577 0.042735 0.329346
1 0.490986 0.239383 0.0180288 0.046875 0.307373
1 0.258113 0.277244 0.0336539 0.0352564 0.386719
1 0.595553 0.572115 0.0348558 0.0438034 0.360352
1 0.491587 0.238782 0.0180288 0.0459402 0.328613
1 0.166466 0.573718 0.0324519 0.0363248 0.286133
1 0.199219 0.613248 0.0216346 0.0373931 0.273682
1 0.891226 0.714209 0.0228366 0.0320513 0.255371
1 0.258263 0.280449 0.0351562 0.0384616 0.401611
1 0.594802 0.573718 0.0363582 0.0448718 0.362061
1 0.491587 0.241987 0.0192307 0.0486111 0.338135
1 0.183143 0.338408 0.0243389 0.0470086 0.271973
1 0.51262 0.624466 0.0300481 0.0576923 0.271973
1 0.166166 0.573718 0.0342548 0.0384616 0.267334
1 0.198768 0.614316 0.0228365 0.0405983 0.257568
1 0.258413 0.278312 0.0336539 0.0363248 0.442627
1 0.491587 0.240652 0.0180288 0.045406 0.387695
1 0.594952 0.574786 0.0372596 0.0448718 0.367432
1 0.51232 0.622863 0.0288462 0.0576923 0.291748
1 0.199219 0.614316 0.0216346 0.0363248 0.272705
1 0.165865 0.574252 0.0336538 0.0352564 0.252441
1 0.258714 0.278312 0.0336539 0.0352564 0.479492
1 0.594351 0.573718 0.0360577 0.0448718 0.414795
1 0.491587 0.239917 0.0180288 0.0436699 0.414062
1 0.51232 0.622863 0.0282452 0.0555556 0.323486
1 0.199669 0.613248 0.0210336 0.0363248 0.299072
1 0.183293 0.336538 0.0240385 0.045406 0.288574
1 0.166617 0.573718 0.0315505 0.034188 0.259033
1 0.892428 0.712607 0.0228365 0.0299146 0.257568
1 0.257963 0.278045 0.0333534 0.0352564 0.445557
1 0.490685 0.242254 0.0174279 0.0448718 0.390381
1 0.594351 0.573184 0.0348558 0.0438034 0.38501
1 0.512019 0.623932 0.0276443 0.0566239 0.294922
1 0.890625 0.713141 0.0216347 0.0288462 0.26123
1 0.198317 0.613248 0.0204327 0.034188 0.256836
1 0.166016 0.57265 0.0315505 0.034188 0.251709
1 0.258113 0.276976 0.0342548 0.0363248 0.517578
1 0.594351 0.573718 0.0348558 0.042735 0.456055
1 0.491887 0.242254 0.0180289 0.045406 0.410156
1 0.51262 0.622863 0.0288462 0.0576923 0.34082
1 0.166166 0.57265 0.0324519 0.0363248 0.320068
1 0.891827 0.712607 0.0240385 0.0299146 0.294189
1 0.199219 0.61218 0.0210337 0.0363248 0.290283
1 0.183594 0.336538 0.0228365 0.0427351 0.286133
1 0.257812 0.276976 0.0336539 0.0357906 0.499023
1 0.491587 0.243323 0.0180288 0.0459402 0.40918
1 0.594952 0.573718 0.0348558 0.042735 0.408203
1 0.512019 0.623397 0.0276443 0.0566239 0.328613
1 0.183594 0.336538 0.0225361 0.0427351 0.303223
1 0.199519 0.61218 0.0204327 0.0363248 0.290283
1 0.166466 0.57265 0.031851 0.0363248 0.286133
1 0.891827 0.713675 0.0228365 0.0299146 0.282227
1 0.257512 0.276709 0.0342548 0.0363248 0.542969
1 0.594952 0.573718 0.0360577 0.0416667 0.453369
1 0.490986 0.242989 0.0180288 0.0460737 0.445557
1 0.51262 0.623932 0.0288462 0.0576923 0.325928
1 0.166166 0.573184 0.0324519 0.034188 0.294189
1 0.891827 0.712607 0.0240385 0.0299146 0.286133
1 0.199219 0.61218 0.0210337 0.0363248 0.281494
1 0.183143 0.336004 0.0222356 0.0416667 0.273682
1 0.257812 0.276709 0.0342548 0.0373931 0.544922
1 0.594351 0.573718 0.0372596 0.042735 0.469727
1 0.490685 0.243056 0.0186298 0.0459402 0.463867
1 0.512019 0.622863 0.0300481 0.0576923 0.336426
1 0.165865 0.57265 0.0330529 0.0363248 0.332764
1 0.891226 0.712607 0.0228366 0.0299146 0.276611
1 0.198918 0.61218 0.0210337 0.0363248 0.265137
1 0.257812 0.276976 0.0336539 0.0363248 0.539062
1 0.594952 0.573718 0.0360577 0.042735 0.448486
1 0.491587 0.241987 0.0174279 0.0459402 0.443604
1 0.51262 0.623397 0.0288462 0.0587607 0.319092
1 0.891226 0.713141 0.0228366 0.0299145 0.286133
1 0.165715 0.57265 0.0321514 0.034188 0.275146
1 0.182692 0.336004 0.0228365 0.0438034 0.27124
1 0.258113 0.277244 0.0348558 0.0363248 0.549805
1 0.594952 0.573718 0.0372596 0.0448718 0.450439
1 0.491587 0.242788 0.0180288 0.0448718 0.433105
1 0.165865 0.57265 0.0330529 0.0363248 0.325195
1 0.51262 0.623932 0.0294471 0.0576923 0.320801
1 0.198918 0.61218 0.0213341 0.0363248 0.284668
1 0.891226 0.713675 0.0240384 0.0299146 0.27832
1 0.258413 0.276976 0.0342548 0.0347222 0.540039
1 0.594952 0.573184 0.0360577 0.0438034 0.461914
1 0.491587 0.242989 0.0180288 0.0450054 0.436768
1 0.166166 0.57265 0.0324519 0.0363248 0.344238
1 0.51262 0.623932 0.0294471 0.0576923 0.326904
1 0.891827 0.712607 0.0240385 0.0299146 0.30249
1 0.199219 0.61218 0.0210337 0.0363248 0.295898
1 0.183293 0.336271 0.0234375 0.042735 0.291016
1 0.258113 0.278312 0.0348558 0.0363248 0.551758
1 0.595553 0.574252 0.0360577 0.0438034 0.480469
1 0.491587 0.243857 0.0180288 0.0464744 0.454346
1 0.51262 0.624466 0.0300481 0.0576923 0.327637
1 0.166016 0.57265 0.0324519 0.0363248 0.326904
1 0.891226 0.713675 0.0228366 0.0299146 0.304932
1 0.182843 0.336806 0.0234375 0.0438034 0.29834
1 0.198918 0.613248 0.0210337 0.0363248 0.29248
1 0.258413 0.278312 0.0354567 0.0363248 0.523438
1 0.594952 0.574252 0.0360577 0.0438034 0.458008
1 0.491587 0.244391 0.0180288 0.0459402 0.443604
1 0.165865 0.573184 0.0330529 0.0363248 0.324219
1 0.51232 0.625 0.030649 0.0576923 0.30249
1 0.183293 0.337073 0.0240385 0.0438034 0.289307
1 0.890625 0.713141 0.0240385 0.0309829 0.283691
1 0.198768 0.613782 0.0213341 0.0373931 0.282227
1 0.258113 0.278312 0.0348558 0.0357906 0.550781
1 0.594952 0.574252 0.0360577 0.0448718 0.483398
1 0.491587 0.24359 0.0180288 0.0459402 0.453369
1 0.165865 0.573184 0.0324519 0.0363248 0.352295
1 0.199219 0.613248 0.0210337 0.0373931 0.325928
1 0.182993 0.337073 0.0234375 0.0438034 0.320801
1 0.512019 0.623932 0.0300481 0.0576923 0.315674
1 0.891827 0.712607 0.0240385 0.0320513 0.29834
1 0.258413 0.27938 0.0348558 0.0352564 0.537109
1 0.594952 0.574252 0.0360577 0.0438034 0.460938
1 0.491587 0.244191 0.0180288 0.0458066 0.437744
1 0.166016 0.573718 0.0327524 0.0363248 0.34082
1 0.199069 0.614316 0.0210336 0.0363248 0.300781
1 0.51232 0.625 0.0294471 0.0576923 0.287842
1 0.183293 0.337073 0.0234375 0.0438034 0.279785
1 0.891827 0.713675 0.0240385 0.0299146 0.268066
1 0.258113 0.278846 0.0348558 0.0352564 0.554688
1 0.594952 0.574252 0.0360577 0.0438034 0.480469
1 0.491587 0.244124 0.0180288 0.0448718 0.449463
1 0.165865 0.573184 0.0330529 0.0352564 0.343262
1 0.51232 0.625 0.0294471 0.0576923 0.305664
1 0.198918 0.613782 0.0210337 0.0352564 0.303955
1 0.891827 0.713675 0.0240385 0.0299146 0.269043
1 0.183143 0.336806 0.023137 0.0432692 0.265869
1 0.257963 0.278045 0.0333534 0.0352564 0.445557
1 0.490685 0.242254 0.0174279 0.0448718 0.389648
1 0.594351 0.573184 0.0348558 0.0438034 0.38501
1 0.512019 0.623932 0.0276443 0.0566239 0.294922
1 0.890625 0.713141 0.0216347 0.0288462 0.26123
1 0.198317 0.613248 0.0204327 0.034188 0.256104
1 0.166016 0.57265 0.0315505 0.034188 0.251709
