1 0.858173 0.240652 0.0192308 0.0502137 0.287842
1 0.983173 0.476229 0.0240385 0.0657052 0.281494
1 0.215595 0.377671 0.0315505 0.0876069 0.334473
1 0.978365 0.476496 0.0300481 0.0705128 0.294189
1 0.977765 0.475694 0.0276443 0.0635684 0.250977
1 0.740986 0.380075 0.0276443 0.0603632 0.309082
1 0.739183 0.508013 0.03125 0.0747863 0.305664
1 0.214243 0.380876 0.0252404 0.0747863 0.269043
1 0.977163 0.475694 0.0240384 0.0592949 0.269043
1 0.855168 0.242521 0.0264422 0.0534188 0.265869
1 0.739183 0.513755 0.0264423 0.0729167 0.265869
1 0.473858 0.405716 0.0396635 0.0977564 0.259033
1 0.740385 0.384615 0.0264423 0.0683761 0.250244
1 0.739784 0.509482 0.0252404 0.0750534 0.323486
1 0.855769 0.242788 0.0240385 0.0587607 0.283691
1 0.741587 0.379541 0.0216346 0.0582265 0.279785
1 0.214844 0.377404 0.0258413 0.0779915 0.259033
1 0.737981 0.495994 0.0324519 0.088141 0.257568
1 0.213341 0.384081 0.031851 0.0865385 0.305664
1 0.475361 0.400641 0.0408654 0.0972222 0.301514
1 0.739784 0.500534 0.0300481 0.0758547 0.26123
1 0.739183 0.511218 0.0324519 0.0769231 0.265137
1 0.395132 0.339744 0.0186298 0.0528846 0.269043
1 0.739183 0.50641 0.0336538 0.082265 0.253174
1 0.214093 0.382479 0.0303486 0.0822649 0.256104
1 0.740385 0.501068 0.03125 0.0747863 0.27124
1 0.216496 0.38141 0.0261418 0.0737179 0.263672
1 0.47476 0.398504 0.0288462 0.0876069 0.256104
1 0.737981 0.508013 0.0336538 0.0865385 0.304932
1 0.474459 0.400641 0.0372596 0.100427 0.276611
1 0.855769 0.247396 0.0264423 0.0596955 0.265137
1 0.474459 0.400641 0.0324519 0.0908119 0.301514
1 0.474459 0.39984 0.0348558 0.0982906 0.271973
1 0.742788 0.384348 0.0264423 0.0678419 0.260498
1 0.474159 0.404113 0.0360577 0.0892094 0.281494
1 0.975962 0.477564 0.0264422 0.059829 0.27832
1 0.741587 0.385951 0.0276443 0.0667735 0.253906
1 0.474159 0.401175 0.0354568 0.0940171 0.26123
1 0.739183 0.499466 0.0336538 0.0811966 0.293457
1 0.215144 0.380342 0.03125 0.0801282 0.282227
1 0.394832 0.338675 0.0180289 0.0534188 0.256104
1 0.975962 0.477564 0.0264422 0.0619658 0.255371
1 0.474159 0.396902 0.0384615 0.099359 0.250977
1 0.855168 0.248865 0.0288462 0.0588942 0.299072
1 0.450721 0.317308 0.0384615 0.0400641 0.297363
1 0.473558 0.398771 0.0336538 0.090812 0.282227
1 0.740986 0.386218 0.0300481 0.0662393 0.267334
1 0.395433 0.341079 0.0204327 0.0507479 0.262207
1 0.855769 0.247329 0.0288462 0.0560898 0.251709
1 0.475361 0.400107 0.0360577 0.0929487 0.314941
1 0.8125 0.172009 0.0360577 0.0625 0.271973
1 0.451322 0.314637 0.0432693 0.0416667 0.262207
1 0.742788 0.384615 0.03125 0.0641026 0.253906
1 0.977163 0.47703 0.0264423 0.059829 0.253906
1 0.856971 0.247062 0.0288462 0.0528846 0.252441
1 0.855769 0.248464 0.0288462 0.0575588 0.317383
1 0.394832 0.338675 0.0210337 0.0502137 0.304932
1 0.741587 0.387019 0.0288462 0.0683761 0.295898
1 0.47476 0.400908 0.0336538 0.0902778 0.273682
1 0.975962 0.478365 0.0252404 0.0582265 0.273682
1 0.208984 0.384615 0.0288462 0.0801282 0.27124
1 0.813101 0.172009 0.0324519 0.0608974 0.257568
1 0.8125 0.17281 0.0336538 0.0582265 0.259033
1 0.394832 0.339209 0.0198317 0.0475427 0.297363
1 0.854567 0.245994 0.03125 0.0560897 0.284668
1 0.472957 0.400107 0.0360577 0.0940171 0.282227
1 0.415865 0.24359 0.0258414 0.0427351 0.262207
1 0.811899 0.172276 0.03125 0.0603632 0.256836
1 0.741587 0.396368 0.03125 0.0683761 0.254639
1 0.975962 0.477564 0.0228366 0.0566239 0.251709
1 0.472957 0.399038 0.0348558 0.0918803 0.326904
1 0.394832 0.339209 0.0180289 0.0502137 0.2854
1 0.210036 0.379274 0.0288462 0.0811966 0.257568
1 0.740986 0.38515 0.0300481 0.0705128 0.253906
1 0.855769 0.246261 0.0264423 0.0544872 0.250977
1 0.394832 0.340278 0.0192308 0.0496795 0.268066
1 0.855769 0.24813 0.0264423 0.0560897 0.259766
1 0.740986 0.385417 0.0288462 0.0678419 0.258301
1 0.811899 0.173344 0.0324519 0.0584936 0.250977
1 0.474159 0.399038 0.0324519 0.0918803 0.34082
1 0.39363 0.339209 0.0186298 0.0512821 0.282227
1 0.740385 0.385684 0.0264423 0.0726496 0.279053
1 0.854567 0.247329 0.0240385 0.0560898 0.268066
1 0.210637 0.382212 0.03125 0.0854701 0.267334
1 0.415565 0.244591 0.0240385 0.0418002 0.26123
1 0.811298 0.169872 0.03125 0.0651709 0.256836
1 0.0677584 0.451389 0.0249399 0.0373932 0.252441
1 0.448618 0.312233 0.0378606 0.036859 0.356689
1 0.473858 0.395299 0.031851 0.0950855 0.270508
1 0.394832 0.339209 0.0180289 0.0448718 0.265869
1 0.855769 0.245192 0.0264423 0.0544872 0.256836
1 0.47476 0.397703 0.0348557 0.0950855 0.319092
1 0.448317 0.314637 0.0372596 0.0395299 0.301514
1 0.739183 0.503205 0.03125 0.0779914 0.293457
1 0.740385 0.382479 0.03125 0.0673077 0.264404
1 0.855769 0.245192 0.0300481 0.0571581 0.263672
1 0.394832 0.337607 0.0204327 0.045406 0.256104
1 0.811298 0.171741 0.0336538 0.0619658 0.255371
1 0.811298 0.170139 0.03125 0.0592949 0.296631
1 0.394832 0.338942 0.0180289 0.0470086 0.274414
1 0.449519 0.314103 0.0396635 0.0395299 0.269775
1 0.213942 0.38141 0.03125 0.0844017 0.265869
1 0.473558 0.39797 0.0336538 0.0940171 0.325195
1 0.447716 0.312767 0.0372596 0.0400641 0.31665
1 0.395733 0.340278 0.0186298 0.0502137 0.27832
1 0.416466 0.244124 0.0240385 0.0416667 0.27124
1 0.739784 0.38515 0.0288462 0.0694445 0.256104
1 0.854567 0.246194 0.0264423 0.0546207 0.254639
1 0.811298 0.170406 0.03125 0.0592949 0.253174
1 0.474459 0.399038 0.0342548 0.0897436 0.257568
1 0.447115 0.314103 0.0384615 0.0384615 0.254639
1 0.473558 0.400107 0.0342548 0.090812 0.250244
1 0.394832 0.341346 0.0204327 0.0512821 0.250244
1 0.85637 0.248932 0.0264422 0.0550214 0.269775
1 0.448017 0.314637 0.0426682 0.042735 0.269775
1 0.394832 0.339209 0.0192308 0.0491453 0.256104
1 0.448918 0.311966 0.0420673 0.0459402 0.30249
1 0.8125 0.171741 0.0336538 0.0619658 0.258301
1 0.473558 0.396902 0.0294471 0.0897436 0.275146
1 0.811298 0.171207 0.0336538 0.0619658 0.257568
1 0.448918 0.311966 0.0396635 0.0422009 0.253906
1 0.45012 0.313568 0.0396635 0.0438034 0.300781
1 0.472356 0.399038 0.0336539 0.0918803 0.283691
1 0.449219 0.313034 0.0414663 0.0448718 0.294922
1 0.472957 0.399573 0.03125 0.0940171 0.269775
1 0.0696364 0.452991 0.0241887 0.0384615 0.253906
1 0.449519 0.313836 0.0408654 0.0464744 0.328613
1 0.473257 0.399038 0.0330529 0.0961539 0.313232
1 0.8125 0.173745 0.0348558 0.0619658 0.275146
1 0.448918 0.314904 0.0372596 0.0405983 0.274414
1 0.472957 0.39797 0.0300481 0.0956197 0.272705
1 0.8125 0.173611 0.0336538 0.0587607 0.27124
1 0.394832 0.34188 0.0180289 0.0448718 0.262939
1 0.448918 0.314103 0.0396635 0.0416667 0.291748
1 0.472957 0.397436 0.0324519 0.0934829 0.267334
1 0.8125 0.171341 0.0336538 0.0611645 0.269775
1 0.47476 0.399306 0.0342548 0.0945513 0.250977
1 0.447716 0.31437 0.0420673 0.0405983 0.290283
1 0.394531 0.338141 0.0192307 0.0480769 0.258301
1 0.811298 0.17094 0.0348558 0.0603633 0.255371
1 0.448918 0.315171 0.0408654 0.0416667 0.363037
1 0.811899 0.17281 0.0348557 0.0614316 0.254639
1 0.448317 0.313568 0.0408654 0.0400641 0.308105
1 0.8125 0.172276 0.0336538 0.0625 0.274414
1 0.85637 0.247329 0.0288461 0.0587607 0.250244
1 0.448017 0.313568 0.0408654 0.0438034 0.295898
1 0.811899 0.172009 0.0348557 0.0630342 0.275146
1 0.855769 0.247329 0.0288462 0.0587607 0.268066
1 0.394832 0.339209 0.0192308 0.0491453 0.267334
1 0.473257 0.399573 0.0330529 0.0929487 0.262939
1 0.0688101 0.451923 0.0253906 0.0411325 0.256836
1 0.740385 0.385684 0.03125 0.0683761 0.251709
1 0.8125 0.17281 0.0336538 0.0603633 0.317383
1 0.447716 0.315171 0.0414664 0.0405983 0.296631
1 0.85637 0.248665 0.0276443 0.0571581 0.289307
1 0.395433 0.338942 0.0192308 0.0480769 0.289307
1 0.740986 0.386218 0.0300481 0.0683761 0.279053
1 0.0688852 0.453526 0.0255409 0.0395299 0.256836
1 0.472957 0.39797 0.03125 0.0940171 0.256104
1 0.215445 0.381944 0.0300481 0.0785256 0.250977
1 0.448317 0.314637 0.0396635 0.042735 0.277588
1 0.813101 0.168269 0.0348557 0.0603632 0.299072
1 0.473858 0.397169 0.0330529 0.0913462 0.281494
1 0.448618 0.313568 0.0402644 0.0395299 0.268066
1 0.856971 0.247596 0.0288462 0.0566239 0.265137
1 0.396034 0.336271 0.0192308 0.0486111 0.262207
1 0.741587 0.386218 0.03125 0.0694444 0.251709
1 0.448317 0.313568 0.0372596 0.0373932 0.355713
1 0.472356 0.396902 0.0324519 0.0918804 0.269775
1 0.813101 0.171741 0.0324519 0.0582265 0.268066
1 0.395433 0.339209 0.0204327 0.0480769 0.259766
1 0.473858 0.400107 0.0342548 0.0950855 0.348633
1 0.811298 0.171741 0.0336538 0.0625 0.299805
1 0.447115 0.314637 0.0396635 0.0416667 0.277588
1 0.396034 0.340011 0.0192308 0.0486111 0.275146
1 0.0688101 0.452457 0.0243389 0.0395299 0.275146
1 0.855769 0.248464 0.0288462 0.0596955 0.274414
1 0.417668 0.245126 0.0240385 0.0407319 0.260498
1 0.740385 0.387019 0.03125 0.071047 0.255371
1 0.447716 0.315171 0.0396635 0.0384616 0.338135
1 0.474159 0.398771 0.0336538 0.0977564 0.334473
1 0.811298 0.172276 0.0336538 0.0619658 0.307373
1 0.395433 0.339744 0.0192308 0.0496795 0.275146
1 0.417668 0.246194 0.0240385 0.0418002 0.259033
1 0.85637 0.247863 0.0288461 0.0582265 0.258301
1 0.0690355 0.453526 0.0250901 0.0384615 0.256836
1 0.448317 0.314904 0.0396635 0.0416667 0.335449
1 0.811298 0.172543 0.0336538 0.0608974 0.331055
1 0.474459 0.399038 0.0324519 0.0972222 0.294922
1 0.856971 0.24793 0.0288462 0.0586271 0.279785
1 0.395733 0.339476 0.0180288 0.0470086 0.277588
1 0.418269 0.246261 0.0240385 0.0411325 0.263672
1 0.0697867 0.453526 0.0255409 0.0395299 0.26123
1 0.448017 0.31437 0.0396635 0.0416667 0.313965
1 0.8125 0.167468 0.0336538 0.0657051 0.284668
1 0.472957 0.39797 0.03125 0.0934829 0.276611
1 0.394832 0.338141 0.0192308 0.0470085 0.262207
1 0.448317 0.310897 0.0408654 0.0438034 0.321777
1 0.811298 0.169471 0.0336538 0.0598291 0.277588
1 0.395433 0.337607 0.0192308 0.0480769 0.271973
1 0.473257 0.39797 0.0324519 0.0940171 0.259766
1 0.447716 0.314103 0.0372596 0.0384615 0.385742
1 0.810697 0.165598 0.03125 0.0603633 0.376709
1 0.472356 0.399573 0.0342548 0.0940171 0.368408
1 0.854567 0.248998 0.0276443 0.055422 0.356689
1 0.394832 0.338675 0.0192308 0.0480769 0.343262
1 0.739183 0.383013 0.0300481 0.0683761 0.325195
1 0.21244 0.376603 0.031851 0.0811966 0.286133
1 0.0684345 0.458868 0.0244892 0.034188 0.2854
1 0.975962 0.475962 0.0240384 0.0598291 0.2854
1 0.448017 0.314637 0.0354568 0.0389957 0.381104
1 0.395433 0.337607 0.0180289 0.0470085 0.379395
1 0.855769 0.247796 0.0276442 0.0535524 0.375732
1 0.8125 0.1668 0.03125 0.0579594 0.370117
1 0.740385 0.38328 0.03125 0.0673077 0.352295
1 0.0690355 0.456731 0.0241887 0.0363248 0.325928
1 0.472957 0.39984 0.0336538 0.0945513 0.299805
1 0.975962 0.474893 0.0240384 0.0598291 0.284668
1 0.214844 0.379273 0.0294471 0.0790598 0.277588
1 0.417067 0.246795 0.0216346 0.0373932 0.272705
1 0.739784 0.507479 0.0324519 0.0769231 0.254639
1 0.8125 0.170406 0.03125 0.0587607 0.402588
1 0.394832 0.33734 0.0192308 0.0486111 0.38208
1 0.448317 0.315438 0.0372596 0.042735 0.380371
1 0.855769 0.249466 0.0288462 0.0555556 0.377441
1 0.740385 0.386752 0.03125 0.0683761 0.366699
1 0.473257 0.400107 0.0348557 0.096688 0.358398
1 0.0694111 0.457799 0.0256911 0.0373932 0.33374
1 0.975962 0.477831 0.0264422 0.0625 0.29834
1 0.214093 0.382746 0.030649 0.0790598 0.297363
1 0.417969 0.249199 0.0234375 0.0411325 0.275146
1 0.739183 0.509615 0.03125 0.0779914 0.268066
1 0.855769 0.247329 0.0264423 0.0550214 0.42334
1 0.8125 0.169204 0.03125 0.0555555 0.399902
1 0.740385 0.38515 0.0300481 0.0673077 0.387695
1 0.394832 0.335737 0.0192308 0.0459402 0.371094
1 0.473558 0.399573 0.0348557 0.0950855 0.364746
1 0.0689603 0.454594 0.0247897 0.0352564 0.364746
1 0.448618 0.314103 0.0348557 0.0405983 0.34082
1 0.214543 0.380876 0.0288462 0.0758547 0.323486
1 0.738582 0.509615 0.03125 0.0758547 0.299072
1 0.975962 0.477297 0.0240384 0.0603632 0.288574
1 0.855769 0.246327 0.0276442 0.0543536 0.461914
1 0.811298 0.168269 0.03125 0.0566239 0.452393
1 0.739784 0.384882 0.0300481 0.0678419 0.417725
1 0.448317 0.314103 0.0348558 0.0405983 0.398926
1 0.0692608 0.455128 0.0240385 0.0347222 0.396973
1 0.395433 0.333868 0.0192308 0.0459402 0.389648
1 0.472957 0.39797 0.0348558 0.0972222 0.385742
1 0.738582 0.508547 0.03125 0.0769231 0.362061
1 0.213642 0.379808 0.0288462 0.0790599 0.345947
1 0.975962 0.47516 0.0240384 0.0603633 0.330322
1 0.417668 0.245126 0.0222356 0.0375267 0.273682
1 0.855168 0.245727 0.0264422 0.0555556 0.44165
1 0.811298 0.168536 0.0288462 0.0560898 0.407227
1 0.740385 0.384081 0.0288462 0.0683761 0.403564
1 0.0682091 0.454861 0.0240385 0.0352564 0.400635
1 0.472957 0.399573 0.0336538 0.0950855 0.397949
1 0.447716 0.314637 0.0348558 0.0395299 0.377441
1 0.394231 0.333868 0.0186298 0.0459402 0.373779
1 0.213642 0.380876 0.0288462 0.0779915 0.31665
1 0.975962 0.474092 0.0240384 0.0614316 0.303223
1 0.738582 0.508547 0.03125 0.0769231 0.299805
1 0.417067 0.245727 0.0216346 0.0384616 0.29834
1 0.473558 0.399038 0.0348557 0.0961539 0.49707
1 0.855769 0.246795 0.0288462 0.0555556 0.483398
1 0.8125 0.168803 0.03125 0.0566239 0.474609
1 0.0688101 0.45406 0.0249399 0.036859 0.44458
1 0.740385 0.384882 0.03125 0.0678419 0.436768
1 0.395433 0.334402 0.0192308 0.0459402 0.425293
1 0.448317 0.313301 0.0366586 0.0400641 0.410156
1 0.214543 0.38141 0.0300481 0.0801282 0.36377
1 0.739183 0.508681 0.0324519 0.0787927 0.362061
1 0.975962 0.47516 0.0240384 0.0614316 0.348633
1 0.417668 0.244124 0.0228365 0.0389957 0.313965
1 0.473558 0.39797 0.0324519 0.0929487 0.486328
1 0.8125 0.169605 0.03125 0.0566239 0.450439
1 0.855769 0.246194 0.0264423 0.0556891 0.440674
1 0.0683594 0.454327 0.0246394 0.0363248 0.431152
1 0.448017 0.313836 0.0366587 0.0395299 0.413086
1 0.740385 0.385417 0.0288462 0.0678419 0.402588
1 0.395433 0.335203 0.0186298 0.045406 0.387695
1 0.215144 0.382212 0.0291466 0.0774573 0.345215
1 0.739183 0.509615 0.03125 0.0758547 0.344238
1 0.975962 0.475962 0.0240384 0.0608974 0.31665
1 0.417067 0.244725 0.0228365 0.0393964 0.313965
1 0.473558 0.399573 0.0330529 0.0950855 0.483398
1 0.811298 0.170005 0.03125 0.0558226 0.469727
1 0.855769 0.247329 0.0276442 0.0550214 0.467773
1 0.0682091 0.454594 0.0246394 0.0363248 0.44165
1 0.447716 0.314103 0.0378605 0.0400641 0.424316
1 0.740385 0.386752 0.0288462 0.0673077 0.410156
1 0.394832 0.334402 0.0180289 0.0438034 0.40918
1 0.214393 0.381944 0.0303486 0.0769231 0.358398
1 0.739183 0.509081 0.03125 0.0758547 0.355713
1 0.975962 0.475694 0.0240384 0.0603633 0.347656
1 0.417067 0.245192 0.0240385 0.0389957 0.331055
1 0.855769 0.246862 0.0288462 0.055422 0.474609
1 0.472957 0.399573 0.0342548 0.0940171 0.460938
1 0.811899 0.169071 0.03125 0.0560898 0.459961
1 0.0682091 0.455128 0.0253906 0.0363248 0.435791
1 0.394531 0.3336 0.0198317 0.0443376 0.42334
1 0.740385 0.386218 0.03125 0.0694444 0.410156
1 0.447716 0.313568 0.0360577 0.0405983 0.379395
1 0.214543 0.382479 0.0300481 0.0790598 0.35498
1 0.739183 0.508013 0.03125 0.0758547 0.35498
1 0.975962 0.474626 0.0252404 0.0603633 0.354004
1 0.416767 0.243857 0.0240385 0.0395299 0.282959
1 0.855769 0.246327 0.0276442 0.0564904 0.470703
1 0.8125 0.168803 0.03125 0.0574252 0.460938
1 0.473558 0.399038 0.0336538 0.0950854 0.460938
1 0.0688101 0.454594 0.0240385 0.0363248 0.459961
1 0.394832 0.334402 0.0192308 0.0438034 0.422607
1 0.448317 0.314637 0.0360577 0.0395299 0.421631
1 0.740385 0.384348 0.0288462 0.0694444 0.412109
1 0.215144 0.38141 0.0294471 0.0779915 0.367432
1 0.739183 0.508547 0.03125 0.0758547 0.348633
1 0.975962 0.474893 0.0240384 0.0608974 0.336426
1 0.417368 0.245126 0.0228365 0.0396635 0.319092
1 0.855769 0.247062 0.0288462 0.0560897 0.463867
1 0.811899 0.169338 0.03125 0.0571581 0.442627
1 0.394832 0.334936 0.0204327 0.0459402 0.435791
1 0.473858 0.400107 0.0342548 0.0961539 0.435791
1 0.0689603 0.455128 0.0249399 0.0352564 0.434082
1 0.740986 0.386752 0.0300481 0.071047 0.392334
1 0.447416 0.314904 0.0354568 0.0400641 0.388672
1 0.214694 0.383013 0.0300481 0.0817308 0.377441
1 0.739183 0.509615 0.03125 0.0758547 0.368408
1 0.975962 0.475427 0.0264422 0.0608974 0.343262
1 0.417067 0.245259 0.0228365 0.038328 0.272705
1 0.473558 0.400908 0.0336538 0.0940171 0.479492
1 0.8125 0.169471 0.03125 0.056891 0.463867
1 0.394832 0.334669 0.0192308 0.0443376 0.461914
1 0.855769 0.247863 0.0288462 0.0560898 0.456055
1 0.0692608 0.455662 0.0247897 0.0352564 0.435791
1 0.740986 0.385951 0.0300481 0.0683761 0.410156
1 0.447416 0.314637 0.0354568 0.0384615 0.397949
1 0.215294 0.380609 0.0324519 0.0811966 0.373779
1 0.975962 0.475962 0.0240384 0.0598291 0.35498
1 0.739183 0.510684 0.03125 0.0747863 0.346924
1 0.417668 0.244925 0.0228365 0.0373932 0.317383
1 0.473558 0.400374 0.0336538 0.0945513 0.505859
1 0.8125 0.170406 0.03125 0.0576923 0.490234
1 0.394832 0.334936 0.0192308 0.0448718 0.479492
1 0.855769 0.247796 0.0288462 0.0556891 0.469727
1 0.0691106 0.455662 0.0249399 0.0363248 0.450439
1 0.740385 0.386218 0.03125 0.0683761 0.42334
1 0.448017 0.315171 0.0360577 0.0395299 0.420654
1 0.215144 0.380876 0.0321514 0.0833333 0.390381
1 0.975962 0.476496 0.0240384 0.0608974 0.365723
1 0.739183 0.51015 0.03125 0.0758547 0.360352
1 0.417668 0.246261 0.0228365 0.0373932 0.323486
1 0.473558 0.400908 0.0348557 0.0945513 0.456055
1 0.8125 0.170139 0.03125 0.0574252 0.455078
1 0.395132 0.334669 0.0198317 0.0448718 0.453369
1 0.855769 0.247863 0.0300481 0.0560898 0.44751
1 0.0691106 0.455662 0.0261418 0.0363248 0.429199
1 0.448317 0.315171 0.0372596 0.0395299 0.414062
1 0.740385 0.386752 0.03125 0.0694444 0.394287
1 0.214994 0.381944 0.0315505 0.082265 0.389648
1 0.975962 0.476496 0.0264422 0.0608974 0.351318
1 0.739183 0.510684 0.0324519 0.0758547 0.341553
1 0.417668 0.245994 0.0240385 0.0389957 0.311523
1 0.395132 0.334669 0.0198317 0.0464744 0.476562
1 0.8125 0.169738 0.03125 0.0576923 0.475586
1 0.473558 0.400908 0.0336538 0.0950855 0.47168
1 0.855769 0.247863 0.0288462 0.0555556 0.462891
1 0.0689603 0.455662 0.0258413 0.0363248 0.449463
1 0.447716 0.314637 0.0366586 0.0395299 0.431152
1 0.740385 0.387019 0.03125 0.0699786 0.402588
1 0.214844 0.382479 0.031851 0.0822649 0.399902
1 0.975962 0.476229 0.0264422 0.0614316 0.370117
1 0.739183 0.510817 0.03125 0.076656 0.364746
1 0.417368 0.245793 0.0240385 0.0404647 0.34082
1 0.473558 0.400641 0.0336538 0.0950855 0.463867
1 0.8125 0.170139 0.03125 0.0574252 0.460938
1 0.395433 0.334936 0.0192308 0.0459402 0.460938
1 0.855769 0.24813 0.0288462 0.0555556 0.455078
1 0.0690355 0.456197 0.0255409 0.0363248 0.433105
1 0.448317 0.315705 0.0372596 0.0395299 0.421631
1 0.740385 0.386752 0.0300481 0.0694444 0.396973
1 0.215144 0.381143 0.03125 0.0817308 0.386719
1 0.739183 0.51015 0.03125 0.0769231 0.350342
1 0.975962 0.475962 0.0240384 0.0608974 0.347656
1 0.417668 0.246261 0.0240385 0.0395299 0.313232
1 0.8125 0.170139 0.03125 0.0571581 0.47168
1 0.395132 0.334669 0.0198317 0.045406 0.47168
1 0.855769 0.24793 0.0288462 0.055422 0.464844
1 0.473257 0.400641 0.0342548 0.0950855 0.462891
1 0.0689603 0.456197 0.0255409 0.0352564 0.440674
1 0.447716 0.315171 0.0372596 0.0389957 0.424316
1 0.740385 0.386752 0.0300481 0.0694444 0.406494
1 0.214844 0.380876 0.0321514 0.0801282 0.392334
1 0.739183 0.510817 0.03125 0.076656 0.362061
1 0.975962 0.475962 0.0252404 0.0608974 0.359375
1 0.417668 0.246261 0.0240385 0.0384615 0.31665
1 0.855168 0.245727 0.0264422 0.0555556 0.44165
1 0.811298 0.168536 0.0288462 0.0560898 0.407227
1 0.740385 0.384081 0.0288462 0.0683761 0.403564
1 0.0682091 0.454861 0.0240385 0.0352564 0.400635
1 0.472957 0.399573 0.0336538 0.0956196 0.397949
1 0.447716 0.314637 0.0348558 0.0395299 0.376709
1 0.394231 0.333868 0.0186298 0.0459402 0.373779
1 0.213792 0.380876 0.0288462 0.0779915 0.31665
1 0.975962 0.474092 0.0240384 0.0614316 0.303223
1 0.738582 0.508547 0.03125 0.0769231 0.299805
1 0.417067 0.245727 0.0216346 0.0384616 0.29834
