1 0.798678 0.483974 0.0264423 0.0673077 0.355713
1 0.796875 0.484509 0.0264423 0.0662393 0.264404
1 0.796274 0.482372 0.0252404 0.0630342 0.293457
1 0.298077 0.412927 0.031851 0.0940171 0.277588
1 0.798077 0.490385 0.0216346 0.0683761 0.360352
1 0.430889 0.654915 0.0228365 0.0747863 0.250977
1 0.798678 0.482639 0.0228365 0.0625 0.343262
1 0.296274 0.412927 0.03125 0.103632 0.279785
1 0.796875 0.486645 0.0264423 0.0694444 0.252441
1 0.796875 0.488782 0.0240385 0.0662393 0.338135
1 0.217548 0.342949 0.0168269 0.0395299 0.263672
1 0.796274 0.485577 0.0252404 0.0630342 0.279053
1 0.797476 0.485043 0.0300481 0.0694444 0.262939
1 0.430889 0.651709 0.0240385 0.0790599 0.283691
1 0.796875 0.486912 0.0240385 0.0646367 0.266602
1 0.298678 0.405716 0.0336539 0.104701 0.29248
1 0.798077 0.487981 0.0240385 0.0582265 0.290283
1 0.219351 0.347222 0.0153245 0.0405983 0.266602
1 0.431791 0.651175 0.0210337 0.0726496 0.253174
1 0.796875 0.486912 0.0240385 0.0667735 0.282959
1 0.430289 0.651709 0.0240385 0.0779915 0.273682
1 0.298678 0.414263 0.0360577 0.102564 0.296631
1 0.796875 0.485577 0.0264423 0.0630342 0.281494
1 0.298678 0.410791 0.0360577 0.105235 0.259033
1 0.798077 0.486111 0.0240385 0.0630342 0.255371
1 0.298678 0.418269 0.0372596 0.099359 0.319092
1 0.796875 0.487447 0.0252403 0.0614316 0.282959
1 0.43149 0.652244 0.0240385 0.073718 0.260498
1 0.796875 0.488782 0.0264423 0.0619658 0.253906
1 0.796274 0.485577 0.0252404 0.0630342 0.311523
1 0.298077 0.412927 0.0354567 0.101496 0.27832
1 0.560697 0.406784 0.0288462 0.0694444 0.257568
1 0.217849 0.346688 0.0192308 0.048077 0.253174
1 0.430289 0.649573 0.0240385 0.0747863 0.250244
1 0.796875 0.487179 0.0276443 0.0662393 0.255371
1 0.796274 0.488248 0.0276443 0.0619658 0.326904
1 0.21875 0.348291 0.0168269 0.0448718 0.260498
1 0.796875 0.487714 0.0264423 0.0641026 0.283691
1 0.298077 0.416667 0.0342548 0.0950855 0.257568
1 0.43149 0.652778 0.0228365 0.0705128 0.250977
1 0.298377 0.413194 0.0342548 0.0988248 0.312256
1 0.796274 0.486645 0.0288462 0.0619658 0.288574
1 0.43149 0.650641 0.0240385 0.0726496 0.252441
1 0.796875 0.489316 0.0264423 0.0641026 0.335449
1 0.217548 0.34562 0.0186298 0.0448718 0.291016
1 0.298077 0.413996 0.0348558 0.101496 0.267334
1 0.430589 0.655449 0.0246394 0.0715812 0.262207
1 0.796274 0.487714 0.0264422 0.0608974 0.250977
1 0.298077 0.417201 0.0324519 0.100427 0.273682
1 0.795673 0.487179 0.0264423 0.0608974 0.309082
1 0.217097 0.344818 0.0174279 0.042735 0.296631
1 0.297776 0.423077 0.0348558 0.0940171 0.27124
1 0.627404 0.200321 0.0384615 0.0571581 0.263672
1 0.296875 0.410256 0.0360577 0.103632 0.373047
1 0.796274 0.487179 0.0252404 0.0630342 0.314941
1 0.217999 0.346154 0.0153245 0.042735 0.263672
1 0.796875 0.488515 0.0240385 0.0625 0.308105
1 0.297776 0.413194 0.0348558 0.100427 0.29834
1 0.432091 0.652778 0.0240385 0.0747863 0.281494
1 0.21905 0.347222 0.015625 0.042735 0.256836
1 0.627404 0.201122 0.0348558 0.0544872 0.250244
1 0.795673 0.487714 0.0216346 0.0630342 0.334473
1 0.297175 0.413996 0.030649 0.0998932 0.327637
1 0.430889 0.650641 0.0210337 0.0769231 0.320801
1 0.218149 0.346688 0.0165265 0.042735 0.294189
1 0.0355319 0.393162 0.0300481 0.0854701 0.262207
1 0.297476 0.413194 0.0348558 0.100427 0.251709
1 0.795673 0.48985 0.0264423 0.0598291 0.250244
1 0.795673 0.487981 0.0264423 0.0635684 0.280518
1 0.296875 0.413462 0.0336539 0.100427 0.260498
1 0.298077 0.423344 0.0360577 0.102564 0.312256
1 0.21905 0.347222 0.0174279 0.0459401 0.272705
1 0.796875 0.488515 0.0288462 0.0625 0.250977
1 0.296875 0.411058 0.0348558 0.104167 0.31665
1 0.795673 0.487981 0.0276442 0.0625 0.256836
1 0.298077 0.413194 0.0336539 0.0950855 0.373047
1 0.795673 0.486111 0.0264423 0.0619658 0.318359
1 0.628606 0.200321 0.0384615 0.0587607 0.275879
1 0.430289 0.651175 0.0240385 0.0694444 0.26123
1 0.217849 0.344818 0.0168269 0.0443376 0.258301
1 0.297476 0.421474 0.0342548 0.101496 0.362061
1 0.795673 0.487179 0.0264423 0.0662393 0.281494
1 0.218149 0.34562 0.015625 0.0422008 0.277588
1 0.628606 0.19805 0.0360577 0.0590278 0.273682
1 0.295673 0.413729 0.0348558 0.103098 0.391357
1 0.795072 0.487179 0.0252404 0.0630342 0.277588
1 0.217849 0.346154 0.015625 0.0438034 0.258301
1 0.296875 0.411325 0.0330529 0.102564 0.286865
1 0.796274 0.486645 0.0252404 0.0608974 0.273682
1 0.297476 0.411859 0.0336539 0.101496 0.293457
1 0.796875 0.486111 0.0264423 0.0630342 0.258301
1 0.297476 0.414263 0.0324519 0.0929487 0.291748
1 0.297476 0.41266 0.0336539 0.0998932 0.300781
1 0.298077 0.412927 0.0324519 0.101496 0.325928
1 0.298077 0.411859 0.0336539 0.099359 0.282959
1 0.21845 0.347222 0.016226 0.0438034 0.272705
1 0.796875 0.488248 0.0240385 0.0598291 0.266602
1 0.296875 0.411058 0.0360577 0.0982906 0.308105
1 0.296875 0.411325 0.0330529 0.0982906 0.293457
1 0.296875 0.411859 0.0348558 0.099359 0.363037
1 0.796875 0.487714 0.0264423 0.0619658 0.253906
1 0.296875 0.407586 0.0336539 0.100427 0.370117
1 0.0355318 0.39156 0.0329026 0.0833334 0.262939
1 0.796274 0.487714 0.0252404 0.0619658 0.257568
1 0.296575 0.40812 0.0336538 0.0961539 0.344238
1 0.0357948 0.396902 0.0329778 0.0870726 0.26123
1 0.296875 0.41453 0.0336539 0.100962 0.332764
1 0.796875 0.488782 0.0252403 0.0608974 0.272705
1 0.21845 0.347222 0.016226 0.0416667 0.257568
1 0.0363582 0.396635 0.0303486 0.0833333 0.253174
1 0.271935 0.323184 0.0402644 0.0395299 0.251709
1 0.296875 0.413462 0.0348558 0.100427 0.325195
1 0.0362079 0.396902 0.0326022 0.0854701 0.255371
1 0.271635 0.323718 0.0408654 0.0395299 0.250977
1 0.298077 0.412927 0.0360577 0.0972222 0.321777
1 0.296875 0.411325 0.0348558 0.101496 0.365723
1 0.796274 0.488248 0.0264422 0.0630342 0.27124
1 0.296875 0.412393 0.0360577 0.0988248 0.338135
1 0.273137 0.323985 0.0444712 0.0422009 0.273682
1 0.297476 0.412927 0.0336539 0.0972222 0.349609
1 0.273137 0.323718 0.0432692 0.0416667 0.297363
1 0.796875 0.487447 0.0264423 0.0614316 0.266602
1 0.297175 0.413996 0.0336539 0.0982906 0.337158
1 0.272236 0.323184 0.0426683 0.0400641 0.271973
1 0.628606 0.199519 0.0360577 0.0603632 0.266602
1 0.796875 0.487179 0.0264423 0.0608974 0.255371
1 0.296875 0.413729 0.0330529 0.0998931 0.398926
1 0.796875 0.488782 0.0264423 0.0598291 0.312256
1 0.21875 0.346421 0.0171274 0.0464744 0.266602
1 0.0368089 0.395299 0.0300481 0.0844017 0.254639
1 0.559195 0.406784 0.0300481 0.0678419 0.251709
1 0.296875 0.415598 0.0336539 0.0972222 0.338135
1 0.272236 0.324786 0.0444712 0.0438034 0.260498
1 0.298077 0.413462 0.0348558 0.100427 0.383057
1 0.798077 0.488248 0.0264423 0.0619658 0.279785
1 0.0366587 0.393697 0.03125 0.0801282 0.259033
1 0.297476 0.412927 0.0348558 0.100427 0.374756
1 0.271935 0.32265 0.0426683 0.0389957 0.274414
1 0.297476 0.413996 0.0348558 0.099359 0.451416
1 0.796875 0.488515 0.0264423 0.0635684 0.275879
1 0.271334 0.323451 0.0420673 0.0416667 0.265137
1 0.21875 0.346688 0.0168269 0.048077 0.260498
1 0.0364333 0.3961 0.0323017 0.0844017 0.259766
1 0.297476 0.412927 0.0348558 0.100427 0.425293
1 0.271935 0.323985 0.0426683 0.0411325 0.259766
1 0.218149 0.346688 0.016226 0.0459401 0.253906
1 0.796875 0.488515 0.0288462 0.0625 0.250977
1 0.298077 0.411859 0.0330529 0.0972223 0.420654
1 0.271935 0.323718 0.0426683 0.0422009 0.299805
1 0.2186 0.346688 0.0168269 0.0459401 0.263672
1 0.297476 0.40812 0.0324519 0.099359 0.354004
1 0.272761 0.323184 0.0434195 0.0416667 0.279053
1 0.297776 0.407051 0.0330529 0.099359 0.351318
1 0.0358323 0.39156 0.0323017 0.0865385 0.251709
1 0.2186 0.345086 0.0174279 0.0459402 0.250977
1 0.296274 0.409188 0.0324519 0.0950855 0.414062
1 0.0363582 0.393429 0.0315505 0.0838675 0.313965
1 0.217698 0.349092 0.0168269 0.0448718 0.308105
1 0.675481 0.270299 0.0264423 0.0566239 0.307373
1 0.558594 0.403579 0.0300481 0.0667735 0.299805
1 0.795673 0.491186 0.0264423 0.0625 0.296631
1 0.272311 0.325321 0.0443209 0.0416667 0.279785
1 0.430288 0.656517 0.0234375 0.0769231 0.259033
1 0.412861 0.205395 0.0300481 0.0662393 0.250244
1 0.297175 0.415064 0.0342548 0.0998932 0.408203
1 0.21845 0.349092 0.0153245 0.042735 0.332764
1 0.0371845 0.392094 0.0295974 0.082265 0.332031
1 0.675481 0.267094 0.0264423 0.053953 0.318359
1 0.43119 0.653846 0.0222356 0.0758547 0.318359
1 0.796875 0.491453 0.0264423 0.059829 0.309082
1 0.272536 0.326656 0.0444712 0.0438034 0.295898
1 0.559495 0.401709 0.0288462 0.0662393 0.279053
1 0.413462 0.203392 0.0288462 0.0622329 0.264404
1 0.628606 0.194845 0.0360577 0.0579594 0.257568
1 0.297476 0.417201 0.0354567 0.100427 0.443604
1 0.0366587 0.394765 0.0317007 0.0854701 0.362061
1 0.430589 0.655983 0.0228365 0.0769231 0.346924
1 0.796274 0.49172 0.0276443 0.0614316 0.34082
1 0.217999 0.349359 0.0168269 0.0448718 0.332764
1 0.675481 0.268697 0.0264423 0.0555556 0.331055
1 0.558894 0.405182 0.0300481 0.0678419 0.309814
1 0.272536 0.326656 0.0450721 0.0432692 0.282227
1 0.414062 0.206597 0.0300481 0.0659722 0.266602
1 0.297476 0.416132 0.0336539 0.099359 0.481445
1 0.430289 0.654915 0.0228365 0.0747863 0.385742
1 0.796274 0.48985 0.0264422 0.0608974 0.381104
1 0.21845 0.346688 0.016226 0.0438034 0.374756
1 0.0369591 0.394231 0.0321514 0.0833333 0.36377
1 0.675481 0.267628 0.0240385 0.0523504 0.360352
1 0.559495 0.403312 0.0276443 0.0641026 0.300781
1 0.414062 0.205796 0.0306491 0.065438 0.266602
1 0.296875 0.415064 0.0336539 0.10203 0.514648
1 0.429988 0.653846 0.0222356 0.0747863 0.442627
1 0.795673 0.489049 0.0264423 0.0592949 0.432129
1 0.218299 0.346955 0.0153245 0.0422009 0.400635
1 0.0358323 0.392361 0.0321514 0.0844017 0.397949
1 0.675481 0.266026 0.0264423 0.0544872 0.376709
1 0.553486 0.401175 0.0252404 0.065171 0.318359
1 0.413762 0.203259 0.0294471 0.0641026 0.291748
1 0.273513 0.325588 0.043119 0.0395299 0.2854
1 0.74399 0.553953 0.0216346 0.0277778 0.264404
1 0.297476 0.415331 0.0336539 0.100427 0.5
1 0.429688 0.653312 0.0228365 0.0758547 0.414795
1 0.795673 0.488782 0.0252403 0.0598291 0.402588
1 0.217849 0.347756 0.015024 0.042735 0.384033
1 0.0359075 0.391026 0.0310998 0.0817308 0.376709
1 0.67488 0.266026 0.0252404 0.0534188 0.350342
1 0.553486 0.400641 0.0252404 0.065171 0.327637
1 0.413462 0.20406 0.0288462 0.0667735 0.295898
1 0.743389 0.553953 0.0228365 0.0277778 0.276611
1 0.273362 0.325855 0.0410156 0.0405983 0.271973
1 0.628005 0.193376 0.0360577 0.0555556 0.256104
1 0.297476 0.414797 0.0342548 0.100962 0.554688
1 0.430889 0.653846 0.0234375 0.0769231 0.450439
1 0.21845 0.346688 0.015625 0.0432692 0.440674
1 0.796875 0.48985 0.0264423 0.0598291 0.437744
1 0.0363957 0.39156 0.0314754 0.0822649 0.434082
1 0.675481 0.26656 0.0264423 0.0534188 0.408203
1 0.559495 0.402244 0.0288462 0.0662393 0.344238
1 0.272837 0.324786 0.0414663 0.0395299 0.342529
1 0.414062 0.203793 0.0300481 0.0657051 0.329346
1 0.628005 0.19391 0.0372596 0.0571581 0.323486
1 0.74399 0.55235 0.0240385 0.0288461 0.304932
1 0.242188 0.256143 0.0228365 0.0357906 0.269043
1 0.298077 0.415598 0.0336539 0.0982906 0.526367
1 0.43119 0.654915 0.0228365 0.0747863 0.440674
1 0.21845 0.347222 0.016226 0.0443376 0.435791
1 0.796875 0.489316 0.0264423 0.0598291 0.422607
1 0.0368465 0.392094 0.0304237 0.082265 0.394287
1 0.676082 0.267628 0.0252404 0.0528846 0.385742
1 0.272236 0.325321 0.0420673 0.0395299 0.352295
1 0.628606 0.194979 0.0360577 0.0560897 0.332764
1 0.559495 0.404915 0.0288462 0.0662393 0.325928
1 0.414062 0.203659 0.0288461 0.0638355 0.317383
1 0.742788 0.553419 0.0216346 0.0288461 0.309814
1 0.241436 0.25641 0.0228365 0.0352564 0.279785
1 0.160457 0.425748 0.0174279 0.0405983 0.251709
1 0.297476 0.415598 0.0336539 0.100427 0.543945
1 0.218149 0.346421 0.0168269 0.0443376 0.464844
1 0.795673 0.48985 0.0264423 0.0587607 0.452393
1 0.430889 0.655449 0.0222356 0.0747863 0.452393
1 0.036884 0.392094 0.0317007 0.082265 0.427246
1 0.675481 0.26656 0.0264423 0.0523504 0.403564
1 0.272536 0.325321 0.0432693 0.0395299 0.352295
1 0.559495 0.402778 0.0300481 0.0662393 0.345947
1 0.413762 0.20406 0.0282452 0.0625 0.321777
1 0.628606 0.193376 0.0360577 0.0560897 0.301514
1 0.742788 0.553953 0.0228365 0.0288461 0.289307
1 0.160457 0.424679 0.0180288 0.0416667 0.287842
1 0.241436 0.25641 0.0228365 0.0352564 0.265869
1 0.297476 0.415331 0.0348558 0.100962 0.519531
1 0.795673 0.489316 0.0264423 0.0598291 0.461914
1 0.218149 0.346421 0.016226 0.0438034 0.451416
1 0.0362079 0.392628 0.0324519 0.082265 0.44165
1 0.430288 0.654915 0.0234375 0.0747863 0.437744
1 0.675481 0.266293 0.0264423 0.0523504 0.401611
1 0.628005 0.193376 0.0372596 0.0576923 0.347656
1 0.559495 0.402244 0.0288462 0.0662393 0.338867
1 0.413762 0.203793 0.0300481 0.0635684 0.32251
1 0.272912 0.325321 0.043119 0.0405983 0.301514
1 0.742788 0.553953 0.0228365 0.0288461 0.272705
1 0.241286 0.257212 0.0234375 0.0357906 0.27124
1 0.298077 0.415064 0.0336539 0.0982906 0.535156
1 0.218149 0.347222 0.016226 0.042735 0.462891
1 0.796274 0.487981 0.0264422 0.0614316 0.450439
1 0.430289 0.653846 0.0228365 0.0747863 0.44458
1 0.036884 0.392094 0.031851 0.0838675 0.431152
1 0.675481 0.26656 0.0264423 0.0523504 0.397949
1 0.560096 0.402511 0.0288462 0.0667735 0.344238
1 0.628005 0.193243 0.0360577 0.0555555 0.324219
1 0.273137 0.325321 0.0426683 0.0395299 0.32251
1 0.743389 0.553419 0.0216346 0.0277778 0.303223
1 0.241887 0.256677 0.0222356 0.0363248 0.30249
1 0.414062 0.20406 0.0288461 0.0646368 0.282959
1 0.160457 0.425214 0.0174279 0.0395299 0.270508
1 0.298077 0.416133 0.0348558 0.102564 0.477539
1 0.796274 0.48985 0.0276443 0.0619658 0.452393
1 0.217849 0.347222 0.016226 0.0438034 0.446533
1 0.0371094 0.392895 0.0327524 0.0833333 0.434082
1 0.675481 0.267361 0.0264423 0.0544872 0.414062
1 0.430288 0.654915 0.0234375 0.0769231 0.414062
1 0.559495 0.403312 0.0288462 0.0683761 0.359375
1 0.628606 0.19391 0.0384615 0.0592949 0.310791
1 0.272236 0.326389 0.0432692 0.0416667 0.300781
1 0.414363 0.204193 0.0300481 0.065438 0.282227
1 0.743389 0.554487 0.0228365 0.0277778 0.282227
1 0.160156 0.425748 0.0174279 0.0411325 0.251709
1 0.297776 0.416132 0.0342548 0.0982906 0.535156
1 0.036884 0.393162 0.0320012 0.0827991 0.458008
1 0.218149 0.347489 0.016226 0.0427351 0.450439
1 0.796875 0.48985 0.0264423 0.0598291 0.446533
1 0.430289 0.654915 0.0240385 0.0747863 0.418701
1 0.675481 0.267628 0.0264423 0.0534188 0.402588
1 0.628606 0.194177 0.0360577 0.0571581 0.375732
1 0.559796 0.40438 0.0300481 0.0673077 0.35498
1 0.272311 0.326389 0.0443209 0.0416667 0.345947
1 0.74399 0.554487 0.0216346 0.0277778 0.299805
1 0.414062 0.204594 0.0300481 0.0641026 0.299072
1 0.242488 0.257479 0.0234375 0.036859 0.284668
1 0.297776 0.415598 0.0342548 0.099359 0.561035
1 0.0372596 0.393697 0.0315505 0.0833333 0.46582
1 0.796875 0.489316 0.0264423 0.0608974 0.458008
1 0.217849 0.348024 0.015625 0.0438034 0.451416
1 0.430288 0.653846 0.0234375 0.0747863 0.445557
1 0.675481 0.268162 0.0264423 0.0544872 0.412109
1 0.628606 0.194845 0.0360577 0.0574252 0.40918
1 0.272536 0.325855 0.0432693 0.0405983 0.374756
1 0.559796 0.40438 0.0294471 0.0673077 0.361084
1 0.414062 0.205128 0.0300481 0.0635684 0.305664
1 0.743389 0.554487 0.0228365 0.0277778 0.303955
1 0.241887 0.256944 0.0228365 0.0352564 0.276611
1 0.160156 0.425214 0.0171274 0.0395299 0.251709
1 0.297776 0.416132 0.0354567 0.099359 0.529297
1 0.0366587 0.394231 0.0321514 0.0833333 0.448486
1 0.796274 0.489583 0.0276443 0.0603633 0.435791
1 0.217548 0.348024 0.016226 0.0438034 0.432129
1 0.430289 0.654915 0.0240385 0.0747863 0.413086
1 0.675481 0.268162 0.0264423 0.053953 0.39502
1 0.628606 0.194444 0.0360577 0.0571581 0.367432
1 0.272912 0.326923 0.0443209 0.0422009 0.339844
1 0.559495 0.404915 0.0294471 0.0678419 0.339844
1 0.743389 0.554487 0.0240385 0.0277778 0.29248
1 0.414363 0.204995 0.03125 0.0643697 0.282227
1 0.241887 0.257479 0.0240385 0.0363248 0.266602
1 0.298077 0.416667 0.0348558 0.100427 0.544922
1 0.0366587 0.394765 0.0320012 0.0833333 0.464844
1 0.796875 0.48985 0.0264423 0.0608974 0.457031
1 0.217849 0.347756 0.016226 0.0438034 0.452393
1 0.430288 0.65438 0.0234375 0.0758547 0.428223
1 0.675481 0.267895 0.0264423 0.0544872 0.411133
1 0.628606 0.194712 0.0360577 0.0576923 0.389648
1 0.559495 0.40438 0.0300481 0.0683761 0.355713
1 0.272161 0.326656 0.0446214 0.0422009 0.348633
1 0.743389 0.554487 0.0228365 0.0288461 0.309814
1 0.414363 0.204327 0.030649 0.0646368 0.303955
1 0.242037 0.257212 0.0240385 0.036859 0.301514
1 0.297776 0.417201 0.0342548 0.099359 0.53125
1 0.796875 0.489316 0.0264423 0.0608974 0.448486
1 0.0368089 0.394231 0.0315505 0.0833333 0.44165
1 0.217849 0.347756 0.015625 0.0438034 0.438721
1 0.430288 0.65438 0.0234375 0.0758547 0.419678
1 0.675481 0.267895 0.0264423 0.053953 0.398926
1 0.628606 0.194712 0.0360577 0.0571581 0.362061
1 0.559796 0.40438 0.0294471 0.0673077 0.345947
1 0.272536 0.326923 0.0444712 0.0416667 0.328613
1 0.414062 0.204861 0.0300481 0.0646368 0.2854
1 0.743389 0.555021 0.0228365 0.0288461 0.281494
1 0.242188 0.257479 0.0240385 0.0363248 0.274414
1 0.297476 0.416667 0.0348558 0.099359 0.527344
1 0.796875 0.489316 0.0264423 0.0608974 0.456055
1 0.217849 0.347756 0.015625 0.042735 0.454346
1 0.0367713 0.394498 0.0322266 0.0833333 0.453369
1 0.430288 0.65438 0.0234375 0.0758547 0.418701
1 0.675481 0.267628 0.0264423 0.0534188 0.415771
1 0.628606 0.194578 0.0360577 0.056891 0.366699
1 0.559495 0.40438 0.0300481 0.0673077 0.35498
1 0.272161 0.326923 0.0446214 0.0416667 0.338135
1 0.414062 0.205395 0.0306491 0.0646368 0.301514
1 0.743389 0.554487 0.0228365 0.0277778 0.29248
1 0.242037 0.257746 0.023738 0.0363248 0.271973
1 0.297476 0.415331 0.0336539 0.100427 0.499023
1 0.429688 0.653312 0.0228365 0.0758547 0.414795
1 0.795673 0.488782 0.0252403 0.0598291 0.402588
1 0.217849 0.347756 0.015024 0.042735 0.384033
1 0.0359075 0.391026 0.0310998 0.0817308 0.376709
1 0.67488 0.266026 0.0252404 0.0534188 0.350342
1 0.553486 0.400641 0.0252404 0.065171 0.327637
1 0.413462 0.20406 0.0288462 0.0667735 0.295898
1 0.743389 0.553953 0.0228365 0.0277778 0.275879
1 0.273362 0.325855 0.0410156 0.0405983 0.271973
1 0.628005 0.193376 0.0360577 0.0555556 0.255371
