1 0.648438 0.964744 0.0408654 0.0534188 0.464844
1 0.648438 0.979968 0.0432693 0.0400641 0.251709
1 0.00989709 0.371261 0.0197942 0.0641026 0.267334
1 0.649038 0.980235 0.0432692 0.0395299 0.265137
1 0.649639 0.980769 0.0396635 0.0384616 0.26123
1 0.325421 0.349092 0.0558894 0.0731838 0.266602
1 0.646034 0.973291 0.0384615 0.0470085 0.259033
1 0.411659 0.0351062 0.0204327 0.0545206 0.276611
1 0.647837 0.980769 0.0408654 0.0384616 0.29834
1 0.58113 0.0199653 0.0432692 0.0399306 0.258301
1 0.649038 0.972756 0.0408654 0.0544872 0.27832
1 0.649038 0.970086 0.0432692 0.0512821 0.26123
1 0.647236 0.980235 0.0396635 0.0395299 0.286133
1 0.411659 0.0343383 0.0216346 0.0483106 0.253174
1 0.649038 0.980769 0.0432692 0.0384616 0.265137
1 0.411058 0.0339209 0.0222356 0.0496795 0.256104
1 0.649639 0.970086 0.0432692 0.0491453 0.263672
1 0.411058 0.0350561 0.0186298 0.0479434 0.256836
1 0.411358 0.0349726 0.0186298 0.0481103 0.294189
1 0.679087 0.353098 0.0204327 0.0811966 0.254639
1 0.411358 0.0327858 0.0204327 0.046875 0.290283
1 0.649038 0.972222 0.0432692 0.0512821 0.253906
1 0.411659 0.0331864 0.0186298 0.0459402 0.275879
1 0.649038 0.971688 0.0432692 0.0512821 0.269043
1 0.411659 0.0346555 0.0192307 0.0464744 0.299072
1 0.647837 0.971154 0.0420673 0.0491453 0.257568
1 0.410757 0.03751 0.0204327 0.0491787 0.256104
1 0.411659 0.0355402 0.0192307 0.0459068 0.27832
1 0.411659 0.0341213 0.0192307 0.046875 0.250977
1 0.647837 0.971154 0.0408654 0.0502136 0.250977
1 0.411659 0.0359408 0.0192307 0.0459068 0.263672
1 0.411058 0.0328693 0.0192307 0.0472423 0.250977
1 0.411058 0.033103 0.0192307 0.0457065 0.265869
1 0.411659 0.0351229 0.0180288 0.0451389 0.26123
1 0.411659 0.0348558 0.0198318 0.0471421 0.27124
1 0.649038 0.971688 0.0408654 0.0502137 0.251709
1 0.41226 0.0342047 0.0192307 0.0469752 0.301514
1 0.412861 0.0324686 0.0204327 0.0461739 0.271973
1 0.647837 0.97062 0.0408654 0.0523504 0.255371
1 0.41256 0.0347055 0.0198317 0.0483774 0.282959
1 0.647837 0.972222 0.0432693 0.0512821 0.254639
1 0.411959 0.034789 0.0204327 0.0479434 0.258301
1 0.41226 0.0341713 0.0198318 0.0467748 0.300781
1 0.411959 0.0281116 0.0204327 0.0450053 0.269775
1 0.411058 0.0286458 0.0192307 0.0459402 0.323486
1 0.357572 0.26015 0.0588942 0.0598291 0.286865
1 0.647837 0.973291 0.0432693 0.0491453 0.271973
1 0.411659 0.0297643 0.0192307 0.0438368 0.327637
1 0.647837 0.978098 0.0408654 0.0438034 0.311523
1 0.976562 0.504808 0.0300481 0.0416667 0.268066
1 0.582332 0.016226 0.0432693 0.0324519 0.263672
1 0.509615 0.297009 0.0288461 0.0480769 0.252441
1 0.411058 0.0283787 0.0204327 0.0471421 0.307373
1 0.647837 0.978098 0.0408654 0.0438034 0.255371
1 0.411659 0.0294471 0.0192307 0.0434028 0.338867
1 0.648438 0.979701 0.0420673 0.0405983 0.269043
1 0.508413 0.291667 0.0264423 0.0438034 0.257568
1 0.311298 0.201923 0.0252404 0.0296474 0.253906
1 0.411659 0.0270934 0.0192307 0.0441039 0.335449
1 0.648438 0.9789 0.0408654 0.0422008 0.286133
1 0.507812 0.292735 0.0252404 0.0427351 0.276611
1 0.324219 0.348291 0.0576923 0.0774573 0.270508
1 0.310697 0.201122 0.0252404 0.0309829 0.266602
1 0.357572 0.265759 0.0600962 0.0598291 0.253174
1 0.411058 0.0292468 0.0180288 0.0418002 0.35498
1 0.310697 0.202457 0.0252404 0.0293804 0.288574
1 0.975962 0.504808 0.03125 0.0405983 0.267334
1 0.507812 0.292201 0.0258413 0.0443376 0.266602
1 0.647837 0.9789 0.0408654 0.0422008 0.262939
1 0.411659 0.0288628 0.0192307 0.0427017 0.381104
1 0.647837 0.979167 0.0408654 0.0416667 0.353027
1 0.310697 0.200454 0.0264423 0.03125 0.321777
1 0.508413 0.291667 0.0270433 0.0443376 0.311523
1 0.975962 0.505342 0.03125 0.0405983 0.311523
1 0.357272 0.265491 0.0582933 0.0598291 0.291016
1 0.582332 0.0156918 0.0432693 0.0313835 0.254639
1 0.41226 0.0286959 0.0192307 0.0435697 0.386719
1 0.648438 0.979434 0.0396635 0.0411324 0.321777
1 0.975962 0.50641 0.03125 0.0416667 0.312256
1 0.357572 0.26469 0.0582933 0.0598291 0.309082
1 0.310998 0.200588 0.0258413 0.0315171 0.307373
1 0.582332 0.0155248 0.0420673 0.0310497 0.300781
1 0.508113 0.292468 0.0270433 0.0443376 0.297363
1 0.0105732 0.375534 0.0211463 0.0641026 0.273682
1 0.32512 0.345086 0.0576923 0.0758547 0.259033
1 0.411659 0.0300648 0.0198318 0.0432358 0.417725
1 0.648438 0.979701 0.0408654 0.0405983 0.35498
1 0.975962 0.505876 0.03125 0.0395299 0.314941
1 0.310697 0.200053 0.0264423 0.0307158 0.308105
1 0.0107422 0.375267 0.0214844 0.0651709 0.291748
1 0.507812 0.291667 0.0252404 0.0438034 0.291016
1 0.582782 0.0153579 0.0411658 0.0307158 0.288574
1 0.357572 0.264957 0.0588942 0.0587607 0.262207
1 0.678486 0.35203 0.0240385 0.0726496 0.259766
1 0.324519 0.344551 0.0588942 0.0747863 0.253906
1 0.411058 0.0279781 0.0204327 0.0436699 0.392334
1 0.647837 0.979167 0.0408654 0.0416667 0.384033
1 0.975361 0.505876 0.0324519 0.0416667 0.325195
1 0.310998 0.199653 0.0264423 0.0320513 0.317383
1 0.507812 0.292468 0.0276443 0.0448718 0.317383
1 0.0102163 0.375 0.0204327 0.0641026 0.26123
1 0.357873 0.263889 0.0582933 0.0598291 0.259766
1 0.677885 0.352564 0.0240385 0.0737179 0.255371
1 0.411358 0.0311331 0.0198317 0.0445713 0.39502
1 0.647837 0.979167 0.0408654 0.0416667 0.362061
1 0.311298 0.201389 0.0264423 0.0304487 0.334473
1 0.508413 0.291934 0.0264423 0.0443376 0.318359
1 0.975962 0.506277 0.03125 0.0408654 0.308105
1 0.326022 0.347222 0.0606971 0.0844017 0.268066
1 0.357873 0.264156 0.0582933 0.0592949 0.26123
1 0.0106671 0.376068 0.0213341 0.0651709 0.26123
1 0.582933 0.017261 0.0432693 0.0345219 0.251709
1 0.411659 0.0317174 0.0204327 0.0451389 0.395996
1 0.649038 0.979167 0.0408654 0.0416667 0.371094
1 0.311298 0.201389 0.0276442 0.0325855 0.347656
1 0.975962 0.50641 0.03125 0.042735 0.34082
1 0.0108173 0.375534 0.0216346 0.0667735 0.309082
1 0.508413 0.292201 0.0270433 0.0459402 0.300781
1 0.649038 0.979167 0.0408654 0.0416667 0.391357
1 0.411659 0.0312333 0.0204327 0.0441039 0.384033
1 0.975962 0.506544 0.03125 0.0424679 0.379395
1 0.311298 0.200855 0.0276442 0.03125 0.337158
1 0.0108549 0.376603 0.0217097 0.0651709 0.312256
1 0.509315 0.294338 0.0288462 0.0480769 0.293457
1 0.357272 0.264423 0.0588942 0.0587607 0.267334
1 0.411659 0.0327858 0.0204327 0.0459402 0.420654
1 0.649038 0.979167 0.0408654 0.0416667 0.404541
1 0.975962 0.505876 0.03125 0.0416667 0.365723
1 0.310998 0.201522 0.0264423 0.0307158 0.342529
1 0.0107046 0.376603 0.0214093 0.0662393 0.314941
1 0.508413 0.292468 0.0276443 0.0438034 0.30249
1 0.32512 0.347222 0.0576923 0.0747864 0.293457
1 0.357572 0.264957 0.0594952 0.0592949 0.290283
1 0.677885 0.357906 0.0240385 0.0737179 0.27124
1 0.581731 0.0183627 0.0456731 0.0367254 0.262207
1 0.411659 0.032068 0.0204327 0.0453726 0.388672
1 0.648438 0.979701 0.0408654 0.0405983 0.368408
1 0.975962 0.50641 0.03125 0.0416667 0.355713
1 0.310998 0.201389 0.0270433 0.0315171 0.342529
1 0.0107797 0.376603 0.0215595 0.0662393 0.295898
1 0.508413 0.292735 0.0282452 0.0448718 0.283691
1 0.325721 0.348291 0.0600961 0.0833333 0.277588
1 0.357572 0.26469 0.0588942 0.0587607 0.252441
1 0.411959 0.0327858 0.0204327 0.0455395 0.42334
1 0.648438 0.979167 0.0408654 0.0416667 0.392334
1 0.975361 0.50641 0.0324519 0.042735 0.386719
1 0.310998 0.20179 0.0276442 0.0323184 0.37207
1 0.0108173 0.375801 0.0216346 0.0667735 0.327637
1 0.508714 0.292735 0.0288462 0.0459402 0.323486
1 0.325721 0.347222 0.0588942 0.0833333 0.26123
1 0.581881 0.0181624 0.0453726 0.0363248 0.252441
1 0.356971 0.264423 0.0588942 0.0587607 0.251709
1 0.411959 0.0329861 0.0204327 0.0455395 0.405518
1 0.648438 0.979434 0.0408654 0.0411324 0.369385
1 0.975962 0.50641 0.03125 0.042735 0.363037
1 0.311298 0.201923 0.0276442 0.0315171 0.349609
1 0.0108173 0.375801 0.0216346 0.0662393 0.295898
1 0.508714 0.293002 0.0282452 0.0448718 0.294189
1 0.357272 0.264423 0.0588942 0.0576923 0.27832
1 0.325721 0.346955 0.0600961 0.0827992 0.26123
1 0.411659 0.0327023 0.0204327 0.0449052 0.415771
1 0.648438 0.979701 0.0408654 0.0405983 0.379395
1 0.975962 0.50641 0.03125 0.0416667 0.370117
1 0.310998 0.201656 0.0276442 0.0309829 0.361084
1 0.508413 0.292735 0.0282452 0.0448718 0.305664
1 0.356971 0.264156 0.0588942 0.0582265 0.297363
1 0.0106295 0.376068 0.021259 0.0662393 0.295898
1 0.32512 0.346688 0.0576923 0.0758547 0.268066
1 0.411058 0.0292468 0.0180288 0.0418002 0.354004
1 0.310697 0.202457 0.0252404 0.0293804 0.288574
1 0.975962 0.504808 0.03125 0.0405983 0.267334
1 0.507812 0.292201 0.0258413 0.0443376 0.266602
1 0.647837 0.978632 0.0408654 0.042735 0.262939
