1 0.0730168 0.273504 0.0381611 0.0438034 0.283691
1 0.0738432 0.272703 0.038762 0.0395299 0.388672
1 0.0748948 0.275641 0.0377103 0.0448718 0.256104
1 0.0748197 0.273771 0.0345553 0.0400641 0.299072
1 0.0772236 0.280983 0.0399639 0.0502137 0.274414
1 0.0745192 0.275107 0.0357572 0.0480769 0.283691
1 0.0767728 0.27938 0.0405649 0.045406 0.266602
1 0.076848 0.276175 0.0326022 0.0384615 0.291748
1 0.0782752 0.280449 0.0354567 0.0459402 0.297363
1 0.0776743 0.280182 0.0354567 0.0400641 0.370117
1 0.0776743 0.280983 0.0375601 0.0459402 0.275879
1 0.0757212 0.282586 0.0378606 0.0470085 0.275146
1 0.0758714 0.276175 0.0348558 0.0384615 0.291748
1 0.0744441 0.275641 0.0407151 0.0448718 0.280518
1 0.0754207 0.278312 0.0378606 0.0416667 0.286865
1 0.0752704 0.276709 0.0381611 0.042735 0.291748
1 0.0746695 0.277244 0.0363582 0.0438034 0.310791
1 0.0750451 0.277244 0.0395132 0.0416667 0.33374
1 0.074369 0.280716 0.0381611 0.045406 0.31665
1 0.0760216 0.281517 0.0381611 0.0480769 0.31665
1 0.0763972 0.281517 0.0401142 0.0470085 0.294922
1 0.0754207 0.278312 0.0381611 0.0480769 0.259766
1 0.0773738 0.28312 0.0369591 0.0470086 0.358398
1 0.0761719 0.281784 0.0381611 0.0438034 0.313232
1 0.0758714 0.28125 0.0381611 0.0416667 0.317383
1 0.0760216 0.28312 0.0390625 0.0448718 0.310791
1 0.0751202 0.283654 0.0378606 0.0405983 0.268066
1 0.0751202 0.284455 0.0407151 0.0405983 0.253174
1 0.0754207 0.28125 0.0396635 0.0422009 0.306641
1 0.076247 0.28312 0.0392127 0.042735 0.29834
1 0.0769231 0.283921 0.0398137 0.0416667 0.304932
1 0.0761719 0.285256 0.0372596 0.0448718 0.32251
1 0.0761719 0.282051 0.0396635 0.0427351 0.260498
1 0.0754207 0.280983 0.0372596 0.0411325 0.279785
1 0.0778245 0.284188 0.0378606 0.0438034 0.289307
1 0.0772236 0.283654 0.0372596 0.042735 0.256836
1 0.07497 0.283654 0.0399639 0.0443376 0.275879
1 0.0769231 0.282586 0.0378606 0.0416667 0.304932
1 0.0744441 0.275908 0.0378606 0.0432692 0.282959
1 0.0764724 0.284722 0.0381611 0.0416667 0.264404
1 0.0747446 0.278045 0.038762 0.0422009 0.253174
1 0.0745192 0.277778 0.0384615 0.042735 0.305664
1 0.0765475 0.283654 0.0392127 0.0422009 0.271973
1 0.0750451 0.276709 0.0383113 0.042735 0.266602
1 0.0750451 0.276709 0.0380108 0.042735 0.26123
1 0.075646 0.277244 0.0398137 0.0448718 0.258301
1 0.07497 0.277778 0.0390625 0.042735 0.273682
1 0.0747446 0.275641 0.0383113 0.0422009 0.253906
1 0.0746695 0.277244 0.0405649 0.0475427 0.263672
1 0.0760216 0.277778 0.039363 0.0448718 0.256836
1 0.58113 0.0429354 0.0204327 0.0480769 0.258301
1 0.0740685 0.276709 0.038762 0.0438034 0.255371
1 0.0740685 0.279915 0.038762 0.0405983 0.304932
1 0.194712 0.613248 0.0282452 0.0448718 0.283691
1 0.478365 0.57906 0.0264423 0.0491453 0.279053
1 0.0748197 0.277778 0.0381611 0.0416667 0.332031
1 0.469651 0.00981571 0.0192307 0.0196314 0.303223
1 0.195162 0.611111 0.0282452 0.042735 0.289307
1 0.483173 0.57906 0.0252404 0.0491453 0.262939
1 0.0746695 0.281517 0.0395132 0.0438034 0.327637
1 0.195012 0.613248 0.0294471 0.0448718 0.27832
1 0.478365 0.581731 0.0276442 0.0523504 0.273682
1 0.0758714 0.281517 0.0398137 0.042735 0.357666
1 0.195463 0.61218 0.0279447 0.042735 0.310791
1 0.0659555 0.724359 0.0249399 0.0363248 0.29248
1 0.469651 0.0095653 0.0198318 0.0191306 0.2854
1 0.483774 0.580662 0.0252404 0.0491453 0.276611
1 0.0746695 0.27938 0.0384615 0.0438034 0.403564
1 0.195012 0.611645 0.0276442 0.0416667 0.315674
0 0.538462 0.0171608 0.0480769 0.0343216 0.299072
1 0.0667067 0.725427 0.0240385 0.0352564 0.299072
1 0.483173 0.579594 0.0252404 0.0502137 0.29248
1 0.58113 0.0465411 0.0192308 0.0442041 0.251709
1 0.470252 0.00888088 0.0186298 0.0177618 0.250244
1 0.0748948 0.278846 0.0389123 0.0427351 0.367432
1 0.194862 0.611111 0.0273438 0.0405983 0.315674
1 0.0657302 0.725427 0.0234375 0.0352564 0.310791
1 0.477764 0.581731 0.0258413 0.0502137 0.277588
1 0.46905 0.0093149 0.0180288 0.0186298 0.275879
1 0.0745192 0.278579 0.0390625 0.0432692 0.442627
1 0.195162 0.61218 0.0276442 0.0405983 0.342529
1 0.066256 0.724359 0.0246394 0.0363248 0.338135
1 0.478365 0.581197 0.0258414 0.0491453 0.313232
1 0.469952 0.00904781 0.0186298 0.0180956 0.282227
1 0.0747446 0.278312 0.0392127 0.0427351 0.406494
1 0.195312 0.61218 0.0279447 0.042735 0.327637
1 0.0661809 0.724893 0.0244892 0.0363248 0.301514
1 0.483774 0.582265 0.0252404 0.0491453 0.2854
1 0.469952 0.00936498 0.0192308 0.01873 0.27832
1 0.0745192 0.278846 0.0402644 0.0416667 0.44458
1 0.195312 0.61218 0.0288462 0.0405983 0.343262
1 0.0658053 0.725427 0.0244892 0.0363248 0.311523
1 0.483774 0.580128 0.0252404 0.0480769 0.306641
1 0.469351 0.00994925 0.0192307 0.0198985 0.289307
1 0.0752704 0.280983 0.0405649 0.0438034 0.442627
1 0.195312 0.611111 0.0282452 0.042735 0.368408
1 0.0658053 0.725427 0.0250901 0.0363248 0.335449
1 0.477764 0.581197 0.0264423 0.0491453 0.303955
1 0.469351 0.00974893 0.0192307 0.0194979 0.286865
1 0.0748948 0.278846 0.0398137 0.0427351 0.44165
1 0.195613 0.61218 0.0276442 0.0395299 0.336426
1 0.0661058 0.725427 0.0234375 0.0341881 0.319092
1 0.469952 0.0105836 0.0192308 0.0211672 0.310791
1 0.484075 0.581197 0.0252404 0.0491453 0.307373
1 0.0754207 0.280983 0.0408654 0.0438034 0.44165
1 0.195613 0.61218 0.0294471 0.0438034 0.380371
1 0.066256 0.725427 0.0249399 0.0363248 0.33374
1 0.483774 0.581197 0.0258413 0.0512821 0.32251
1 0.469952 0.0107171 0.0192308 0.0214343 0.268066
1 0.0754207 0.280716 0.0411659 0.0438034 0.442627
1 0.195613 0.61218 0.0288462 0.0405983 0.371094
1 0.0665565 0.725962 0.0252404 0.0363248 0.335449
1 0.478365 0.580662 0.0264423 0.0491453 0.309814
1 0.470252 0.0101496 0.0192307 0.0202991 0.268066
1 0.0755709 0.281517 0.0408654 0.0448718 0.449463
1 0.195613 0.612714 0.0282452 0.0416667 0.383057
1 0.0661809 0.726496 0.0252404 0.0363248 0.346924
1 0.483774 0.582265 0.0252404 0.0512821 0.325195
1 0.469952 0.0108173 0.0192308 0.0216346 0.289307
1 0.0755709 0.281517 0.0408654 0.0448718 0.421631
1 0.195613 0.612714 0.0288462 0.0416667 0.359375
1 0.0660306 0.726496 0.0259916 0.0363248 0.321777
1 0.478065 0.581197 0.0270432 0.0502137 0.309814
1 0.469651 0.0105502 0.0198318 0.0211004 0.260498
1 0.0754207 0.280983 0.0411659 0.0443376 0.438721
1 0.195613 0.61218 0.0291466 0.042735 0.387695
1 0.0661809 0.726496 0.0255409 0.0363248 0.331055
1 0.478065 0.581197 0.0270432 0.0502137 0.326904
1 0.469952 0.0107505 0.0198317 0.0215011 0.279785
1 0.075646 0.282318 0.0405649 0.0438034 0.428223
1 0.195763 0.613248 0.0288461 0.0427351 0.369385
1 0.483774 0.581197 0.0252404 0.0491453 0.309082
1 0.066256 0.727564 0.0252404 0.0363248 0.305664
1 0.469952 0.011051 0.0192308 0.022102 0.262207
1 0.0754207 0.282051 0.0408654 0.0438034 0.446533
1 0.195613 0.61218 0.0291466 0.042735 0.383057
1 0.066256 0.727564 0.0252404 0.0363248 0.331055
1 0.483774 0.581197 0.0258413 0.0491453 0.318359
1 0.469952 0.0107839 0.0192308 0.0215678 0.265137
1 0.0748948 0.278846 0.0389123 0.0427351 0.367432
1 0.194862 0.611111 0.0273438 0.0405983 0.315674
1 0.0657302 0.725427 0.0234375 0.0352564 0.309814
1 0.477764 0.582265 0.0258413 0.0491453 0.276611
1 0.46905 0.0093149 0.0180288 0.0186298 0.275146
