1 0.0734676 0.273771 0.0378606 0.0443376 0.266602
1 0.485577 0.561432 0.0234375 0.0608974 0.254639
1 0.0741436 0.276709 0.0365084 0.0576923 0.252441
1 0.0746695 0.27297 0.038762 0.0384615 0.369385
1 0.0754958 0.274038 0.0341046 0.0400641 0.275879
1 0.078726 0.280449 0.0375601 0.0491453 0.267334
1 0.0752704 0.275641 0.0357572 0.0470085 0.276611
1 0.0780499 0.278846 0.0398137 0.0443376 0.291016
1 0.0776743 0.276175 0.0323017 0.0384615 0.304932
1 0.0788762 0.280182 0.0348558 0.045406 0.323486
1 0.0782752 0.280182 0.0345553 0.0400641 0.380371
1 0.078125 0.280983 0.0372596 0.045406 0.2854
1 0.0766226 0.282586 0.0366587 0.0459402 0.290283
1 0.0763972 0.276175 0.035006 0.0384615 0.275879
1 0.0754958 0.275641 0.0392127 0.0438034 0.280518
1 0.0766977 0.282051 0.0383113 0.0416667 0.276611
1 0.0778996 0.28125 0.0362079 0.0448718 0.296631
1 0.077524 0.282051 0.0384615 0.0416667 0.255371
1 0.0751202 0.277244 0.0359075 0.042735 0.309814
1 0.0755709 0.277244 0.0390625 0.0405983 0.34082
1 0.0748197 0.280716 0.0375601 0.0438034 0.310791
1 0.0765475 0.281517 0.0371094 0.0464744 0.308105
1 0.0755709 0.275374 0.0372596 0.0464744 0.309814
1 0.0761719 0.274038 0.0410156 0.0470086 0.257568
1 0.0782001 0.28312 0.0359075 0.0459402 0.363037
1 0.0775992 0.281517 0.0368089 0.0416667 0.313965
1 0.0767728 0.280983 0.0375601 0.0405983 0.315674
1 0.0769982 0.28312 0.0389123 0.0438034 0.325195
1 0.0755709 0.283654 0.0374099 0.0389957 0.271973
1 0.0763221 0.28125 0.0384615 0.0416667 0.31665
1 0.0769231 0.28312 0.0384615 0.0422009 0.304932
1 0.0773738 0.283654 0.0392127 0.0405983 0.308105
1 0.0766226 0.285256 0.0366587 0.0427351 0.330322
1 0.0765475 0.282051 0.0392127 0.0416667 0.266602
1 0.0758714 0.280716 0.0363582 0.0400641 0.282227
1 0.0785757 0.284188 0.0372596 0.0432692 0.297363
1 0.0778245 0.283654 0.0366587 0.042735 0.260498
1 0.0754207 0.283921 0.0396635 0.042735 0.283691
1 0.0774489 0.282586 0.0377103 0.0405983 0.309082
1 0.0751202 0.275641 0.0378606 0.0427351 0.294189
1 0.0770733 0.284722 0.0375601 0.0400641 0.268066
1 0.0754207 0.278312 0.0381611 0.0405983 0.266602
1 0.0751202 0.277778 0.0381611 0.0416667 0.319092
1 0.0770733 0.283921 0.0390625 0.0416667 0.274414
1 0.0757963 0.276709 0.0371094 0.0416667 0.279053
1 0.0748948 0.276442 0.0368089 0.0416667 0.254639
1 0.0755709 0.276976 0.0372596 0.0411325 0.270508
1 0.0760216 0.276709 0.0390625 0.0416667 0.251709
1 0.0761719 0.277778 0.038762 0.0432692 0.273682
1 0.0754207 0.278312 0.0381611 0.0416667 0.287842
1 0.0752704 0.276175 0.0374099 0.0405983 0.267334
1 0.0752704 0.276442 0.0384615 0.0411325 0.250244
1 0.0752704 0.277244 0.0396635 0.0459402 0.273682
1 0.0760216 0.277244 0.0390625 0.0448718 0.262939
1 0.0766226 0.278312 0.038762 0.0438034 0.264404
1 0.58113 0.0428686 0.0192308 0.049813 0.270508
1 0.07497 0.277244 0.0378606 0.0416667 0.269043
1 0.0748197 0.280449 0.0375601 0.0384616 0.318359
1 0.195012 0.613782 0.0270433 0.0416667 0.279785
1 0.478365 0.577991 0.0264423 0.051282 0.256836
1 0.0757963 0.277511 0.0371094 0.0400641 0.336426
1 0.195463 0.611645 0.0267428 0.0395299 0.281494
1 0.469351 0.0101496 0.0204327 0.0202991 0.268066
1 0.483774 0.57906 0.0252404 0.0502137 0.26123
1 0.448618 0.653846 0.0210337 0.0288462 0.256836
1 0.0757212 0.281784 0.0384615 0.0422009 0.345947
1 0.195312 0.614316 0.0282452 0.042735 0.275879
1 0.483173 0.581197 0.0270432 0.0523504 0.255371
1 0.0757212 0.279915 0.0378606 0.0405983 0.364746
1 0.195913 0.613248 0.0270433 0.0384615 0.310791
1 0.0665565 0.725427 0.023738 0.0341881 0.27832
1 0.483774 0.580128 0.0246394 0.0491453 0.273682
1 0.469651 0.00964877 0.0204327 0.0192975 0.250244
1 0.0754207 0.279915 0.0375601 0.0416667 0.408203
1 0.195613 0.61218 0.0264423 0.0384615 0.312256
1 0.483173 0.57906 0.0252404 0.051282 0.290283
1 0.0674579 0.727564 0.0225361 0.034188 0.275879
0 0.539363 0.0161258 0.0486779 0.0322516 0.265869
1 0.58113 0.0470085 0.0192308 0.0448718 0.260498
1 0.075646 0.279647 0.0377103 0.0400641 0.388672
1 0.195312 0.61218 0.0261418 0.0384615 0.315674
1 0.0664062 0.726496 0.0219351 0.0341881 0.305664
1 0.483173 0.580128 0.0252404 0.051282 0.272705
1 0.0754958 0.278846 0.0378606 0.0416667 0.464844
1 0.195613 0.612714 0.0264423 0.0373931 0.345947
1 0.0667067 0.725427 0.0232873 0.0363248 0.32251
1 0.483774 0.580128 0.0252404 0.0491453 0.303955
1 0.0755709 0.278846 0.0381611 0.0405983 0.428223
1 0.195763 0.613248 0.0267428 0.0395299 0.327637
1 0.0665565 0.725427 0.023137 0.0363248 0.289307
1 0.483774 0.581197 0.0246394 0.0502137 0.280518
1 0.581581 0.0492788 0.0195312 0.0448718 0.256104
1 0.0754207 0.27938 0.0390625 0.0395299 0.464844
1 0.195763 0.613248 0.0273438 0.0363248 0.344238
1 0.483774 0.57906 0.0252404 0.0491453 0.299072
1 0.0664062 0.72703 0.023137 0.0352564 0.270508
1 0.0753456 0.280449 0.0395132 0.0405983 0.46582
1 0.195613 0.612714 0.0270433 0.0395299 0.369385
1 0.0661058 0.726496 0.0240385 0.0363248 0.294189
1 0.483774 0.579594 0.0252404 0.0491453 0.288574
1 0.0758714 0.279647 0.0386118 0.0405983 0.467773
1 0.196064 0.613248 0.0264423 0.0363248 0.332031
1 0.484375 0.580128 0.0252404 0.0491453 0.297363
1 0.0667819 0.726496 0.0220853 0.0341881 0.289307
1 0.469651 0.0105168 0.0198318 0.0210337 0.262207
1 0.0763221 0.279915 0.039363 0.0405983 0.458984
1 0.195913 0.613248 0.0276442 0.0405983 0.381104
1 0.483774 0.580662 0.0252404 0.0512821 0.313965
1 0.0667819 0.726496 0.0235877 0.0352564 0.282959
1 0.0761719 0.27938 0.0383113 0.0405983 0.460938
1 0.196214 0.613248 0.0276442 0.0384615 0.365723
1 0.484075 0.580128 0.0252404 0.0491453 0.30249
1 0.0670072 0.726496 0.023738 0.0363248 0.293457
1 0.0763221 0.280983 0.0390625 0.0416667 0.459961
1 0.195913 0.614316 0.0267428 0.0384615 0.376709
1 0.484075 0.581197 0.0252404 0.0512821 0.318359
1 0.0665565 0.727564 0.0240385 0.0363248 0.305664
1 0.0755709 0.280716 0.0392127 0.0411325 0.439697
1 0.195913 0.613782 0.0270433 0.0384615 0.356689
1 0.483774 0.580662 0.0252404 0.0502137 0.294922
1 0.0665565 0.727564 0.0246394 0.0363248 0.275879
1 0.0754207 0.279915 0.038762 0.0416667 0.461914
1 0.195913 0.613782 0.0276442 0.0395299 0.390381
1 0.483774 0.580662 0.0252404 0.0502137 0.313232
1 0.0667067 0.727564 0.0240385 0.0363248 0.288574
1 0.0757212 0.280983 0.0384615 0.0405983 0.450439
1 0.196064 0.614316 0.0273438 0.0384615 0.371094
1 0.484375 0.580662 0.0252404 0.0502137 0.300781
1 0.066857 0.728098 0.023738 0.0352564 0.259033
1 0.0757963 0.28125 0.0389123 0.0411325 0.466797
1 0.195913 0.613782 0.0276442 0.0384615 0.384033
1 0.484075 0.581197 0.0252404 0.0491453 0.309814
1 0.066857 0.728098 0.023738 0.0352564 0.281494
1 0.075646 0.279647 0.0377103 0.0400641 0.388672
1 0.195312 0.61218 0.0261418 0.0384615 0.315674
1 0.0664062 0.726496 0.0219351 0.0341881 0.303955
1 0.483173 0.580128 0.0252404 0.051282 0.272705
