1 0.250751 0.142628 0.0742188 0.184295 0.314941
1 0.251052 0.135684 0.0736178 0.173878 0.288574
1 0.251202 0.132078 0.0817308 0.197382 0.319092
1 0.25 0.127804 0.0733173 0.187767 0.280518
1 0.249399 0.131544 0.0733173 0.181357 0.431152
1 0.439904 0.557158 0.11899 0.214744 0.270508
1 0.122746 0.437233 0.0516827 0.0865385 0.263672
1 0.251502 0.126068 0.063101 0.176816 0.342529
1 0.249099 0.122997 0.0763221 0.190705 0.341553
1 0.250601 0.128739 0.0763221 0.185897 0.256836
1 0.248197 0.126102 0.0757211 0.180489 0.312256
1 0.701923 0.728633 0.0228365 0.0555556 0.253174
1 0.701322 0.730769 0.0204327 0.0576923 0.260498
1 0.444411 0.527644 0.105168 0.173344 0.361084
1 0.247746 0.124499 0.0784255 0.187967 0.267334
1 0.25 0.131143 0.0757212 0.196047 0.330322
1 0.249249 0.128739 0.0808293 0.185363 0.266602
1 0.250451 0.129808 0.0736178 0.184295 0.364746
1 0.2503 0.128339 0.0757211 0.186966 0.269043
1 0.250751 0.128205 0.0778245 0.190171 0.330322
1 0.446815 0.541667 0.108173 0.17735 0.275146
1 0.445312 0.533654 0.104567 0.162393 0.394287
1 0.250901 0.126202 0.077524 0.184295 0.276611
1 0.251052 0.126068 0.0790265 0.189103 0.337158
1 0.2503 0.125935 0.078726 0.190972 0.355713
1 0.447115 0.538462 0.111779 0.175214 0.254639
1 0.25 0.128706 0.078125 0.19184 0.275146
1 0.25015 0.13141 0.0838341 0.196581 0.432129
1 0.447716 0.535256 0.110577 0.16453 0.345215
1 0.249099 0.132212 0.078726 0.190171 0.264404
1 0.446514 0.534722 0.105769 0.165598 0.345215
1 0.249249 0.128205 0.0802284 0.189103 0.274414
1 0.25 0.129541 0.0799279 0.18937 0.306641
1 0.702524 0.742521 0.0228365 0.0534188 0.256836
0 0.44351 0.546474 0.102163 0.191239 0.505859
1 0.24985 0.129941 0.0772236 0.190972 0.275879
1 0.140475 0.321581 0.023137 0.0619658 0.256104
0 0.441406 0.547009 0.100361 0.194444 0.57666
1 0.140925 0.323718 0.0228365 0.0630342 0.30249
1 0.12515 0.438836 0.0447716 0.0779915 0.286133
1 0.702524 0.735043 0.0216346 0.0512821 0.277588
1 0.249099 0.129274 0.0799279 0.184829 0.425293
0 0.442308 0.544338 0.0985577 0.181624 0.309814
1 0.124136 0.436966 0.0467999 0.0811966 0.301514
1 0.140325 0.325053 0.0216346 0.0619658 0.295898
1 0.701923 0.736111 0.0216346 0.0480769 0.280518
1 0.701923 0.735577 0.0216346 0.0502137 0.313232
0 0.442909 0.547543 0.100962 0.186966 0.270508
1 0.140325 0.326389 0.0222356 0.059829 0.265869
1 0.124549 0.438836 0.0450721 0.0806624 0.26123
0 0.442909 0.548611 0.100361 0.185897 0.493164
1 0.248798 0.132445 0.0811298 0.187033 0.425293
1 0.701923 0.735043 0.0216346 0.0512821 0.339844
1 0.124662 0.438836 0.0457482 0.0806624 0.334473
1 0.140925 0.326389 0.0240385 0.0630342 0.27124
0 0.441106 0.547543 0.0973558 0.183761 0.429199
1 0.124549 0.440171 0.0438702 0.079594 0.318359
1 0.249099 0.135283 0.0811298 0.186165 0.30249
1 0.701923 0.73718 0.0216346 0.0512821 0.297363
1 0.140775 0.328793 0.0234375 0.0614316 0.275146
0 0.439303 0.544872 0.0961539 0.179487 0.538086
1 0.248798 0.133013 0.0805288 0.186432 0.411133
1 0.124099 0.438568 0.0450721 0.0801282 0.306641
1 0.140625 0.327457 0.023738 0.0608974 0.29834
1 0.701923 0.736111 0.0216346 0.0491453 0.2854
1 0.25 0.132479 0.0823317 0.1875 0.454346
1 0.701923 0.73718 0.0240385 0.0523504 0.345947
1 0.1247 0.4375 0.0429688 0.0801282 0.334473
1 0.140475 0.32719 0.023738 0.0614316 0.311523
0 0.441406 0.544738 0.0985577 0.186165 0.270508
1 0.248798 0.133413 0.0805288 0.183494 0.50293
0 0.441707 0.548077 0.0985577 0.186966 0.380371
1 0.124549 0.441239 0.0441707 0.0790598 0.313965
1 0.701923 0.736111 0.0216346 0.0491453 0.296631
1 0.140925 0.326389 0.0234375 0.0608975 0.2854
1 0.445914 0.538595 0.100962 0.170673 0.277588
0 0.442308 0.547543 0.100361 0.186966 0.433105
1 0.124962 0.441774 0.0457482 0.0801282 0.354004
1 0.25 0.131544 0.0817308 0.189904 0.308105
1 0.701923 0.738248 0.0216346 0.0523504 0.308105
1 0.140325 0.330128 0.0240385 0.0641026 0.273682
0 0.442007 0.547943 0.0991586 0.186165 0.411133
1 0.250901 0.131544 0.0793269 0.190438 0.40918
1 0.124399 0.441239 0.0456731 0.0790598 0.338867
1 0.702524 0.738782 0.0228365 0.0523504 0.306641
1 0.140325 0.330128 0.023137 0.0630342 0.27832
1 0.25 0.130342 0.0793269 0.191774 0.485352
1 0.12485 0.441506 0.0456731 0.0801282 0.346924
1 0.445913 0.53953 0.103365 0.174145 0.30249
1 0.701923 0.73718 0.0216346 0.0512821 0.296631
1 0.140024 0.329594 0.023137 0.0630342 0.293457
1 0.25015 0.133948 0.0808293 0.186165 0.443604
0 0.441106 0.545406 0.0985577 0.185897 0.416748
1 0.12485 0.440438 0.0459736 0.0801282 0.332764
1 0.701923 0.738248 0.0240385 0.0512821 0.284668
1 0.140325 0.327991 0.0240385 0.0614316 0.276611
1 0.25 0.135283 0.0829327 0.187767 0.451416
1 0.124549 0.439904 0.0447716 0.079594 0.353027
1 0.701923 0.738248 0.0240385 0.0534188 0.326904
1 0.140475 0.328793 0.0234375 0.0619658 0.297363
0 0.441106 0.54594 0.0997596 0.191239 0.279053
1 0.25 0.135717 0.0823317 0.187967 0.466797
1 0.124737 0.440171 0.044997 0.0790598 0.326904
1 0.701923 0.737714 0.0240385 0.0512821 0.294922
1 0.445913 0.537393 0.104567 0.173077 0.279785
1 0.140174 0.329594 0.023137 0.0635684 0.275146
0 0.440505 0.545807 0.0985577 0.184028 0.408203
1 0.25 0.129941 0.0805289 0.188835 0.370117
1 0.124399 0.440171 0.0453726 0.0790598 0.348633
1 0.701923 0.738248 0.0228365 0.0512821 0.306641
1 0.140325 0.328793 0.023738 0.0614316 0.2854
1 0.701923 0.735577 0.0216346 0.0502137 0.313232
0 0.442909 0.547543 0.100962 0.186966 0.270508
1 0.140174 0.326389 0.0222356 0.059829 0.265869
1 0.124549 0.438836 0.0450721 0.0806624 0.262207
