1 0.394832 0.192975 0.0240385 0.0830663 0.264404
1 0.194411 0.922009 0.0276442 0.076923 0.258301
1 0.393029 0.201389 0.0276442 0.0838675 0.268066
1 0.375 0.34188 0.0252404 0.0357906 0.256836
1 0.186298 0.918269 0.031851 0.0769231 0.255371
1 0.393029 0.19992 0.0252404 0.0745192 0.269775
1 0.1878 0.917201 0.0282452 0.0758547 0.250244
1 0.394231 0.203526 0.0222356 0.0785256 0.338135
1 0.186298 0.92094 0.0240385 0.0779915 0.291016
1 0.376202 0.344818 0.0264423 0.0395299 0.299805
1 0.394531 0.200588 0.0270432 0.0844017 0.259766
1 0.188101 0.917735 0.0270433 0.0854701 0.270508
1 0.1872 0.919872 0.0267428 0.0726496 0.259033
1 0.375 0.346688 0.0276442 0.0470085 0.2854
1 0.188101 0.918803 0.0270433 0.076923 0.253174
1 0.1872 0.920406 0.0276442 0.0801281 0.286133
1 0.375 0.34562 0.0276442 0.0405983 0.269775
1 0.375 0.344017 0.030649 0.0438034 0.270508
1 0.186599 0.917735 0.0261418 0.0876068 0.263672
1 0.1872 0.913462 0.0246394 0.0854701 0.291748
1 0.393029 0.20406 0.0240385 0.082265 0.289307
1 0.778846 0.0428018 0.0168269 0.0471421 0.260498
1 0.392428 0.202858 0.0252404 0.085203 0.274414
1 0.1875 0.910256 0.0252404 0.0833333 0.274414
1 0.392428 0.199119 0.0258414 0.0846688 0.271973
1 0.393029 0.205395 0.0252404 0.0785256 0.256104
1 0.1878 0.912393 0.0246394 0.0779914 0.266602
1 0.39363 0.202991 0.0276442 0.0817308 0.256836
1 0.39363 0.202991 0.0252404 0.0817308 0.268066
1 0.39363 0.205529 0.0282452 0.0814637 0.251709
1 0.39393 0.205395 0.0252404 0.0817308 0.274414
1 0.393329 0.203793 0.0270432 0.0806624 0.250977
1 0.392728 0.203793 0.0276443 0.0817308 0.262939
1 0.393329 0.203392 0.0276443 0.0809295 0.266602
1 0.393029 0.203259 0.0264423 0.0801282 0.283691
1 0.39363 0.20219 0.0264423 0.0827991 0.289307
1 0.39363 0.203793 0.0264423 0.082265 0.291016
1 0.394231 0.202457 0.0276442 0.082265 0.294922
1 0.394231 0.205262 0.0264423 0.082532 0.300781
1 0.39393 0.205929 0.0282452 0.082265 0.268066
1 0.394531 0.204861 0.0264423 0.0817308 0.273682
1 0.3747 0.339744 0.0282452 0.0416667 0.308105
1 0.392127 0.204861 0.0276443 0.0838675 0.27124
1 0.186899 0.918269 0.0276442 0.0833333 0.256104
1 0.375601 0.342415 0.0276442 0.0405983 0.335449
1 0.393029 0.20633 0.0276442 0.0830663 0.303223
1 0.1872 0.918803 0.0264423 0.0833333 0.286865
1 0.375901 0.341613 0.0300481 0.0443376 0.336426
1 0.392728 0.207532 0.0276443 0.082265 0.321777
1 0.1872 0.919338 0.0288462 0.0854701 0.305664
1 0.393029 0.206998 0.0264423 0.0817308 0.36377
1 0.375601 0.34188 0.0288461 0.0416666 0.36377
1 0.186899 0.92094 0.0282452 0.0833334 0.339844
1 0.780048 0.0429854 0.0168269 0.0454394 0.323486
1 0.392127 0.205529 0.0264423 0.0819979 0.388672
1 0.375901 0.341079 0.0282452 0.0411325 0.387695
1 0.186448 0.918803 0.0279447 0.082265 0.370117
1 0.780048 0.0446047 0.0168269 0.0413996 0.291016
1 0.3753 0.343483 0.0270433 0.0395299 0.379395
1 0.186298 0.918803 0.0258413 0.0811966 0.358398
1 0.392127 0.205796 0.0264423 0.0809295 0.350342
1 0.778846 0.0451389 0.0168269 0.0440705 0.321777
1 0.375601 0.34188 0.0282452 0.0405983 0.435059
1 0.393029 0.205929 0.0276442 0.082265 0.429199
1 0.186899 0.918803 0.0270433 0.0833333 0.38208
1 0.780048 0.0431357 0.0168269 0.0434028 0.343262
1 0.465144 0.285256 0.0198317 0.0395299 0.259766
1 0.39363 0.206998 0.0264423 0.079594 0.425293
1 0.375601 0.341613 0.0276442 0.0416667 0.388672
1 0.186749 0.919872 0.0267428 0.0811966 0.360352
1 0.780048 0.0434028 0.0168269 0.0440705 0.332031
1 0.375601 0.342415 0.0276442 0.0395299 0.413086
1 0.393029 0.206998 0.0258414 0.079594 0.408203
1 0.1875 0.918803 0.0264423 0.0811966 0.38208
1 0.780048 0.0444044 0.0168269 0.0444712 0.324219
1 0.375 0.340278 0.0300481 0.042735 0.430176
1 0.393029 0.204995 0.0276442 0.0814637 0.427246
1 0.186899 0.919338 0.0276442 0.0801282 0.392334
1 0.779447 0.0443376 0.0180288 0.0443376 0.355713
1 0.776442 0.347222 0.0408654 0.0566239 0.255371
1 0.465144 0.284989 0.0204327 0.0411325 0.250244
1 0.3753 0.342415 0.0276442 0.0405983 0.420654
1 0.393329 0.205529 0.0264423 0.0798611 0.405518
1 0.1878 0.919872 0.0270433 0.0801282 0.391357
1 0.780048 0.0464744 0.0168269 0.0440705 0.279785
1 0.465144 0.285256 0.0204327 0.0395299 0.269775
1 0.375601 0.342949 0.0288461 0.0416667 0.432129
1 0.1875 0.919338 0.0276442 0.082265 0.385742
1 0.39363 0.206998 0.0276442 0.0811966 0.369385
1 0.780048 0.0473424 0.0168269 0.043937 0.273682
1 0.465144 0.285791 0.0204327 0.0405983 0.272705
1 0.375901 0.343483 0.0288461 0.0405983 0.436768
1 0.18765 0.92094 0.0270433 0.0811965 0.385742
1 0.393329 0.206998 0.0270432 0.0790598 0.381104
1 0.780048 0.0476763 0.0168269 0.0438034 0.286133
1 0.375601 0.345353 0.0288461 0.0416666 0.439697
1 0.1878 0.919872 0.0264423 0.0811966 0.400635
1 0.393029 0.206998 0.0270433 0.0801282 0.385742
1 0.780048 0.0474092 0.0168269 0.0435363 0.303223
1 0.465144 0.286325 0.0204327 0.0400641 0.254639
1 0.375601 0.344551 0.0300481 0.0416667 0.415771
1 0.1875 0.920406 0.0276442 0.082265 0.384033
1 0.393029 0.206998 0.0282452 0.0806624 0.345947
1 0.780048 0.0476763 0.0180288 0.0432692 0.279053
1 0.375601 0.344284 0.0288461 0.0416667 0.439697
1 0.1875 0.919872 0.0276442 0.0811966 0.401611
1 0.393029 0.207265 0.0276442 0.0817308 0.373047
1 0.780048 0.0484776 0.0180288 0.0428686 0.289307
1 0.375601 0.345086 0.0288461 0.0416667 0.428223
1 0.1875 0.919872 0.0267428 0.0811966 0.393311
1 0.393029 0.206731 0.0276442 0.0811966 0.363037
1 0.780048 0.0484776 0.0168269 0.042735 0.262207
1 0.375601 0.34562 0.0288461 0.0405983 0.448486
1 0.1872 0.919872 0.0270433 0.0811966 0.396973
1 0.393029 0.206998 0.0276442 0.0806624 0.359375
1 0.780048 0.0484776 0.0168269 0.042468 0.275879
1 0.3753 0.343483 0.0270433 0.0395299 0.379395
1 0.186298 0.918803 0.0258413 0.0811966 0.358398
1 0.392127 0.205796 0.0264423 0.0809295 0.351318
1 0.778846 0.0451389 0.0168269 0.0440705 0.321777
