1 0.673077 0.421474 0.0480769 0.106838 0.273682
1 0.454627 0.541133 0.113582 0.175214 0.375732
1 0.670072 0.415598 0.0528846 0.115385 0.307373
1 0.670673 0.415865 0.0456731 0.112714 0.26123
1 0.671274 0.41453 0.0456731 0.110043 0.29834
1 0.0432692 0.240919 0.0360577 0.0763889 0.270508
1 0.671875 0.422543 0.0528846 0.119124 0.291016
1 0.670673 0.423878 0.0540865 0.119124 0.275879
1 0.454928 0.544872 0.121995 0.201923 0.27832
1 0.671875 0.418269 0.0480769 0.106838 0.276611
1 0.673077 0.418803 0.0456731 0.111111 0.253174
1 0.670673 0.415865 0.0516827 0.116987 0.287842
1 0.669471 0.417201 0.0504807 0.114316 0.283691
1 0.671875 0.416132 0.0504807 0.107906 0.256836
1 0.670673 0.425214 0.0528846 0.123932 0.273682
1 0.671274 0.418803 0.0480769 0.11218 0.391357
1 0.670673 0.422009 0.0492788 0.115385 0.303223
1 0.671875 0.419338 0.0480769 0.11218 0.31665
1 0.670673 0.418803 0.0504807 0.115385 0.410156
1 0.671875 0.421474 0.0504807 0.112179 0.269775
1 0.671875 0.413729 0.0504807 0.106838 0.319092
1 0.671875 0.42094 0.0516827 0.11859 0.29248
1 0.219351 0.206864 0.0222356 0.065438 0.258301
1 0.127404 0.392094 0.0210337 0.0737179 0.256836
1 0.669471 0.417201 0.0504807 0.114316 0.282227
1 0.672476 0.421741 0.0480769 0.115385 0.260498
1 0.670673 0.420139 0.0480769 0.114316 0.295898
1 0.670673 0.419338 0.0480769 0.117521 0.308105
1 0.670673 0.418536 0.0480769 0.112714 0.327637
1 0.671274 0.420406 0.0480769 0.114316 0.275879
1 0.671875 0.421474 0.0492788 0.117521 0.284668
1 0.673678 0.419338 0.0444711 0.107906 0.255371
1 0.670673 0.417201 0.0456731 0.106838 0.262207
1 0.671875 0.419338 0.0456731 0.113248 0.309814
1 0.671875 0.42094 0.0456731 0.116453 0.264404
1 0.673077 0.420406 0.046875 0.111111 0.274414
1 0.673077 0.419872 0.0456731 0.111111 0.259766
1 0.672476 0.418536 0.046875 0.112179 0.299805
1 0.219351 0.206864 0.0246394 0.0659722 0.256104
1 0.45643 0.745192 0.0264423 0.0459401 0.286865
1 0.217849 0.205662 0.0258413 0.0673077 0.260498
1 0.456731 0.746261 0.0252404 0.0438034 0.291748
1 0.21905 0.205395 0.0261418 0.0673077 0.291016
1 0.2189 0.206197 0.0270433 0.0678419 0.299805
1 0.456731 0.747329 0.0270433 0.0470085 0.294189
1 0.219351 0.206998 0.0255409 0.0641026 0.363037
1 0.45613 0.75 0.0252404 0.0448718 0.293457
1 0.21905 0.204995 0.0252404 0.0659722 0.38501
1 0.45613 0.747863 0.0264423 0.0448719 0.325928
1 0.127855 0.399038 0.0207332 0.0641026 0.253174
1 0.2186 0.206197 0.0249399 0.0667735 0.365723
1 0.45613 0.75 0.0252404 0.0448718 0.315674
1 0.127704 0.397436 0.0210337 0.0630342 0.286133
1 0.219351 0.206731 0.0258414 0.0662393 0.40918
1 0.456731 0.748932 0.0252404 0.0448719 0.355713
1 0.128606 0.396902 0.0210336 0.0646367 0.310791
1 0.220102 0.206864 0.0246394 0.0649038 0.381104
1 0.456731 0.748932 0.0252404 0.0470086 0.317383
1 0.674279 0.414797 0.0408654 0.0988248 0.289307
1 0.128005 0.397436 0.0204327 0.0630342 0.286133
1 0.219351 0.206464 0.0243389 0.0646368 0.396973
1 0.45643 0.749466 0.0264423 0.0448718 0.341553
1 0.128155 0.397703 0.0207332 0.0641026 0.282959
1 0.219201 0.205662 0.0258414 0.0646368 0.410156
1 0.45613 0.747863 0.0276442 0.0448719 0.356689
1 0.128305 0.396902 0.0216346 0.0635684 0.332764
1 0.414964 0.0867388 0.0270432 0.038328 0.263672
1 0.219351 0.206464 0.0249399 0.0657051 0.403564
1 0.45643 0.749466 0.0264423 0.0459402 0.350342
1 0.128756 0.396902 0.0201322 0.0630342 0.30249
1 0.219501 0.206998 0.0258413 0.0662393 0.395996
1 0.456731 0.750534 0.0276442 0.0470085 0.348633
1 0.128756 0.399038 0.0213341 0.0651709 0.310791
1 0.219651 0.207399 0.0258414 0.065438 0.393311
1 0.456731 0.750534 0.0276442 0.0459401 0.351318
1 0.129207 0.397436 0.0222356 0.0651709 0.304932
1 0.219351 0.208066 0.0264423 0.0657051 0.402588
1 0.456731 0.751603 0.0270433 0.0470085 0.351318
1 0.129207 0.398237 0.0219351 0.0662393 0.338867
1 0.219351 0.207799 0.0270433 0.0662393 0.384033
1 0.45643 0.751068 0.0276443 0.0470085 0.338867
1 0.129207 0.397703 0.023137 0.0657051 0.303955
1 0.219501 0.207265 0.0267428 0.0667735 0.408203
1 0.45643 0.751068 0.0276443 0.0470085 0.35498
1 0.129207 0.39797 0.0228365 0.0662393 0.331055
1 0.219501 0.207532 0.0264423 0.0662393 0.393311
1 0.456731 0.751068 0.0276442 0.0470085 0.33374
1 0.129207 0.397436 0.0222356 0.0662393 0.301514
1 0.219351 0.207799 0.0264423 0.0662393 0.406494
1 0.456731 0.751068 0.0276442 0.0470085 0.344238
1 0.128906 0.397703 0.0222356 0.0657051 0.323486
1 0.2186 0.206197 0.0249399 0.0667735 0.364746
1 0.45613 0.75 0.0252404 0.0448718 0.315674
1 0.127704 0.397436 0.0210337 0.0630342 0.286133
