1 0.722356 0.356303 0.0288462 0.0662393 0.32251
1 0.402344 0.483974 0.0282452 0.0512821 0.312256
1 0.814904 0.929487 0.0336538 0.0512821 0.267334
1 0.391526 0.301282 0.0456731 0.0940171 0.263672
1 0.96875 0.479167 0.0360577 0.0918803 0.318359
1 0.38762 0.317842 0.0480769 0.0860043 0.27832
1 0.939904 0.317575 0.0240384 0.0560897 0.305664
1 0.402043 0.490385 0.0300481 0.0630342 0.259766
1 0.390024 0.314103 0.0516827 0.0913461 0.383057
1 0.777644 0.624466 0.0408654 0.0886752 0.262207
1 0.390024 0.316239 0.0516827 0.0876068 0.321777
1 0.96875 0.469551 0.03125 0.0886752 0.279785
1 0.721154 0.374466 0.03125 0.0630342 0.260498
1 0.389423 0.314103 0.0528846 0.0844017 0.268066
1 0.390625 0.315171 0.0540866 0.0972222 0.274414
1 0.389123 0.319444 0.0528846 0.0929487 0.308105
1 0.388822 0.318109 0.0516827 0.0977564 0.332764
1 0.389423 0.329594 0.0492788 0.0918803 0.265137
1 0.720553 0.377137 0.032452 0.0651709 0.260498
1 0.570913 0.919338 0.0288462 0.0373932 0.268066
1 0.388221 0.317308 0.0480769 0.0854701 0.259766
1 0.390024 0.319444 0.0480769 0.0811966 0.262207
1 0.722356 0.375534 0.03125 0.0641026 0.252441
1 0.390024 0.326122 0.0516827 0.104167 0.254639
0 0.387921 0.315972 0.0558894 0.0950855 0.393311
1 0.65625 0.246862 0.0817307 0.155849 0.269043
1 0.720553 0.376068 0.0348558 0.0694444 0.254639
1 0.388822 0.31891 0.0492788 0.0833333 0.299805
1 0.388221 0.319712 0.0540865 0.0854701 0.289307
1 0.388221 0.316239 0.0528846 0.082265 0.332031
1 0.386719 0.318376 0.0540866 0.0886752 0.303955
1 0.533654 0.270833 0.0246395 0.0592949 0.251709
1 0.388522 0.321314 0.0534856 0.0902778 0.250244
1 0.389423 0.316506 0.0540865 0.0892094 0.353027
1 0.721755 0.376068 0.0360577 0.0673077 0.256836
1 0.388522 0.315705 0.0534856 0.0961539 0.32251
1 0.38762 0.323985 0.0528846 0.0982906 0.289307
1 0.390024 0.317041 0.0480769 0.0870726 0.325195
1 0.721154 0.379808 0.0336539 0.0662393 0.279785
1 0.390024 0.317041 0.0528846 0.0876069 0.300781
1 0.389724 0.31891 0.0522836 0.0854701 0.313965
1 0.721755 0.377137 0.0360577 0.0651709 0.269775
1 0.38762 0.32078 0.0528846 0.0886752 0.429199
1 0.400541 0.492521 0.0318509 0.059829 0.259766
1 0.721154 0.377137 0.0336539 0.0646368 0.250244
1 0.388822 0.319444 0.0534856 0.0918804 0.255371
1 0.387921 0.319444 0.0534856 0.0844017 0.332764
1 0.387019 0.323184 0.0552885 0.0897436 0.324219
1 0.38762 0.315438 0.0528846 0.0870726 0.33374
1 0.387921 0.320513 0.0504808 0.0844017 0.277588
1 0.720553 0.379006 0.032452 0.0625 0.256836
1 0.388822 0.319979 0.0516827 0.0913462 0.345947
1 0.402043 0.490919 0.0348558 0.059829 0.264404
1 0.719952 0.375534 0.03125 0.0651709 0.257568
1 0.389123 0.317575 0.0504808 0.0838675 0.270508
1 0.389123 0.319444 0.0516827 0.0886752 0.313232
1 0.389423 0.31891 0.0480769 0.0833333 0.294922
0 0.388221 0.308226 0.0540865 0.0902778 0.276611
1 0.389724 0.317308 0.0486779 0.0844017 0.351318
1 0.721154 0.377671 0.0336539 0.0630342 0.267334
1 0.388822 0.316239 0.0510818 0.0934829 0.392334
1 0.721154 0.375 0.0360577 0.0641026 0.279785
1 0.388822 0.318109 0.0504808 0.088141 0.381104
1 0.38762 0.316774 0.0516827 0.0865385 0.315674
1 0.389123 0.316506 0.0492789 0.0902778 0.303955
1 0.388221 0.319177 0.0480769 0.0779914 0.325928
1 0.390024 0.317308 0.0492788 0.0865385 0.30249
1 0.389423 0.319444 0.0480769 0.0844017 0.357666
1 0.387019 0.31891 0.0528846 0.0865384 0.355713
1 0.400841 0.490385 0.0324519 0.0555556 0.256104
1 0.38762 0.323985 0.0528846 0.0886752 0.338135
1 0.388822 0.316774 0.0492788 0.0876068 0.370117
1 0.388822 0.31891 0.0504808 0.0833333 0.369385
1 0.389423 0.317308 0.0480769 0.0876068 0.343262
1 0.387921 0.324252 0.0528846 0.0886752 0.313965
1 0.389423 0.319979 0.0504807 0.0854701 0.315674
1 0.390024 0.319444 0.0504807 0.0870726 0.304932
1 0.389423 0.318109 0.0516827 0.0929487 0.336426
1 0.388221 0.318376 0.0492789 0.0844017 0.388672
1 0.389423 0.317308 0.0504807 0.0876068 0.378418
1 0.389123 0.317308 0.0522836 0.0876068 0.406494
1 0.390024 0.318376 0.0504807 0.0854701 0.405518
1 0.388822 0.318109 0.0492788 0.0897436 0.429199
1 0.721755 0.373932 0.0336539 0.0641026 0.283691
1 0.402043 0.490652 0.0324519 0.0582265 0.253906
1 0.387921 0.319979 0.0510817 0.0897436 0.347656
1 0.388221 0.316774 0.0552884 0.0950855 0.384033
1 0.388822 0.320513 0.0504808 0.0876069 0.398926
1 0.388522 0.319979 0.0522836 0.0929487 0.436768
1 0.721154 0.377137 0.0336539 0.0641026 0.26123
1 0.388822 0.319444 0.0528846 0.0918804 0.439697
1 0.388221 0.316774 0.0528846 0.0854701 0.379395
1 0.722356 0.377137 0.0336538 0.0630342 0.253906
1 0.388822 0.316239 0.0528846 0.090812 0.317383
1 0.388822 0.314637 0.0516827 0.0897436 0.363037
1 0.401743 0.487447 0.0336538 0.0635684 0.280518
1 0.388221 0.314103 0.0528846 0.0918804 0.421631
1 0.401442 0.486111 0.0336539 0.0598291 0.344238
1 0.721154 0.372329 0.0336539 0.0641026 0.335449
1 0.534856 0.268697 0.0240385 0.0608974 0.293457
1 0.569111 0.918803 0.0288462 0.0384616 0.2854
1 0.388522 0.315972 0.0516827 0.0902778 0.500977
1 0.569712 0.917735 0.0288462 0.0405983 0.332764
1 0.721154 0.368056 0.0336539 0.0651709 0.331055
1 0.535156 0.267628 0.0234375 0.0608974 0.299072
1 0.401442 0.489316 0.0324519 0.0587607 0.293457
1 0.254207 0.881944 0.0258414 0.0502136 0.275879
1 0.388221 0.317842 0.0516827 0.0929487 0.503906
1 0.721154 0.370192 0.0360577 0.0651709 0.347656
1 0.535156 0.269765 0.0246394 0.0635684 0.310791
1 0.569712 0.917201 0.0300481 0.0405983 0.310791
1 0.404447 0.491453 0.0336538 0.0619658 0.305664
1 0.253456 0.88141 0.0273438 0.051282 0.265137
1 0.491587 0.939103 0.0240385 0.0491453 0.257568
1 0.387921 0.316774 0.0522836 0.0897436 0.545898
1 0.721154 0.370994 0.0336539 0.0625 0.378418
1 0.404447 0.48985 0.0324519 0.0608974 0.33374
1 0.569111 0.917201 0.0300481 0.0384616 0.313232
1 0.534856 0.268697 0.0240385 0.0598291 0.310791
1 0.490986 0.938034 0.0240385 0.0491453 0.306641
1 0.253906 0.880876 0.0258414 0.0491453 0.275146
1 0.388221 0.314637 0.0516827 0.0902778 0.575684
1 0.721154 0.369124 0.0336539 0.0630342 0.410156
1 0.400841 0.48985 0.0324519 0.0566239 0.38501
1 0.534856 0.267361 0.0234375 0.0592949 0.351318
1 0.490986 0.938034 0.0228365 0.0470085 0.320068
1 0.570312 0.915598 0.0288462 0.0384616 0.310791
1 0.26262 0.766026 0.0204327 0.0470085 0.27124
1 0.253606 0.880342 0.0264423 0.051282 0.270508
1 0.778245 0.630876 0.0396635 0.0833333 0.253906
1 0.389123 0.316239 0.0504808 0.0902778 0.504883
1 0.721154 0.370192 0.0336539 0.0651709 0.370117
1 0.401442 0.491987 0.0324519 0.0576923 0.341553
1 0.534856 0.26656 0.0228365 0.0603633 0.325195
1 0.490385 0.939103 0.0228365 0.0480769 0.313232
1 0.569712 0.915598 0.0288462 0.0373932 0.301514
1 0.26232 0.76656 0.0198317 0.0491453 0.273682
1 0.253305 0.879808 0.0258413 0.0502136 0.255371
1 0.387921 0.317041 0.0522836 0.0886752 0.583984
1 0.721154 0.371795 0.0336539 0.0651709 0.429199
1 0.401442 0.491987 0.031851 0.0566239 0.386719
1 0.535156 0.267361 0.0228365 0.0603632 0.369385
1 0.569712 0.915598 0.0288462 0.0384616 0.35498
1 0.490986 0.938034 0.0240385 0.0491453 0.350342
1 0.263221 0.764957 0.0204327 0.0491453 0.318359
1 0.778245 0.630876 0.0396635 0.0811966 0.31665
1 0.253906 0.880342 0.0264423 0.0491453 0.294189
1 0.811298 0.941773 0.0384615 0.0438035 0.275879
1 0.842548 0.831197 0.0264423 0.034188 0.274414
1 0.388221 0.316774 0.0510818 0.0870727 0.545898
1 0.721755 0.372863 0.0324519 0.0635684 0.380371
1 0.401442 0.491453 0.03125 0.0566239 0.349609
1 0.535156 0.268697 0.0222356 0.0598291 0.330322
1 0.490986 0.938034 0.0240385 0.0491453 0.327637
1 0.778846 0.63141 0.0384615 0.0811966 0.320801
1 0.570012 0.915598 0.0282452 0.0384616 0.309082
1 0.26262 0.764957 0.0204327 0.0491453 0.291016
1 0.810697 0.941239 0.0396634 0.0448719 0.276611
1 0.254207 0.880342 0.0264423 0.051282 0.273682
1 0.38762 0.318109 0.0504808 0.0865385 0.583984
1 0.721154 0.372329 0.0336539 0.0619658 0.400635
1 0.401442 0.492521 0.0324519 0.0566239 0.363037
1 0.535457 0.26656 0.0228365 0.0598291 0.349609
1 0.490685 0.938034 0.0228365 0.0480769 0.346924
1 0.569712 0.915064 0.0288462 0.0363248 0.309082
1 0.26262 0.764957 0.0204327 0.0502137 0.303223
1 0.777644 0.629808 0.0408654 0.0801282 0.299072
1 0.810697 0.941239 0.0396634 0.0427351 0.279785
1 0.253756 0.878739 0.0270433 0.0502136 0.276611
1 0.842548 0.831731 0.0264423 0.0352564 0.256836
1 0.940505 0.316774 0.0204327 0.0518162 0.256104
1 0.387019 0.317842 0.0516827 0.0876068 0.57373
1 0.721154 0.371795 0.0336539 0.0619658 0.402588
1 0.534856 0.266293 0.0240385 0.0608974 0.386719
1 0.400841 0.492788 0.0330529 0.0571581 0.370117
1 0.490385 0.938034 0.0240385 0.0491453 0.352295
1 0.569411 0.915064 0.0294471 0.0384616 0.345947
1 0.778245 0.630876 0.0396635 0.0811966 0.338867
1 0.26247 0.764957 0.0219351 0.0502137 0.326904
1 0.811298 0.941239 0.0384615 0.0448719 0.314941
1 0.253906 0.879273 0.0270433 0.0502137 0.29248
1 0.940505 0.318643 0.0204327 0.0486111 0.263672
1 0.969952 0.491186 0.03125 0.0657052 0.256836
1 0.841947 0.831731 0.0264422 0.0352564 0.256836
1 0.38762 0.316239 0.0522837 0.0865385 0.582031
1 0.721755 0.373397 0.0336539 0.0635684 0.395996
1 0.402043 0.492521 0.0324519 0.0566239 0.376709
1 0.535457 0.267094 0.0234375 0.0608974 0.362061
1 0.490986 0.938034 0.0228365 0.0491453 0.345947
1 0.569111 0.915598 0.0288462 0.0373932 0.319092
1 0.263221 0.764423 0.0204327 0.0502137 0.294922
1 0.941106 0.318376 0.0216346 0.0502137 0.2854
1 0.811298 0.941773 0.0384615 0.0438035 0.273682
1 0.253906 0.879808 0.0264423 0.0491453 0.271973
1 0.778846 0.630342 0.0396635 0.082265 0.268066
1 0.842548 0.832265 0.0264423 0.0363247 0.264404
1 0.388221 0.317308 0.0516827 0.0854701 0.546875
1 0.721755 0.373932 0.0336539 0.0635684 0.408203
1 0.404447 0.494925 0.0336538 0.0603633 0.368408
1 0.535457 0.267094 0.0240385 0.0608974 0.363037
1 0.569411 0.915598 0.0294471 0.0384616 0.348633
1 0.491286 0.939103 0.0240385 0.0491453 0.338867
1 0.778245 0.63141 0.0408654 0.0833333 0.301514
1 0.263371 0.765491 0.0213341 0.0491453 0.299805
1 0.254057 0.879808 0.0273438 0.0512821 0.294189
1 0.811298 0.942842 0.0408653 0.0459402 0.272705
1 0.843149 0.832265 0.0264422 0.0352564 0.265869
1 0.941707 0.319712 0.0204327 0.0502137 0.253906
1 0.388221 0.315705 0.0510818 0.0844017 0.569824
1 0.721755 0.374733 0.0336539 0.0625 0.406494
1 0.402043 0.494124 0.0324519 0.0566239 0.373047
1 0.535457 0.266293 0.0240385 0.0592949 0.370117
1 0.569712 0.91453 0.0288462 0.0384615 0.35498
1 0.491587 0.939103 0.0240385 0.0491453 0.343262
1 0.254207 0.880342 0.0273438 0.0491453 0.307373
1 0.263522 0.766026 0.0216346 0.0491453 0.305664
1 0.941707 0.321047 0.0204327 0.0480769 0.294189
1 0.778245 0.630342 0.0396635 0.0801282 0.279053
1 0.810697 0.942842 0.0408654 0.0459402 0.271973
1 0.842548 0.832265 0.0264423 0.034188 0.265137
1 0.971154 0.498665 0.03125 0.0625 0.255371
1 0.388221 0.317308 0.0516827 0.0865385 0.594727
1 0.721755 0.375801 0.0336539 0.0630342 0.414062
1 0.535457 0.267895 0.0240385 0.0608974 0.384033
1 0.402344 0.498665 0.0336538 0.0603632 0.380371
1 0.490986 0.938568 0.0240385 0.048077 0.367432
1 0.569712 0.915598 0.0288462 0.0373932 0.359375
1 0.778245 0.631944 0.0396635 0.0811966 0.338135
1 0.263522 0.764957 0.0210336 0.0491453 0.317383
1 0.253906 0.880342 0.0270433 0.0491453 0.314941
1 0.941707 0.320513 0.0204327 0.0491453 0.291748
1 0.811298 0.942308 0.0408653 0.0448719 0.289307
1 0.971154 0.498932 0.03125 0.0619658 0.279053
1 0.843149 0.833333 0.0264422 0.034188 0.262939
1 0.388221 0.316239 0.0522837 0.0854701 0.561035
1 0.721755 0.376068 0.0348558 0.0630342 0.394287
1 0.535457 0.267094 0.0240385 0.0608974 0.373779
1 0.401442 0.494124 0.0330529 0.0566239 0.360352
1 0.490986 0.939103 0.0252404 0.0491453 0.345215
1 0.569712 0.915598 0.0300481 0.0384616 0.332764
1 0.778846 0.63141 0.0408654 0.0801282 0.329346
1 0.263371 0.765491 0.0219351 0.0502137 0.29834
1 0.253756 0.880342 0.0273438 0.0491453 0.29248
1 0.941106 0.320513 0.0204328 0.0491453 0.284668
1 0.811298 0.942308 0.0408653 0.0448719 0.271973
1 0.971154 0.498932 0.03125 0.0619658 0.264404
1 0.842548 0.832265 0.0264423 0.034188 0.257568
1 0.388221 0.316774 0.0516827 0.0865385 0.581543
1 0.721755 0.375267 0.0336539 0.0635684 0.415771
1 0.535156 0.267361 0.0246394 0.0608974 0.392334
1 0.401442 0.494658 0.0336539 0.0576923 0.376709
1 0.490986 0.938568 0.0240385 0.0491453 0.360352
1 0.569712 0.915598 0.0300481 0.0384616 0.355713
1 0.778846 0.631944 0.0396635 0.0811966 0.337158
1 0.263221 0.765491 0.0216346 0.0502137 0.311523
1 0.254057 0.880342 0.0276442 0.051282 0.309082
1 0.941106 0.321047 0.0204328 0.0491453 0.29834
1 0.971154 0.499466 0.0300481 0.0619658 0.286865
1 0.810697 0.942308 0.0408654 0.0448719 0.281494
1 0.842548 0.831731 0.0264423 0.0341881 0.27832
1 0.388221 0.316774 0.0516827 0.0876068 0.57666
1 0.721755 0.375534 0.0336539 0.0635684 0.399902
1 0.535457 0.267628 0.0240385 0.0608974 0.369385
1 0.401442 0.494658 0.0330529 0.056624 0.351318
1 0.491286 0.939103 0.0240385 0.0491453 0.345947
1 0.569712 0.915598 0.0300481 0.0384616 0.332031
1 0.778846 0.63141 0.0396635 0.0811966 0.313232
1 0.263371 0.765491 0.0213341 0.0502137 0.294189
1 0.254207 0.880342 0.0273438 0.051282 0.286865
1 0.941106 0.319979 0.0204328 0.0491453 0.2854
1 0.971154 0.498932 0.0300481 0.0619658 0.268066
1 0.811298 0.942308 0.0408653 0.0438034 0.262939
1 0.842548 0.832265 0.0264423 0.034188 0.257568
1 0.38762 0.317308 0.0516827 0.0865385 0.586914
1 0.721755 0.376068 0.0336539 0.0641026 0.417725
1 0.535156 0.268162 0.0240385 0.0608974 0.391357
1 0.401442 0.495192 0.0336539 0.056624 0.36377
1 0.490986 0.939103 0.0240385 0.0491453 0.357666
1 0.569712 0.915598 0.0300481 0.0384616 0.345215
1 0.778245 0.63141 0.0396635 0.0811966 0.331055
1 0.263221 0.766026 0.0216346 0.0491453 0.310791
1 0.254057 0.879808 0.0273438 0.0502136 0.29834
1 0.971154 0.498932 0.0300481 0.0608974 0.288574
1 0.941106 0.320513 0.0216346 0.0480769 0.286865
1 0.810697 0.942308 0.0408654 0.0448719 0.275879
1 0.842548 0.832265 0.0264423 0.034188 0.269775
1 0.389123 0.316239 0.0504808 0.0897436 0.504883
1 0.721154 0.370192 0.0336539 0.0651709 0.370117
1 0.401442 0.491987 0.0324519 0.0576923 0.34082
1 0.534856 0.26656 0.0228365 0.0603633 0.325195
1 0.490385 0.939103 0.0228365 0.0470086 0.313232
1 0.569712 0.915598 0.0288462 0.0373932 0.301514
1 0.26232 0.76656 0.0198317 0.0491453 0.273682
1 0.253305 0.879808 0.0258413 0.0502136 0.255371
