1 0.376803 0.0737847 0.0288461 0.0492788 0.388672
1 0.375601 0.0773237 0.0372596 0.0587607 0.350342
1 0.913462 0.276976 0.0504807 0.0892094 0.362061
1 0.32482 0.292201 0.0576923 0.113248 0.299805
1 0.375 0.0769231 0.0372596 0.0494124 0.29248
1 0.499399 0.792735 0.0480769 0.0844017 0.284668
1 0.168269 0.650107 0.0342548 0.0523504 0.257568
1 0.914062 0.278846 0.0492788 0.0865385 0.282227
1 0.322716 0.30235 0.0576923 0.11859 0.288574
1 0.39994 0.847222 0.0594952 0.0833333 0.282959
1 0.913462 0.283387 0.0528846 0.0924145 0.288574
1 0.327825 0.296474 0.0606971 0.113248 0.300781
1 0.395733 0.833868 0.0528846 0.0715812 0.264404
1 0.913462 0.280449 0.0504807 0.0886752 0.263672
1 0.916466 0.276709 0.0504807 0.0972222 0.266602
1 0.39994 0.831197 0.0582933 0.0694444 0.26123
1 0.324519 0.299145 0.0576923 0.113782 0.259766
1 0.397236 0.83547 0.0552885 0.0683761 0.265869
1 0.918269 0.280182 0.0516827 0.099359 0.273682
1 0.323618 0.294338 0.0558894 0.119658 0.256104
1 0.916466 0.28125 0.046875 0.0860043 0.262939
1 0.915865 0.288996 0.0552885 0.105769 0.257568
1 0.32512 0.297543 0.0625 0.116987 0.416748
1 0.393029 0.832265 0.0552885 0.0747864 0.305664
1 0.915865 0.272436 0.0576923 0.099359 0.277588
1 0.155386 0.913996 0.120718 0.172009 0.318359
1 0.323317 0.297009 0.0540865 0.111111 0.273682
1 0.324519 0.292201 0.0504808 0.105769 0.262207
1 0.914663 0.279915 0.0504807 0.0918803 0.253174
1 0.912861 0.276976 0.0564903 0.0929487 0.338135
1 0.396034 0.844017 0.0625 0.0811966 0.274414
1 0.323918 0.293536 0.0588942 0.120727 0.255371
1 0.911659 0.280983 0.0588942 0.0972222 0.332031
1 0.321815 0.294071 0.0552885 0.110043 0.311523
1 0.394531 0.83547 0.0516827 0.0673077 0.256836
1 0.915865 0.279113 0.0528846 0.0956196 0.323486
1 0.394832 0.842949 0.0588942 0.0769231 0.287842
1 0.325721 0.293269 0.0600961 0.111111 0.284668
1 0.914663 0.279113 0.0528846 0.102564 0.279785
1 0.323618 0.295406 0.0552885 0.108974 0.258301
1 0.914062 0.278846 0.0516827 0.0950855 0.311523
1 0.396034 0.834402 0.0528846 0.0662393 0.301514
1 0.913462 0.280449 0.0528846 0.090812 0.269043
1 0.376202 0.0791266 0.0384615 0.052484 0.256104
1 0.914663 0.280449 0.0528846 0.090812 0.312256
1 0.396635 0.834402 0.0564904 0.0662393 0.266602
1 0.911659 0.282051 0.0528847 0.0945513 0.392334
1 0.392428 0.83547 0.0528846 0.0641026 0.31665
1 0.322416 0.297009 0.0570914 0.111111 0.310791
1 0.913462 0.280449 0.0540866 0.0977564 0.293457
1 0.396034 0.833868 0.0588943 0.065171 0.250977
1 0.324519 0.297276 0.0600961 0.110577 0.357666
1 0.396635 0.83547 0.0588943 0.0705128 0.335449
1 0.913462 0.280983 0.0540866 0.0876068 0.29248
1 0.396635 0.834402 0.0588943 0.0737179 0.337158
1 0.914062 0.278312 0.0528847 0.0918804 0.304932
1 0.324519 0.2914 0.0564904 0.108974 0.291748
1 0.913462 0.281784 0.0528846 0.0924145 0.286865
1 0.913462 0.284722 0.0528846 0.100427 0.337158
1 0.39363 0.832799 0.0558894 0.0683761 0.294922
1 0.322716 0.296474 0.0564904 0.111111 0.251709
1 0.91226 0.28312 0.0528846 0.0929487 0.321777
1 0.394832 0.832799 0.0528846 0.0662393 0.252441
1 0.913462 0.280983 0.0528846 0.0886752 0.291748
1 0.396034 0.833333 0.0564904 0.0662393 0.286865
1 0.914663 0.27938 0.0576923 0.100427 0.389648
1 0.396334 0.833868 0.0582933 0.065171 0.308105
1 0.913462 0.280716 0.0552884 0.096688 0.399902
1 0.396034 0.834402 0.0576923 0.0662393 0.294189
1 0.913462 0.278846 0.0552884 0.0961538 0.29248
1 0.396334 0.83547 0.0570914 0.0662393 0.282959
1 0.914062 0.27938 0.0540865 0.0961539 0.303955
1 0.91226 0.280983 0.0516828 0.0854701 0.275146
1 0.395433 0.834402 0.0552885 0.0662393 0.256836
1 0.913462 0.27938 0.0528846 0.0961539 0.291748
1 0.914062 0.280983 0.0504807 0.0897436 0.303955
1 0.912861 0.27938 0.0516827 0.0918804 0.30249
1 0.914663 0.278045 0.0528846 0.0918804 0.306641
1 0.914663 0.280182 0.0528846 0.0902778 0.338135
1 0.395433 0.834402 0.0528846 0.0683761 0.259766
1 0.914663 0.278846 0.0528846 0.0972222 0.345215
1 0.395132 0.833333 0.0522836 0.0641025 0.272705
1 0.323317 0.299947 0.0564904 0.109509 0.300781
1 0.914062 0.281784 0.0540865 0.0929487 0.280518
1 0.913462 0.282318 0.0528846 0.0902778 0.315674
1 0.394832 0.834402 0.0528846 0.0662393 0.269043
1 0.914062 0.28125 0.0528847 0.0945513 0.313965
1 0.324519 0.302083 0.0558894 0.109509 0.270508
1 0.395433 0.834402 0.0528846 0.0694444 0.264404
1 0.913462 0.278846 0.0528846 0.0961538 0.309814
1 0.913462 0.280449 0.0540866 0.0929487 0.336426
1 0.913462 0.27938 0.0528846 0.0945513 0.348633
1 0.394832 0.834402 0.0540865 0.0662393 0.265869
1 0.913462 0.278312 0.0528846 0.0918804 0.33374
1 0.396034 0.834402 0.0540865 0.0705128 0.279053
1 0.914663 0.278846 0.0528846 0.0913462 0.373779
1 0.395433 0.834402 0.0540865 0.0641026 0.276611
1 0.914062 0.278312 0.0528847 0.0945513 0.414062
1 0.395433 0.834402 0.0540865 0.0630342 0.291748
1 0.323618 0.29594 0.0552885 0.11218 0.291016
1 0.168119 0.655983 0.0333534 0.0566239 0.266602
1 0.928486 0.455128 0.0324519 0.0576923 0.254639
1 0.913462 0.280716 0.0528846 0.0956197 0.347656
1 0.913462 0.277244 0.0576922 0.100427 0.314941
1 0.913462 0.281517 0.0528846 0.0929487 0.398926
1 0.913462 0.280716 0.0552884 0.0982906 0.434082
1 0.395433 0.83547 0.0546875 0.0705128 0.29248
1 0.499099 0.811966 0.0516827 0.0854701 0.250244
1 0.912861 0.280449 0.0540865 0.0982906 0.418701
1 0.394832 0.834402 0.0540865 0.0705128 0.275879
1 0.499399 0.809829 0.0528846 0.0876069 0.270508
1 0.912861 0.278579 0.0540865 0.0918804 0.365723
1 0.395733 0.834402 0.0594952 0.0726496 0.262939
1 0.498798 0.80235 0.0516827 0.0876068 0.253906
1 0.911659 0.27938 0.0564903 0.0918804 0.294189
1 0.394832 0.83547 0.0552885 0.0662393 0.264404
1 0.913462 0.278312 0.0528846 0.0945513 0.282959
1 0.395433 0.834936 0.0552885 0.0694444 0.266602
1 0.910457 0.278846 0.0576923 0.0918804 0.350342
1 0.394832 0.83547 0.0552885 0.0662393 0.300781
1 0.167969 0.653846 0.0351562 0.0576923 0.29834
1 0.926683 0.449519 0.0336539 0.0625 0.282227
1 0.498798 0.809829 0.0516827 0.0844017 0.273682
1 0.374399 0.0783921 0.0360577 0.0462073 0.269043
1 0.914062 0.280983 0.0540865 0.0940171 0.435059
1 0.395433 0.839744 0.0552885 0.0662393 0.318359
1 0.499399 0.810898 0.0516827 0.0876069 0.29834
1 0.167668 0.655983 0.0333534 0.0576923 0.288574
1 0.928486 0.453526 0.0336538 0.0598291 0.259766
1 0.323918 0.294338 0.0594952 0.114316 0.251709
1 0.238582 0.984241 0.0210336 0.0315171 0.251709
1 0.913462 0.282051 0.0528846 0.0940171 0.448486
1 0.395433 0.840278 0.0540865 0.0662393 0.364746
1 0.168269 0.654915 0.0336538 0.0587607 0.327637
1 0.323918 0.297009 0.0564904 0.121795 0.326904
1 0.499399 0.808761 0.0528846 0.0876069 0.317383
1 0.929087 0.45406 0.0336538 0.0598291 0.294922
1 0.375601 0.0807959 0.0360577 0.0480769 0.262207
1 0.913462 0.282051 0.0552884 0.0918804 0.515625
1 0.395433 0.838675 0.0540865 0.0662393 0.383057
1 0.323317 0.295673 0.0564904 0.11485 0.34082
1 0.168119 0.654915 0.0327524 0.0555556 0.336426
1 0.928486 0.45406 0.0324519 0.0598291 0.332031
1 0.3753 0.0807292 0.0354567 0.0476763 0.309814
1 0.499399 0.807158 0.0516827 0.082265 0.290283
1 0.817308 0.728632 0.0288461 0.051282 0.275879
1 0.238281 0.985043 0.0222356 0.0299145 0.27124
1 0.807692 0.84188 0.03125 0.0555556 0.253906
1 0.913462 0.278579 0.0540866 0.0934829 0.561035
1 0.394231 0.838675 0.0564904 0.0694444 0.450439
1 0.324219 0.293002 0.0600961 0.119124 0.402588
1 0.167969 0.654915 0.031851 0.0544872 0.37207
1 0.927885 0.454327 0.0336539 0.0587607 0.367432
1 0.497897 0.805556 0.0534856 0.0876068 0.352295
1 0.375601 0.0811966 0.0348558 0.0440705 0.321777
1 0.239183 0.984241 0.0216346 0.0315171 0.303223
1 0.817308 0.726496 0.0276443 0.0491453 0.300781
1 0.914062 0.280182 0.0540865 0.0929487 0.46582
1 0.395433 0.838675 0.0558894 0.0694444 0.367432
1 0.167969 0.654915 0.031851 0.0555556 0.334473
1 0.927885 0.454594 0.03125 0.0587607 0.328613
1 0.323918 0.297543 0.0576923 0.114316 0.325195
1 0.375601 0.0821314 0.0348558 0.0456731 0.299072
1 0.816707 0.727564 0.0276442 0.051282 0.275879
1 0.237831 0.985043 0.0213341 0.0299145 0.272705
1 0.91226 0.281517 0.0528846 0.0929487 0.562988
1 0.394832 0.839744 0.0540865 0.0683761 0.467773
1 0.168269 0.655983 0.0330529 0.0566239 0.399902
1 0.323918 0.296741 0.0564904 0.113782 0.394287
1 0.928486 0.455662 0.0336538 0.0576923 0.367432
1 0.375601 0.081664 0.0360577 0.0463408 0.345215
1 0.817308 0.727564 0.0288461 0.051282 0.335449
1 0.238582 0.985043 0.0222356 0.0299145 0.320068
1 0.499099 0.806624 0.0504808 0.082265 0.271973
1 0.91226 0.281517 0.0528846 0.0918804 0.5
1 0.394832 0.838675 0.0546875 0.0683761 0.419678
1 0.323918 0.297009 0.0552885 0.110577 0.399902
1 0.167969 0.655449 0.0324519 0.0566239 0.364746
1 0.927885 0.455662 0.0336539 0.0576923 0.331055
1 0.238582 0.985043 0.0216346 0.0299145 0.319092
1 0.3753 0.0814637 0.0348558 0.0462073 0.311523
1 0.817308 0.727564 0.0288461 0.051282 0.289307
1 0.496695 0.80235 0.0540865 0.0876068 0.264404
1 0.319111 0.717949 0.0360577 0.0352564 0.252441
1 0.912861 0.281517 0.0540865 0.0918804 0.533203
1 0.394231 0.838675 0.0552885 0.0683761 0.428223
1 0.323918 0.297543 0.0576923 0.111645 0.380371
1 0.168269 0.654915 0.0330529 0.0555556 0.368408
1 0.927885 0.455128 0.0336539 0.0576923 0.347656
1 0.238281 0.98531 0.0219351 0.0293803 0.32251
1 0.817308 0.727564 0.0276443 0.051282 0.308105
1 0.375 0.0834669 0.0348558 0.0451389 0.305664
1 0.496094 0.803419 0.0522837 0.0876068 0.277588
1 0.913462 0.280983 0.0528846 0.0918803 0.517578
1 0.324519 0.297276 0.0576923 0.112714 0.456055
1 0.395733 0.838141 0.0540865 0.0673077 0.403564
1 0.167668 0.655449 0.0339543 0.0566239 0.387695
1 0.927885 0.455128 0.0336539 0.0587607 0.371094
1 0.499399 0.805556 0.0516827 0.0833333 0.359375
1 0.375 0.0820646 0.0360577 0.0471421 0.349609
1 0.817308 0.726496 0.0288461 0.051282 0.347656
1 0.237981 0.984509 0.0219351 0.0309829 0.323486
1 0.811298 0.837607 0.03125 0.0523504 0.273682
1 0.31881 0.718483 0.0372596 0.0352564 0.253174
1 0.913462 0.27938 0.0528846 0.0897436 0.549805
1 0.396034 0.837607 0.0534856 0.0662393 0.427246
1 0.323918 0.296207 0.0576923 0.111645 0.412109
1 0.168419 0.654915 0.0330529 0.0576923 0.383057
1 0.928486 0.455395 0.0324519 0.0582265 0.356689
1 0.237981 0.984776 0.0222356 0.0304487 0.337158
1 0.496394 0.803419 0.0540865 0.094017 0.332764
1 0.375601 0.0831998 0.0348558 0.0456731 0.331055
1 0.817308 0.726496 0.0276443 0.051282 0.321777
1 0.913462 0.282051 0.0528846 0.0924145 0.524414
1 0.324219 0.29968 0.0594952 0.114316 0.434082
1 0.396034 0.839744 0.0540865 0.0683761 0.414062
1 0.16857 0.656517 0.0342548 0.0576923 0.390381
1 0.498798 0.806624 0.0516827 0.0854701 0.371094
1 0.928486 0.456998 0.0336538 0.0587607 0.358398
1 0.817308 0.727564 0.0288461 0.051282 0.351318
1 0.237981 0.98531 0.0228365 0.0293803 0.351318
1 0.375601 0.0841346 0.0360577 0.0470085 0.33374
1 0.811298 0.840278 0.03125 0.0555556 0.256836
1 0.913462 0.281784 0.0540866 0.090812 0.540039
1 0.396034 0.839744 0.0540865 0.0683761 0.442627
1 0.324519 0.299145 0.0576923 0.11218 0.419678
1 0.168269 0.657051 0.0336538 0.0576923 0.386719
1 0.928486 0.457265 0.0336538 0.0571582 0.355713
1 0.238431 0.98531 0.0222356 0.0293803 0.354004
1 0.499399 0.806624 0.0504807 0.0833333 0.338135
1 0.817909 0.728098 0.0288462 0.0512821 0.325195
1 0.375601 0.0849359 0.0354567 0.0462073 0.319092
1 0.811298 0.841346 0.03125 0.0534188 0.290283
1 0.914062 0.282051 0.0540865 0.0918804 0.543945
1 0.323918 0.300214 0.0576923 0.112179 0.464844
1 0.396034 0.839744 0.0552884 0.0683761 0.448486
1 0.16857 0.657051 0.0336538 0.0576923 0.39502
1 0.929087 0.457265 0.0336538 0.0576923 0.373779
1 0.237981 0.985577 0.0216346 0.0288461 0.362061
1 0.499099 0.807692 0.0510817 0.0833333 0.353027
1 0.817308 0.727564 0.0288461 0.051282 0.345215
1 0.3753 0.084602 0.0354567 0.0460737 0.33374
1 0.811298 0.840812 0.03125 0.0534188 0.291748
1 0.913462 0.281517 0.0528846 0.090812 0.523438
1 0.396034 0.838675 0.0540865 0.0662393 0.430176
1 0.323918 0.29968 0.0576923 0.111111 0.415771
1 0.167969 0.657051 0.0342548 0.0576923 0.373779
1 0.928486 0.457265 0.0336538 0.0571582 0.359375
1 0.237981 0.985043 0.0222356 0.0299145 0.338867
1 0.496394 0.804487 0.0552885 0.0918803 0.331055
1 0.817308 0.727564 0.0288461 0.0523504 0.328613
1 0.3753 0.0846688 0.0366586 0.0467414 0.321777
1 0.807091 0.839744 0.03125 0.0555556 0.271973
1 0.914062 0.282586 0.0528847 0.0929487 0.542969
1 0.395733 0.838675 0.0540865 0.0673076 0.436768
1 0.323618 0.299679 0.0582933 0.113248 0.422607
1 0.167969 0.656517 0.0333534 0.0576923 0.390381
1 0.928486 0.457265 0.0336538 0.0576923 0.383057
1 0.238281 0.984509 0.0222356 0.0309829 0.361084
1 0.817308 0.72703 0.0288461 0.0512821 0.344238
1 0.375 0.0850694 0.0360577 0.0462073 0.336426
1 0.495793 0.805556 0.0540865 0.0929487 0.331055
1 0.807091 0.840278 0.03125 0.0555556 0.282227
1 0.914062 0.282586 0.0528847 0.0918804 0.525391
1 0.395733 0.838675 0.0540865 0.0662393 0.425293
1 0.323918 0.300481 0.0576923 0.111645 0.424316
1 0.167969 0.657051 0.0330529 0.0576923 0.371094
1 0.929087 0.457799 0.0336538 0.0566239 0.356689
1 0.238281 0.985043 0.0222356 0.0299145 0.33374
1 0.817308 0.727564 0.0288461 0.051282 0.329346
1 0.499099 0.806624 0.0516827 0.0833333 0.319092
1 0.3753 0.0856036 0.0354567 0.045406 0.31665
1 0.810697 0.838675 0.03125 0.051282 0.259766
1 0.913462 0.282586 0.0528846 0.0918804 0.53125
1 0.395433 0.838675 0.0540865 0.0662393 0.427246
1 0.323918 0.300214 0.0576923 0.111111 0.425293
1 0.167969 0.657051 0.0333534 0.0576923 0.385742
1 0.928486 0.458066 0.0336538 0.0571581 0.37207
1 0.817308 0.728098 0.0288461 0.0512821 0.349609
1 0.238281 0.985043 0.0222356 0.0299145 0.337158
1 0.499099 0.806624 0.0516827 0.0833333 0.336426
1 0.375 0.0857372 0.0360577 0.0459402 0.332031
1 0.810096 0.838675 0.03125 0.051282 0.271973
1 0.914062 0.280182 0.0540865 0.0929487 0.46582
1 0.395433 0.838675 0.0558894 0.0694444 0.367432
1 0.167969 0.654915 0.031851 0.0555556 0.334473
1 0.927885 0.454594 0.03125 0.0587607 0.329346
1 0.323918 0.297543 0.0576923 0.114316 0.325195
1 0.375601 0.0821314 0.0348558 0.0456731 0.29834
1 0.816707 0.727564 0.0276442 0.051282 0.275879
1 0.237831 0.985043 0.0213341 0.0299145 0.272705
