1 0.434796 0.53953 0.0498798 0.0876068 0.27832
1 0.77524 0.370726 0.0360577 0.0673077 0.268066
1 0.77524 0.378472 0.0384615 0.0689103 0.265869
1 0.0961538 0.676816 0.0375601 0.0982906 0.250244
1 0.942308 0.50227 0.0865384 0.168536 0.26123
1 0.0952524 0.678953 0.0366587 0.0972223 0.291016
1 0.774038 0.375 0.0372596 0.0705128 0.283691
1 0.099384 0.684295 0.0365084 0.0982906 0.290283
1 0.77524 0.379273 0.0360577 0.0699786 0.277588
1 0.776442 0.376603 0.0384615 0.0673077 0.27124
1 0.77524 0.378739 0.0360577 0.0662393 0.276611
1 0.261719 0.904915 0.0264423 0.0662393 0.262207
1 0.0955529 0.677885 0.038762 0.105769 0.329346
1 0.0960036 0.680556 0.0426683 0.108974 0.256836
1 0.0963792 0.679487 0.0404147 0.104701 0.351318
1 0.260517 0.903846 0.0222356 0.0715812 0.27124
1 0.774038 0.366186 0.0348558 0.071047 0.265137
1 0.0987831 0.684829 0.0368089 0.101496 0.256104
1 0.0952524 0.681624 0.0348558 0.102564 0.257568
1 0.774639 0.36485 0.0360577 0.0651709 0.256104
1 0.773438 0.36485 0.0348558 0.0694445 0.26123
1 0.0954027 0.683227 0.0408654 0.108974 0.260498
1 0.782452 0.280449 0.03125 0.0405983 0.265869
1 0.0981821 0.684829 0.0407151 0.102564 0.294922
1 0.0953275 0.682692 0.0368089 0.104701 0.26123
1 0.0948768 0.68109 0.0380108 0.101496 0.266602
1 0.782452 0.278846 0.032452 0.0432692 0.258301
1 0.0947266 0.681624 0.0360577 0.100427 0.250977
1 0.774038 0.366453 0.0360577 0.0683761 0.27832
1 0.783053 0.279915 0.03125 0.0395299 0.275146
1 0.0985577 0.683761 0.0378606 0.102564 0.262207
1 0.0991587 0.685363 0.038762 0.103632 0.281494
1 0.782452 0.278312 0.0336539 0.0411325 0.262207
1 0.0978065 0.685363 0.0396635 0.102564 0.299805
1 0.782452 0.280449 0.0336539 0.0443376 0.276611
1 0.0981821 0.683761 0.0410156 0.103633 0.313965
1 0.782452 0.280182 0.0336539 0.0422009 0.255371
1 0.0976562 0.684295 0.0411659 0.100427 0.326904
1 0.783654 0.280716 0.0336538 0.042735 0.267334
1 0.783053 0.278312 0.032452 0.0405983 0.251709
1 0.782452 0.277244 0.0336539 0.0416667 0.275879
1 0.772837 0.364049 0.0348557 0.0699787 0.259033
1 0.781851 0.277778 0.0336539 0.0395299 0.313232
1 0.772236 0.366987 0.0336538 0.0721154 0.309082
1 0.688702 0.717415 0.0336539 0.0491453 0.275879
1 0.782452 0.279915 0.03125 0.0384615 0.313232
1 0.689303 0.715812 0.032452 0.0491453 0.301514
1 0.774038 0.373932 0.0360577 0.0673077 0.279785
1 0.261418 0.911859 0.0252404 0.0683761 0.268066
1 0.0952524 0.681624 0.0372596 0.105769 0.253906
1 0.782452 0.282318 0.032452 0.0411325 0.31665
1 0.0953275 0.684829 0.0386118 0.106838 0.31665
1 0.774038 0.368056 0.0360577 0.0694444 0.303955
1 0.689904 0.717949 0.0336539 0.0534188 0.300781
1 0.260517 0.911325 0.0264423 0.0705128 0.266602
1 0.097506 0.685897 0.039363 0.100427 0.392334
1 0.782452 0.281517 0.032452 0.0400641 0.350342
1 0.774038 0.375534 0.0348558 0.0651709 0.336426
1 0.689904 0.720086 0.0336539 0.0512821 0.315674
1 0.260517 0.911325 0.0246394 0.0662393 0.265137
1 0.0965294 0.684829 0.0389123 0.104701 0.390381
1 0.782452 0.282586 0.03125 0.0384615 0.376709
1 0.774038 0.373665 0.0360577 0.0667735 0.366699
1 0.688702 0.719551 0.03125 0.0491453 0.35498
1 0.260517 0.910256 0.0252404 0.0683761 0.279053
1 0.782452 0.28312 0.03125 0.0384615 0.352295
1 0.689303 0.721154 0.03125 0.0491453 0.338867
1 0.774038 0.374199 0.0348558 0.0678419 0.328613
1 0.0974309 0.685897 0.0383113 0.102564 0.319092
1 0.260216 0.911325 0.0246394 0.0662393 0.27124
1 0.782452 0.281517 0.03125 0.0395299 0.417725
1 0.0976562 0.684829 0.038762 0.104701 0.400635
1 0.774038 0.374466 0.0360577 0.0683761 0.379395
1 0.689904 0.720086 0.03125 0.0491453 0.370117
1 0.261118 0.911325 0.0252404 0.0662393 0.319092
1 0.176833 0.319979 0.0246394 0.0320513 0.265869
1 0.311298 0.88141 0.0240385 0.0405983 0.251709
1 0.097506 0.685897 0.039363 0.100427 0.417725
1 0.781851 0.281517 0.03125 0.0389957 0.383057
1 0.774038 0.375 0.0360577 0.0673077 0.349609
1 0.689904 0.72062 0.032452 0.0523504 0.344238
1 0.261418 0.911325 0.0252404 0.0683761 0.301514
1 0.176833 0.321047 0.0243389 0.0325855 0.253174
1 0.0969051 0.684829 0.0396635 0.102564 0.406494
1 0.782452 0.282051 0.03125 0.0384615 0.396973
1 0.774038 0.373932 0.0360577 0.0667735 0.378418
1 0.689904 0.721154 0.0336539 0.0491453 0.35498
1 0.261118 0.910256 0.0240385 0.0662393 0.309082
1 0.78125 0.280983 0.0336538 0.0395299 0.428223
1 0.097506 0.685363 0.0384615 0.103632 0.393311
1 0.774038 0.373665 0.0360577 0.0667735 0.391357
1 0.688702 0.721154 0.0336539 0.0512821 0.379395
1 0.260817 0.90812 0.0258413 0.0683761 0.325195
1 0.176983 0.321848 0.0246394 0.0325855 0.274414
1 0.782452 0.282051 0.03125 0.0395299 0.40918
1 0.0958534 0.683761 0.0378606 0.104701 0.392334
1 0.774639 0.375 0.0360577 0.0673077 0.391357
1 0.689904 0.722222 0.03125 0.051282 0.351318
1 0.261118 0.911325 0.0252404 0.0662393 0.288574
1 0.176983 0.321581 0.0246394 0.0320513 0.282959
1 0.782452 0.282051 0.032452 0.0400641 0.432129
1 0.774639 0.375 0.0372596 0.0683761 0.390381
1 0.0980318 0.686966 0.0395132 0.106838 0.389648
1 0.689904 0.721688 0.0336539 0.051282 0.384033
1 0.261418 0.911325 0.0252404 0.0683761 0.307373
1 0.176983 0.322115 0.0249399 0.0331197 0.276611
1 0.311599 0.882479 0.0246394 0.042735 0.262207
1 0.782452 0.282318 0.03125 0.0389957 0.430176
1 0.0978065 0.685897 0.0399639 0.102564 0.400635
1 0.774038 0.376068 0.0372596 0.0683761 0.383057
1 0.689904 0.721154 0.0336539 0.0512821 0.374756
1 0.261418 0.910256 0.0258413 0.0662393 0.311523
1 0.176983 0.323184 0.0252404 0.0331196 0.256836
1 0.782452 0.283387 0.032452 0.0395299 0.442627
1 0.0979567 0.685897 0.0390625 0.102564 0.40918
1 0.774639 0.376336 0.0372596 0.0683761 0.393311
1 0.689904 0.722222 0.0336539 0.051282 0.377441
1 0.261418 0.911325 0.0252404 0.0683761 0.329346
1 0.176833 0.32265 0.0249399 0.0331197 0.265137
1 0.311298 0.882479 0.0240385 0.0405983 0.252441
1 0.782452 0.282586 0.0336539 0.0395299 0.42334
1 0.095628 0.685897 0.0378606 0.104701 0.376709
1 0.77524 0.376068 0.0384615 0.0683761 0.37207
1 0.688702 0.721154 0.0336539 0.0512821 0.351318
1 0.261418 0.910791 0.0264423 0.0673077 0.300781
1 0.782452 0.282586 0.03125 0.0395299 0.443604
1 0.0958534 0.685897 0.0384615 0.106838 0.414062
1 0.774639 0.375 0.0372596 0.0694444 0.389648
1 0.688702 0.721154 0.0336539 0.0512821 0.380371
1 0.261418 0.910256 0.0252404 0.0683761 0.318359
1 0.176683 0.32265 0.0258413 0.0331197 0.266602
1 0.311298 0.88141 0.0252404 0.0405983 0.253906
1 0.782452 0.283654 0.032452 0.0395299 0.42627
1 0.0978816 0.686966 0.0392127 0.104701 0.397949
1 0.774639 0.375534 0.0372596 0.0683761 0.374756
1 0.689303 0.722222 0.032452 0.051282 0.362061
1 0.261418 0.910256 0.0252404 0.0683761 0.296631
1 0.782452 0.283387 0.032452 0.0389957 0.44458
1 0.0977314 0.686966 0.0392127 0.103632 0.398926
1 0.774639 0.375801 0.0372596 0.0683761 0.390381
1 0.688702 0.722222 0.0336539 0.051282 0.387695
1 0.261268 0.910256 0.0255409 0.0683761 0.305664
1 0.311599 0.88141 0.0246394 0.0405983 0.258301
1 0.782452 0.28312 0.03125 0.0384615 0.353027
1 0.689303 0.721154 0.03125 0.0491453 0.338867
1 0.774038 0.374199 0.0348558 0.0678419 0.328613
1 0.0974309 0.685897 0.0383113 0.102564 0.319092
1 0.260216 0.911325 0.0246394 0.0662393 0.271973
