1 0.336538 0.928953 0.0288461 0.0523504 0.309814
1 0.776442 0.46688 0.0360577 0.0833333 0.257568
1 0.313702 0.558761 0.0264423 0.0726496 0.256836
1 0.0872897 0.480769 0.0363582 0.0876069 0.343262
1 0.252704 0.916132 0.0961538 0.167735 0.326904
1 0.214243 0.514022 0.0372596 0.0659722 0.303955
1 0.773438 0.483173 0.0324519 0.0774573 0.2854
1 0.310697 0.57906 0.0294471 0.0769231 0.256836
1 0.311298 0.558227 0.0360577 0.0811966 0.332764
1 0.0878155 0.476496 0.0332031 0.0929487 0.271973
1 0.211839 0.506944 0.0441707 0.0608974 0.325928
1 0.085637 0.473291 0.0273438 0.0918803 0.319092
1 0.254207 0.917735 0.0793269 0.155983 0.294189
1 0.333534 0.951389 0.0360577 0.0502137 0.284668
1 0.896635 0.342415 0.0252404 0.0523504 0.264404
1 0.311899 0.564103 0.030649 0.0769231 0.255371
1 0.572115 0.376603 0.030048 0.0416667 0.254639
1 0.774639 0.47703 0.0288461 0.0758547 0.251709
1 0.0865385 0.459402 0.0253906 0.0801282 0.311523
1 0.774038 0.474893 0.0264423 0.0715812 0.29834
1 0.216496 0.509615 0.039363 0.0662393 0.277588
1 0.0861629 0.481571 0.0240385 0.0849359 0.299072
1 0.774038 0.481036 0.0288461 0.071047 0.290283
1 0.211839 0.513889 0.0420673 0.0619658 0.255371
1 0.310096 0.577991 0.0336539 0.073718 0.255371
1 0.0865385 0.475427 0.0234375 0.090812 0.351318
1 0.215294 0.510684 0.0381611 0.0726496 0.307373
1 0.214844 0.512286 0.0396635 0.0662393 0.271973
1 0.214844 0.507479 0.0396635 0.0630342 0.368408
1 0.310697 0.567308 0.0348558 0.0747863 0.337158
1 0.0865385 0.47703 0.0277945 0.0918804 0.271973
1 0.335637 0.9375 0.03125 0.0587607 0.262207
1 0.216346 0.511752 0.0402644 0.0705128 0.323486
1 0.313101 0.575855 0.03125 0.0790599 0.279053
1 0.251502 0.92094 0.0907452 0.15812 0.27124
1 0.774639 0.478365 0.030048 0.0785257 0.269043
1 0.0861629 0.479701 0.0280949 0.0918803 0.259033
1 0.213942 0.505876 0.0396635 0.0726496 0.319092
1 0.215294 0.510684 0.0429688 0.0683761 0.274414
1 0.213792 0.512954 0.0420673 0.0702457 0.332764
1 0.0886418 0.467682 0.0258413 0.0849359 0.291016
1 0.215745 0.508681 0.0399639 0.0702457 0.271973
1 0.77524 0.47703 0.0288461 0.0769231 0.270508
1 0.313101 0.572115 0.0300481 0.0769231 0.252441
1 0.214243 0.511752 0.0438702 0.0662393 0.257568
1 0.0859375 0.468216 0.0270433 0.0913462 0.254639
1 0.252254 0.913996 0.0886418 0.172009 0.439697
1 0.772837 0.476496 0.03125 0.082265 0.303955
1 0.213492 0.508547 0.0432692 0.0715812 0.277588
1 0.309495 0.571581 0.0336539 0.0811966 0.258301
1 0.253305 0.913462 0.0889423 0.17094 0.392334
1 0.0872897 0.469284 0.0264423 0.0913462 0.310791
1 0.311899 0.565171 0.0348558 0.0779914 0.309814
1 0.215595 0.512821 0.039363 0.0705128 0.265137
1 0.253305 0.91453 0.0853365 0.169872 0.254639
1 0.214543 0.511752 0.0402644 0.0683761 0.287842
1 0.0889423 0.467415 0.0255409 0.0833334 0.259766
1 0.213642 0.51055 0.0426683 0.0665065 0.271973
1 0.0870643 0.468483 0.0250901 0.0865385 0.259033
1 0.21274 0.510817 0.0432692 0.0638354 0.338135
1 0.0869892 0.471154 0.0267428 0.0865384 0.282227
1 0.212891 0.511218 0.0432692 0.0673077 0.260498
1 0.215445 0.509482 0.0384615 0.0707799 0.330322
1 0.310697 0.574786 0.0324519 0.0747863 0.311523
1 0.0866887 0.466613 0.0291466 0.0913462 0.306641
1 0.772837 0.476496 0.03125 0.0779914 0.267334
1 0.252103 0.915865 0.094351 0.168269 0.304932
1 0.213041 0.509081 0.0396635 0.0651709 0.275146
1 0.216647 0.513889 0.0390625 0.0694444 0.358398
1 0.3125 0.577457 0.0348558 0.0811966 0.331055
1 0.216346 0.512954 0.0408654 0.0659722 0.314941
1 0.311899 0.568376 0.0342548 0.0801282 0.274414
1 0.0875902 0.468216 0.0235877 0.0827992 0.250244
1 0.216346 0.511218 0.0432692 0.0694444 0.377441
1 0.3125 0.574786 0.0372596 0.0790599 0.342529
1 0.215895 0.511619 0.0411659 0.0686432 0.335449
1 0.3128 0.567308 0.0354567 0.0790599 0.294922
1 0.0872897 0.470086 0.0294471 0.0886752 0.286133
1 0.251953 0.913996 0.0922476 0.168803 0.260498
1 0.0871394 0.470353 0.0276442 0.0892094 0.250244
1 0.214844 0.514423 0.0411659 0.0641026 0.30249
1 0.313101 0.565705 0.0324519 0.0779914 0.275879
1 0.213942 0.511752 0.0414663 0.0683761 0.275879
1 0.0872897 0.466613 0.0285457 0.0913462 0.296631
1 0.213041 0.513755 0.0402644 0.0665064 0.291748
1 0.311899 0.565171 0.0348558 0.0747863 0.289307
1 0.213942 0.515491 0.0405649 0.0651709 0.304932
1 0.311899 0.567308 0.0348558 0.0811966 0.299072
1 0.0872897 0.469017 0.0249399 0.0897436 0.265137
1 0.310096 0.568376 0.0348558 0.0833333 0.327637
1 0.0866887 0.469017 0.0222356 0.0897436 0.306641
1 0.213942 0.506944 0.0450721 0.0630342 0.304932
1 0.213792 0.512687 0.0411659 0.0643697 0.279785
1 0.214243 0.514957 0.0402644 0.0662393 0.257568
1 0.214243 0.511218 0.0408654 0.065171 0.295898
1 0.0871394 0.467147 0.0259916 0.088141 0.26123
1 0.310096 0.565171 0.0354567 0.0790598 0.260498
1 0.216046 0.512286 0.0402644 0.0705128 0.311523
1 0.247897 0.908654 0.0925481 0.174145 0.275879
1 0.311899 0.565705 0.0360577 0.0779914 0.251709
1 0.216046 0.511752 0.0408654 0.0683761 0.256836
1 0.214844 0.513355 0.0417668 0.0673077 0.266602
1 0.0869892 0.467147 0.026893 0.0902778 0.262939
1 0.214844 0.509615 0.0414663 0.0662393 0.323486
1 0.310096 0.57265 0.0336539 0.0790598 0.270508
1 0.0860126 0.472222 0.0253906 0.099359 0.255371
1 0.214393 0.510684 0.0405649 0.0673077 0.323486
1 0.0875902 0.468216 0.0256911 0.0902778 0.259766
1 0.215445 0.511752 0.0396635 0.0662393 0.291748
1 0.3125 0.565171 0.0354567 0.0758547 0.262939
1 0.215745 0.51055 0.0390625 0.0665065 0.253906
1 0.215745 0.512286 0.0402644 0.0694444 0.286865
1 0.213041 0.508547 0.0450721 0.068376 0.295898
1 0.0883413 0.469551 0.0264423 0.0865384 0.250977
1 0.215294 0.511752 0.0402644 0.0662393 0.295898
1 0.214994 0.508413 0.0396635 0.0686431 0.265137
1 0.215144 0.513355 0.0405649 0.0662393 0.259766
1 0.251803 0.911859 0.100962 0.176282 0.312256
1 0.215745 0.509615 0.0390625 0.0662393 0.259766
1 0.214543 0.511886 0.0426683 0.0702457 0.2854
1 0.215445 0.511752 0.0402644 0.0673077 0.277588
1 0.0872897 0.46688 0.0270433 0.0886752 0.259766
1 0.214844 0.511752 0.0390625 0.0673077 0.250977
1 0.215445 0.510684 0.0396635 0.0705128 0.264404
1 0.214243 0.51015 0.0408654 0.0683761 0.282227
1 0.214994 0.509749 0.0408654 0.0702457 0.275146
1 0.214844 0.509615 0.0420673 0.0715812 0.27124
1 0.215144 0.509482 0.0408654 0.0707799 0.270508
1 0.214243 0.509749 0.0408654 0.0702457 0.321777
1 0.310697 0.567308 0.0360577 0.0769231 0.29248
1 0.0875902 0.467682 0.0271935 0.0870727 0.270508
1 0.201472 0.163862 0.0324519 0.0536859 0.264404
1 0.215445 0.498932 0.0432692 0.0715812 0.303955
1 0.0872897 0.471688 0.0288462 0.0897436 0.260498
1 0.311298 0.571581 0.0372596 0.073718 0.257568
1 0.215294 0.509482 0.0417668 0.0665064 0.309082
1 0.214243 0.51015 0.0414663 0.0705128 0.338135
1 0.0880409 0.469017 0.0271935 0.0918803 0.286133
1 0.310096 0.566239 0.0372596 0.0801282 0.266602
1 0.214543 0.510684 0.0420673 0.0694444 0.325928
1 0.310998 0.573718 0.0378606 0.0801282 0.251709
1 0.214543 0.51055 0.0414663 0.0665065 0.328613
1 0.310697 0.574252 0.0372596 0.0769231 0.260498
1 0.0878906 0.473291 0.0276442 0.0929487 0.250244
1 0.214243 0.509081 0.0426683 0.0694444 0.291016
1 0.214093 0.509081 0.0405649 0.0694444 0.2854
1 0.307993 0.573184 0.0366587 0.0801282 0.253174
1 0.213942 0.509081 0.0399639 0.0694444 0.374756
1 0.309495 0.569444 0.0360577 0.0790598 0.315674
1 0.334435 0.950855 0.03125 0.0502137 0.299805
1 0.0857873 0.475427 0.0273438 0.0918803 0.282227
1 0.573017 0.373397 0.0270432 0.0448718 0.253174
1 0.20012 0.160924 0.0336539 0.0560897 0.250244
1 0.214543 0.505208 0.0408654 0.0686431 0.377441
1 0.310697 0.569979 0.0366586 0.0779914 0.335449
1 0.334736 0.948718 0.0324519 0.0534187 0.326904
1 0.0864633 0.474359 0.0282452 0.0929487 0.303955
1 0.572716 0.373397 0.0264423 0.0443376 0.291748
1 0.201022 0.158921 0.0342548 0.0555556 0.286133
1 0.899639 0.852564 0.0204327 0.0341881 0.264404
1 0.214243 0.506277 0.0402644 0.0686431 0.395996
1 0.085637 0.47516 0.0282452 0.0934829 0.359375
1 0.310096 0.569444 0.0360577 0.0790598 0.358398
1 0.334135 0.94765 0.0336539 0.0534187 0.310791
1 0.772236 0.479167 0.0300481 0.0726496 0.29834
1 0.572716 0.377938 0.0276442 0.0470085 0.290283
1 0.897236 0.348024 0.0264423 0.0587607 0.264404
1 0.200421 0.158921 0.0354567 0.0576923 0.250977
1 0.214243 0.506544 0.0396635 0.0659722 0.446533
1 0.310397 0.569444 0.0354567 0.0747863 0.397949
1 0.0858624 0.47703 0.0262921 0.0897436 0.383057
1 0.772837 0.480235 0.0288462 0.0705128 0.314941
1 0.334135 0.94765 0.03125 0.0491453 0.303223
1 0.572716 0.377938 0.0264423 0.0448718 0.275879
1 0.896635 0.347756 0.0264422 0.0566239 0.266602
1 0.735577 0.413462 0.0216346 0.0299145 0.256836
1 0.044997 0.274306 0.0187801 0.0405983 0.250244
1 0.213942 0.505475 0.0408654 0.068109 0.494141
1 0.310096 0.566239 0.0360577 0.0769231 0.44165
1 0.0855619 0.474626 0.0265926 0.0913462 0.415771
1 0.772236 0.478632 0.0276443 0.0705128 0.373779
1 0.572716 0.377404 0.0264423 0.0443376 0.320801
1 0.334736 0.946581 0.0324519 0.0491453 0.314941
1 0.896635 0.347222 0.0252404 0.0555556 0.300781
1 0.201022 0.158921 0.0351563 0.0571581 0.281494
1 0.736178 0.412927 0.0192308 0.0288461 0.279785
1 0.214543 0.505208 0.0390625 0.0665064 0.44458
1 0.0853365 0.476496 0.0252404 0.0876069 0.387695
1 0.310697 0.569444 0.0348558 0.0747863 0.386719
1 0.572416 0.379006 0.0258413 0.0443376 0.326904
1 0.334435 0.945513 0.030649 0.0491453 0.294189
1 0.771635 0.480235 0.0288462 0.0715812 0.291748
1 0.896635 0.346955 0.0240384 0.0571581 0.280518
1 0.735577 0.413462 0.0192308 0.028312 0.262939
1 0.0444712 0.274038 0.0184796 0.0405983 0.250244
1 0.214543 0.506544 0.0408654 0.068109 0.499023
1 0.086238 0.474893 0.0282452 0.0918803 0.474609
1 0.310697 0.569444 0.0360577 0.0769231 0.434082
1 0.334736 0.946581 0.0324519 0.051282 0.35498
1 0.772837 0.479701 0.0288462 0.0715812 0.350342
1 0.572716 0.378739 0.0264423 0.0448718 0.347656
1 0.897837 0.347489 0.0264422 0.0571581 0.337158
1 0.735577 0.411859 0.0216346 0.0293803 0.294189
1 0.201923 0.155983 0.0342548 0.051282 0.281494
1 0.0451472 0.274038 0.0192308 0.0422009 0.279785
1 0.214243 0.507479 0.0414663 0.0673077 0.457031
1 0.0867638 0.47516 0.027494 0.0902778 0.446533
1 0.310397 0.569444 0.0366586 0.0769231 0.392334
1 0.772837 0.481036 0.0288462 0.0699787 0.354004
1 0.335337 0.94765 0.0324519 0.051282 0.336426
1 0.572716 0.379274 0.0264423 0.0448718 0.325195
1 0.735577 0.413462 0.0192308 0.0288461 0.30249
1 0.897837 0.347756 0.0252404 0.0576923 0.301514
1 0.201623 0.159188 0.0342548 0.0544872 0.280518
1 0.213942 0.505876 0.0408654 0.065171 0.479492
1 0.086238 0.475427 0.026893 0.0897436 0.459961
1 0.310096 0.568376 0.0360577 0.0747863 0.417725
1 0.772837 0.481303 0.0288462 0.0694445 0.349609
1 0.334736 0.945513 0.031851 0.0502137 0.335449
1 0.572716 0.378739 0.0276442 0.0438034 0.334473
1 0.897837 0.349359 0.0240384 0.0555555 0.313965
1 0.201022 0.157585 0.0342548 0.0544872 0.288574
1 0.735577 0.411859 0.0216346 0.0288462 0.282959
1 0.214543 0.506544 0.0408654 0.0659722 0.506836
1 0.0860877 0.47516 0.0276442 0.0902778 0.451416
1 0.310397 0.568376 0.0360577 0.0758547 0.432129
1 0.896635 0.347222 0.0264422 0.0576923 0.349609
1 0.572416 0.378205 0.0282452 0.0459402 0.348633
1 0.334736 0.946581 0.0324519 0.051282 0.34082
1 0.772236 0.480769 0.0288462 0.0694444 0.336426
1 0.201172 0.15812 0.0339543 0.0544872 0.303955
1 0.735577 0.411325 0.0204327 0.028312 0.291016
1 0.0446965 0.275374 0.0192308 0.0422009 0.279785
1 0.899038 0.852564 0.0216346 0.0341881 0.256836
1 0.214543 0.507345 0.0402644 0.0665064 0.5
1 0.0865385 0.474893 0.0267428 0.0886752 0.44751
1 0.310697 0.569979 0.0348558 0.0758547 0.434082
1 0.334736 0.946581 0.031851 0.0491453 0.331055
1 0.573017 0.380075 0.0270432 0.045406 0.326904
1 0.772837 0.480769 0.0288462 0.0694444 0.325195
1 0.897837 0.347222 0.0264422 0.0576923 0.315674
1 0.202224 0.155582 0.0330529 0.0518162 0.307373
1 0.735577 0.411859 0.0204327 0.0267094 0.306641
1 0.0448468 0.275107 0.0196815 0.0416667 0.271973
1 0.214694 0.507479 0.0411659 0.0662393 0.507812
1 0.310697 0.569979 0.0372596 0.0779914 0.467773
1 0.086839 0.476763 0.0279447 0.0913462 0.44165
1 0.335036 0.948184 0.0330529 0.0523504 0.345947
1 0.772837 0.481303 0.0288462 0.0715812 0.342529
1 0.573317 0.379808 0.0276442 0.0459401 0.319092
1 0.897236 0.347756 0.0264423 0.0582265 0.311523
1 0.201172 0.158387 0.0339543 0.0560898 0.300781
1 0.735577 0.413194 0.0204327 0.028312 0.287842
1 0.0446026 0.275641 0.0192683 0.0427351 0.275879
1 0.214543 0.507479 0.0414663 0.0662393 0.509766
1 0.310697 0.570513 0.0372596 0.0769231 0.450439
1 0.0866887 0.477564 0.0276442 0.0886752 0.437744
1 0.335337 0.94765 0.0324519 0.051282 0.364746
1 0.772837 0.481838 0.0288462 0.0694444 0.334473
1 0.573017 0.379274 0.0270432 0.0448718 0.332031
1 0.201472 0.158921 0.0333534 0.0534188 0.317383
1 0.735577 0.412393 0.0192308 0.0267094 0.291016
1 0.897837 0.349092 0.0264422 0.0582265 0.286133
1 0.0450721 0.276709 0.0190805 0.042735 0.262939
1 0.89964 0.853098 0.0216346 0.034188 0.253174
1 0.214543 0.507345 0.0414663 0.0665064 0.524414
1 0.0866136 0.476496 0.028095 0.0897436 0.47168
1 0.310697 0.571047 0.0372596 0.0779914 0.469727
1 0.334736 0.94765 0.0324519 0.051282 0.37207
1 0.573017 0.380876 0.0270432 0.0470085 0.344238
1 0.772837 0.481303 0.0288462 0.0705129 0.339844
1 0.201322 0.159322 0.0336538 0.0544872 0.335449
1 0.897837 0.348558 0.0264422 0.0582265 0.319092
1 0.735577 0.413194 0.0204327 0.0277778 0.303955
1 0.0446026 0.277244 0.0192683 0.0438034 0.253906
1 0.899038 0.853632 0.0216346 0.0341881 0.250977
1 0.215144 0.506944 0.0414664 0.0673077 0.5
1 0.0865385 0.476496 0.0285457 0.0897436 0.439697
1 0.310697 0.570513 0.0372596 0.0769231 0.437744
1 0.335036 0.947115 0.0336538 0.0512821 0.357666
1 0.572716 0.379808 0.0288461 0.0470086 0.332764
1 0.201623 0.158921 0.0345553 0.0544872 0.313232
1 0.772236 0.481838 0.0288462 0.0705129 0.307373
1 0.897837 0.348825 0.0276443 0.0587607 0.306641
1 0.735577 0.413462 0.0216346 0.0288461 0.293457
1 0.214844 0.506277 0.0414663 0.0665064 0.526367
1 0.310697 0.570513 0.0360577 0.0769231 0.456055
1 0.0865385 0.476496 0.028095 0.090812 0.454346
1 0.335036 0.947115 0.0330529 0.0512821 0.375732
1 0.572716 0.379808 0.0276442 0.0470086 0.35498
1 0.201623 0.15852 0.0336538 0.0547543 0.34082
1 0.897837 0.348291 0.0264422 0.0587607 0.332764
1 0.735577 0.413462 0.0204327 0.0288461 0.32251
1 0.772837 0.481303 0.0288462 0.0705129 0.313232
1 0.899038 0.853098 0.0216346 0.0352564 0.268066
1 0.214844 0.506944 0.0414663 0.0673077 0.505859
1 0.0865385 0.476496 0.0279447 0.090812 0.443604
1 0.310697 0.570513 0.0360577 0.0779914 0.430176
1 0.335337 0.946581 0.0330529 0.051282 0.350342
1 0.572716 0.380342 0.0276442 0.0470085 0.328613
1 0.201773 0.158654 0.0339543 0.0544872 0.307373
1 0.897837 0.348558 0.0264422 0.0582265 0.304932
1 0.735577 0.413996 0.0204327 0.0288461 0.286133
1 0.772837 0.481571 0.0288462 0.0699787 0.2854
1 0.214694 0.507479 0.0417668 0.0673077 0.521484
1 0.0864633 0.476496 0.0277945 0.090812 0.451416
1 0.310397 0.570513 0.0366586 0.0790598 0.446533
1 0.335036 0.946581 0.0330529 0.0502137 0.360352
1 0.572716 0.380876 0.0276442 0.0459401 0.343262
1 0.897236 0.348825 0.0264423 0.0582265 0.325928
1 0.201623 0.158921 0.0342548 0.053953 0.320801
1 0.772837 0.481838 0.0288462 0.0705129 0.304932
1 0.735577 0.413996 0.0204327 0.0277778 0.286865
1 0.0447904 0.276709 0.0191932 0.042735 0.251709
1 0.214543 0.505208 0.0390625 0.0665064 0.44458
1 0.310697 0.569444 0.0348558 0.0747863 0.387695
1 0.0853365 0.476496 0.0252404 0.0876069 0.386719
1 0.572416 0.379006 0.0258413 0.0443376 0.325928
1 0.334435 0.945513 0.030649 0.0491453 0.294189
1 0.771635 0.480235 0.0288462 0.0715812 0.29248
1 0.896635 0.346955 0.0240384 0.0571581 0.279785
1 0.735577 0.413462 0.0192308 0.028312 0.263672
1 0.0444712 0.274038 0.0184796 0.0405983 0.250244
