1 0.436298 0.180823 0.0420673 0.0534188 0.453369
1 0.19982 0.265491 0.038762 0.0849359 0.402588
1 0.450421 0.823718 0.0390625 0.0576924 0.362061
1 0.436298 0.201389 0.0444712 0.0480769 0.324219
1 0.686298 0.342415 0.0456731 0.0459402 0.271973
1 0.465745 0.617521 0.0246394 0.0683761 0.266602
1 0.198468 0.280182 0.0405649 0.082265 0.325928
1 0.448017 0.825855 0.0420673 0.0598291 0.299072
1 0.617788 0.69765 0.0396635 0.0769231 0.265137
1 0.464844 0.622329 0.0264423 0.0705128 0.255371
1 0.577073 0.551816 0.0333534 0.0566239 0.254639
1 0.613582 0.69765 0.0504807 0.0897436 0.275146
1 0.198618 0.27297 0.0402644 0.0902778 0.273682
1 0.735577 0.559829 0.03125 0.0502137 0.268066
1 0.465144 0.616987 0.0282452 0.0865384 0.265869
1 0.612981 0.691239 0.0432692 0.0833333 0.323486
1 0.685697 0.344017 0.0492788 0.0438034 0.320801
1 0.435096 0.200053 0.0408654 0.0430021 0.313232
1 0.570613 0.549145 0.0366587 0.0641026 0.303223
1 0.179387 0.717949 0.0432692 0.0555556 0.2854
1 0.197716 0.272436 0.0378606 0.0827992 0.259766
1 0.449219 0.824252 0.0426682 0.065171 0.250977
1 0.198618 0.274573 0.0384615 0.082265 0.288574
1 0.571514 0.550748 0.0336539 0.056624 0.268066
1 0.616587 0.702457 0.0384615 0.0758547 0.262207
1 0.196815 0.279113 0.0390625 0.0785256 0.311523
1 0.615385 0.700321 0.0456731 0.0801282 0.276611
1 0.465144 0.626603 0.0252404 0.0801282 0.254639
1 0.199069 0.272703 0.0351563 0.0827992 0.306641
1 0.465745 0.617521 0.0240385 0.0758547 0.272705
1 0.6875 0.346154 0.0540865 0.0566239 0.291016
1 0.436899 0.203259 0.0480769 0.0582265 0.2854
1 0.448317 0.825855 0.0432692 0.0705128 0.250977
1 0.177885 0.717949 0.0450721 0.0630342 0.259033
1 0.447115 0.827457 0.046875 0.0726496 0.257568
1 0.617788 0.708868 0.0408654 0.0747863 0.254639
1 0.616587 0.698718 0.0456731 0.0811966 0.272705
1 0.198017 0.273504 0.0408654 0.0833333 0.258301
1 0.197115 0.27297 0.0402644 0.0902778 0.374756
1 0.463341 0.625 0.0276442 0.0790598 0.296631
1 0.448317 0.823718 0.0408654 0.0641026 0.279785
1 0.615986 0.701923 0.0444712 0.0811966 0.27832
1 0.6875 0.342949 0.0492788 0.0438034 0.256104
1 0.618389 0.71047 0.0420673 0.0811966 0.327637
1 0.6875 0.348291 0.0504807 0.0459402 0.294922
1 0.198918 0.274038 0.0378606 0.082265 0.282227
1 0.465144 0.622863 0.0252404 0.0747863 0.253174
1 0.178486 0.721154 0.0438702 0.059829 0.253174
1 0.688101 0.348291 0.0480769 0.0470086 0.362061
1 0.438101 0.200855 0.0408654 0.0440705 0.314941
1 0.61899 0.696581 0.0432692 0.0854701 0.282959
1 0.178185 0.714744 0.0450721 0.0641026 0.27832
1 0.449519 0.824786 0.0432692 0.0683761 0.275146
1 0.905649 0.826923 0.0324519 0.0405983 0.266602
1 0.198017 0.271368 0.0402644 0.0876068 0.252441
1 0.198317 0.276175 0.039363 0.0779914 0.271973
1 0.689904 0.349359 0.048077 0.0470086 0.264404
1 0.617788 0.699786 0.0444712 0.0790598 0.260498
1 0.448017 0.826923 0.0432693 0.0662393 0.259033
1 0.177284 0.717415 0.0456731 0.0608974 0.255371
1 0.177584 0.719017 0.0450721 0.065171 0.257568
1 0.447716 0.825855 0.0444711 0.0683761 0.251709
1 0.616587 0.69765 0.0456731 0.08547 0.294922
1 0.197416 0.273504 0.0426683 0.0897436 0.291748
1 0.688101 0.344551 0.0528846 0.0475427 0.250977
1 0.466647 0.625 0.0234375 0.0662393 0.297363
1 0.198618 0.273504 0.0378606 0.082265 0.286865
1 0.688702 0.345086 0.0504808 0.0405983 0.265869
1 0.617188 0.700321 0.0432693 0.0737179 0.26123
1 0.178486 0.715812 0.0438702 0.0587607 0.257568
1 0.616587 0.702991 0.0480769 0.0918803 0.29248
1 0.6875 0.344284 0.0552885 0.0502137 0.271973
1 0.615385 0.700321 0.0456731 0.0811966 0.319092
1 0.195463 0.273504 0.0438702 0.0892094 0.283691
1 0.6875 0.348024 0.0528846 0.0427351 0.272705
1 0.615385 0.705128 0.0408654 0.0747864 0.275146
1 0.196815 0.274038 0.0396635 0.0844017 0.26123
1 0.178486 0.717949 0.0444712 0.0662393 0.256104
1 0.616587 0.698718 0.0432693 0.0801282 0.324219
1 0.686899 0.34562 0.0504807 0.0470085 0.299072
1 0.179387 0.720086 0.0420673 0.0619658 0.267334
1 0.90625 0.825855 0.03125 0.042735 0.254639
1 0.197416 0.26656 0.0372596 0.0838675 0.251709
1 0.617788 0.698718 0.0420673 0.0790598 0.276611
1 0.177734 0.719017 0.0459736 0.0641026 0.272705
1 0.616587 0.706197 0.0432693 0.0790599 0.313965
1 0.685096 0.348024 0.0492788 0.0475427 0.265137
1 0.614183 0.708333 0.0420673 0.0726496 0.296631
1 0.176983 0.719017 0.046274 0.0630342 0.289307
1 0.446214 0.829594 0.0456731 0.0683761 0.287842
1 0.685697 0.347756 0.0540865 0.0416667 0.276611
1 0.195913 0.275641 0.0414664 0.0833333 0.267334
1 0.683894 0.348825 0.0504807 0.0480769 0.32251
1 0.614183 0.700855 0.0432693 0.0779914 0.268066
1 0.175931 0.71688 0.0453726 0.0619658 0.259766
1 0.435096 0.203259 0.0420673 0.0480769 0.253906
1 0.179838 0.71688 0.0450721 0.0662393 0.29834
1 0.615986 0.707265 0.0420673 0.0726496 0.29834
1 0.688101 0.350427 0.0492788 0.0523504 0.286865
1 0.436899 0.19805 0.0420673 0.0456731 0.268066
1 0.465445 0.623932 0.0294471 0.0811966 0.268066
1 0.180288 0.71688 0.0444712 0.0662393 0.26123
1 0.686298 0.344551 0.0528846 0.0502137 0.254639
1 0.685697 0.346154 0.0504807 0.0470085 0.294189
1 0.615385 0.698718 0.0432693 0.0790598 0.279785
1 0.178636 0.718483 0.0429687 0.0608974 0.255371
1 0.685697 0.345887 0.0504807 0.0496795 0.254639
1 0.179988 0.71688 0.0444712 0.0705128 0.250977
1 0.686899 0.348291 0.0504807 0.0459402 0.337158
1 0.436599 0.200588 0.0426683 0.0432692 0.310791
1 0.90625 0.827991 0.03125 0.0405983 0.309814
1 0.616587 0.708333 0.0420673 0.0779914 0.307373
1 0.179387 0.72062 0.0426683 0.0651709 0.299805
1 0.448918 0.82906 0.0420673 0.0683761 0.291748
1 0.686298 0.346154 0.0504807 0.0438034 0.305664
1 0.179087 0.719017 0.046274 0.0641026 0.299805
1 0.905048 0.827991 0.0336538 0.0384616 0.296631
1 0.179087 0.717415 0.047476 0.0673077 0.398926
1 0.616587 0.698718 0.0432693 0.0790598 0.335449
1 0.686298 0.345086 0.0504807 0.0448718 0.305664
1 0.448317 0.827457 0.046274 0.0662393 0.279053
1 0.435998 0.200855 0.0426683 0.0438034 0.262939
1 0.904447 0.826923 0.0324519 0.0384616 0.252441
1 0.615385 0.706197 0.0432693 0.0758547 0.360352
1 0.178035 0.719017 0.0459736 0.0641026 0.32251
1 0.459135 0.626603 0.0240385 0.0758547 0.294922
1 0.447716 0.829594 0.0450721 0.0673077 0.294922
1 0.905048 0.826923 0.0336538 0.0363248 0.280518
1 0.435096 0.199252 0.0408654 0.0430021 0.270508
1 0.685096 0.34562 0.0504807 0.0448718 0.267334
1 0.617188 0.702991 0.0444712 0.0801282 0.289307
1 0.685697 0.346154 0.0504807 0.042735 0.274414
1 0.178786 0.719017 0.046274 0.0587607 0.256104
1 0.177584 0.720086 0.0444712 0.059829 0.31665
1 0.616587 0.706197 0.0456731 0.0811966 0.303955
1 0.686298 0.348825 0.0528846 0.0443376 0.288574
1 0.448317 0.828526 0.0420673 0.0641026 0.275146
1 0.615986 0.705662 0.0480769 0.082265 0.318359
1 0.686298 0.34562 0.0528846 0.0432692 0.297363
1 0.177434 0.71688 0.0477764 0.0641026 0.288574
1 0.903846 0.826923 0.0336538 0.0363248 0.256836
1 0.615385 0.707265 0.0444712 0.0790599 0.358398
1 0.177284 0.717949 0.0456731 0.0641026 0.300781
1 0.194411 0.272703 0.0390625 0.0817308 0.293457
1 0.446815 0.827457 0.0426682 0.0683761 0.291748
1 0.6875 0.346688 0.0528846 0.0464744 0.286865
1 0.905048 0.828526 0.0336538 0.0363248 0.282959
1 0.459435 0.621795 0.0240385 0.0790599 0.262939
1 0.616587 0.703526 0.0432693 0.0833333 0.323486
1 0.177434 0.720086 0.0450721 0.059829 0.314941
1 0.686899 0.347222 0.0504807 0.0405983 0.30249
1 0.447115 0.82906 0.0420673 0.065171 0.272705
1 0.196815 0.277244 0.0390625 0.0758547 0.265137
1 0.436298 0.202457 0.0420673 0.0405983 0.257568
1 0.616587 0.702991 0.0432693 0.0854701 0.369385
1 0.686298 0.346688 0.0516827 0.0416667 0.342529
1 0.177885 0.71047 0.0498798 0.0619659 0.318359
1 0.458834 0.625 0.0258414 0.0833333 0.310791
1 0.904447 0.830662 0.0324519 0.0373931 0.275879
1 0.446815 0.826923 0.0438702 0.0705128 0.273682
1 0.615385 0.705662 0.0432693 0.0779915 0.299805
1 0.685096 0.344551 0.0504807 0.0443376 0.296631
1 0.177584 0.717949 0.046875 0.0619658 0.258301
1 0.616587 0.700855 0.0432693 0.076923 0.293457
1 0.615385 0.703526 0.0432693 0.0811966 0.329346
1 0.685697 0.343483 0.0504807 0.0427351 0.328613
1 0.178786 0.715812 0.046274 0.0598291 0.275879
1 0.903846 0.825855 0.0336538 0.0363248 0.269043
1 0.448317 0.826923 0.0432692 0.0683761 0.255371
1 0.615385 0.706197 0.0420673 0.0833333 0.313965
1 0.686298 0.346688 0.0504807 0.048077 0.291748
1 0.179237 0.717949 0.0456731 0.0673077 0.282959
1 0.90625 0.82906 0.0336538 0.0384616 0.271973
1 0.615385 0.69765 0.0432693 0.082265 0.294922
1 0.686298 0.34562 0.0516827 0.0438034 0.258301
1 0.178486 0.717949 0.046274 0.0641026 0.253906
1 0.685096 0.345086 0.0516827 0.0480769 0.339844
1 0.616587 0.700855 0.0408654 0.0833334 0.305664
1 0.178636 0.717415 0.046274 0.0630342 0.287842
1 0.435697 0.199119 0.0420673 0.0440705 0.269043
1 0.616587 0.704594 0.0408654 0.0833333 0.363037
1 0.686298 0.344017 0.0504807 0.0427351 0.34082
1 0.178335 0.714744 0.046875 0.0641026 0.334473
1 0.436899 0.199786 0.0456731 0.0432692 0.2854
1 0.197416 0.274306 0.0402644 0.0811966 0.281494
1 0.905048 0.827991 0.0336538 0.0363248 0.277588
1 0.447416 0.826923 0.046274 0.0683761 0.273682
1 0.463942 0.630342 0.0252404 0.0811966 0.252441
1 0.616587 0.705128 0.0408654 0.0811966 0.347656
1 0.176983 0.714744 0.0480769 0.0662393 0.331055
1 0.685096 0.345353 0.0504807 0.0459402 0.327637
1 0.435096 0.199519 0.0438702 0.0411325 0.279785
1 0.902043 0.821047 0.0324519 0.0363248 0.26123
1 0.459736 0.626068 0.0258413 0.0747863 0.250977
1 0.616587 0.705128 0.0408654 0.0811966 0.348633
1 0.686899 0.346688 0.0504807 0.045406 0.335449
1 0.178636 0.715278 0.0474759 0.0651709 0.314941
1 0.616587 0.705128 0.0408654 0.0811966 0.324219
1 0.686298 0.346154 0.0504807 0.0480769 0.271973
1 0.615385 0.705128 0.0432693 0.0790599 0.310791
1 0.686298 0.347222 0.0504807 0.0459401 0.275146
1 0.176683 0.715812 0.0474759 0.0641026 0.270508
1 0.617188 0.707265 0.0396635 0.0769231 0.282959
1 0.615385 0.706197 0.0432693 0.0822649 0.324219
1 0.686899 0.346688 0.0528846 0.0448718 0.286865
1 0.178486 0.717949 0.0450721 0.0662393 0.26123
1 0.686298 0.347222 0.0504807 0.0464744 0.320068
1 0.615385 0.705662 0.0444712 0.0833333 0.31665
1 0.902644 0.82265 0.0336538 0.0363248 0.275879
1 0.177284 0.715812 0.0480769 0.065171 0.273682
1 0.615986 0.707265 0.0420673 0.0811966 0.352295
1 0.686298 0.344818 0.0504807 0.0464744 0.312256
1 0.179087 0.71688 0.0450721 0.065171 0.2854
1 0.448317 0.827991 0.0444711 0.0683761 0.262939
1 0.903846 0.827991 0.0336538 0.0363248 0.250977
1 0.615385 0.698718 0.0432693 0.0811966 0.325195
1 0.686298 0.344551 0.0504807 0.0470085 0.260498
1 0.178486 0.713675 0.0450721 0.0683761 0.259766
1 0.614183 0.708868 0.0432693 0.0801282 0.315674
1 0.686298 0.347222 0.0480769 0.0470086 0.273682
1 0.178636 0.719017 0.0456731 0.0662393 0.254639
1 0.614183 0.699786 0.0408654 0.0790598 0.332031
1 0.685697 0.346421 0.0504807 0.0448718 0.294922
1 0.179087 0.713675 0.0444712 0.0651709 0.265137
1 0.615385 0.706197 0.0456731 0.0833333 0.335449
1 0.686298 0.347222 0.0528846 0.0512821 0.289307
1 0.178335 0.71688 0.0477764 0.068376 0.272705
1 0.615385 0.700855 0.0432693 0.0833334 0.356689
1 0.685096 0.348291 0.0504807 0.0448718 0.29834
1 0.178486 0.717415 0.0456731 0.0651709 0.284668
1 0.615385 0.707265 0.0432693 0.0811966 0.319092
1 0.685096 0.346688 0.0504807 0.045406 0.282227
1 0.178636 0.71688 0.0453726 0.0641026 0.260498
1 0.615986 0.706197 0.0432693 0.0844017 0.279053
1 0.685697 0.346154 0.0516827 0.0459402 0.275879
1 0.179087 0.715812 0.0450721 0.0662393 0.264404
1 0.447115 0.819444 0.0456731 0.0726496 0.250977
1 0.615385 0.705662 0.0432693 0.0801282 0.324219
1 0.685096 0.346688 0.0504807 0.0438034 0.311523
1 0.177734 0.715812 0.0456731 0.0641026 0.27124
1 0.902644 0.82265 0.0336538 0.0341881 0.252441
1 0.614784 0.700321 0.0444712 0.082265 0.335449
1 0.685697 0.347756 0.0516827 0.0464744 0.294922
1 0.178335 0.715812 0.046274 0.0662393 0.256104
1 0.614784 0.698718 0.0456731 0.0833333 0.347656
1 0.686298 0.346154 0.0516827 0.0459402 0.287842
1 0.615385 0.706197 0.0420673 0.0833333 0.348633
1 0.686298 0.34562 0.0528846 0.0448718 0.300781
1 0.178636 0.71688 0.0471755 0.0662393 0.274414
1 0.903245 0.82265 0.0348557 0.0363248 0.270508
1 0.436899 0.200855 0.0444712 0.042735 0.256104
1 0.614784 0.700321 0.0432693 0.082265 0.42334
1 0.685697 0.348024 0.0516827 0.0432692 0.32251
1 0.177284 0.715812 0.0480769 0.0641026 0.306641
1 0.571815 0.555556 0.0378606 0.0641026 0.284668
1 0.902644 0.827991 0.0360577 0.0405983 0.276611
1 0.465745 0.625 0.0276443 0.0769231 0.268066
1 0.436599 0.200053 0.0432692 0.0392628 0.250977
1 0.876202 0.616453 0.0228365 0.0448718 0.250977
1 0.614183 0.707265 0.0456731 0.0833333 0.323486
1 0.686298 0.348024 0.0504807 0.0486111 0.274414
1 0.614183 0.700855 0.0456731 0.0833334 0.386719
1 0.685697 0.34562 0.0504807 0.0448718 0.303955
1 0.178936 0.713675 0.0465745 0.0662393 0.300781
1 0.902644 0.820513 0.0348558 0.0363248 0.254639
1 0.571514 0.553953 0.0372596 0.0662393 0.253174
1 0.615385 0.699252 0.0456731 0.0811966 0.315674
1 0.686298 0.346688 0.0504807 0.042735 0.303223
1 0.178636 0.71688 0.046274 0.0641026 0.291016
1 0.902644 0.820513 0.0336538 0.0363248 0.250977
1 0.614784 0.700855 0.0444712 0.0844017 0.380371
1 0.685697 0.348291 0.0528846 0.0502137 0.329346
1 0.177584 0.71688 0.047476 0.068376 0.32251
1 0.902644 0.822115 0.0348558 0.0384616 0.268066
1 0.196815 0.275107 0.039363 0.0790598 0.259766
1 0.571514 0.555021 0.0396635 0.0683761 0.256104
1 0.615385 0.699786 0.0456731 0.0854701 0.359375
1 0.685096 0.347756 0.0528846 0.0491453 0.34082
1 0.178185 0.71688 0.047476 0.068376 0.324219
1 0.197566 0.275374 0.0402644 0.0779915 0.265137
1 0.903245 0.82265 0.0348557 0.0384616 0.256104
1 0.615385 0.69765 0.0432693 0.0811966 0.338867
1 0.686298 0.348291 0.0528846 0.0496795 0.332764
1 0.178035 0.71688 0.047476 0.068376 0.331055
1 0.197115 0.275107 0.0396635 0.0769231 0.27124
1 0.903846 0.82265 0.0348558 0.0384616 0.265137
1 0.436899 0.201522 0.0438702 0.045406 0.258301
1 0.572416 0.553953 0.0390625 0.0673077 0.250977
1 0.177885 0.714744 0.0486779 0.0694445 0.305664
1 0.686298 0.347756 0.0528846 0.0470086 0.291016
1 0.614183 0.699786 0.0432693 0.0811966 0.283691
1 0.446514 0.821581 0.0456731 0.0705128 0.251709
1 0.614784 0.699786 0.0432693 0.0854701 0.349609
1 0.685096 0.345086 0.0516827 0.0480769 0.304932
1 0.177885 0.714744 0.047476 0.0683761 0.299805
1 0.902043 0.821581 0.0348557 0.0363248 0.269043
1 0.435697 0.202457 0.0438702 0.0448718 0.255371
1 0.614183 0.700855 0.0444712 0.0854701 0.431152
1 0.685096 0.347756 0.0504807 0.0459402 0.399902
1 0.177734 0.71047 0.047476 0.0683761 0.385742
1 0.444712 0.823718 0.0444712 0.0705128 0.329346
1 0.875 0.616453 0.0240385 0.0448718 0.321777
1 0.903245 0.825321 0.0336539 0.0363247 0.313965
1 0.570913 0.55235 0.0396635 0.0641026 0.309814
1 0.195913 0.269231 0.0390625 0.0790598 0.279053
1 0.436599 0.205662 0.045673 0.0448718 0.274414
1 0.463942 0.626068 0.0288461 0.0811966 0.272705
1 0.178035 0.711004 0.0471755 0.068376 0.411133
1 0.685096 0.349092 0.0504807 0.0464744 0.40918
1 0.615385 0.701923 0.0432693 0.0811966 0.396973
1 0.436298 0.199386 0.0444712 0.042735 0.357666
1 0.902644 0.821581 0.0336538 0.0341881 0.351318
1 0.876202 0.614316 0.0240385 0.0438034 0.334473
1 0.465745 0.625 0.0264423 0.0769231 0.277588
1 0.571514 0.554487 0.0384615 0.0641026 0.276611
1 0.505409 0.57906 0.0204327 0.0363248 0.274414
1 0.359375 0.514824 0.0168269 0.0408654 0.269775
1 0.445312 0.826923 0.0450721 0.0673077 0.269775
1 0.626202 0.3125 0.0180289 0.0438034 0.268066
1 0.177885 0.713141 0.0471755 0.0673077 0.469727
1 0.685096 0.350962 0.0504807 0.0470085 0.430176
1 0.614183 0.701923 0.0432693 0.0811966 0.396973
1 0.448317 0.82906 0.0438702 0.0641025 0.335449
1 0.876202 0.613248 0.0240385 0.0448718 0.33374
1 0.435697 0.200988 0.0444712 0.0435363 0.330322
1 0.903846 0.824786 0.0360577 0.0395298 0.31665
1 0.197416 0.270833 0.0384616 0.0779914 0.303223
1 0.465144 0.626068 0.0276442 0.0769231 0.29834
1 0.572115 0.557692 0.0372596 0.0619658 0.294189
1 0.505409 0.581197 0.0216346 0.0363248 0.290283
1 0.359375 0.51656 0.0168269 0.0448718 0.282227
1 0.626202 0.31437 0.0192308 0.0464744 0.279053
1 0.177584 0.0103165 0.0216346 0.020633 0.259766
1 0.945913 0.755342 0.046875 0.0747863 0.258301
1 0.373798 0.326389 0.0192307 0.0608975 0.251709
1 0.177584 0.713675 0.046875 0.0641026 0.498047
1 0.685096 0.348825 0.0504807 0.0470086 0.443604
1 0.615385 0.702991 0.0456731 0.0811966 0.395996
1 0.875601 0.614316 0.0240384 0.0448718 0.341553
1 0.436298 0.200588 0.0456731 0.0416667 0.334473
1 0.903846 0.824252 0.0336538 0.0373932 0.334473
1 0.465144 0.626068 0.0264423 0.0769231 0.328613
1 0.448017 0.827991 0.0426682 0.0641026 0.320068
1 0.571514 0.557692 0.0372596 0.0619658 0.317383
1 0.197115 0.271902 0.0372596 0.0758547 0.299805
1 0.373798 0.325855 0.0192307 0.0608974 0.299072
1 0.505709 0.580128 0.0216346 0.034188 0.297363
1 0.626202 0.313568 0.0192308 0.0438034 0.288574
1 0.177734 0.00954861 0.0207332 0.0190972 0.286133
1 0.359375 0.515491 0.0168269 0.0427351 0.283691
1 0.944712 0.755342 0.0480769 0.0726496 0.275146
1 0.177284 0.71047 0.047476 0.0662393 0.530273
1 0.685096 0.348291 0.0504807 0.0470086 0.470703
1 0.615385 0.701923 0.0456731 0.0833334 0.46875
1 0.196815 0.268697 0.0384615 0.0790598 0.403564
1 0.436298 0.200053 0.0444712 0.042735 0.377441
1 0.876202 0.613248 0.0240385 0.0448718 0.377441
1 0.902644 0.824786 0.0360577 0.0384616 0.361084
1 0.571214 0.55609 0.0378606 0.0619658 0.351318
1 0.464243 0.626068 0.0258413 0.0769231 0.349609
1 0.447115 0.827991 0.0444711 0.0641026 0.345947
1 0.944712 0.755342 0.0504807 0.0747863 0.345215
1 0.626202 0.314103 0.0180289 0.042735 0.324219
1 0.373197 0.327457 0.0180288 0.0614316 0.323486
1 0.359375 0.514423 0.0168269 0.0416667 0.313232
1 0.50631 0.578526 0.0204327 0.0331197 0.30249
1 0.177885 0.00964877 0.0198317 0.0192975 0.275146
1 0.178035 0.711538 0.0456731 0.0673077 0.481445
1 0.685096 0.348291 0.0504807 0.0459402 0.422607
1 0.615385 0.700855 0.0432693 0.0833334 0.37207
1 0.875 0.613248 0.0240385 0.0427351 0.35498
1 0.903245 0.825855 0.0336539 0.0363248 0.338135
1 0.436298 0.198184 0.0438702 0.0416667 0.328613
1 0.571514 0.556624 0.0384615 0.0641026 0.325195
1 0.448017 0.826923 0.0432693 0.065171 0.324219
1 0.505409 0.57906 0.0204327 0.0320513 0.313965
1 0.464243 0.625534 0.0264423 0.0779914 0.313232
1 0.625601 0.315705 0.0180288 0.0432692 0.303955
1 0.358774 0.515491 0.015625 0.0405983 0.303955
1 0.372897 0.326389 0.0186298 0.0576923 0.303223
1 0.197416 0.271368 0.0378606 0.0790598 0.294189
1 0.176983 0.00974893 0.0198317 0.0194979 0.266602
1 0.177584 0.713141 0.0462741 0.065171 0.556641
1 0.685096 0.348291 0.0504807 0.0464744 0.507812
1 0.614183 0.702457 0.0432693 0.082265 0.487305
1 0.435697 0.198718 0.0444712 0.0411325 0.437744
1 0.876202 0.613248 0.0252404 0.0427351 0.418701
1 0.571514 0.556624 0.0372596 0.0641026 0.400635
1 0.902644 0.821581 0.0336538 0.0341881 0.390381
1 0.447716 0.827991 0.0432692 0.0641026 0.37207
1 0.465144 0.626068 0.0276442 0.0779914 0.371094
1 0.505709 0.57906 0.0216346 0.034188 0.367432
1 0.945913 0.755342 0.046875 0.0758547 0.355713
1 0.626202 0.31437 0.0192308 0.0443376 0.336426
1 0.373798 0.326389 0.0192307 0.059829 0.335449
1 0.359976 0.514022 0.016226 0.0424679 0.33374
1 0.177584 0.00941506 0.0204327 0.0188301 0.326904
1 0.197716 0.272436 0.0378606 0.0779915 0.31665
1 0.614183 0.701923 0.0432693 0.0854701 0.513672
1 0.177284 0.712607 0.046875 0.0641026 0.506836
1 0.685096 0.346688 0.0504807 0.0470085 0.481445
1 0.435697 0.198718 0.0444712 0.0424679 0.399902
1 0.876202 0.613248 0.0240385 0.0448718 0.384033
1 0.902644 0.825321 0.0360577 0.0373932 0.379395
1 0.571514 0.55609 0.0372596 0.0630342 0.358398
1 0.465745 0.626068 0.0264423 0.0769231 0.352295
1 0.505709 0.580128 0.0210336 0.034188 0.344238
1 0.447416 0.826389 0.0438702 0.0641025 0.344238
1 0.626202 0.314637 0.0192308 0.0459402 0.338135
1 0.197416 0.271902 0.0384616 0.0769231 0.328613
1 0.359375 0.514423 0.015625 0.042735 0.327637
1 0.945312 0.755342 0.0480769 0.0747863 0.320801
1 0.373798 0.32719 0.0192307 0.0592949 0.320068
1 0.177584 0.00954861 0.0201322 0.0190972 0.310791
1 0.614183 0.702991 0.0444712 0.0833333 0.513672
1 0.177133 0.712607 0.0471755 0.0641026 0.512695
1 0.684495 0.347222 0.0504807 0.0459401 0.5
1 0.902644 0.824786 0.0360577 0.0363248 0.42627
1 0.435697 0.19765 0.0456731 0.0408654 0.42334
1 0.875601 0.613248 0.0240384 0.0427351 0.395996
1 0.571514 0.556624 0.0372596 0.0619658 0.37207
1 0.196514 0.271902 0.0396635 0.0779915 0.368408
1 0.465144 0.626068 0.0276442 0.0769231 0.366699
1 0.505709 0.57906 0.0216346 0.0320513 0.345215
1 0.359075 0.514957 0.016226 0.042735 0.343262
1 0.373498 0.325855 0.0192308 0.0598291 0.334473
1 0.626202 0.315171 0.0192308 0.0448718 0.334473
1 0.447115 0.826923 0.0444711 0.0630341 0.315674
1 0.177584 0.00948184 0.0210337 0.0189637 0.308105
1 0.945312 0.75641 0.0480769 0.0747863 0.267334
1 0.177885 0.712607 0.0465745 0.0641026 0.514648
1 0.614183 0.702457 0.0456731 0.082265 0.510742
1 0.685096 0.347756 0.0504807 0.0470086 0.488281
1 0.436298 0.198184 0.0456731 0.042468 0.451416
1 0.902644 0.82265 0.0360577 0.0363248 0.415771
1 0.875601 0.613248 0.0252404 0.0427351 0.404541
1 0.505409 0.578526 0.0210337 0.0331197 0.381104
1 0.197416 0.271368 0.0384616 0.0785256 0.375732
1 0.570913 0.556624 0.0384615 0.0619658 0.370117
1 0.465144 0.627137 0.0276442 0.0769231 0.361084
1 0.373197 0.324786 0.0192308 0.0587607 0.345215
1 0.625601 0.315171 0.0192308 0.0448718 0.34082
1 0.448017 0.827457 0.0432693 0.0641026 0.331055
1 0.359375 0.514423 0.0168269 0.042735 0.330322
1 0.622596 0.807692 0.0420673 0.0619659 0.294189
1 0.945913 0.75641 0.0480769 0.076923 0.29248
1 0.177284 0.009582 0.0198317 0.019164 0.287842
1 0.614784 0.700855 0.0456731 0.0833334 0.541016
1 0.685697 0.348291 0.0504807 0.0470086 0.498047
1 0.178185 0.712607 0.046274 0.0641026 0.485352
1 0.436298 0.198451 0.0450721 0.042468 0.434082
1 0.875601 0.613248 0.0240384 0.0427351 0.400635
1 0.903245 0.826389 0.0348557 0.0352564 0.399902
1 0.571514 0.555556 0.0372596 0.0641026 0.378418
1 0.196815 0.26863 0.0390625 0.0845353 0.375732
1 0.465745 0.626603 0.0270432 0.0779914 0.365723
1 0.505409 0.57906 0.0216346 0.0320513 0.359375
1 0.448317 0.826389 0.0432692 0.065171 0.346924
1 0.359375 0.514957 0.015625 0.0438034 0.343262
1 0.626202 0.315171 0.0180289 0.0448718 0.318359
1 0.373798 0.325053 0.0186298 0.0582265 0.313232
1 0.177584 0.00971554 0.0204327 0.0194311 0.307373
1 0.947115 0.755342 0.0456731 0.076923 0.283691
1 0.622596 0.805556 0.0432693 0.0641025 0.262939
1 0.615385 0.70406 0.0456731 0.0811966 0.513672
1 0.178035 0.713141 0.047476 0.065171 0.504883
1 0.685096 0.348825 0.0504807 0.0470086 0.486328
1 0.436899 0.198184 0.0456731 0.0443376 0.435059
1 0.902644 0.826923 0.0360577 0.0363248 0.411133
1 0.197416 0.271368 0.039363 0.0801282 0.398926
1 0.876202 0.614316 0.0264423 0.0448718 0.394287
1 0.505409 0.580662 0.0216346 0.034188 0.38208
1 0.465144 0.628205 0.0276442 0.0811966 0.366699
1 0.572115 0.557692 0.0372596 0.0641026 0.357666
1 0.359375 0.515892 0.0168269 0.0430022 0.337158
1 0.177284 0.010183 0.0210336 0.0203659 0.317383
1 0.448017 0.827991 0.0444712 0.0662393 0.31665
1 0.373798 0.326923 0.0192307 0.0608974 0.299072
1 0.626202 0.316239 0.0192308 0.0438034 0.29834
1 0.177584 0.712607 0.047476 0.0641026 0.512695
1 0.615385 0.702991 0.0432693 0.0811966 0.510742
1 0.685096 0.349359 0.0504807 0.0470086 0.494141
1 0.436298 0.19765 0.0444712 0.042735 0.462891
1 0.197115 0.272436 0.0396635 0.0779915 0.406494
1 0.902644 0.826923 0.0372597 0.0352564 0.401611
1 0.505709 0.580128 0.0210336 0.0320513 0.392334
1 0.876202 0.614316 0.0252404 0.042735 0.392334
1 0.571815 0.558761 0.0378606 0.0619658 0.383057
1 0.445913 0.827991 0.0432693 0.0662393 0.363037
1 0.465445 0.627137 0.0270432 0.0769231 0.360352
1 0.359375 0.514957 0.0168269 0.0416667 0.336426
1 0.373498 0.327457 0.0192308 0.0598291 0.309814
1 0.626202 0.317308 0.0192308 0.0448718 0.296631
1 0.177885 0.00974893 0.0204327 0.0194979 0.2854
1 0.945913 0.758547 0.0480769 0.0769231 0.253174
1 0.615385 0.702991 0.0444712 0.0811966 0.548828
1 0.177734 0.713675 0.0471755 0.0641026 0.533203
1 0.685096 0.349893 0.0504807 0.0475427 0.516602
1 0.436899 0.198718 0.0456731 0.0427351 0.473633
1 0.197266 0.271902 0.038762 0.0790598 0.438721
1 0.902644 0.826923 0.0360577 0.0373932 0.42627
1 0.505409 0.580128 0.0204327 0.0320513 0.401611
1 0.876202 0.614316 0.0240385 0.0448718 0.395996
1 0.571514 0.557692 0.0384615 0.0619658 0.384033
1 0.445913 0.828526 0.0444712 0.0683761 0.376709
1 0.465144 0.627137 0.0264423 0.0769231 0.37207
1 0.359375 0.516026 0.015625 0.0438034 0.354004
1 0.373197 0.326389 0.0192308 0.059829 0.326904
1 0.626202 0.316774 0.0180289 0.0448718 0.309082
1 0.177284 0.0102831 0.0204327 0.0205662 0.29834
1 0.945913 0.756944 0.0480769 0.0779914 0.265137
1 0.622596 0.805021 0.0432693 0.0619659 0.253906
1 0.614784 0.702991 0.0444712 0.0811966 0.516602
1 0.178185 0.713141 0.046875 0.0641026 0.500977
1 0.685096 0.349893 0.0504807 0.0470086 0.489258
1 0.436298 0.198184 0.0450721 0.042468 0.442627
1 0.902644 0.826923 0.0360577 0.0363248 0.404541
1 0.197566 0.272436 0.039363 0.0790598 0.401611
1 0.505409 0.580128 0.0216346 0.034188 0.390381
1 0.876202 0.614316 0.0252404 0.0438034 0.38501
1 0.445913 0.827991 0.0444712 0.0683761 0.362061
1 0.570913 0.557692 0.0384615 0.0619658 0.348633
1 0.465144 0.627671 0.0264423 0.0779914 0.347656
1 0.359375 0.515892 0.0168269 0.0430022 0.335449
1 0.373197 0.326389 0.0192308 0.0603632 0.304932
1 0.626202 0.316774 0.0192308 0.0448718 0.299805
1 0.177133 0.0103833 0.0207332 0.0207666 0.273682
1 0.621995 0.806624 0.0432693 0.0608974 0.256104
1 0.614784 0.702991 0.0444712 0.0811966 0.530273
1 0.177885 0.712607 0.046875 0.0641026 0.515625
1 0.685096 0.348825 0.0504807 0.0470086 0.506836
1 0.436298 0.197917 0.0444712 0.0432692 0.470703
1 0.902644 0.823718 0.0360577 0.0352564 0.424316
1 0.505409 0.580662 0.0216346 0.034188 0.420654
1 0.197566 0.272169 0.038762 0.0801282 0.418701
1 0.876202 0.614316 0.0252404 0.0448718 0.403564
1 0.445312 0.827991 0.0444712 0.0683761 0.381104
1 0.571214 0.557692 0.0378606 0.0641026 0.362061
1 0.465144 0.627671 0.0270433 0.0801282 0.359375
1 0.359375 0.516026 0.0168269 0.0438034 0.352295
1 0.626202 0.316774 0.0192308 0.0448718 0.328613
1 0.373197 0.32719 0.0192308 0.0603633 0.314941
1 0.177284 0.0105836 0.0210336 0.0211672 0.287842
1 0.622596 0.806624 0.0432693 0.0619658 0.266602
1 0.615385 0.702991 0.0456731 0.0811966 0.514648
1 0.177885 0.712607 0.046875 0.0641026 0.50293
1 0.685096 0.349893 0.0504807 0.0464744 0.5
1 0.436298 0.198451 0.0444712 0.042735 0.449463
1 0.902644 0.826923 0.0360577 0.0363248 0.410156
1 0.505409 0.580662 0.0216346 0.034188 0.402588
1 0.876202 0.614316 0.0252404 0.0448718 0.390381
1 0.197716 0.271902 0.038762 0.0801282 0.389648
1 0.445914 0.827457 0.0438702 0.0683761 0.369385
1 0.571214 0.557692 0.0378606 0.0619658 0.357666
1 0.465144 0.627671 0.0264423 0.0790598 0.35498
1 0.359375 0.516026 0.0168269 0.0438034 0.33374
1 0.626202 0.317308 0.0192308 0.0443376 0.301514
1 0.373197 0.326923 0.0192308 0.0592949 0.299072
1 0.177284 0.010617 0.0210336 0.021234 0.279053
1 0.615385 0.703526 0.0456731 0.0811966 0.53125
1 0.177734 0.713675 0.0471755 0.0641026 0.524414
1 0.685096 0.349893 0.0504807 0.0464744 0.516602
1 0.436298 0.198451 0.0450721 0.042468 0.469727
1 0.902644 0.826389 0.0372597 0.0363247 0.428223
1 0.197416 0.272169 0.0390625 0.079594 0.406494
1 0.505409 0.580128 0.0204327 0.0320513 0.406494
1 0.876202 0.614316 0.0252404 0.0448718 0.405518
1 0.571214 0.558227 0.0378606 0.0630342 0.373779
1 0.445613 0.827457 0.0438702 0.0673077 0.37207
1 0.465144 0.628205 0.0270433 0.0790598 0.368408
1 0.359375 0.51656 0.0168269 0.042735 0.338867
1 0.626202 0.317308 0.0192308 0.0438034 0.308105
1 0.373498 0.326923 0.0192308 0.0587607 0.306641
1 0.177284 0.0100494 0.0204327 0.0200988 0.29248
1 0.178035 0.711538 0.0456731 0.0673077 0.481445
1 0.685096 0.348291 0.0504807 0.0459402 0.422607
1 0.615385 0.700855 0.0432693 0.0833334 0.37207
1 0.875 0.613248 0.0240385 0.0427351 0.355713
1 0.903245 0.825855 0.0336539 0.0363248 0.338135
1 0.436298 0.198184 0.0438702 0.0416667 0.327637
1 0.571514 0.556624 0.0384615 0.0641026 0.325928
1 0.448017 0.826923 0.0432693 0.065171 0.324219
1 0.505409 0.57906 0.0204327 0.0320513 0.313965
1 0.464243 0.625534 0.0264423 0.0779914 0.313232
1 0.625601 0.315705 0.0180288 0.0432692 0.303955
1 0.358774 0.515491 0.015625 0.0405983 0.303955
1 0.372897 0.326389 0.0186298 0.0576923 0.303223
1 0.197416 0.271368 0.0378606 0.0790598 0.294922
1 0.176983 0.00974893 0.0198317 0.0194979 0.265869
