1 0.567608 0.961539 0.016226 0.0491453 0.253174
1 0.936298 0.176816 0.0528847 0.0523504 0.339844
1 0.587139 0.503339 0.0420673 0.106571 0.253906
1 0.936298 0.182158 0.0625 0.0625 0.256836
1 0.935096 0.180021 0.0576923 0.0627671 0.265869
1 0.936899 0.180823 0.0588943 0.0641026 0.268066
1 0.935697 0.182158 0.0612981 0.0616987 0.273682
1 0.936899 0.182692 0.0637019 0.0662393 0.252441
1 0.936298 0.178152 0.0600962 0.0608974 0.256836
1 0.9375 0.182692 0.0600962 0.0635684 0.275879
1 0.935096 0.175481 0.0600962 0.0603632 0.257568
1 0.9375 0.185363 0.0649038 0.0641026 0.329346
1 0.9375 0.18109 0.0649038 0.0683761 0.373047
1 0.9375 0.178953 0.0625 0.0715812 0.345215
1 0.9375 0.178419 0.0649038 0.0699786 0.353027
1 0.936298 0.181223 0.0576923 0.0670406 0.301514
1 0.936899 0.182425 0.0612981 0.0673077 0.381104
1 0.590144 0.514957 0.0396635 0.0929487 0.27832
1 0.936298 0.180689 0.0600962 0.0633013 0.395996
1 0.590144 0.514957 0.0384615 0.090812 0.250977
1 0.936298 0.183227 0.0588942 0.0608974 0.369385
1 0.936899 0.182158 0.0612981 0.0651709 0.401611
1 0.936899 0.183227 0.0625 0.0657051 0.427246
1 0.9375 0.183494 0.0625 0.0641026 0.39502
1 0.9375 0.184295 0.0612981 0.0625 0.42334
1 0.566106 0.979701 0.0216346 0.0405983 0.252441
1 0.9375 0.182826 0.0625 0.0657051 0.462891
1 0.565505 0.980235 0.0204327 0.0395299 0.251709
1 0.9375 0.183494 0.0625 0.0641026 0.460938
1 0.936899 0.185096 0.0612981 0.0641026 0.461914
1 0.936899 0.184295 0.0612981 0.0630342 0.44751
1 0.936899 0.184028 0.0612981 0.0630342 0.458008
1 0.936298 0.181357 0.0576923 0.0667735 0.301514
