1 0.914663 0.957265 0.0216346 0.0512821 0.267334
1 0.475361 0.0722489 0.0757212 0.144498 0.286865
1 0.232873 0.651709 0.0294471 0.0555556 0.255371
1 0.91226 0.959936 0.0300481 0.0544872 0.250244
1 0.915264 0.963141 0.0288462 0.0694444 0.26123
1 0.227764 0.64797 0.0390625 0.0576923 0.279785
1 0.912861 0.958868 0.0276442 0.0544872 0.311523
1 0.471755 0.0675748 0.0655048 0.13515 0.296631
1 0.890625 0.856303 0.0240385 0.0405983 0.267334
1 0.914062 0.959402 0.0252403 0.059829 0.323486
1 0.228666 0.650107 0.0360577 0.0608974 0.30249
1 0.912861 0.961539 0.0300481 0.0641026 0.256104
1 0.91226 0.96047 0.0288461 0.0576923 0.294189
1 0.888221 0.856838 0.0228365 0.0448718 0.260498
1 0.231671 0.64797 0.0354567 0.056624 0.255371
1 0.233774 0.653846 0.0354568 0.0598291 0.287842
1 0.677885 0.962607 0.0384615 0.0448718 0.259766
1 0.913462 0.963675 0.0300481 0.0630341 0.252441
1 0.232272 0.650641 0.0360577 0.0576923 0.297363
1 0.472356 0.0687099 0.0685096 0.13742 0.250977
1 0.471154 0.0713141 0.0697115 0.142628 0.262207
1 0.46875 0.0703793 0.0715144 0.140759 0.303955
1 0.230168 0.649573 0.0363582 0.0555556 0.27124
1 0.915865 0.963675 0.0264423 0.0576923 0.263672
1 0.46875 0.0652377 0.0661057 0.130475 0.433105
1 0.472656 0.0661058 0.063101 0.132212 0.271973
1 0.915865 0.963675 0.03125 0.0651709 0.257568
1 0.913462 0.964744 0.0300481 0.0619659 0.265869
1 0.231971 0.653846 0.038762 0.0641026 0.266602
1 0.914663 0.963675 0.0336538 0.0619659 0.254639
1 0.233173 0.655983 0.0360577 0.0619658 0.294189
1 0.913462 0.965812 0.0324519 0.0641026 0.270508
1 0.228516 0.650641 0.038762 0.059829 0.273682
1 0.914663 0.964209 0.0336538 0.0641025 0.256104
1 0.229868 0.650107 0.0390625 0.0587607 0.286133
1 0.227163 0.650641 0.0372596 0.059829 0.297363
1 0.914062 0.965812 0.0324519 0.0630342 0.279785
1 0.471755 0.0681758 0.0697115 0.136352 0.293457
1 0.913462 0.963675 0.0288462 0.0641026 0.252441
1 0.229117 0.652244 0.039363 0.0598291 0.26123
1 0.913462 0.965812 0.03125 0.0619658 0.255371
1 0.914062 0.963675 0.0300481 0.0641026 0.269775
1 0.229417 0.650107 0.0405649 0.0608974 0.26123
1 0.470553 0.0668403 0.0673077 0.133681 0.280518
1 0.914663 0.963675 0.0336538 0.0619659 0.259766
1 0.229117 0.650641 0.0390625 0.0619658 0.253906
1 0.229868 0.64797 0.0396635 0.0587607 0.262939
1 0.914663 0.963675 0.0336538 0.0630341 0.259033
1 0.228065 0.649573 0.0384615 0.0576923 0.252441
1 0.472957 0.0667067 0.0673077 0.133413 0.305664
1 0.228666 0.651709 0.0390625 0.0619658 0.274414
1 0.914663 0.966346 0.03125 0.059829 0.265137
1 0.227764 0.651175 0.0384615 0.0619658 0.256836
1 0.228215 0.653312 0.0390625 0.0641026 0.266602
1 0.228666 0.652778 0.0396635 0.0641026 0.253174
1 0.229267 0.652778 0.038762 0.0641026 0.273682
1 0.227764 0.650641 0.0402644 0.0619658 0.325928
1 0.913462 0.963675 0.03125 0.0619659 0.310791
1 0.888221 0.861111 0.0240385 0.0470086 0.251709
1 0.228365 0.650641 0.0390625 0.0630342 0.352295
1 0.914663 0.964744 0.03125 0.0619659 0.309814
1 0.888221 0.86218 0.0240385 0.0448718 0.250244
1 0.228365 0.652244 0.0396635 0.0641026 0.352295
1 0.914663 0.963675 0.0336538 0.0630341 0.334473
1 0.888221 0.863248 0.0252403 0.0470085 0.257568
1 0.673077 0.958333 0.0384615 0.042735 0.254639
1 0.228666 0.653312 0.0390625 0.0619658 0.369385
1 0.914062 0.964209 0.03125 0.0619658 0.345215
1 0.888221 0.861111 0.0240385 0.0459401 0.286133
1 0.228065 0.651709 0.0384615 0.0608974 0.417725
1 0.914663 0.962607 0.03125 0.0619659 0.369385
1 0.888221 0.861111 0.0228365 0.0448718 0.307373
1 0.672476 0.958333 0.0372596 0.042735 0.291016
1 0.228215 0.651175 0.038161 0.0619658 0.357666
1 0.914062 0.963675 0.03125 0.0619659 0.343262
1 0.88762 0.863248 0.0228366 0.0448718 0.279053
1 0.227915 0.651709 0.0378606 0.0608974 0.425293
1 0.914663 0.964744 0.03125 0.0619659 0.392334
1 0.888221 0.862714 0.0240385 0.0459401 0.321777
1 0.673077 0.959402 0.0360577 0.0384616 0.30249
1 0.228215 0.651175 0.0378606 0.0619658 0.394287
1 0.914663 0.963675 0.03125 0.0619659 0.359375
1 0.888221 0.863248 0.0240385 0.0470085 0.300781
1 0.672476 0.958868 0.0372596 0.0416667 0.293457
1 0.228516 0.651709 0.038762 0.059829 0.422607
1 0.914663 0.964209 0.03125 0.0608975 0.381104
1 0.888822 0.86218 0.0240384 0.0448718 0.327637
1 0.673077 0.96047 0.0384615 0.0384616 0.313232
1 0.227764 0.651709 0.0390625 0.059829 0.432129
1 0.914663 0.964209 0.0336538 0.0619658 0.387695
1 0.888221 0.861645 0.0228365 0.0459401 0.326904
1 0.671875 0.959402 0.0384615 0.0416667 0.32251
1 0.228365 0.652778 0.0384615 0.0619658 0.425293
1 0.914663 0.964744 0.03125 0.0619659 0.389648
1 0.888822 0.862714 0.0228366 0.0448718 0.321777
1 0.672476 0.96047 0.0372596 0.0405983 0.304932
1 0.228666 0.652244 0.0390625 0.0608974 0.429199
1 0.914663 0.965812 0.0324519 0.0619658 0.379395
1 0.888221 0.863248 0.0240385 0.0448718 0.329346
1 0.676683 0.961538 0.0384615 0.0416667 0.321777
1 0.228365 0.652244 0.0378606 0.0608974 0.427246
1 0.914663 0.965278 0.0324519 0.0619658 0.389648
1 0.672476 0.96047 0.0372596 0.0405983 0.319092
1 0.888822 0.863248 0.0228366 0.0448718 0.318359
1 0.228666 0.652778 0.0384615 0.0619658 0.435059
1 0.914663 0.965278 0.0324519 0.0619658 0.402588
1 0.888221 0.863248 0.0240385 0.0459401 0.332764
1 0.673077 0.961539 0.0384615 0.0405983 0.320068
1 0.228065 0.652778 0.0384615 0.0619658 0.416748
1 0.914663 0.965278 0.0336538 0.0619658 0.377441
1 0.888221 0.862714 0.0240385 0.0459401 0.313965
1 0.672476 0.96047 0.0384615 0.0405983 0.305664
1 0.228065 0.651709 0.0384615 0.0619658 0.440674
1 0.914663 0.964744 0.0324519 0.0619659 0.394287
1 0.888221 0.86218 0.0240385 0.0448718 0.330322
1 0.671875 0.96047 0.0384615 0.042735 0.329346
1 0.228065 0.652244 0.0384615 0.0608974 0.421631
1 0.914663 0.964744 0.03125 0.0619659 0.380371
1 0.888221 0.86218 0.0240385 0.0448718 0.319092
1 0.673077 0.961539 0.0384615 0.0405983 0.308105
1 0.228065 0.652778 0.0390625 0.0619658 0.436768
1 0.914663 0.964744 0.03125 0.0619659 0.393311
1 0.888221 0.862714 0.0240385 0.0448718 0.33374
1 0.672476 0.961539 0.0384615 0.0405983 0.32251
1 0.228215 0.651175 0.038161 0.0619658 0.357666
1 0.914062 0.963675 0.03125 0.0619659 0.343262
1 0.88762 0.863248 0.0228366 0.0448718 0.279785
