1 0.820913 0.934829 0.0240384 0.0544872 0.306641
1 0.350962 0.0742521 0.0709135 0.148504 0.270508
1 0.819111 0.955128 0.0300481 0.0555556 0.29834
1 0.124549 0.647436 0.0396635 0.0598291 0.2854
1 0.126052 0.647436 0.031851 0.0534188 0.262207
1 0.81851 0.952991 0.0288461 0.0587607 0.259033
1 0.819111 0.95406 0.0252403 0.059829 0.259766
1 0.124962 0.646368 0.0325271 0.0576923 0.250977
1 0.125601 0.650641 0.0342548 0.059829 0.256104
1 0.127066 0.646368 0.0355318 0.0576923 0.309082
1 0.126953 0.647436 0.0330529 0.0534188 0.274414
1 0.34375 0.0709135 0.0697115 0.141827 0.274414
1 0.347957 0.0694444 0.0709135 0.138889 0.321777
1 0.125338 0.650641 0.0341797 0.0576923 0.268066
1 0.1253 0.648504 0.0384615 0.0662393 0.282227
1 0.124962 0.651175 0.0355318 0.0619658 0.286865
1 0.125601 0.650107 0.0372596 0.059829 0.2854
1 0.125451 0.649038 0.0378606 0.0630342 0.315674
1 0.819712 0.955128 0.0336538 0.065171 0.250977
1 0.125451 0.647436 0.0354567 0.0576923 0.299805
1 0.124361 0.648504 0.0373347 0.0587607 0.267334
1 0.819712 0.941239 0.0336538 0.0662393 0.255371
1 0.1247 0.650641 0.0345553 0.0576923 0.268066
1 0.81851 0.956731 0.03125 0.0651709 0.265137
1 0.819712 0.944444 0.0336538 0.0705128 0.282959
1 0.12515 0.645299 0.0372596 0.0576923 0.254639
1 0.125901 0.648504 0.0366587 0.0598291 0.254639
1 0.125338 0.645833 0.0377855 0.0587607 0.275146
1 0.12485 0.647436 0.0366587 0.0576923 0.250244
1 0.125 0.647436 0.0372596 0.0619658 0.252441
1 0.125038 0.646902 0.0359826 0.0587607 0.2854
1 0.819712 0.952991 0.03125 0.0641025 0.259766
1 0.125451 0.645299 0.0366587 0.0576923 0.253906
1 0.125601 0.649573 0.0360577 0.0598291 0.255371
1 0.125 0.644231 0.0366587 0.059829 0.341553
1 0.81851 0.950855 0.03125 0.0641026 0.309082
1 0.12515 0.643162 0.0366587 0.059829 0.361084
1 0.81851 0.950321 0.03125 0.0641025 0.320068
1 0.1253 0.644231 0.0372596 0.059829 0.369385
1 0.81851 0.949252 0.0336539 0.065171 0.325195
1 0.926683 0.586538 0.0360578 0.0694444 0.268066
1 0.1253 0.646368 0.0360577 0.0576923 0.40918
1 0.81851 0.951923 0.03125 0.0608974 0.337158
1 0.790865 0.851496 0.0228365 0.0448718 0.259766
1 0.1253 0.644765 0.0360577 0.0587607 0.443604
1 0.81851 0.948718 0.03125 0.0619659 0.358398
1 0.926683 0.586538 0.0360578 0.0705128 0.304932
1 0.790865 0.850427 0.0240385 0.0470085 0.264404
1 0.125338 0.643697 0.0359826 0.059829 0.389648
1 0.81851 0.949786 0.03125 0.0619659 0.336426
1 0.790264 0.850962 0.0228365 0.0459401 0.254639
1 0.1253 0.644231 0.0360577 0.0576923 0.464844
1 0.81851 0.950855 0.03125 0.0619659 0.389648
1 0.927885 0.588141 0.0360578 0.0683761 0.293457
1 0.790865 0.850427 0.0228365 0.0448718 0.287842
1 0.840745 0.149172 0.03125 0.0494124 0.259033
1 0.125451 0.644765 0.0348558 0.0576923 0.413086
1 0.81851 0.950855 0.03125 0.059829 0.344238
1 0.926683 0.588141 0.0360578 0.0673077 0.294189
1 0.790865 0.851496 0.0228365 0.0470085 0.264404
1 0.125 0.643162 0.0357572 0.0576923 0.429199
1 0.81851 0.950855 0.03125 0.059829 0.355713
1 0.926683 0.587607 0.0360578 0.0662393 0.288574
1 0.790865 0.850427 0.0240385 0.0448718 0.280518
1 0.577073 0.949786 0.0357572 0.0395299 0.253906
1 0.1253 0.643162 0.0357572 0.0566239 0.44751
1 0.81851 0.949786 0.0324519 0.0598291 0.368408
1 0.926683 0.588141 0.0360578 0.0673077 0.29248
1 0.790865 0.849359 0.0240385 0.0448718 0.2854
1 0.58113 0.950855 0.0348558 0.0405983 0.275146
1 0.840144 0.150107 0.0324519 0.0491453 0.26123
1 0.12515 0.644765 0.0351562 0.0576923 0.430176
1 0.81851 0.951389 0.03125 0.0608974 0.359375
1 0.927284 0.588675 0.0348558 0.0662393 0.299805
1 0.790865 0.850427 0.0240385 0.0448718 0.269775
1 0.576923 0.950321 0.0348557 0.0405983 0.250244
1 0.125601 0.644231 0.0360577 0.0576923 0.438721
1 0.819111 0.951923 0.0324519 0.0619658 0.364746
1 0.790865 0.851496 0.0240385 0.0470085 0.318359
1 0.926683 0.589744 0.0360578 0.0683761 0.296631
1 0.581881 0.950855 0.0357572 0.042735 0.282959
1 0.125601 0.644765 0.0354567 0.0566239 0.435059
1 0.819111 0.951923 0.03125 0.059829 0.374756
1 0.926683 0.589744 0.0384616 0.0683761 0.309814
1 0.790865 0.851496 0.0240385 0.0448718 0.299072
1 0.58113 0.950855 0.0360577 0.0416667 0.294922
1 0.1253 0.645833 0.0357572 0.0576923 0.445557
1 0.81851 0.951923 0.03125 0.059829 0.38501
1 0.926683 0.589744 0.0372596 0.0683761 0.320801
1 0.790865 0.851496 0.0240385 0.0459402 0.307373
1 0.58113 0.950855 0.0348558 0.0405983 0.294922
1 0.125451 0.645299 0.0363582 0.0576923 0.427246
1 0.819111 0.951389 0.0324519 0.0608974 0.366699
1 0.926683 0.589744 0.0372596 0.0683761 0.294189
1 0.790865 0.850962 0.0240385 0.0459401 0.287842
1 0.576923 0.949252 0.0360577 0.0416667 0.277588
1 0.125451 0.644231 0.0357572 0.0576923 0.448486
1 0.81851 0.949786 0.03125 0.0619659 0.381104
1 0.926683 0.589209 0.0372596 0.0694444 0.317383
1 0.790865 0.850427 0.0240385 0.0470085 0.309082
1 0.58113 0.950321 0.0360577 0.0416667 0.304932
1 0.125601 0.644765 0.0357572 0.0576923 0.433105
1 0.81851 0.950855 0.03125 0.0619659 0.363037
1 0.926683 0.588675 0.0360578 0.0683761 0.294189
1 0.790865 0.850427 0.0240385 0.0459402 0.293457
1 0.581881 0.950855 0.0357572 0.0405983 0.275879
1 0.125338 0.645299 0.0359826 0.0576923 0.443604
1 0.81851 0.950855 0.03125 0.0608974 0.378418
1 0.790865 0.850427 0.0240385 0.0448718 0.305664
1 0.926683 0.589744 0.0360578 0.0683761 0.30249
1 0.576923 0.949252 0.0360577 0.0416667 0.282227
1 0.125338 0.643697 0.0359826 0.059829 0.390381
1 0.81851 0.949786 0.03125 0.0619659 0.337158
1 0.790264 0.850962 0.0228365 0.0459401 0.254639
