1 0.454026 0.626068 0.0372596 0.0555556 0.296631
1 0.454928 0.647436 0.0420673 0.0555556 0.250977
1 0.189002 0.678419 0.046875 0.113248 0.282959
1 0.301082 0.899573 0.0324519 0.0534188 0.270508
1 0.185547 0.672009 0.039363 0.121795 0.420654
1 0.451923 0.648504 0.0420673 0.0651709 0.307373
1 0.183744 0.674145 0.031851 0.126068 0.381104
1 0.453125 0.648504 0.0354568 0.0566239 0.311523
1 0.183894 0.680021 0.0294471 0.119658 0.395996
1 0.453125 0.646368 0.0384615 0.0598291 0.289307
1 0.186599 0.683761 0.0432692 0.128205 0.331055
1 0.452524 0.648504 0.0444712 0.0694444 0.282959
1 0.185697 0.674145 0.0396635 0.132479 0.282959
1 0.452524 0.649573 0.0432693 0.0619658 0.262207
1 0.188101 0.678419 0.0414664 0.126068 0.328613
1 0.453125 0.643697 0.0384615 0.0555556 0.264404
1 0.186899 0.680556 0.0384615 0.119658 0.275879
1 0.455529 0.646368 0.0408654 0.0608974 0.305664
1 0.188101 0.681624 0.0402644 0.130342 0.325195
1 0.454327 0.649038 0.0396635 0.0630342 0.256836
1 0.188101 0.680556 0.0528846 0.147436 0.309082
1 0.186899 0.676282 0.0372596 0.126068 0.330322
1 0.454327 0.646902 0.0378606 0.0576923 0.289307
1 0.186148 0.682692 0.0450721 0.134615 0.327637
1 0.184796 0.678419 0.0438702 0.132479 0.360352
1 0.699519 0.0695112 0.0721154 0.139022 0.264404
1 0.185096 0.677885 0.0360577 0.129274 0.350342
1 0.185096 0.680556 0.0408654 0.134615 0.405518
1 0.185397 0.678953 0.0414663 0.13141 0.371094
1 0.184946 0.684295 0.0396635 0.126068 0.279785
1 0.186599 0.676282 0.0438702 0.136752 0.332764
1 0.453726 0.649573 0.0408654 0.0673077 0.254639
1 0.184044 0.679487 0.038762 0.130342 0.306641
1 0.184495 0.680556 0.0360577 0.128205 0.270508
1 0.184796 0.681624 0.0363582 0.125 0.350342
1 0.452524 0.650641 0.0384615 0.0630342 0.290283
1 0.185697 0.680556 0.0390625 0.133547 0.406494
1 0.453125 0.649573 0.0408654 0.0619658 0.283691
1 0.185697 0.676282 0.0372596 0.130342 0.396973
1 0.453726 0.649573 0.0408654 0.0619658 0.279053
1 0.185096 0.683761 0.0384615 0.137821 0.413086
1 0.452524 0.647436 0.0384615 0.0576923 0.297363
1 0.185397 0.680021 0.0396635 0.129274 0.301514
1 0.185998 0.68109 0.0363582 0.130342 0.350342
1 0.185697 0.67735 0.0384616 0.126068 0.342529
1 0.184796 0.67468 0.0384615 0.125 0.434082
1 0.184946 0.679487 0.038762 0.132479 0.38501
1 0.186148 0.68109 0.0339543 0.130342 0.384033
1 0.185397 0.680021 0.0396635 0.130342 0.315674
1 0.184946 0.68109 0.0375601 0.129274 0.30249
1 0.185096 0.677885 0.0366586 0.128205 0.412109
1 0.185547 0.676282 0.0381611 0.130342 0.350342
1 0.185397 0.67735 0.0396635 0.132479 0.291016
1 0.186448 0.676282 0.0351562 0.132479 0.38208
1 0.453726 0.648504 0.0396635 0.0598291 0.257568
1 0.186298 0.678419 0.0354567 0.130342 0.434082
1 0.453726 0.645299 0.0408654 0.0598291 0.288574
1 0.185998 0.675214 0.0342548 0.119658 0.374756
1 0.184645 0.67735 0.0327524 0.127137 0.306641
1 0.185246 0.679487 0.0348558 0.130342 0.335449
1 0.184195 0.678419 0.0330529 0.130342 0.2854
1 0.184946 0.679487 0.0339543 0.128205 0.275879
1 0.185397 0.679487 0.0336538 0.130342 0.360352
1 0.185096 0.679487 0.0336539 0.130342 0.277588
1 0.184195 0.67735 0.0348558 0.128205 0.309814
1 0.184495 0.680556 0.0342548 0.128205 0.371094
1 0.184495 0.679487 0.0342548 0.127137 0.351318
1 0.184195 0.679487 0.0336539 0.136752 0.356689
1 0.183894 0.679487 0.0366587 0.130342 0.313232
1 0.184495 0.682158 0.0354567 0.130342 0.342529
1 0.184946 0.680556 0.0378606 0.128205 0.313965
1 0.185697 0.680556 0.0354567 0.126068 0.313232
1 0.184195 0.678953 0.0354567 0.129274 0.339844
1 0.184796 0.6875 0.0366587 0.129273 0.301514
1 0.184495 0.685897 0.0372596 0.132479 0.344238
1 0.184645 0.688568 0.0366587 0.126068 0.337158
1 0.184195 0.67735 0.0348558 0.132479 0.383057
1 0.452825 0.647436 0.0384615 0.0598291 0.262939
1 0.183444 0.680556 0.0357572 0.132479 0.295898
1 0.184345 0.679487 0.0372596 0.135684 0.335449
1 0.184495 0.679487 0.0360577 0.130342 0.35498
1 0.185096 0.679487 0.0372596 0.132479 0.410156
1 0.184495 0.680556 0.0375601 0.132479 0.359375
1 0.185547 0.680021 0.0378606 0.133547 0.351318
1 0.453726 0.649573 0.0396635 0.0619658 0.257568
1 0.185397 0.678419 0.0360577 0.130342 0.314941
1 0.185998 0.67735 0.0375601 0.129274 0.307373
1 0.184345 0.677885 0.0372596 0.129274 0.330322
1 0.453425 0.643162 0.0402644 0.059829 0.317383
1 0.185096 0.678953 0.0384615 0.130342 0.34082
1 0.453425 0.643162 0.0396635 0.059829 0.338867
1 0.453425 0.644231 0.0402644 0.0619658 0.334473
1 0.184796 0.678419 0.0384615 0.136752 0.314941
1 0.185397 0.679487 0.0396635 0.136752 0.383057
1 0.453726 0.646368 0.0390625 0.0576923 0.381104
1 0.184044 0.67735 0.0378606 0.136752 0.431152
1 0.453425 0.645299 0.0384615 0.0587607 0.407227
1 0.183744 0.679487 0.0357572 0.134615 0.38208
1 0.453726 0.645299 0.0384615 0.0598291 0.357666
1 0.453425 0.646368 0.0390625 0.0598291 0.429199
1 0.184195 0.67735 0.0375601 0.136752 0.425293
1 0.664663 0.645299 0.0168269 0.0363248 0.263672
1 0.301683 0.907051 0.03125 0.042735 0.253906
1 0.184495 0.679487 0.0360577 0.133547 0.383057
1 0.453726 0.645299 0.0384615 0.0576923 0.374756
1 0.184195 0.682158 0.0348558 0.13141 0.422607
1 0.453425 0.645299 0.0384615 0.0576923 0.401611
1 0.184495 0.68109 0.0366587 0.132479 0.425293
1 0.453425 0.646368 0.0384615 0.0576923 0.394287
1 0.301082 0.907051 0.0324519 0.0405983 0.283691
1 0.663462 0.644231 0.0192307 0.0363248 0.282959
1 0.185096 0.679487 0.0366586 0.132479 0.435059
1 0.453726 0.647436 0.0384615 0.0598291 0.399902
1 0.301683 0.907051 0.03125 0.0405983 0.255371
1 0.185397 0.682158 0.0378606 0.134615 0.428223
1 0.453726 0.647436 0.0384615 0.0576923 0.402588
1 0.664663 0.646368 0.0192308 0.0363248 0.253174
1 0.301683 0.907586 0.031851 0.0427351 0.253174
1 0.185096 0.681624 0.0372596 0.132479 0.445557
1 0.453726 0.647436 0.0378606 0.0576923 0.39502
1 0.664663 0.645299 0.0180288 0.0363248 0.259033
1 0.185096 0.681624 0.0372596 0.132479 0.450439
1 0.453726 0.649038 0.0384615 0.0587607 0.406494
1 0.664663 0.646368 0.0168269 0.0363248 0.256104
1 0.184946 0.682692 0.0375601 0.132479 0.443604
1 0.453425 0.648504 0.0390625 0.0576923 0.389648
1 0.185096 0.682692 0.0372596 0.134615 0.455078
1 0.453726 0.647436 0.0384615 0.0576923 0.411133
1 0.664663 0.645833 0.0192308 0.0373931 0.288574
1 0.301082 0.907586 0.0324519 0.0427351 0.260498
1 0.184946 0.682692 0.0369591 0.133547 0.44165
1 0.453726 0.648504 0.0384615 0.0576923 0.396973
1 0.184796 0.682692 0.0372596 0.132479 0.443604
1 0.453425 0.648504 0.0384615 0.0576923 0.405518
1 0.301082 0.907051 0.0324519 0.042735 0.250977
1 0.664663 0.646368 0.0192308 0.0363248 0.250244
1 0.183744 0.679487 0.0357572 0.134615 0.38208
1 0.453726 0.645299 0.0384615 0.0598291 0.357666
