1 0.475361 0.0697115 0.0769231 0.139423 0.2854
1 0.233173 0.651709 0.0294471 0.0555556 0.254639
1 0.227163 0.648504 0.0378606 0.0576923 0.295898
1 0.913462 0.958333 0.0264422 0.0555556 0.300781
1 0.472055 0.0673077 0.0667068 0.134615 0.283691
1 0.227915 0.649573 0.0342548 0.0566239 0.253906
1 0.889423 0.856303 0.0240385 0.0405983 0.257568
1 0.228215 0.649573 0.0360577 0.0619658 0.327637
1 0.914062 0.958868 0.0252403 0.0619658 0.300781
1 0.912861 0.958868 0.0288462 0.0619658 0.275146
1 0.23107 0.647436 0.0348558 0.0576923 0.262939
1 0.888221 0.856838 0.0228365 0.042735 0.253906
1 0.233774 0.653846 0.0357572 0.0598291 0.294922
1 0.231971 0.649573 0.0360577 0.0598291 0.306641
1 0.46875 0.0702457 0.0721154 0.140491 0.284668
1 0.229718 0.649573 0.0360577 0.0555556 0.275146
1 0.915865 0.962073 0.0264423 0.059829 0.252441
1 0.46875 0.0649706 0.0661057 0.129941 0.416748
1 0.472957 0.0659055 0.063101 0.131811 0.265137
1 0.914062 0.964744 0.0288462 0.0619659 0.256836
1 0.23137 0.652778 0.0399639 0.0662393 0.275879
1 0.232873 0.654915 0.0366586 0.0641026 0.29248
1 0.913462 0.965278 0.03125 0.0641026 0.253174
1 0.227915 0.651175 0.038762 0.0619658 0.265137
1 0.23137 0.652778 0.0381611 0.0587607 0.282959
1 0.226262 0.650641 0.0372596 0.0608974 0.296631
1 0.914062 0.964744 0.03125 0.0619659 0.265137
1 0.471755 0.0677083 0.0685096 0.135417 0.254639
1 0.230769 0.652778 0.0384615 0.0619658 0.256836
1 0.228516 0.652778 0.039363 0.0619658 0.260498
1 0.228666 0.650107 0.0396635 0.0630342 0.257568
1 0.914062 0.962607 0.0288462 0.0641026 0.250977
1 0.470553 0.0663061 0.0673077 0.132612 0.280518
1 0.228666 0.651709 0.0390625 0.0641026 0.255371
1 0.229417 0.648504 0.0390625 0.0619658 0.259766
1 0.914663 0.963141 0.03125 0.0630342 0.250244
1 0.473558 0.0661058 0.0673077 0.132212 0.288574
1 0.228065 0.652778 0.0396635 0.0641026 0.250244
1 0.228365 0.651709 0.0384615 0.0619658 0.282959
1 0.914062 0.965812 0.0300481 0.0619658 0.254639
1 0.227314 0.650641 0.0381611 0.0641026 0.259033
1 0.227163 0.651709 0.0378606 0.0619658 0.250244
1 0.227764 0.653312 0.038762 0.0651709 0.273682
1 0.228215 0.652778 0.0390625 0.0641026 0.250244
1 0.228816 0.652778 0.0381611 0.0651709 0.27124
1 0.227614 0.650641 0.038762 0.0641026 0.251709
1 0.227464 0.649573 0.0399639 0.0641026 0.332031
1 0.913462 0.962607 0.03125 0.0630341 0.309814
1 0.88762 0.860577 0.0252404 0.0470085 0.262939
1 0.228065 0.649573 0.0390625 0.0641026 0.363037
1 0.913462 0.963675 0.03125 0.0630341 0.300781
1 0.888221 0.86218 0.0240385 0.0459401 0.257568
1 0.673077 0.953526 0.0360577 0.0384616 0.250244
1 0.227915 0.651709 0.039363 0.0662393 0.35498
1 0.913462 0.962607 0.03125 0.0641026 0.326904
1 0.888221 0.863248 0.0264423 0.0470085 0.265137
1 0.671875 0.958333 0.0384615 0.042735 0.250244
1 0.228065 0.652778 0.038762 0.0619658 0.374756
1 0.913462 0.963675 0.03125 0.0619659 0.335449
1 0.888221 0.861645 0.0240385 0.0459401 0.291016
1 0.227464 0.650641 0.0378606 0.0619658 0.422607
1 0.913462 0.961539 0.03125 0.0619659 0.355713
1 0.888221 0.861111 0.0240385 0.0448718 0.313965
1 0.671875 0.958333 0.0384615 0.0405983 0.280518
1 0.227464 0.650107 0.0378606 0.0630342 0.362061
1 0.913462 0.962607 0.0300481 0.0641026 0.332764
1 0.88762 0.863248 0.0240384 0.0448718 0.283691
1 0.227464 0.650641 0.0378606 0.0619658 0.432129
1 0.914062 0.963141 0.03125 0.0630342 0.380371
1 0.888221 0.862714 0.0252403 0.0459401 0.332031
1 0.671875 0.959402 0.0372596 0.0373932 0.294922
1 0.227764 0.650641 0.0372596 0.0619658 0.395996
1 0.914062 0.962607 0.0300481 0.0630341 0.347656
1 0.888221 0.863248 0.0240385 0.0459401 0.308105
1 0.671875 0.959402 0.0372596 0.0405983 0.289307
1 0.228065 0.650641 0.0384615 0.0608974 0.424316
1 0.913462 0.963141 0.03125 0.0619658 0.369385
1 0.888221 0.86218 0.0252403 0.0448718 0.335449
1 0.671875 0.96047 0.0384615 0.0373931 0.307373
1 0.227464 0.650641 0.0390625 0.0619658 0.435059
1 0.913462 0.963141 0.03125 0.0630342 0.370117
1 0.888221 0.86218 0.0240385 0.0459401 0.342529
1 0.671274 0.959936 0.0384615 0.0405983 0.326904
1 0.227764 0.651709 0.0381611 0.0619658 0.425293
1 0.913462 0.963141 0.03125 0.0630342 0.37207
1 0.888221 0.863248 0.0240385 0.0448718 0.335449
1 0.671875 0.961539 0.0372596 0.0384616 0.296631
1 0.228215 0.651709 0.0384615 0.0619658 0.431152
1 0.914062 0.964744 0.0324519 0.0641026 0.359375
1 0.888221 0.863248 0.0240385 0.0459401 0.342529
1 0.671875 0.961539 0.0384615 0.0405983 0.313965
1 0.227915 0.651709 0.0375601 0.0619658 0.428223
1 0.914663 0.963675 0.03125 0.0619659 0.37207
1 0.888221 0.863248 0.0240385 0.0448718 0.332031
1 0.671875 0.96047 0.0372596 0.0384616 0.313232
1 0.228065 0.652778 0.0384615 0.0619658 0.437744
1 0.914062 0.963675 0.03125 0.0619659 0.383057
1 0.888221 0.863248 0.0240385 0.0448718 0.347656
1 0.671875 0.961539 0.0384615 0.0384616 0.310791
1 0.227614 0.651709 0.038161 0.0619658 0.420654
1 0.914062 0.963675 0.0324519 0.0630341 0.358398
1 0.888221 0.862714 0.0240385 0.0459401 0.329346
1 0.671875 0.96047 0.0384615 0.0384616 0.296631
1 0.227614 0.650641 0.0378606 0.0619658 0.445557
1 0.913462 0.963141 0.03125 0.0630342 0.373779
1 0.888221 0.86218 0.0252403 0.0459401 0.345947
1 0.671875 0.96047 0.0384615 0.0405983 0.326904
1 0.227614 0.651709 0.0378606 0.0619658 0.424316
1 0.914062 0.963675 0.03125 0.0641026 0.360352
1 0.888221 0.862714 0.0240385 0.0448718 0.334473
1 0.671875 0.961539 0.0372596 0.0395298 0.30249
1 0.227614 0.651709 0.0384615 0.0619658 0.438721
1 0.913462 0.963675 0.03125 0.0630341 0.373779
1 0.888221 0.863248 0.0240385 0.0448718 0.349609
1 0.671875 0.961539 0.0384615 0.0395298 0.311523
1 0.227464 0.650107 0.0378606 0.0630342 0.362061
1 0.913462 0.962607 0.0300481 0.0641026 0.332764
1 0.88762 0.863248 0.0240384 0.0448718 0.284668
