1 0.332632 0.652778 0.0330529 0.0566239 0.251709
1 0.986178 0.895299 0.0264423 0.0555556 0.253174
1 0.332933 0.651709 0.0378606 0.059829 0.260498
1 0.0567909 0.672543 0.0363582 0.127137 0.265869
1 0.332332 0.649573 0.0330529 0.0630342 0.30249
1 0.33113 0.647436 0.0372596 0.0598291 0.335449
1 0.332933 0.653312 0.0360577 0.0608974 0.299805
1 0.0619742 0.680021 0.0329026 0.121795 0.256104
1 0.332332 0.650641 0.0366586 0.0619658 0.315674
1 0.332332 0.65438 0.0372596 0.0630342 0.250244
1 0.330529 0.653846 0.0372596 0.0641026 0.264404
1 0.332332 0.651709 0.0384615 0.0630342 0.257568
1 0.588792 0.0778579 0.0748197 0.155716 0.355713
1 0.332031 0.652778 0.0366586 0.0598291 0.251709
1 0.330228 0.654915 0.0396635 0.0619658 0.269775
1 0.332332 0.653846 0.0384615 0.0641026 0.258301
1 0.332332 0.655449 0.0360577 0.0651709 0.29834
1 0.33143 0.652778 0.0384615 0.0619658 0.283691
1 0.331731 0.652778 0.0396635 0.0619658 0.289307
1 0.331731 0.653846 0.0378606 0.0641026 0.27832
1 0.330829 0.652778 0.0378606 0.0619658 0.269775
1 0.0573918 0.673077 0.0360577 0.128205 0.327637
1 0.593149 0.0780582 0.0709135 0.156116 0.256104
1 0.0560397 0.676282 0.03125 0.126068 0.255371
1 0.0552885 0.678419 0.0378606 0.126068 0.335449
1 0.0576923 0.676282 0.0384615 0.130342 0.29834
1 0.0573167 0.676282 0.0359075 0.128205 0.277588
1 0.330829 0.653312 0.0378606 0.0630342 0.262207
1 0.0591947 0.675214 0.0363582 0.130342 0.272705
1 0.33113 0.651709 0.0384615 0.059829 0.272705
1 0.0569411 0.67735 0.0378606 0.132479 0.2854
1 0.0567909 0.67468 0.0342548 0.130342 0.258301
1 0.0597957 0.676282 0.0351562 0.128205 0.265137
1 0.0566218 0.678419 0.0372972 0.134615 0.319092
1 0.0564904 0.678419 0.0363582 0.128205 0.290283
1 0.0572416 0.680021 0.0347055 0.128205 0.266602
1 0.0567157 0.678419 0.0366587 0.126068 0.258301
1 0.0567909 0.678419 0.0348558 0.126068 0.254639
1 0.0597957 0.67735 0.0371094 0.132479 0.374756
1 0.0599459 0.676282 0.0369591 0.132479 0.311523
1 0.0597957 0.676816 0.0381611 0.133547 0.323486
1 0.059345 0.677885 0.0372596 0.134615 0.296631
1 0.0600962 0.676282 0.0357572 0.128205 0.344238
1 0.33113 0.65438 0.0384615 0.0608974 0.264404
1 0.0571665 0.678419 0.0362079 0.132479 0.320801
1 0.060021 0.678953 0.0399639 0.13141 0.36377
1 0.0596454 0.679487 0.0372596 0.132479 0.277588
1 0.330529 0.653846 0.0396635 0.0619658 0.253906
1 0.0597957 0.688568 0.0381611 0.132479 0.290283
1 0.327524 0.650107 0.0384615 0.0619658 0.304932
1 0.0594952 0.688034 0.0390625 0.130342 0.303955
1 0.328726 0.650641 0.0378606 0.0619658 0.299805
1 0.0573167 0.678953 0.0368089 0.135684 0.273682
1 0.168419 0.916132 0.030649 0.0448718 0.253174
1 0.328726 0.652778 0.0384615 0.0641026 0.327637
1 0.0567909 0.679487 0.0372596 0.134615 0.320068
1 0.983774 0.898504 0.0288462 0.0512821 0.250977
1 0.331731 0.651709 0.0372596 0.059829 0.37207
1 0.0577674 0.679487 0.0381611 0.134615 0.331055
1 0.984375 0.897436 0.0264423 0.0491453 0.279053
1 0.544471 0.64797 0.0204327 0.0363248 0.262207
1 0.33113 0.650107 0.0384615 0.0608974 0.403564
1 0.0564153 0.678419 0.039363 0.134615 0.396973
1 0.984375 0.898504 0.0264423 0.0470086 0.287842
1 0.33113 0.650107 0.0372596 0.0619658 0.358398
1 0.0564904 0.678953 0.0368089 0.132479 0.338135
1 0.983173 0.898504 0.0264423 0.0491453 0.27124
1 0.544171 0.649573 0.0186298 0.0331197 0.250977
1 0.0563589 0.677885 0.0363206 0.133547 0.451416
1 0.33143 0.650107 0.0378606 0.0608974 0.414795
1 0.984375 0.899039 0.0288462 0.0491453 0.311523
1 0.432091 0.784188 0.0264423 0.0320513 0.299072
1 0.544471 0.649038 0.0192307 0.034188 0.283691
1 0.168119 0.915598 0.0303486 0.042735 0.270508
1 0.356671 0.542201 0.016226 0.0320513 0.256836
1 0.0569411 0.678953 0.035006 0.13141 0.414062
1 0.328726 0.649573 0.0372596 0.0619658 0.384033
1 0.432091 0.784188 0.0258414 0.0320513 0.289307
1 0.984375 0.899573 0.0288462 0.0491453 0.286865
1 0.16857 0.915598 0.0300481 0.042735 0.265137
1 0.544471 0.649573 0.0192307 0.0352564 0.263672
1 0.330829 0.650107 0.0384615 0.059829 0.42334
1 0.0569411 0.681624 0.0357572 0.130342 0.421631
1 0.983774 0.899573 0.0288462 0.0491453 0.305664
1 0.43149 0.784188 0.0252404 0.0299145 0.279785
1 0.544471 0.649573 0.0204327 0.034188 0.266602
1 0.767428 0.985043 0.0372596 0.0299145 0.250977
1 0.331731 0.649573 0.0384615 0.0598291 0.429199
1 0.0561899 0.680556 0.0357572 0.129273 0.42627
1 0.43149 0.78312 0.0264423 0.0320513 0.332764
1 0.984375 0.899573 0.0264423 0.0491453 0.309082
1 0.54387 0.64797 0.0204327 0.0363248 0.305664
1 0.167668 0.91453 0.030649 0.0427351 0.291016
1 0.355769 0.541667 0.0168269 0.0320513 0.273682
1 0.766827 0.984241 0.0384615 0.0315171 0.273682
1 0.891226 0.409455 0.0228366 0.0411325 0.253174
1 0.0569411 0.679487 0.0363582 0.130342 0.429199
1 0.331731 0.651709 0.0372596 0.0619658 0.428223
1 0.984375 0.899573 0.0276443 0.0470086 0.305664
1 0.43149 0.785256 0.0258414 0.0299145 0.299805
1 0.355769 0.542735 0.0168269 0.0320513 0.273682
1 0.544471 0.649573 0.0204327 0.034188 0.260498
1 0.167969 0.915598 0.030649 0.042735 0.252441
1 0.331731 0.651175 0.0384615 0.0608974 0.436768
1 0.057467 0.680556 0.0369591 0.132479 0.417725
1 0.432091 0.785256 0.0264423 0.0320513 0.32251
1 0.984375 0.900641 0.0288462 0.0491453 0.312256
1 0.355769 0.543269 0.0168269 0.0320513 0.290283
1 0.544471 0.649573 0.0204327 0.0352564 0.280518
1 0.168269 0.91453 0.03125 0.0438034 0.269775
1 0.771635 0.986111 0.0360577 0.0277778 0.265869
1 0.0573918 0.680556 0.0368089 0.130342 0.449463
1 0.33143 0.651709 0.0390625 0.0619658 0.42334
1 0.432692 0.784188 0.0264423 0.0309829 0.313232
1 0.35637 0.542735 0.0168269 0.0320513 0.297363
1 0.984375 0.901709 0.0288462 0.0491453 0.29248
1 0.16857 0.91453 0.030649 0.0427351 0.279785
1 0.544471 0.649573 0.0198318 0.034188 0.264404
1 0.768029 0.984509 0.0360577 0.0309829 0.262207
1 0.0576923 0.680021 0.0369591 0.13141 0.477539
1 0.331731 0.651709 0.0384615 0.0619658 0.433105
1 0.35637 0.543803 0.015625 0.0320513 0.308105
1 0.984375 0.900641 0.0288462 0.0491453 0.306641
1 0.431791 0.785256 0.0264423 0.0309829 0.300781
1 0.168419 0.91453 0.0303486 0.0427351 0.290283
1 0.768029 0.985043 0.0372596 0.0299145 0.275146
1 0.891827 0.413194 0.0240385 0.0443376 0.270508
1 0.544171 0.650641 0.0198317 0.0352564 0.259033
1 0.0572416 0.680556 0.0372596 0.130342 0.453369
1 0.331731 0.651709 0.0384615 0.0619658 0.414062
1 0.983774 0.900641 0.0288462 0.0491453 0.294922
1 0.355769 0.543803 0.0168269 0.0320513 0.293457
1 0.432091 0.784188 0.0276442 0.0309829 0.284668
1 0.168119 0.91453 0.0309495 0.0427351 0.266602
1 0.767428 0.984509 0.0372596 0.0309829 0.252441
1 0.891827 0.412927 0.0240385 0.0443376 0.251709
1 0.0576923 0.680556 0.0378606 0.132479 0.482422
1 0.331731 0.650641 0.0390625 0.0619658 0.435059
1 0.35637 0.543803 0.0168269 0.0320513 0.334473
1 0.432091 0.784188 0.0270433 0.0320513 0.334473
1 0.983774 0.900641 0.0288462 0.0491453 0.304932
1 0.168269 0.91453 0.030649 0.0438034 0.296631
1 0.891827 0.412927 0.0240385 0.0448718 0.284668
1 0.544171 0.649573 0.0204327 0.0363248 0.283691
1 0.767428 0.984241 0.0372596 0.0315171 0.275879
1 0.0578426 0.68109 0.0372596 0.13141 0.462891
1 0.332031 0.651709 0.0384615 0.0619658 0.417725
1 0.35637 0.544338 0.015625 0.0320513 0.311523
1 0.432091 0.785256 0.0270433 0.0320513 0.291748
1 0.984375 0.900641 0.0288462 0.0480769 0.287842
1 0.168269 0.91453 0.030649 0.0427351 0.266602
1 0.767428 0.984509 0.0372596 0.0309829 0.256104
1 0.0576923 0.681624 0.0378606 0.130342 0.462891
1 0.331731 0.651709 0.0390625 0.0619658 0.432129
1 0.984375 0.900641 0.0288462 0.0480769 0.303955
1 0.35637 0.544338 0.015625 0.0309829 0.30249
1 0.432091 0.784722 0.0270433 0.0309829 0.297363
1 0.168269 0.91453 0.030649 0.0427351 0.270508
1 0.767428 0.985043 0.0372596 0.0299145 0.262939
1 0.544471 0.650641 0.0204327 0.034188 0.258301
1 0.33113 0.650107 0.0372596 0.0619658 0.358398
1 0.0564904 0.678953 0.0366587 0.132479 0.338135
1 0.983173 0.898504 0.0264423 0.0491453 0.270508
1 0.544171 0.649573 0.0186298 0.0331197 0.250977
