1 0.255859 0.855235 0.0285457 0.0512821 0.250244
1 0.396935 0.65812 0.0703125 0.141026 0.387695
1 0.228666 0.620727 0.0453726 0.100427 0.265137
1 0.223257 0.613782 0.0396635 0.099359 0.297363
1 0.390625 0.645299 0.0661057 0.126068 0.293457
1 0.477163 0.678419 0.0432693 0.0619658 0.258301
1 0.222957 0.604167 0.0351562 0.100427 0.323486
1 0.224309 0.622863 0.039964 0.100427 0.276611
1 0.223257 0.616987 0.031851 0.100427 0.325195
1 0.386719 0.655983 0.0691106 0.136752 0.277588
1 0.224609 0.617521 0.0441707 0.106838 0.260498
1 0.223407 0.61859 0.0435697 0.0982906 0.277588
1 0.226112 0.616453 0.0438702 0.111111 0.345947
1 0.393329 0.657051 0.078726 0.142094 0.34082
1 0.225361 0.621795 0.0372596 0.100427 0.256836
1 0.481971 0.673077 0.0456731 0.0726496 0.254639
1 0.226562 0.620727 0.0420673 0.102564 0.305664
1 0.39363 0.655983 0.0721154 0.138889 0.2854
1 0.22521 0.620727 0.0414664 0.0982906 0.345215
1 0.392428 0.650641 0.0739183 0.145299 0.309082
1 0.226412 0.615385 0.038762 0.104701 0.32251
1 0.223558 0.625534 0.0450721 0.111111 0.2854
1 0.393029 0.652778 0.0709135 0.141026 0.404541
1 0.225361 0.61859 0.0426683 0.106838 0.367432
1 0.480769 0.667735 0.0528846 0.0769231 0.314941
1 0.223558 0.616453 0.0390625 0.107906 0.341553
1 0.22506 0.621795 0.0414664 0.100427 0.258301
1 0.225811 0.620727 0.0420673 0.104701 0.353027
1 0.394231 0.65438 0.0721154 0.144231 0.291016
1 0.22491 0.61859 0.0360577 0.106838 0.253174
1 0.224609 0.615385 0.0411659 0.104701 0.479492
1 0.224309 0.61859 0.0411659 0.102564 0.412109
1 0.224609 0.61859 0.039363 0.102564 0.313965
1 0.22476 0.615385 0.0426683 0.104701 0.407227
1 0.482572 0.674145 0.0480769 0.0641026 0.282227
1 0.223708 0.617521 0.0423678 0.108974 0.359375
1 0.223858 0.61859 0.0390625 0.100427 0.275146
1 0.222957 0.615385 0.0411659 0.104701 0.250244
1 0.223858 0.619658 0.0372596 0.0982906 0.363037
1 0.224459 0.620727 0.0396635 0.100427 0.361084
1 0.480469 0.66453 0.0480769 0.0683761 0.271973
1 0.22506 0.616453 0.039363 0.104701 0.42627
1 0.481971 0.665598 0.0486779 0.0641026 0.297363
1 0.223858 0.619658 0.0396635 0.106838 0.459961
1 0.480769 0.673077 0.0480769 0.0683761 0.319092
1 0.224159 0.61859 0.0414664 0.106838 0.30249
1 0.48107 0.669872 0.0480769 0.0683761 0.279785
1 0.393029 0.654915 0.0769231 0.141026 0.264404
1 0.22476 0.619658 0.0390625 0.106838 0.412109
1 0.392127 0.653846 0.0787259 0.141026 0.370117
1 0.223858 0.616987 0.0414664 0.103632 0.393311
1 0.224459 0.615385 0.0420673 0.104701 0.462891
1 0.393029 0.650107 0.0757211 0.144231 0.253174
1 0.224459 0.616453 0.0441707 0.108974 0.472656
1 0.225661 0.619124 0.0420673 0.106838 0.462891
1 0.48137 0.673611 0.0492788 0.0651709 0.276611
1 0.223708 0.616987 0.0435697 0.104701 0.421631
1 0.480168 0.672543 0.046875 0.0619658 0.282227
1 0.22476 0.617521 0.0420673 0.106838 0.34082
1 0.225361 0.619658 0.0396635 0.104701 0.408203
1 0.480168 0.674145 0.0450721 0.0598291 0.276611
1 0.224459 0.617521 0.0426683 0.106838 0.434082
1 0.223558 0.615385 0.0450721 0.107906 0.344238
1 0.225361 0.617521 0.0402644 0.100427 0.484375
1 0.48107 0.669338 0.047476 0.0662393 0.275146
1 0.22521 0.61859 0.0411659 0.107906 0.473633
1 0.480769 0.666667 0.0480769 0.0662393 0.279053
1 0.223558 0.616453 0.0435697 0.108974 0.487305
1 0.480469 0.675214 0.0486779 0.068376 0.32251
1 0.224159 0.616453 0.0402644 0.104701 0.373047
1 0.480769 0.669872 0.0492788 0.0705128 0.308105
1 0.393329 0.654915 0.0727163 0.141026 0.29248
1 0.224459 0.617521 0.0414664 0.104701 0.388672
1 0.481971 0.667735 0.046875 0.0683761 0.289307
1 0.395132 0.655449 0.0733173 0.143162 0.252441
1 0.224459 0.616987 0.0396635 0.0982906 0.366699
1 0.480469 0.675214 0.046274 0.0662393 0.27832
1 0.22506 0.615919 0.0396635 0.103632 0.370117
1 0.224459 0.616453 0.0378606 0.105769 0.435059
1 0.479567 0.67735 0.047476 0.0641026 0.264404
1 0.22521 0.615385 0.039363 0.102564 0.378418
1 0.479567 0.676816 0.046274 0.0619658 0.250244
1 0.22476 0.614316 0.0432692 0.104701 0.404541
1 0.22476 0.615919 0.0372596 0.101496 0.410156
1 0.224459 0.615385 0.0408654 0.104701 0.472656
1 0.479267 0.67735 0.046875 0.0641026 0.251709
1 0.224159 0.615385 0.0402644 0.107906 0.449463
1 0.480168 0.673077 0.0456731 0.0641026 0.276611
1 0.224309 0.616987 0.0408654 0.104701 0.38501
1 0.480168 0.675748 0.0480769 0.0651709 0.274414
1 0.224609 0.61859 0.0381611 0.106838 0.381104
1 0.48137 0.675214 0.0480769 0.0619658 0.265137
1 0.22491 0.617521 0.0411659 0.104701 0.360352
1 0.480168 0.674145 0.046875 0.0641026 0.259033
1 0.224459 0.616453 0.0396635 0.103632 0.384033
1 0.481671 0.673077 0.0486779 0.0705128 0.282959
1 0.223558 0.615385 0.0402644 0.104701 0.451416
1 0.48137 0.673611 0.046875 0.0608974 0.288574
1 0.224008 0.616453 0.0417668 0.104701 0.420654
1 0.48137 0.673611 0.046875 0.0651709 0.283691
1 0.22476 0.615385 0.0396635 0.102564 0.396973
1 0.48137 0.673077 0.0480769 0.0705128 0.251709
1 0.224159 0.617521 0.0384615 0.102564 0.401611
1 0.48137 0.673611 0.046875 0.0662393 0.265869
1 0.224159 0.615385 0.0384615 0.106838 0.446533
1 0.48137 0.673077 0.0456731 0.0662393 0.271973
1 0.223858 0.617521 0.0384615 0.102564 0.376709
1 0.480469 0.676816 0.046875 0.0673077 0.272705
1 0.224159 0.617521 0.0390625 0.104701 0.389648
1 0.482572 0.668269 0.0480769 0.0694445 0.314941
1 0.224008 0.616453 0.039363 0.104701 0.413086
1 0.48137 0.675214 0.047476 0.0641026 0.262207
1 0.224159 0.61859 0.0414664 0.104701 0.501953
1 0.48137 0.670406 0.0492788 0.0715812 0.334473
1 0.224159 0.616987 0.0402644 0.103632 0.462891
1 0.480769 0.67735 0.046875 0.068376 0.311523
1 0.22491 0.616453 0.0399639 0.104701 0.434082
1 0.480769 0.676282 0.0444712 0.0641026 0.279053
1 0.224609 0.616987 0.0378606 0.107906 0.379395
1 0.480168 0.675214 0.0450721 0.0598291 0.250244
1 0.22476 0.617521 0.0402644 0.108974 0.400635
1 0.480168 0.676282 0.046274 0.0662393 0.296631
1 0.224159 0.617521 0.0411659 0.108974 0.472656
1 0.480769 0.668803 0.0456731 0.0641026 0.348633
1 0.224309 0.615385 0.0396635 0.108974 0.506836
1 0.480769 0.673077 0.0456731 0.0619658 0.384033
1 0.224459 0.615385 0.0402644 0.111111 0.495117
1 0.480769 0.673611 0.046875 0.0673077 0.389648
1 0.22476 0.615385 0.0402644 0.106838 0.561035
1 0.480168 0.672543 0.046875 0.0673077 0.400635
1 0.294171 0.409722 0.0210336 0.0331197 0.259766
1 0.224008 0.614316 0.039964 0.108974 0.611328
1 0.480469 0.673611 0.047476 0.0662393 0.477539
1 0.294471 0.410256 0.0204327 0.034188 0.265869
1 0.224159 0.616453 0.0384615 0.106838 0.539062
1 0.48137 0.674145 0.0456731 0.0641026 0.366699
1 0.224459 0.616453 0.0390625 0.106838 0.620605
1 0.48107 0.674145 0.047476 0.0651709 0.46875
1 0.294171 0.410256 0.0204327 0.0320513 0.274414
1 0.22476 0.616453 0.0369591 0.104701 0.571777
1 0.480769 0.675748 0.046875 0.0683761 0.484375
1 0.294471 0.410791 0.0204327 0.0331197 0.283691
1 0.22506 0.617521 0.0384615 0.108974 0.614258
1 0.48137 0.673077 0.046875 0.0641026 0.459961
1 0.29387 0.409989 0.0216346 0.0331197 0.29248
1 0.224459 0.616453 0.0390625 0.108974 0.617676
1 0.480769 0.675214 0.0480769 0.0662393 0.496094
1 0.29387 0.410256 0.0204327 0.034188 0.303955
1 0.225361 0.616453 0.0384615 0.106838 0.637695
1 0.480769 0.672009 0.046875 0.065171 0.467773
1 0.29387 0.410256 0.0210336 0.0325855 0.286865
1 0.225661 0.617521 0.0390625 0.111111 0.629883
1 0.48107 0.673077 0.046875 0.0641026 0.463867
1 0.29387 0.410791 0.0210336 0.0331197 0.300781
1 0.22521 0.618056 0.0384615 0.106838 0.650391
1 0.48137 0.673077 0.0456731 0.0641026 0.46875
1 0.294171 0.410791 0.0210336 0.0320513 0.282227
1 0.22506 0.617521 0.0390625 0.106838 0.658203
1 0.48137 0.673077 0.046875 0.0662393 0.507812
1 0.29387 0.411859 0.0210336 0.0331197 0.307373
1 0.22476 0.61859 0.0390625 0.106838 0.643555
1 0.48137 0.673077 0.046875 0.0641026 0.472656
1 0.29387 0.412126 0.0216346 0.0336539 0.296631
1 0.22506 0.61859 0.0384615 0.108974 0.65918
1 0.48107 0.673077 0.0456731 0.0641026 0.500977
1 0.29387 0.411859 0.0216346 0.034188 0.324219
1 0.22506 0.61859 0.0384615 0.106838 0.645996
1 0.48137 0.672009 0.0456731 0.0641026 0.483398
1 0.29387 0.41266 0.0216346 0.0336539 0.294922
1 0.22476 0.61859 0.0384615 0.106838 0.64502
1 0.48137 0.672543 0.046875 0.065171 0.503906
1 0.29387 0.412393 0.0216346 0.0331197 0.301514
1 0.224159 0.616453 0.0384615 0.106838 0.539062
1 0.48137 0.674145 0.0456731 0.0641026 0.366699
