1 0.513822 0.419872 0.0198318 0.0470086 0.326904
1 0.323017 0.946848 0.063101 0.106303 0.26123
1 0.624399 0.75 0.0456731 0.0470086 0.284668
1 0.323017 0.925214 0.0540865 0.0683761 0.275146
1 0.45613 0.922009 0.0216346 0.0555556 0.26123
1 0.29387 0.652244 0.0288461 0.0608974 0.260498
1 0.292668 0.653846 0.0300481 0.051282 0.252441
1 0.322115 0.930556 0.0625 0.0726496 0.260498
1 0.45613 0.923611 0.0240385 0.0555556 0.250244
1 0.617788 0.801282 0.0372596 0.0470086 0.279053
1 0.29387 0.657586 0.03125 0.0587607 0.262939
1 0.613582 0.798077 0.0360577 0.0416667 0.253174
1 0.455529 0.924145 0.0240385 0.059829 0.251709
1 0.323918 0.934829 0.0625 0.076923 0.293457
1 0.615385 0.794338 0.0408654 0.0438034 0.252441
1 0.322716 0.929487 0.0588942 0.0790599 0.265137
1 0.321815 0.930556 0.0625 0.0854701 0.258301
1 0.291466 0.648504 0.0300481 0.0555556 0.307373
1 0.322716 0.930556 0.0600962 0.0769231 0.305664
1 0.455529 0.924145 0.0240385 0.0576923 0.263672
1 0.323317 0.934829 0.0625 0.082265 0.338135
1 0.292668 0.650641 0.03125 0.0555556 0.277588
1 0.455829 0.924145 0.0228365 0.0576923 0.274414
1 0.511418 0.438568 0.0264423 0.0416667 0.272705
1 0.323918 0.933761 0.0612981 0.0811966 0.378418
1 0.292668 0.652778 0.031851 0.0566239 0.301514
1 0.45613 0.925748 0.0252404 0.0608974 0.280518
1 0.201472 0.61859 0.0327524 0.0576923 0.265137
1 0.511118 0.439103 0.0270432 0.0416667 0.259766
1 0.292668 0.652244 0.0300481 0.0555556 0.323486
1 0.323317 0.932158 0.0625 0.0844017 0.31665
1 0.510817 0.439637 0.0264423 0.0395299 0.299072
1 0.455529 0.925214 0.0228365 0.0576923 0.2854
1 0.323317 0.931624 0.0637019 0.0811966 0.370117
1 0.292668 0.650641 0.03125 0.0544872 0.352295
1 0.455529 0.923077 0.0228365 0.0576923 0.310791
1 0.511418 0.438034 0.0252404 0.0395299 0.309082
1 0.201623 0.616453 0.03125 0.0576923 0.289307
1 0.629808 0.619658 0.0336538 0.0555556 0.286133
1 0.614183 0.797009 0.0360577 0.0363248 0.251709
1 0.292368 0.652244 0.0300481 0.0566239 0.318359
1 0.510817 0.438034 0.0252404 0.0395299 0.303223
1 0.455529 0.923611 0.0216346 0.0576923 0.295898
1 0.322716 0.935363 0.0594952 0.0801281 0.259033
1 0.293269 0.652778 0.03125 0.0555556 0.368408
1 0.511418 0.438301 0.0252404 0.0389957 0.350342
1 0.45613 0.923077 0.0228365 0.0576923 0.330322
1 0.322716 0.934829 0.0606971 0.0811965 0.309082
1 0.614183 0.797009 0.0360577 0.0384616 0.280518
1 0.201623 0.61859 0.0324519 0.0576923 0.258301
1 0.629808 0.620727 0.0336538 0.0576923 0.253906
1 0.322716 0.933227 0.0600962 0.0779914 0.351318
1 0.293269 0.652778 0.03125 0.0576923 0.348633
1 0.511418 0.438836 0.0246394 0.0389957 0.308105
1 0.45613 0.923077 0.0228365 0.0576923 0.296631
1 0.629808 0.619124 0.0336538 0.0576923 0.280518
1 0.614183 0.79594 0.0360577 0.0384616 0.269043
1 0.201923 0.617521 0.03125 0.0587607 0.255371
1 0.292668 0.652778 0.03125 0.0555556 0.38208
1 0.45613 0.923077 0.0228365 0.0576923 0.329346
1 0.321514 0.935363 0.0588942 0.0758547 0.32251
1 0.511418 0.438568 0.0252404 0.0373931 0.309082
1 0.614183 0.796474 0.0360577 0.0373932 0.290283
1 0.201322 0.618056 0.0315505 0.0576923 0.254639
1 0.292668 0.651709 0.03125 0.0555556 0.387695
1 0.510817 0.438034 0.0264423 0.0384616 0.353027
1 0.322416 0.935363 0.0600961 0.0769231 0.349609
1 0.201322 0.617521 0.031851 0.0576923 0.31665
1 0.455529 0.922009 0.0252404 0.0576924 0.314941
1 0.616587 0.798077 0.0360577 0.0405983 0.295898
1 0.629808 0.620192 0.0336538 0.0544872 0.264404
1 0.323017 0.936432 0.061899 0.0801282 0.392334
1 0.293269 0.652778 0.0300481 0.0555556 0.380371
1 0.45613 0.923077 0.0234375 0.0576923 0.308105
1 0.510817 0.438034 0.0252404 0.0384616 0.293457
1 0.616587 0.798077 0.0360577 0.0395299 0.282227
1 0.201322 0.618056 0.031851 0.0587607 0.275879
1 0.630409 0.619658 0.0336538 0.0576923 0.259033
1 0.293269 0.653846 0.03125 0.0555556 0.388672
1 0.511418 0.438034 0.0264423 0.0395299 0.327637
1 0.45613 0.923077 0.0246395 0.0587607 0.308105
1 0.322716 0.935898 0.0612981 0.0790598 0.307373
1 0.201322 0.618056 0.0330529 0.0598291 0.282959
1 0.616587 0.798077 0.0372596 0.0405983 0.275146
1 0.63101 0.619658 0.0336538 0.0576923 0.26123
1 0.293269 0.65438 0.03125 0.056624 0.379395
1 0.322416 0.935898 0.0606971 0.0790598 0.329346
1 0.45643 0.922543 0.0246394 0.0576923 0.323486
1 0.511418 0.4375 0.0258414 0.0395299 0.309814
1 0.616587 0.799145 0.0384615 0.0416667 0.289307
1 0.201623 0.61859 0.0324519 0.0598291 0.284668
1 0.630409 0.619658 0.0336538 0.0576923 0.259033
1 0.293269 0.65438 0.03125 0.056624 0.395996
1 0.323317 0.935363 0.0612981 0.0811966 0.38501
1 0.45613 0.923611 0.0240385 0.0576923 0.329346
1 0.511418 0.438034 0.0252404 0.0389957 0.325928
1 0.616587 0.799145 0.0372596 0.0405983 0.308105
1 0.201623 0.619124 0.0324519 0.0598291 0.307373
1 0.63101 0.620727 0.0336538 0.0576923 0.270508
1 0.322716 0.935898 0.0612981 0.0790598 0.390381
1 0.293269 0.65438 0.03125 0.056624 0.379395
1 0.511418 0.438034 0.0264423 0.0395299 0.318359
1 0.45613 0.923077 0.0252404 0.0587607 0.310791
1 0.201623 0.619124 0.0336538 0.0598291 0.29834
1 0.616587 0.79968 0.0372596 0.0405983 0.2854
1 0.629808 0.620727 0.0336538 0.0576923 0.252441
1 0.293269 0.65438 0.03125 0.056624 0.399902
1 0.322115 0.9375 0.0600961 0.0811966 0.363037
1 0.511418 0.438034 0.0264423 0.0400641 0.345215
1 0.45613 0.923077 0.0252404 0.0576923 0.325928
1 0.201623 0.61859 0.0324519 0.0598291 0.309814
1 0.616587 0.799145 0.0372596 0.0405983 0.304932
1 0.629808 0.620727 0.0336538 0.0566239 0.266602
1 0.293269 0.65438 0.03125 0.056624 0.388672
1 0.322416 0.935898 0.0606971 0.0801282 0.355713
1 0.511418 0.438301 0.0264423 0.0395299 0.323486
1 0.45613 0.922543 0.0240385 0.0576923 0.304932
1 0.616587 0.799145 0.0384615 0.0395299 0.294189
1 0.201623 0.61859 0.0324519 0.0598291 0.265869
1 0.293269 0.654915 0.03125 0.0555556 0.400635
1 0.322416 0.935363 0.0606971 0.0790599 0.356689
1 0.511418 0.438034 0.0264423 0.0395299 0.339844
1 0.45613 0.923077 0.0240385 0.0576923 0.313965
1 0.616587 0.799145 0.0384615 0.0405983 0.310791
1 0.201472 0.61859 0.0324519 0.0598291 0.273682
1 0.629808 0.621261 0.0336538 0.0566239 0.253906
1 0.292368 0.652244 0.0300481 0.0566239 0.318359
1 0.510817 0.438034 0.0252404 0.0395299 0.303223
1 0.455529 0.923611 0.0216346 0.0576923 0.295898
1 0.322716 0.935363 0.0594952 0.0801281 0.259033
