1 0.452524 0.857372 0.0877404 0.160256 0.334473
1 0.985577 0.0808627 0.0288462 0.0872062 0.265869
1 0.984676 0.0797276 0.030649 0.0803953 0.279053
1 0.211989 0.050414 0.0456731 0.0645032 0.27832
1 0.984976 0.0934829 0.0300481 0.0787927 0.259033
1 0.455829 0.86218 0.0901443 0.160256 0.266602
1 0.457031 0.860043 0.0859375 0.17094 0.363037
1 0.214243 0.0574252 0.0438702 0.0625 0.275146
1 0.454327 0.856303 0.0913462 0.167735 0.396973
1 0.782452 0.276776 0.0625 0.113114 0.347656
1 0.214393 0.0534856 0.0531851 0.0773237 0.287842
1 0.983774 0.0912126 0.0324519 0.0782586 0.262207
1 0.454928 0.848291 0.0877404 0.160256 0.425293
1 0.984976 0.0929821 0.0300481 0.0838008 0.258301
1 0.213041 0.0627671 0.0459736 0.0673077 0.259766
1 0.451322 0.865385 0.0865385 0.149573 0.310791
1 0.21229 0.0493456 0.0456731 0.0587607 0.272705
1 0.451322 0.852564 0.0985577 0.153846 0.320801
1 0.216346 0.0588942 0.0504808 0.0694444 0.267334
1 0.214694 0.0627671 0.0525841 0.071047 0.253906
1 0.452524 0.852564 0.0889423 0.162393 0.268066
1 0.215445 0.0643697 0.0450721 0.0726496 0.345215
1 0.455529 0.860043 0.0883414 0.153846 0.341553
1 0.214093 0.065438 0.0483774 0.0683761 0.331055
1 0.454928 0.855235 0.0961539 0.17735 0.303955
1 0.213341 0.0534188 0.0486779 0.0662393 0.279053
1 0.454327 0.864316 0.0961538 0.17094 0.402588
1 0.454928 0.850427 0.0907452 0.166667 0.410156
1 0.453125 0.857906 0.0901443 0.160256 0.469727
1 0.213341 0.0619658 0.046875 0.0705128 0.270508
1 0.454928 0.853098 0.0901442 0.16453 0.315674
1 0.21244 0.0620994 0.0480769 0.0689103 0.309814
1 0.45613 0.850427 0.0889423 0.160256 0.317383
1 0.215144 0.0516827 0.0498798 0.071047 0.271973
1 0.245643 0.369391 0.0766226 0.14797 0.253906
1 0.457332 0.861111 0.0913462 0.16453 0.323486
1 0.455529 0.85844 0.0913461 0.169872 0.33374
1 0.213792 0.051015 0.0477764 0.0683761 0.309082
1 0.454928 0.853633 0.0913461 0.166667 0.315674
1 0.213341 0.0543536 0.0486779 0.0633013 0.253906
1 0.452825 0.850962 0.0901442 0.160256 0.442627
1 0.214393 0.063101 0.046274 0.0709135 0.253174
1 0.454327 0.860043 0.0853365 0.160256 0.293457
1 0.213642 0.0534021 0.0486779 0.067074 0.31665
1 0.45613 0.856838 0.0901442 0.162393 0.255371
1 0.45613 0.854701 0.0913461 0.166667 0.361084
1 0.247897 0.369658 0.0817308 0.153846 0.259766
1 0.214243 0.0623665 0.046274 0.0614316 0.251709
1 0.244441 0.366987 0.0802284 0.154915 0.357666
1 0.454928 0.856838 0.0901442 0.15812 0.353027
1 0.212139 0.0526008 0.0492789 0.0716146 0.34082
1 0.454327 0.857906 0.0925481 0.168803 0.280518
1 0.213642 0.0530849 0.0486779 0.0677083 0.258301
1 0.455529 0.856838 0.092548 0.173077 0.313232
1 0.248047 0.369391 0.0772236 0.153312 0.265137
1 0.245192 0.368323 0.078125 0.154915 0.273682
1 0.213942 0.0517495 0.0477764 0.0687767 0.260498
1 0.246845 0.367788 0.0808293 0.158654 0.257568
1 0.21244 0.0494291 0.0456731 0.0597957 0.256836
1 0.452524 0.856303 0.0913462 0.153846 0.339844
1 0.246995 0.372863 0.078726 0.151709 0.293457
1 0.454928 0.865385 0.09375 0.150641 0.259766
1 0.247145 0.373665 0.0820312 0.157585 0.328613
1 0.454026 0.857906 0.0973557 0.17094 0.318359
1 0.214543 0.0478265 0.047476 0.060864 0.282227
1 0.456731 0.855769 0.0889423 0.15812 0.300781
1 0.248648 0.380075 0.0778245 0.145833 0.284668
1 0.455228 0.862714 0.0877404 0.160256 0.277588
1 0.214543 0.0542201 0.046274 0.0606303 0.254639
1 0.453726 0.860043 0.0895432 0.155983 0.277588
1 0.214243 0.0590278 0.046875 0.0625 0.275146
1 0.214994 0.0571581 0.0447716 0.0694444 0.282227
1 0.454928 0.854701 0.0889423 0.162393 0.353027
1 0.454928 0.860043 0.09375 0.155983 0.311523
1 0.246244 0.375534 0.0784255 0.147436 0.255371
1 0.453125 0.860043 0.0907452 0.155983 0.420654
1 0.246695 0.369124 0.0799279 0.160256 0.294189
1 0.214543 0.0499299 0.0480769 0.0593283 0.26123
1 0.214844 0.0519665 0.0486779 0.0638021 0.27124
1 0.782452 0.276442 0.0600961 0.111645 0.260498
1 0.454928 0.857906 0.0901442 0.155983 0.250244
1 0.454026 0.861645 0.0907452 0.154915 0.312256
1 0.213191 0.063969 0.0471755 0.0651709 0.286865
1 0.453125 0.858974 0.0913462 0.159188 0.486328
1 0.213341 0.0554888 0.0492788 0.06664 0.318359
1 0.783053 0.279915 0.0600962 0.113248 0.269775
1 0.246094 0.377137 0.077524 0.145299 0.253906
1 0.213492 0.0612313 0.0483774 0.0661058 0.319092
1 0.453125 0.86218 0.0925481 0.162393 0.280518
1 0.214243 0.053953 0.0480769 0.0633013 0.265869
1 0.213642 0.0525007 0.0486779 0.0662059 0.288574
1 0.454026 0.857372 0.0907452 0.161325 0.272705
1 0.21274 0.0546207 0.046875 0.0622329 0.305664
1 0.214393 0.0564236 0.0459736 0.0634348 0.344238
1 0.213942 0.053953 0.047476 0.0641026 0.359375
1 0.244892 0.369658 0.0811298 0.15812 0.282227
1 0.452524 0.857906 0.0901443 0.15812 0.253174
1 0.453125 0.857906 0.0889423 0.155983 0.449463
1 0.213492 0.0584936 0.0453726 0.0625 0.37207
1 0.984676 0.0942842 0.030649 0.0755876 0.29834
1 0.453125 0.856303 0.0901443 0.155983 0.487305
1 0.213642 0.0578259 0.046875 0.0641026 0.399902
1 0.244291 0.370727 0.0817308 0.157051 0.357666
1 0.782452 0.282586 0.0600961 0.112714 0.326904
1 0.984375 0.0912126 0.03125 0.0771902 0.294189
1 0.453726 0.861111 0.0901443 0.155983 0.400635
1 0.213942 0.0576923 0.0444712 0.0633013 0.37207
1 0.453425 0.861111 0.0901442 0.151709 0.455078
1 0.213942 0.0575588 0.0450721 0.0616987 0.44165
1 0.984676 0.0937166 0.030649 0.0764557 0.287842
1 0.244591 0.372863 0.0823317 0.155983 0.275146
1 0.781851 0.283387 0.0576923 0.112714 0.266602
1 0.0321514 0.784188 0.0285457 0.0491453 0.256836
1 0.213642 0.0598958 0.0456731 0.0618323 0.428223
1 0.454026 0.863248 0.0895432 0.151709 0.388672
1 0.782452 0.286325 0.0576923 0.111111 0.269775
1 0.245493 0.375534 0.0835337 0.154915 0.269043
1 0.984976 0.0964209 0.0300481 0.0753205 0.267334
1 0.213341 0.0604968 0.046274 0.0606303 0.430176
1 0.453425 0.86218 0.0895433 0.151709 0.417725
1 0.983774 0.094785 0.0324519 0.0759215 0.266602
1 0.782452 0.284989 0.0576923 0.109509 0.262939
1 0.214243 0.0576923 0.0456731 0.0616987 0.449463
1 0.454026 0.861111 0.0889423 0.151709 0.448486
1 0.245192 0.373932 0.0817308 0.152778 0.300781
1 0.984375 0.0919137 0.03125 0.0752537 0.286133
1 0.782452 0.283387 0.0576923 0.110043 0.283691
1 0.213942 0.0606303 0.046274 0.0611645 0.430176
1 0.453726 0.86218 0.0877404 0.151709 0.429199
1 0.781851 0.283921 0.0588942 0.108974 0.282959
1 0.214393 0.0598291 0.0465745 0.0625 0.410156
1 0.454026 0.863248 0.0889423 0.153846 0.364746
1 0.781851 0.284722 0.0588942 0.111111 0.308105
1 0.984375 0.0951189 0.03125 0.0747196 0.267334
1 0.214243 0.06043 0.0465745 0.0607639 0.44165
1 0.454627 0.863248 0.0883413 0.153846 0.411133
1 0.782452 0.284989 0.0576923 0.109509 0.287842
1 0.031851 0.785791 0.0282452 0.0491453 0.263672
1 0.984375 0.0958534 0.03125 0.0748531 0.259766
1 0.214243 0.0615652 0.046274 0.0616987 0.462891
1 0.453726 0.862714 0.0889423 0.152778 0.439697
1 0.782452 0.284188 0.0600961 0.110043 0.313965
1 0.984375 0.0956197 0.03125 0.0769231 0.279053
1 0.0318885 0.786325 0.0284706 0.0512821 0.266602
1 0.214844 0.0608307 0.046274 0.061031 0.431152
1 0.454327 0.861111 0.0889423 0.149573 0.406494
1 0.782452 0.283921 0.0576923 0.10844 0.295898
1 0.984075 0.0948184 0.0318509 0.0769231 0.262939
1 0.0317383 0.785791 0.0292218 0.0502137 0.262207
1 0.214393 0.0608307 0.046274 0.0612981 0.457031
1 0.454026 0.86218 0.0907452 0.153846 0.352295
1 0.782452 0.283921 0.0576923 0.110577 0.299805
1 0.984375 0.0950855 0.03125 0.076656 0.276611
1 0.031588 0.785256 0.0289213 0.0512821 0.270508
1 0.214243 0.0616987 0.046875 0.0611645 0.439697
1 0.454026 0.863248 0.0907452 0.151709 0.395996
1 0.782452 0.284455 0.0576923 0.109509 0.279053
1 0.984375 0.0950855 0.03125 0.0761218 0.260498
1 0.213942 0.0615652 0.046875 0.0608974 0.451416
1 0.454026 0.863248 0.0907452 0.149573 0.345215
1 0.984375 0.0948518 0.03125 0.0757879 0.271973
1 0.781851 0.284455 0.0576923 0.10844 0.262939
1 0.0317007 0.785791 0.0283954 0.0502137 0.26123
1 0.453726 0.861111 0.0901443 0.155983 0.402588
1 0.213942 0.0576923 0.0444712 0.0633013 0.37207
