1 0.0770733 0.793803 0.0378606 0.0683761 0.289307
1 0.894231 0.458333 0.0853366 0.194444 0.280518
1 0.898438 0.456998 0.0829327 0.189637 0.402588
1 0.0713642 0.78953 0.0402644 0.0790599 0.332764
1 0.396635 0.105235 0.0204327 0.0576923 0.269775
1 0.159856 0.878739 0.0420673 0.0886753 0.307373
1 0.158053 0.880342 0.0426683 0.0918804 0.263672
1 0.160156 0.878205 0.0384615 0.0897436 0.253174
1 0.160757 0.879273 0.0441707 0.0961539 0.251709
1 0.158353 0.88141 0.046274 0.0897436 0.258301
1 0.160156 0.879273 0.0411659 0.0876069 0.264404
1 0.161058 0.883547 0.0384615 0.0897436 0.26123
1 0.162109 0.880342 0.0390625 0.0876069 0.270508
1 0.395433 0.106036 0.0228365 0.0590278 0.283691
1 0.159405 0.878205 0.0411659 0.0918804 0.270508
1 0.159105 0.879273 0.039363 0.0897436 0.27124
1 0.160757 0.878205 0.0390625 0.0854702 0.27832
1 0.161058 0.879273 0.0402644 0.0940171 0.270508
1 0.160156 0.879273 0.0399639 0.0897436 0.262939
1 0.160907 0.882479 0.0381611 0.0854701 0.260498
1 0.161659 0.882479 0.0366586 0.0833333 0.250244
1 0.159856 0.880876 0.0378606 0.0844017 0.281494
1 0.0748197 0.799145 0.0411659 0.0747863 0.265137
1 0.160757 0.880342 0.0384615 0.0854702 0.253906
1 0.0742188 0.800748 0.0420673 0.0737179 0.296631
1 0.0736178 0.799145 0.0402644 0.0726496 0.337158
1 0.0746695 0.799145 0.039363 0.0726496 0.276611
1 0.0741436 0.79968 0.0419171 0.0715812 0.331055
1 0.0720403 0.797009 0.0405649 0.0705128 0.325195
1 0.161358 0.883547 0.0348558 0.0811966 0.259766
1 0.0742188 0.800214 0.0414664 0.0705128 0.342529
1 0.074369 0.800214 0.0411659 0.0726496 0.354004
1 0.8125 0.73985 0.0276443 0.0544872 0.267334
1 0.0746695 0.798611 0.0405649 0.0705128 0.35498
1 0.0742188 0.800214 0.0411659 0.0715812 0.349609
1 0.0746695 0.800214 0.0410156 0.0705128 0.338135
1 0.160757 0.882479 0.0372596 0.0833333 0.251709
1 0.0748197 0.799145 0.0408654 0.0705128 0.363037
1 0.160757 0.882479 0.0366587 0.0833333 0.273682
1 0.0748197 0.798611 0.0402644 0.0694444 0.343262
1 0.0745944 0.799145 0.0404147 0.0705128 0.360352
1 0.0746695 0.799145 0.0408654 0.0705128 0.356689
1 0.0745944 0.799145 0.0410156 0.0705128 0.373047
1 0.0746695 0.799145 0.039363 0.0726496 0.277588
