1 0.273438 0.791667 0.0246394 0.0555556 0.273682
1 0.0122822 0.790598 0.0232121 0.0459401 0.272705
1 0.500301 0.394765 0.078726 0.154915 0.39502
1 0.271034 0.800214 0.03125 0.0619658 0.283691
1 0.698317 0.870727 0.100962 0.17735 0.461914
1 0.501803 0.386218 0.0757211 0.151709 0.432129
1 0.266226 0.815171 0.0300481 0.0491453 0.271973
1 0.478365 0.0679087 0.0420673 0.0572917 0.264404
1 0.501803 0.38515 0.0769231 0.148504 0.265137
1 0.500601 0.397169 0.0769231 0.155449 0.256836
1 0.700721 0.870727 0.0985577 0.168803 0.329346
1 0.699519 0.86859 0.103365 0.166667 0.338867
1 0.695913 0.86859 0.0961539 0.15812 0.296631
1 0.499399 0.385684 0.0763221 0.149573 0.521484
1 0.698317 0.86859 0.0985577 0.166667 0.517578
1 0.478966 0.0713809 0.0450721 0.0661058 0.275879
1 0.500301 0.382746 0.0715144 0.144765 0.338867
1 0.695913 0.865385 0.105769 0.168803 0.286865
1 0.478966 0.0747863 0.0444711 0.0630342 0.256104
1 0.500301 0.388355 0.078125 0.143162 0.34082
1 0.698317 0.870192 0.103365 0.174145 0.274414
1 0.479567 0.0747196 0.045673 0.0645032 0.266602
1 0.700721 0.861111 0.103365 0.166667 0.273682
1 0.480168 0.0761218 0.0444711 0.0619658 0.27124
1 0.479868 0.0694444 0.0450721 0.0574252 0.301514
1 0.478365 0.0706464 0.0432692 0.0592949 0.262207
1 0.479567 0.0701122 0.0426683 0.0587607 0.263672
1 0.694712 0.862714 0.0961538 0.160256 0.332764
1 0.478966 0.0757212 0.0450721 0.0633013 0.266602
1 0.479567 0.076656 0.0444711 0.0625 0.297363
1 0.478966 0.0730502 0.048077 0.0641026 0.313965
1 0.480168 0.0729834 0.0456731 0.061031 0.286865
1 0.479567 0.0725828 0.0444711 0.0629006 0.267334
1 0.479267 0.0756544 0.0438702 0.0602297 0.262939
1 0.478365 0.073117 0.0456731 0.0623665 0.266602
1 0.478966 0.0731838 0.045673 0.0616987 0.290283
1 0.479267 0.0746528 0.0456731 0.0657051 0.276611
1 0.478365 0.0757212 0.046274 0.0643697 0.258301
1 0.479567 0.0729167 0.046875 0.0627671 0.287842
1 0.479267 0.076656 0.046875 0.0667735 0.253906
1 0.479868 0.073985 0.0450721 0.0616987 0.299805
1 0.478966 0.0743857 0.045673 0.065438 0.272705
1 0.479567 0.0737847 0.045673 0.0682425 0.294189
1 0.478666 0.0736512 0.0444712 0.0615652 0.276611
1 0.479567 0.0748531 0.045673 0.0650374 0.265137
1 0.479868 0.0736512 0.046274 0.0674412 0.287842
1 0.479567 0.0742521 0.0444711 0.0627671 0.291748
1 0.479567 0.0741854 0.0444711 0.0626335 0.324219
1 0.478966 0.0755208 0.046274 0.0655716 0.270508
1 0.479567 0.0731838 0.045673 0.0638355 0.297363
1 0.478365 0.0743857 0.0438702 0.0622329 0.266602
1 0.478966 0.0756544 0.046875 0.0655716 0.344238
1 0.479567 0.0735844 0.045673 0.0662393 0.308105
1 0.479567 0.0731838 0.0444711 0.0638355 0.32251
1 0.479267 0.0725828 0.0444712 0.0607639 0.270508
1 0.478966 0.0731838 0.0444711 0.0619658 0.296631
1 0.478065 0.0733841 0.0444712 0.0615652 0.361084
1 0.271334 0.814103 0.0288461 0.0555556 0.26123
1 0.479267 0.0735844 0.0438702 0.0635684 0.375732
1 0.0505559 0.851496 0.0369591 0.0470085 0.294922
1 0.272236 0.813034 0.0288462 0.0544872 0.271973
1 0.478966 0.0738515 0.0444711 0.0649038 0.40918
1 0.0508564 0.851496 0.0372596 0.0470085 0.313965
1 0.27156 0.813034 0.0289964 0.0555556 0.2854
1 0.479567 0.0747196 0.0444711 0.063969 0.450439
1 0.051063 0.851496 0.0363957 0.0448718 0.332764
1 0.272236 0.813034 0.0276442 0.0534188 0.311523
1 0.478966 0.0735844 0.0444711 0.0616987 0.476562
1 0.0513071 0.850427 0.0354567 0.0470085 0.360352
1 0.27156 0.811966 0.0277945 0.0555556 0.334473
1 0.479567 0.0734509 0.0432692 0.0643697 0.436768
1 0.0511569 0.849893 0.0362079 0.0459401 0.336426
1 0.27171 0.810898 0.027494 0.0534187 0.299805
1 0.479567 0.0733173 0.0432692 0.0633013 0.516602
1 0.0510817 0.850427 0.0368089 0.0470085 0.389648
1 0.272236 0.810898 0.0282452 0.0534187 0.343262
1 0.188101 0.725427 0.0210337 0.0438034 0.263672
1 0.479567 0.0727831 0.0432692 0.0633013 0.473633
1 0.0511569 0.849893 0.0362079 0.0470086 0.32251
1 0.272761 0.811966 0.0277945 0.0534188 0.309082
1 0.479267 0.0743189 0.0438702 0.0623665 0.475586
1 0.0509315 0.849893 0.0372596 0.0448718 0.371094
1 0.272236 0.810898 0.0288462 0.0534187 0.339844
1 0.478966 0.0734509 0.0438702 0.0616987 0.487305
1 0.0507061 0.850427 0.0372596 0.0470085 0.395996
1 0.272236 0.809829 0.0282452 0.0534187 0.356689
1 0.479567 0.075187 0.0444711 0.0625 0.484375
1 0.0510817 0.850962 0.0363582 0.0459401 0.371094
1 0.272761 0.810898 0.0277945 0.0534187 0.344238
1 0.479868 0.0763889 0.0438702 0.0611645 0.459961
1 0.051401 0.850427 0.0375225 0.0470085 0.368408
1 0.272536 0.811966 0.0282452 0.0555556 0.365723
1 0.479567 0.0765224 0.0432692 0.0619658 0.47168
1 0.0510817 0.850427 0.0371094 0.0470085 0.392334
1 0.272536 0.811432 0.0288462 0.0534188 0.362061
1 0.479567 0.076656 0.0444711 0.0622329 0.484375
1 0.0510817 0.851496 0.0374099 0.0470085 0.403564
1 0.272536 0.811966 0.0282452 0.0534188 0.370117
1 0.188251 0.725962 0.0213341 0.0438034 0.256104
1 0.479267 0.0765224 0.0444712 0.0625 0.453369
1 0.0508564 0.850962 0.0374099 0.0470086 0.390381
1 0.272236 0.810898 0.0288462 0.0534187 0.356689
1 0.479267 0.0761886 0.0438702 0.0629006 0.473633
1 0.0509315 0.850427 0.0371094 0.0470085 0.380371
1 0.272161 0.810898 0.0289964 0.0555556 0.368408
1 0.1878 0.725427 0.0222356 0.0448718 0.262939
1 0.479567 0.076656 0.0444711 0.0625 0.463867
1 0.272536 0.810898 0.0288462 0.0534187 0.356689
1 0.0510817 0.850427 0.0369591 0.0470085 0.351318
1 0.479267 0.0770566 0.0444712 0.0622329 0.481445
1 0.0510817 0.850427 0.0372596 0.0470085 0.381104
1 0.272536 0.810898 0.0288462 0.0534187 0.371094
1 0.479567 0.0734509 0.0432692 0.0643697 0.436768
1 0.0511569 0.849893 0.0362079 0.0459401 0.336426
1 0.27171 0.810898 0.027494 0.0534187 0.299805
