1 0.147536 0.897436 0.046875 0.0555556 0.33374
1 0.0988582 0.621795 0.0279447 0.0619658 0.27124
1 0.0940505 0.620192 0.0342548 0.0715812 0.277588
1 0.0923227 0.616987 0.0332031 0.0726496 0.315674
1 0.772837 0.346688 0.0673077 0.0929487 0.29248
1 0.0920974 0.61859 0.0294471 0.0662393 0.259766
1 0.093149 0.625 0.0332031 0.0683761 0.268066
1 0.0930739 0.629274 0.0339543 0.0705128 0.276611
1 0.0935998 0.630342 0.0333534 0.0705128 0.271973
1 0.09375 0.63141 0.0330529 0.0705128 0.27832
1 0.0936749 0.63141 0.0333534 0.0715812 0.288574
1 0.0932993 0.630342 0.0336539 0.0705128 0.268066
1 0.0934495 0.630342 0.0336539 0.0726496 0.283691
1 0.0935998 0.629808 0.0336539 0.0715812 0.27832
1 0.0935998 0.629808 0.0342548 0.0715812 0.294922
