1 0.513822 0.526576 0.0444712 0.0686431 0.29834
1 0.929087 0.481303 0.0240384 0.051282 0.277588
1 0.716947 0.590278 0.0264423 0.0534188 0.284668
1 0.51262 0.526576 0.0426682 0.0707799 0.279785
1 0.884615 0.86218 0.0300481 0.0491453 0.256836
1 0.512019 0.527778 0.0414663 0.0673077 0.35498
1 0.486779 0.229634 0.046875 0.116587 0.349609
1 0.235877 0.75641 0.0480769 0.0598291 0.265869
1 0.51262 0.538462 0.0372596 0.0598291 0.286865
1 0.457632 0.882479 0.0498798 0.0940171 0.259766
1 0.485577 0.241386 0.0372596 0.113381 0.29248
1 0.513822 0.538996 0.0372596 0.0555556 0.27124
1 0.514423 0.542735 0.0444712 0.0673077 0.257568
1 0.75601 0.917201 0.0384615 0.0705128 0.301514
1 0.514123 0.536859 0.0420673 0.0673077 0.29834
1 0.926082 0.490385 0.03125 0.0544872 0.296631
1 0.484976 0.242455 0.0414663 0.112313 0.2854
1 0.927284 0.487179 0.030048 0.0566239 0.277588
1 0.757212 0.922009 0.0384615 0.0747863 0.270508
1 0.941106 0.225694 0.0432693 0.088141 0.267334
1 0.513221 0.542735 0.0396635 0.0726496 0.267334
1 0.488582 0.250467 0.0456731 0.119792 0.257568
1 0.459736 0.871795 0.0504807 0.104701 0.273682
1 0.893029 0.310897 0.0216346 0.0384615 0.270508
1 0.927885 0.487179 0.03125 0.0576923 0.258301
1 0.889423 0.862714 0.0288462 0.0395299 0.253174
1 0.459736 0.877137 0.0492788 0.102564 0.331055
1 0.459435 0.880342 0.0534855 0.0961539 0.300781
1 0.755409 0.923077 0.0432693 0.0747863 0.258301
1 0.514724 0.541667 0.0414664 0.073718 0.253906
1 0.514423 0.536325 0.0384615 0.0662393 0.286133
1 0.48738 0.23531 0.0414664 0.113782 0.277588
1 0.459736 0.875 0.046875 0.0982906 0.272705
1 0.929087 0.490118 0.03125 0.0518163 0.255371
1 0.486779 0.249466 0.045673 0.121261 0.281494
1 0.457933 0.88141 0.0522837 0.0982906 0.259033
1 0.457933 0.878205 0.0540865 0.102564 0.346924
1 0.484075 0.239049 0.0498798 0.121261 0.335449
1 0.459135 0.876068 0.0480769 0.0918804 0.337158
1 0.484976 0.239583 0.0432693 0.119124 0.325195
1 0.927885 0.487714 0.0336539 0.0587607 0.2854
1 0.513221 0.540598 0.0414663 0.0673077 0.256836
1 0.484976 0.240652 0.0456731 0.123932 0.266602
1 0.514724 0.536325 0.0402645 0.073718 0.253906
1 0.927885 0.486645 0.03125 0.0523504 0.251709
1 0.459135 0.878205 0.0480769 0.102564 0.429199
1 0.484375 0.239249 0.0480769 0.116587 0.395996
1 0.926683 0.487714 0.0360578 0.0576923 0.259766
1 0.482572 0.240986 0.046875 0.113114 0.347656
1 0.458834 0.880342 0.0480769 0.0961539 0.336426
1 0.939904 0.216079 0.0432693 0.0929487 0.279053
1 0.513522 0.537393 0.0414664 0.0683761 0.268066
1 0.233173 0.761752 0.0507812 0.0641025 0.265137
1 0.926683 0.488782 0.0336539 0.0555556 0.254639
1 0.486779 0.241987 0.046274 0.123397 0.303955
1 0.457933 0.878205 0.0480769 0.0940171 0.295898
1 0.512019 0.538996 0.0420673 0.0726496 0.259033
1 0.926683 0.489049 0.0336539 0.0571581 0.256836
1 0.460337 0.878739 0.0516827 0.0950855 0.363037
1 0.48738 0.238515 0.0438702 0.11485 0.357666
1 0.513822 0.53953 0.0432693 0.0705128 0.306641
1 0.926683 0.488248 0.0336539 0.056624 0.273682
1 0.891827 0.307692 0.0216346 0.0459402 0.265869
1 0.486779 0.238181 0.045673 0.118723 0.339844
1 0.458534 0.879808 0.0498798 0.0972222 0.313232
1 0.485577 0.239583 0.0480769 0.11859 0.293457
1 0.927284 0.490385 0.0348558 0.0608974 0.275879
1 0.457332 0.880342 0.0510817 0.100427 0.267334
1 0.458534 0.882479 0.046875 0.0918804 0.348633
1 0.513221 0.53953 0.0396635 0.0683761 0.323486
1 0.927284 0.489583 0.032452 0.0571581 0.317383
1 0.893029 0.31063 0.0240384 0.0416667 0.273682
1 0.236478 0.761218 0.0492789 0.0619659 0.264404
1 0.486178 0.242254 0.0456731 0.117521 0.312256
1 0.513221 0.541667 0.0420673 0.0662393 0.303955
1 0.927284 0.489316 0.032452 0.0555556 0.275879
1 0.459736 0.882479 0.0528846 0.0940171 0.263672
1 0.486779 0.239583 0.046875 0.117521 0.446533
1 0.461238 0.88141 0.0498798 0.0918804 0.354004
1 0.513221 0.538996 0.0408654 0.0673077 0.347656
1 0.927284 0.488782 0.0372597 0.0576923 0.283691
1 0.486178 0.250267 0.046875 0.115919 0.432129
1 0.459736 0.88141 0.0504807 0.0918804 0.338867
1 0.51262 0.538996 0.0396635 0.0683761 0.329346
1 0.927885 0.490385 0.0360578 0.0576923 0.293457
1 0.893029 0.307692 0.0228366 0.0405983 0.283691
1 0.234075 0.761752 0.0528846 0.059829 0.273682
1 0.739183 0.722222 0.0240385 0.0619658 0.26123
1 0.485577 0.245459 0.0450721 0.116987 0.343262
1 0.460337 0.878205 0.046875 0.0940171 0.255371
1 0.513221 0.540598 0.0420673 0.0683761 0.254639
1 0.459736 0.879273 0.0492788 0.0918804 0.341553
1 0.486779 0.24566 0.048077 0.124065 0.294922
1 0.513822 0.541667 0.0408654 0.0662393 0.271973
1 0.234075 0.761218 0.0504808 0.0587607 0.263672
1 0.484976 0.248397 0.047476 0.116987 0.350342
1 0.459135 0.877671 0.0498798 0.0961539 0.335449
1 0.891827 0.307692 0.0240385 0.0395299 0.282959
1 0.926683 0.489316 0.0336539 0.0576923 0.282227
1 0.51262 0.540598 0.0420673 0.0662393 0.282227
1 0.485577 0.236378 0.0492788 0.119124 0.401611
1 0.460337 0.873932 0.0504807 0.0940171 0.361084
1 0.927284 0.490919 0.03125 0.0576923 0.29834
1 0.513822 0.540598 0.0420673 0.0683761 0.29834
1 0.235877 0.760684 0.0534856 0.0641025 0.286133
1 0.485577 0.242521 0.0456731 0.124466 0.376709
1 0.459135 0.878739 0.0504807 0.0950855 0.324219
1 0.926683 0.490385 0.0336539 0.0566239 0.270508
1 0.484075 0.241453 0.0438702 0.119658 0.359375
1 0.459435 0.877671 0.0486779 0.0929487 0.353027
1 0.514423 0.538462 0.0456731 0.0705128 0.33374
1 0.235577 0.753739 0.0552885 0.0619658 0.290283
1 0.926082 0.490385 0.03125 0.0587607 0.269775
1 0.739183 0.720086 0.0192307 0.0641026 0.265137
1 0.457332 0.880342 0.046875 0.0940171 0.304932
1 0.513822 0.538462 0.0408654 0.0641026 0.279785
1 0.484375 0.247329 0.0456731 0.117521 0.260498
1 0.234075 0.753739 0.0534856 0.059829 0.250977
1 0.486178 0.249466 0.0444711 0.119124 0.290283
1 0.460938 0.878739 0.0486779 0.0961539 0.280518
1 0.461839 0.878739 0.0480769 0.094017 0.357666
1 0.486178 0.248464 0.0432692 0.115251 0.338867
1 0.51262 0.537393 0.0408654 0.0683761 0.30249
1 0.234976 0.759615 0.0504808 0.059829 0.254639
1 0.460938 0.879273 0.0480769 0.0950854 0.320801
1 0.486178 0.24813 0.0432692 0.121261 0.291748
1 0.51262 0.53953 0.0396635 0.0769231 0.281494
1 0.486178 0.239249 0.0432692 0.118723 0.363037
1 0.460938 0.877137 0.0492788 0.0961539 0.299805
1 0.513221 0.540598 0.0396635 0.0662393 0.291016
1 0.234976 0.759615 0.0534856 0.0619658 0.269043
1 0.925481 0.489316 0.0336538 0.0566239 0.255371
1 0.891827 0.30609 0.0240385 0.0395299 0.251709
1 0.485577 0.239049 0.046875 0.124466 0.428223
1 0.460337 0.879273 0.0486779 0.0961539 0.348633
1 0.514123 0.537393 0.0414664 0.0683761 0.331055
1 0.926683 0.489316 0.0336539 0.0587607 0.263672
1 0.485577 0.236912 0.0456731 0.119124 0.390381
1 0.458534 0.876068 0.0492788 0.0961539 0.364746
1 0.513522 0.538462 0.0408654 0.0683761 0.315674
1 0.233323 0.75641 0.0540865 0.0619659 0.253906
1 0.485276 0.239583 0.046875 0.126068 0.331055
1 0.460337 0.876603 0.0516827 0.0972222 0.291016
1 0.513221 0.538462 0.0396635 0.0694444 0.286865
1 0.485276 0.240451 0.0450721 0.12273 0.339844
1 0.460337 0.878739 0.0504807 0.0929487 0.291016
1 0.514123 0.538462 0.0378605 0.0683761 0.266602
1 0.486178 0.241453 0.0456731 0.121795 0.351318
1 0.513221 0.538996 0.0396635 0.0694444 0.291016
1 0.459135 0.877137 0.0456731 0.0865384 0.272705
1 0.486779 0.238849 0.0444711 0.124866 0.318359
1 0.461238 0.876603 0.0510817 0.099359 0.315674
1 0.513221 0.537393 0.0396635 0.0683761 0.257568
1 0.486779 0.24813 0.0432692 0.117521 0.362061
1 0.460337 0.878205 0.0480769 0.0961539 0.338135
1 0.512921 0.540598 0.0396635 0.0705128 0.294922
1 0.484675 0.239049 0.0450721 0.11859 0.350342
1 0.458834 0.878205 0.0504808 0.0982906 0.306641
1 0.512921 0.53953 0.0384615 0.0683761 0.287842
1 0.233774 0.758547 0.0534856 0.0619658 0.257568
1 0.484976 0.245793 0.0456731 0.116319 0.346924
1 0.459736 0.880342 0.0492788 0.0940171 0.345947
1 0.513822 0.538462 0.0396635 0.0662393 0.279785
1 0.233774 0.75641 0.0528846 0.0619659 0.279785
1 0.485577 0.24172 0.0444712 0.113782 0.438721
1 0.459435 0.879273 0.048077 0.0940171 0.308105
1 0.513522 0.538462 0.0384615 0.0662393 0.283691
1 0.485276 0.24172 0.0456731 0.115385 0.416748
1 0.513221 0.542201 0.0408654 0.0662393 0.342529
1 0.457933 0.882479 0.0480769 0.0929487 0.324219
1 0.458534 0.880342 0.0492788 0.0918804 0.344238
1 0.484675 0.239249 0.0444712 0.12086 0.342529
1 0.513221 0.536325 0.0396635 0.0662393 0.305664
1 0.234976 0.757479 0.0522836 0.0619659 0.288574
1 0.484976 0.249466 0.0450721 0.117521 0.336426
1 0.460337 0.88141 0.0504807 0.0940171 0.332764
1 0.513522 0.53953 0.0408654 0.0726496 0.301514
1 0.485577 0.244658 0.0444712 0.116453 0.354004
1 0.459135 0.881944 0.046875 0.0940171 0.325928
1 0.513822 0.540598 0.0396635 0.0662393 0.304932
1 0.235877 0.758547 0.0522836 0.059829 0.251709
1 0.485577 0.239049 0.0456731 0.123397 0.331055
1 0.458233 0.882479 0.047476 0.0961539 0.31665
1 0.513822 0.540598 0.0408654 0.0683761 0.299805
1 0.486178 0.243857 0.0450721 0.118056 0.373047
1 0.459135 0.879273 0.0480769 0.0961539 0.309082
1 0.514423 0.53953 0.0408654 0.0726496 0.305664
1 0.484375 0.239583 0.0444712 0.115919 0.454346
1 0.458534 0.879273 0.046875 0.0918804 0.332764
1 0.513822 0.538462 0.0396635 0.0673077 0.320801
1 0.484976 0.242588 0.0432693 0.112046 0.398926
1 0.459435 0.880342 0.0492789 0.0918804 0.344238
1 0.513822 0.537927 0.0396635 0.0683761 0.283691
1 0.484976 0.241186 0.0444712 0.116987 0.42334
1 0.459736 0.880342 0.0492788 0.0940171 0.327637
1 0.513822 0.538462 0.0402644 0.0705128 0.279053
1 0.485577 0.23985 0.0444712 0.11859 0.430176
1 0.459135 0.88141 0.0480769 0.0918804 0.325928
1 0.513822 0.538462 0.0396635 0.0683761 0.323486
1 0.234976 0.758547 0.0522836 0.0619658 0.256836
1 0.485577 0.238782 0.0432692 0.120726 0.437744
1 0.459135 0.878205 0.0492788 0.0940171 0.404541
1 0.514423 0.536325 0.0384615 0.068376 0.384033
1 0.927885 0.491186 0.0336539 0.0571581 0.256836
1 0.484375 0.240919 0.0456731 0.124466 0.354004
1 0.457933 0.881944 0.0492788 0.0940171 0.325195
1 0.51262 0.542201 0.0396635 0.0662393 0.277588
1 0.485276 0.245126 0.046875 0.121928 0.380371
1 0.460637 0.875 0.0516827 0.0940171 0.332764
1 0.513522 0.537393 0.0402645 0.0683761 0.319092
1 0.486178 0.238782 0.046274 0.11859 0.428223
1 0.459135 0.878205 0.0492788 0.0908119 0.352295
1 0.513822 0.540598 0.0390625 0.0662393 0.289307
1 0.458233 0.88141 0.0486779 0.0918804 0.445557
1 0.484976 0.247329 0.0456731 0.119124 0.44165
1 0.513822 0.540598 0.0408654 0.0715812 0.329346
1 0.235577 0.761752 0.0534856 0.059829 0.271973
1 0.485577 0.241987 0.046875 0.120192 0.424316
1 0.458534 0.879808 0.0498798 0.094017 0.406494
1 0.513221 0.541667 0.0396635 0.0694444 0.305664
1 0.235727 0.760684 0.0531851 0.059829 0.264404
1 0.458534 0.879273 0.0486779 0.0961539 0.396973
1 0.485276 0.242254 0.0450721 0.118056 0.379395
1 0.514423 0.541133 0.0384615 0.0673077 0.323486
1 0.235577 0.760684 0.0540865 0.0576923 0.257568
1 0.486178 0.239316 0.046274 0.119658 0.362061
1 0.458534 0.880876 0.0480769 0.0950855 0.34082
1 0.513221 0.538462 0.0384615 0.0662393 0.286133
1 0.485877 0.239249 0.046274 0.119792 0.351318
1 0.459135 0.880342 0.0504807 0.0961539 0.343262
1 0.513522 0.538996 0.0402645 0.0694444 0.304932
1 0.483774 0.240986 0.0492788 0.119525 0.42334
1 0.459135 0.877137 0.0492788 0.0940171 0.385742
1 0.513522 0.537393 0.0402645 0.0651709 0.38208
1 0.926082 0.498397 0.0336538 0.0630342 0.286133
1 0.890625 0.305288 0.0240385 0.0416667 0.250977
1 0.486178 0.243323 0.0444711 0.123397 0.450439
1 0.459135 0.877671 0.0492788 0.0961539 0.421631
1 0.513221 0.535791 0.0390625 0.0651709 0.403564
1 0.926683 0.497329 0.0336539 0.0619658 0.308105
1 0.235577 0.762821 0.0525841 0.0587608 0.30249
1 0.891827 0.30609 0.0228365 0.0395299 0.269775
1 0.739784 0.722222 0.0204327 0.0576923 0.265137
1 0.484976 0.244057 0.0444712 0.125134 0.44165
1 0.460036 0.877137 0.0504808 0.0961539 0.424316
1 0.513221 0.536859 0.0396635 0.0673077 0.389648
1 0.739183 0.72062 0.0216346 0.0608974 0.313965
1 0.927284 0.490652 0.0348558 0.0571581 0.303223
1 0.235126 0.763889 0.0525841 0.059829 0.299072
1 0.75601 0.919872 0.0384615 0.0726496 0.286133
1 0.891827 0.306891 0.0240385 0.0416667 0.27832
1 0.888221 0.870727 0.0336538 0.0384616 0.270508
1 0.484976 0.243323 0.0456731 0.123397 0.524414
1 0.459736 0.875 0.0504807 0.0940171 0.464844
1 0.513522 0.537927 0.0396635 0.0651709 0.42627
1 0.739183 0.721688 0.0192307 0.0555556 0.384033
1 0.234375 0.761752 0.0522837 0.059829 0.349609
1 0.927284 0.489316 0.0336538 0.0576923 0.339844
1 0.161208 0.494658 0.0180288 0.0427351 0.324219
1 0.889423 0.86859 0.03125 0.0341881 0.311523
1 0.891827 0.306624 0.0240385 0.0395299 0.294189
1 0.75601 0.918803 0.0360577 0.0683761 0.27124
1 0.485577 0.240919 0.0444712 0.124466 0.562988
1 0.459135 0.876068 0.0504807 0.0961539 0.516602
1 0.513221 0.536325 0.0384615 0.0662393 0.472656
1 0.234075 0.761218 0.0537861 0.0587607 0.42334
1 0.739183 0.722222 0.0192307 0.0555556 0.389648
1 0.926683 0.49172 0.0336539 0.0550214 0.359375
1 0.75601 0.918803 0.0384615 0.0705128 0.346924
1 0.893029 0.30609 0.0240384 0.0405983 0.341553
1 0.161058 0.495192 0.016226 0.0405983 0.331055
1 0.888221 0.869658 0.03125 0.034188 0.31665
1 0.486178 0.243122 0.0432692 0.121661 0.475586
1 0.459435 0.878205 0.0486779 0.0940171 0.437744
1 0.513221 0.535791 0.0384615 0.0651709 0.401611
1 0.235276 0.761752 0.0519832 0.059829 0.341553
1 0.739183 0.723291 0.0192307 0.056624 0.335449
1 0.926683 0.490385 0.0324519 0.0566239 0.331055
1 0.160306 0.495727 0.0174279 0.0416667 0.314941
1 0.891226 0.306624 0.0228366 0.0395299 0.308105
1 0.888221 0.869658 0.0288462 0.0352564 0.29834
1 0.755409 0.918803 0.0384615 0.0705128 0.295898
1 0.927885 0.714744 0.0288461 0.0277778 0.276611
1 0.458534 0.878739 0.0480769 0.0950855 0.549805
1 0.485877 0.243122 0.0450721 0.124866 0.543945
1 0.513221 0.536325 0.0396635 0.0662393 0.501953
1 0.235126 0.761218 0.0525841 0.0598291 0.434082
1 0.739784 0.721688 0.0204327 0.0576923 0.389648
1 0.927284 0.490919 0.0336538 0.0555556 0.378418
1 0.891827 0.306624 0.0240385 0.0405983 0.354004
1 0.888221 0.869124 0.03125 0.0363248 0.345947
1 0.161358 0.495192 0.0180288 0.0427351 0.344238
1 0.75601 0.919872 0.0384615 0.0715813 0.328613
1 0.929087 0.714744 0.0288462 0.0299146 0.307373
1 0.459736 0.877671 0.046875 0.0940171 0.511719
1 0.486178 0.241386 0.0444711 0.117655 0.482422
1 0.513522 0.536325 0.0384615 0.0673077 0.46875
1 0.234525 0.760684 0.0513822 0.059829 0.402588
1 0.739784 0.722222 0.0204327 0.0576923 0.388672
1 0.927284 0.490919 0.0336538 0.0555556 0.345947
1 0.892428 0.307425 0.0228365 0.0411325 0.345215
1 0.888221 0.869658 0.032452 0.0363248 0.32251
1 0.160907 0.496261 0.0180288 0.0416667 0.313232
1 0.755409 0.919872 0.0396635 0.0705128 0.286865
1 0.929087 0.714744 0.0288462 0.0320513 0.263672
1 0.459135 0.878205 0.0492788 0.0940171 0.566895
1 0.484976 0.245459 0.0456731 0.120192 0.525391
1 0.513822 0.535256 0.0390625 0.0662393 0.493164
1 0.234375 0.760684 0.0522837 0.0576923 0.410156
1 0.739784 0.721688 0.0204327 0.0587607 0.379395
1 0.926683 0.490919 0.0348557 0.0544872 0.364746
1 0.891827 0.306357 0.0228365 0.0395299 0.361084
1 0.888221 0.869124 0.0336538 0.0373932 0.354004
1 0.160907 0.495192 0.0183293 0.0427351 0.336426
1 0.927885 0.714744 0.0288461 0.0299146 0.300781
1 0.754808 0.918803 0.0408654 0.0705128 0.260498
1 0.459435 0.877671 0.0492789 0.0940171 0.551758
1 0.485577 0.243523 0.0456731 0.12086 0.507812
1 0.513221 0.534722 0.0396635 0.0662393 0.486328
1 0.234826 0.760684 0.0513822 0.059829 0.411133
1 0.739183 0.721154 0.0204327 0.0576923 0.402588
1 0.888221 0.869658 0.032452 0.0384616 0.374756
1 0.927284 0.491186 0.0336538 0.0560897 0.373779
1 0.891827 0.305288 0.0240385 0.0400641 0.362061
1 0.160607 0.495192 0.0183293 0.0427351 0.354004
1 0.927885 0.714209 0.0288461 0.0320513 0.335449
1 0.755409 0.919338 0.0396635 0.0705128 0.288574
1 0.459736 0.878205 0.0486779 0.0950855 0.553711
1 0.486178 0.240919 0.0444711 0.11859 0.538086
1 0.513822 0.535791 0.0396635 0.0673077 0.514648
1 0.235577 0.760684 0.0516827 0.059829 0.40918
1 0.888221 0.869658 0.03125 0.0373932 0.373779
1 0.739784 0.721688 0.0204327 0.0608974 0.370117
1 0.927284 0.490919 0.0336538 0.0555556 0.367432
1 0.891827 0.306624 0.0228365 0.0395299 0.348633
1 0.161208 0.495727 0.0177284 0.042735 0.339844
1 0.928486 0.714744 0.0288462 0.0299146 0.287842
1 0.75601 0.921474 0.0384615 0.0705129 0.276611
1 0.460337 0.879273 0.0492788 0.0940171 0.543945
1 0.485877 0.245727 0.046274 0.121795 0.518555
1 0.513822 0.536325 0.0396635 0.068376 0.498047
1 0.235577 0.761752 0.0528846 0.059829 0.401611
1 0.926683 0.492521 0.0336539 0.0566239 0.375732
1 0.888221 0.870192 0.0336538 0.0384616 0.368408
1 0.891827 0.307692 0.0240385 0.0416667 0.364746
1 0.739183 0.722222 0.0216346 0.059829 0.361084
1 0.928486 0.715812 0.0300481 0.0320513 0.311523
1 0.160907 0.495727 0.0180288 0.0438034 0.310791
1 0.75601 0.921474 0.0408654 0.0715812 0.273682
1 0.459736 0.879273 0.0480769 0.0940171 0.559082
1 0.485577 0.245192 0.0456731 0.11859 0.522461
1 0.513822 0.536325 0.0390625 0.0662393 0.514648
1 0.235577 0.761218 0.0522836 0.0598291 0.425293
1 0.927284 0.49359 0.0348558 0.0598291 0.37207
1 0.739183 0.723291 0.0216346 0.059829 0.370117
1 0.888221 0.870727 0.0336538 0.0384616 0.355713
1 0.891827 0.307425 0.0240385 0.0400641 0.354004
1 0.161058 0.495727 0.0180288 0.042735 0.324219
1 0.929087 0.715812 0.0288462 0.0299146 0.306641
1 0.75601 0.922009 0.0408654 0.0705128 0.282959
1 0.395433 0.402244 0.03125 0.0470085 0.250977
1 0.459736 0.880342 0.0486779 0.0940171 0.569824
1 0.485877 0.242054 0.0456731 0.118456 0.535156
1 0.513822 0.536859 0.0396635 0.068376 0.535156
1 0.235577 0.761752 0.0528846 0.059829 0.436768
1 0.739183 0.723291 0.0216346 0.059829 0.392334
1 0.927284 0.492521 0.0336538 0.0555556 0.387695
1 0.891827 0.308226 0.0228365 0.0405983 0.374756
1 0.888221 0.869658 0.0336538 0.0384616 0.370117
1 0.160757 0.495727 0.0180288 0.0416667 0.323486
1 0.927885 0.715812 0.0288461 0.0299146 0.319092
1 0.755409 0.922009 0.0396635 0.0705128 0.305664
1 0.459435 0.880342 0.0492789 0.0940171 0.544922
1 0.486178 0.245192 0.046875 0.119124 0.505859
1 0.513221 0.536859 0.0396635 0.0673077 0.5
1 0.236028 0.761752 0.0519832 0.059829 0.412109
1 0.927885 0.492788 0.0336539 0.0560897 0.368408
1 0.739183 0.722222 0.0216346 0.059829 0.359375
1 0.891827 0.307425 0.0240385 0.0405983 0.355713
1 0.888221 0.869658 0.0336538 0.0384616 0.346924
1 0.160457 0.495727 0.0186298 0.042735 0.296631
1 0.928486 0.714744 0.0300481 0.0299146 0.296631
1 0.75601 0.922009 0.0408654 0.0705128 0.26123
1 0.459435 0.879273 0.0486779 0.0940171 0.561035
1 0.486178 0.24192 0.0456731 0.118723 0.522461
1 0.513522 0.537393 0.0390625 0.0662393 0.515625
1 0.235276 0.761218 0.0522836 0.0598291 0.427246
1 0.927284 0.492788 0.0336538 0.0560897 0.387695
1 0.739784 0.722756 0.0216346 0.0598291 0.375732
1 0.891827 0.307158 0.0240385 0.0416667 0.370117
1 0.888221 0.869658 0.0336538 0.0384616 0.366699
1 0.928486 0.715278 0.0300481 0.0309829 0.33374
1 0.160757 0.495727 0.0186298 0.042735 0.320801
1 0.75601 0.92094 0.0384615 0.0705128 0.27832
1 0.395132 0.402244 0.03125 0.0480769 0.267334
1 0.459736 0.879273 0.0492788 0.0950854 0.550781
1 0.486178 0.243056 0.0456731 0.118056 0.518555
1 0.513522 0.537393 0.0390625 0.0662393 0.5
1 0.235427 0.761752 0.0522837 0.059829 0.410156
1 0.927885 0.493056 0.0336539 0.0555556 0.368408
1 0.891827 0.307692 0.0240385 0.0416667 0.361084
1 0.888221 0.870192 0.0336538 0.0373932 0.351318
1 0.739183 0.723291 0.0216346 0.059829 0.347656
1 0.928486 0.715812 0.0300481 0.0299146 0.299805
1 0.160607 0.496261 0.0183293 0.042735 0.29248
1 0.75601 0.92094 0.0396635 0.0705128 0.256104
1 0.459435 0.879273 0.0492789 0.0950854 0.560059
1 0.486178 0.242989 0.046875 0.117655 0.525391
1 0.513221 0.537393 0.0396635 0.0662393 0.509766
1 0.235276 0.761752 0.0522836 0.059829 0.425293
1 0.927284 0.493056 0.0336538 0.0555556 0.387695
1 0.891827 0.308226 0.0240385 0.0405983 0.373779
1 0.888221 0.870192 0.0336538 0.0373932 0.368408
1 0.739183 0.723825 0.0216346 0.0576923 0.347656
1 0.160607 0.496261 0.0183293 0.0416667 0.310791
1 0.927885 0.715278 0.03125 0.0299145 0.309082
1 0.755409 0.92094 0.0396635 0.0715813 0.262207
1 0.486178 0.243122 0.0432692 0.121661 0.475586
1 0.459435 0.878205 0.0486779 0.0940171 0.437744
1 0.513221 0.535791 0.0384615 0.0651709 0.400635
1 0.235276 0.761752 0.0519832 0.059829 0.341553
1 0.739183 0.723291 0.0192307 0.056624 0.335449
1 0.926683 0.490652 0.0324519 0.0560897 0.331055
1 0.160306 0.495727 0.0174279 0.0416667 0.313965
1 0.891226 0.306624 0.0228366 0.0395299 0.308105
1 0.888221 0.869658 0.0288462 0.0352564 0.29834
1 0.755409 0.918803 0.0384615 0.0705128 0.295898
1 0.927885 0.714744 0.0288461 0.0277778 0.277588
