1 0.977163 0.834402 0.0408654 0.0747863 0.256836
1 0.347957 0.806624 0.0925481 0.144231 0.443604
1 0.79988 0.204327 0.0396635 0.0897436 0.265137
1 0.344952 0.809295 0.0907452 0.152778 0.52832
1 0.798077 0.200855 0.0408654 0.0876068 0.366699
1 0.226863 0.489316 0.0444711 0.051282 0.36377
1 0.127855 0.885684 0.0366587 0.042735 0.301514
1 0.798678 0.201923 0.0372596 0.0769231 0.313232
1 0.0861629 0.345353 0.0204327 0.0475427 0.283691
1 0.798077 0.209669 0.0432693 0.0870726 0.271973
1 0.0872897 0.34375 0.0205829 0.0507479 0.263672
1 0.796875 0.202991 0.0360577 0.0902778 0.256836
1 0.798077 0.206063 0.048077 0.102831 0.294922
1 0.797476 0.202724 0.0420673 0.0956197 0.300781
1 0.79988 0.205529 0.0432692 0.0990919 0.287842
1 0.230168 0.489583 0.0444712 0.0560897 0.250244
1 0.801082 0.206597 0.0432692 0.0948184 0.283691
1 0.798678 0.207131 0.0444712 0.0921474 0.297363
1 0.799279 0.202991 0.0444711 0.0982906 0.253174
1 0.800481 0.200855 0.0408654 0.0956197 0.329346
1 0.129958 0.886752 0.0351562 0.0405982 0.250244
1 0.796875 0.212607 0.0456731 0.0982906 0.29834
1 0.229868 0.492521 0.046274 0.0630342 0.257568
1 0.797476 0.205128 0.046875 0.0961538 0.334473
1 0.390325 0.284455 0.0234375 0.0870726 0.268066
1 0.797476 0.205796 0.0432692 0.0953526 0.303955
1 0.799279 0.205395 0.0408654 0.088141 0.311523
1 0.798077 0.200321 0.0408654 0.0876069 0.27124
1 0.798077 0.201656 0.0408654 0.0940171 0.329346
1 0.798077 0.204861 0.0408654 0.0897436 0.336426
1 0.798678 0.2086 0.0384615 0.0833333 0.275879
1 0.799279 0.203392 0.0408654 0.0889423 0.330322
1 0.390024 0.282586 0.0264423 0.090812 0.293457
1 0.128944 0.888889 0.0389874 0.0512821 0.263672
1 0.0845102 0.347222 0.0220853 0.0512821 0.258301
1 0.229868 0.501603 0.0432693 0.0523504 0.255371
1 0.799279 0.203793 0.0432693 0.0950855 0.290283
1 0.798678 0.207399 0.0384615 0.0862714 0.345947
1 0.229718 0.502671 0.0435697 0.0502137 0.275146
1 0.128305 0.889957 0.0390625 0.0512821 0.273682
1 0.389423 0.285524 0.0246394 0.0854701 0.268066
1 0.799279 0.206731 0.0384616 0.0827992 0.307373
1 0.128606 0.888889 0.038762 0.0491453 0.263672
1 0.390024 0.285524 0.0234375 0.088141 0.251709
1 0.799279 0.20446 0.0396635 0.0868056 0.363037
1 0.127967 0.887821 0.0385367 0.0491453 0.275879
1 0.798678 0.205929 0.0396635 0.0892094 0.341553
1 0.390024 0.286859 0.0264423 0.090812 0.287842
1 0.127254 0.888355 0.0360577 0.0491453 0.256104
1 0.085637 0.347222 0.023738 0.0491453 0.254639
1 0.799279 0.20633 0.0408654 0.0884081 0.265137
1 0.798077 0.205662 0.0360577 0.0849359 0.279785
1 0.798077 0.206197 0.0408654 0.0876068 0.325195
1 0.796875 0.20406 0.0396635 0.0913462 0.353027
1 0.229868 0.48985 0.0450721 0.0544872 0.257568
1 0.798077 0.205395 0.0384615 0.090812 0.329346
1 0.390625 0.285791 0.0240385 0.0897436 0.265137
1 0.798678 0.204594 0.0408654 0.0918803 0.353027
1 0.390625 0.286325 0.0216346 0.0924145 0.335449
1 0.128456 0.888355 0.0399639 0.0512821 0.282959
1 0.0850361 0.347756 0.0204327 0.0480769 0.260498
1 0.797476 0.204327 0.0432692 0.0902778 0.299072
1 0.799279 0.204594 0.0432693 0.090812 0.295898
1 0.798678 0.206998 0.0408654 0.0892094 0.356689
1 0.128944 0.886752 0.0377855 0.0448719 0.251709
1 0.799279 0.205929 0.0420673 0.0934829 0.345947
1 0.390325 0.284989 0.0246394 0.088141 0.262939
1 0.798077 0.205662 0.0432693 0.0934829 0.286865
1 0.799279 0.206464 0.0408654 0.0870726 0.393311
1 0.390024 0.285524 0.0228366 0.0892094 0.299072
1 0.129357 0.886218 0.0372596 0.048077 0.274414
1 0.228966 0.490385 0.0414664 0.0544872 0.262207
1 0.0847356 0.346154 0.0228365 0.0480769 0.250244
1 0.798077 0.208467 0.0420673 0.0964209 0.390381
1 0.129808 0.885684 0.0390625 0.0470086 0.297363
1 0.230769 0.506544 0.0426683 0.0552884 0.262939
1 0.389423 0.285791 0.0216346 0.0940171 0.262207
1 0.797476 0.207933 0.0420673 0.0916132 0.411133
1 0.228966 0.48985 0.0450721 0.0544872 0.262207
1 0.277344 0.103666 0.0186298 0.0480102 0.256836
1 0.522837 0.081063 0.0204327 0.0542201 0.252441
1 0.799279 0.205929 0.0408654 0.0892094 0.337158
1 0.799279 0.205662 0.0408654 0.0913462 0.305664
1 0.391226 0.28312 0.0240385 0.0876068 0.256104
1 0.799279 0.206731 0.0384616 0.0827992 0.282959
1 0.798678 0.205662 0.0420673 0.0913462 0.318359
1 0.798678 0.206197 0.0384615 0.0870726 0.315674
1 0.799279 0.204995 0.0396635 0.0894765 0.323486
1 0.228816 0.490385 0.0441707 0.0534188 0.272705
1 0.128756 0.886752 0.0381611 0.0470086 0.267334
1 0.799279 0.205262 0.0432693 0.0894765 0.34082
1 0.798678 0.204594 0.0396635 0.0876068 0.312256
1 0.799279 0.206998 0.0432693 0.0876068 0.383057
1 0.390625 0.285791 0.0246394 0.0886752 0.262939
1 0.798077 0.206197 0.0408654 0.0913462 0.350342
1 0.128456 0.886752 0.0378606 0.0491453 0.273682
1 0.390024 0.284188 0.0234375 0.0918803 0.251709
1 0.799279 0.208066 0.0408654 0.0892094 0.334473
1 0.799279 0.21047 0.0408654 0.0918803 0.36377
1 0.390925 0.287927 0.0234375 0.0897436 0.259766
1 0.128906 0.889423 0.0375601 0.0448718 0.257568
1 0.799279 0.209402 0.0432693 0.0934829 0.336426
1 0.799279 0.206998 0.0408654 0.0897436 0.297363
1 0.798077 0.207799 0.0384615 0.0892094 0.345215
1 0.798678 0.207399 0.0408654 0.0889423 0.329346
1 0.799279 0.206998 0.0408654 0.0876068 0.294189
1 0.799279 0.206731 0.0396635 0.0860043 0.325195
1 0.128155 0.888889 0.0384615 0.0470086 0.27124
1 0.798077 0.206864 0.0384615 0.0884081 0.404541
1 0.128756 0.888889 0.0372596 0.0480769 0.291748
1 0.52494 0.0834669 0.0204327 0.0499466 0.254639
1 0.228966 0.491453 0.0426683 0.0523504 0.252441
1 0.798678 0.209001 0.0396635 0.0868056 0.309082
1 0.799279 0.206197 0.0396635 0.0886752 0.370117
1 0.524639 0.0813301 0.0228365 0.0558226 0.255371
1 0.799279 0.207131 0.0384616 0.0884081 0.337158
1 0.799279 0.208467 0.0432693 0.0905449 0.416748
1 0.128606 0.888889 0.039363 0.0534188 0.287842
1 0.799279 0.207532 0.0408654 0.0892094 0.349609
1 0.128343 0.889423 0.0389874 0.0523504 0.258301
1 0.79988 0.207265 0.0396635 0.0876069 0.378418
1 0.129207 0.889957 0.038762 0.0512821 0.265137
1 0.799279 0.206597 0.0396635 0.0916133 0.315674
1 0.799279 0.206731 0.0408654 0.0918803 0.351318
1 0.128305 0.887821 0.0399639 0.0491453 0.2854
1 0.229868 0.493323 0.0456731 0.0592949 0.272705
1 0.523438 0.0802618 0.0216346 0.053953 0.269043
1 0.798678 0.206998 0.0420673 0.0913462 0.417725
1 0.128005 0.887286 0.039363 0.0470085 0.328613
1 0.276743 0.0984242 0.0186298 0.0480769 0.301514
1 0.228816 0.492254 0.0447716 0.0550214 0.29834
1 0.0845853 0.347222 0.0225361 0.0448718 0.290283
1 0.71274 0.405449 0.0336539 0.0491453 0.27124
1 0.522837 0.0825988 0.0216346 0.0527511 0.268066
1 0.195313 0.894231 0.0264423 0.0470085 0.259033
1 0.799279 0.206464 0.0408654 0.0902778 0.453369
1 0.128305 0.887286 0.038762 0.0470085 0.390381
1 0.277644 0.0977564 0.0180289 0.0462073 0.323486
1 0.229567 0.500935 0.0438702 0.0558226 0.320801
1 0.085637 0.34562 0.0219351 0.0459402 0.315674
1 0.972356 0.840812 0.0336538 0.0641026 0.30249
1 0.713341 0.405716 0.0336539 0.0480769 0.287842
1 0.196364 0.897436 0.0249399 0.0448718 0.256104
1 0.390625 0.288996 0.0216346 0.0870726 0.255371
1 0.799279 0.206998 0.0408654 0.0902778 0.467773
1 0.128005 0.888889 0.0405649 0.0512821 0.386719
1 0.0850361 0.346688 0.0234375 0.048077 0.328613
1 0.277344 0.0984242 0.0192308 0.0491453 0.307373
1 0.71274 0.40438 0.0336539 0.0480769 0.30249
1 0.230469 0.498397 0.0450721 0.0544872 0.294922
1 0.195913 0.897436 0.0267428 0.0470086 0.283691
1 0.390024 0.290331 0.0228366 0.0924145 0.275879
1 0.523137 0.0826656 0.0222356 0.0523504 0.273682
1 0.972356 0.839744 0.0336538 0.0662393 0.262939
1 0.232873 0.741453 0.0264423 0.0705128 0.251709
1 0.799279 0.207265 0.0408654 0.0876069 0.516602
1 0.128268 0.888355 0.0391376 0.0470085 0.378418
1 0.0852614 0.34562 0.0225361 0.0459402 0.370117
1 0.277644 0.0985577 0.0186298 0.0459402 0.34082
1 0.390625 0.290331 0.0216346 0.0897436 0.339844
1 0.713341 0.404915 0.0336539 0.0448718 0.324219
1 0.523738 0.0827324 0.0210337 0.0511485 0.320801
1 0.230168 0.497863 0.0450721 0.0534188 0.318359
1 0.196514 0.896368 0.0243389 0.042735 0.313965
1 0.972356 0.837607 0.03125 0.0619659 0.309082
1 0.233474 0.741987 0.0240385 0.065171 0.288574
1 0.236328 0.61218 0.0174279 0.0363248 0.269043
1 0.799279 0.205395 0.0384616 0.0886752 0.549805
1 0.128268 0.886752 0.0385367 0.0491453 0.434082
1 0.085637 0.34562 0.0213341 0.0438034 0.40918
1 0.390024 0.288462 0.0216346 0.0897436 0.370117
1 0.523438 0.0842682 0.0204327 0.048344 0.360352
1 0.229868 0.498932 0.0444712 0.0502137 0.360352
1 0.277644 0.096688 0.0180289 0.0470085 0.35498
1 0.972356 0.839744 0.0324519 0.0662393 0.354004
1 0.71274 0.404113 0.0336539 0.0475427 0.353027
1 0.196214 0.895299 0.0240384 0.042735 0.338135
1 0.233023 0.740385 0.0243389 0.0662393 0.286865
1 0.236478 0.61218 0.0168269 0.0363248 0.27124
1 0.799279 0.205395 0.0396635 0.0897436 0.527344
1 0.0847356 0.346421 0.0205829 0.0438034 0.39502
1 0.127855 0.887821 0.0375601 0.0448719 0.37207
1 0.277043 0.0976229 0.0174279 0.0459402 0.370117
1 0.971755 0.838675 0.03125 0.0641026 0.328613
1 0.71274 0.403846 0.0336539 0.0459402 0.321777
1 0.390024 0.286325 0.0204327 0.0844017 0.320068
1 0.195613 0.896368 0.0240385 0.042735 0.318359
1 0.23107 0.498665 0.0420673 0.0518163 0.314941
1 0.522837 0.0838675 0.0204327 0.0502137 0.297363
1 0.232572 0.73985 0.0246394 0.0662393 0.269043
1 0.799279 0.205662 0.0396635 0.0897436 0.600098
1 0.127742 0.886752 0.0389874 0.0459401 0.434082
1 0.0854868 0.346154 0.0225361 0.0448718 0.425293
1 0.278245 0.0973558 0.0186298 0.0462073 0.404541
1 0.972356 0.839209 0.03125 0.0641025 0.393311
1 0.713341 0.403312 0.0336539 0.0459402 0.377441
1 0.523438 0.0833333 0.0216346 0.0507479 0.37207
1 0.228816 0.501068 0.0429688 0.0523504 0.371094
1 0.196364 0.895833 0.0252404 0.0438034 0.364746
1 0.391226 0.287927 0.0216346 0.0865385 0.361084
1 0.233173 0.739316 0.0252404 0.0662393 0.317383
1 0.236178 0.611111 0.0174279 0.0363248 0.275146
1 0.533053 0.00891426 0.0216346 0.0178285 0.254639
1 0.799279 0.204995 0.0384616 0.0862714 0.569824
1 0.128042 0.886752 0.0383864 0.0470086 0.40918
1 0.085637 0.346154 0.0219351 0.0459402 0.386719
1 0.27817 0.0976229 0.0181791 0.0467415 0.377441
1 0.523438 0.0842682 0.0204327 0.0496795 0.375732
1 0.229718 0.498932 0.0441707 0.0534188 0.35498
1 0.390925 0.287126 0.0204327 0.0827992 0.337158
1 0.972356 0.839744 0.03125 0.0641026 0.336426
1 0.196214 0.895833 0.0252404 0.0448718 0.336426
1 0.71274 0.402778 0.0336539 0.0459401 0.330322
1 0.233474 0.740385 0.0246394 0.0651709 0.277588
1 0.533053 0.00888088 0.0228365 0.0177618 0.275879
1 0.236478 0.611111 0.0174279 0.0373931 0.270508
1 0.799279 0.205662 0.0408654 0.0902778 0.589844
1 0.128305 0.886752 0.0390625 0.0448719 0.421631
1 0.0851863 0.34562 0.0219351 0.0448718 0.412109
1 0.277644 0.0970887 0.0186298 0.0462073 0.400635
1 0.713341 0.402778 0.0336539 0.0438034 0.379395
1 0.229868 0.497863 0.0444712 0.0512821 0.371094
1 0.196214 0.895299 0.0261418 0.0448718 0.370117
1 0.523438 0.0841346 0.0216346 0.0502137 0.361084
1 0.972356 0.837607 0.03125 0.0641026 0.334473
1 0.390925 0.283654 0.0198317 0.0769231 0.331055
1 0.234075 0.73985 0.0258413 0.0662393 0.299805
1 0.533053 0.00941506 0.0240385 0.0188301 0.270508
1 0.236478 0.610043 0.0180289 0.0363248 0.266602
1 0.799279 0.204995 0.0396635 0.0889423 0.57373
1 0.0848858 0.344818 0.0226863 0.0459402 0.44165
1 0.127704 0.886752 0.038762 0.0448719 0.419678
1 0.277344 0.0962874 0.0198317 0.0462073 0.412109
1 0.228966 0.499199 0.0444711 0.0550214 0.396973
1 0.713942 0.401709 0.0336539 0.0459401 0.389648
1 0.523438 0.0849359 0.0216346 0.0507479 0.37207
1 0.196214 0.895299 0.0252404 0.0448718 0.368408
1 0.972356 0.838141 0.0324519 0.0641025 0.364746
1 0.390625 0.282853 0.0192307 0.0763889 0.327637
1 0.234075 0.73985 0.0255409 0.0673077 0.315674
1 0.236178 0.610043 0.0180289 0.0373932 0.267334
1 0.799279 0.204861 0.0384616 0.0870727 0.583008
1 0.0851863 0.345086 0.0222356 0.0459402 0.425293
1 0.128005 0.887286 0.0384615 0.0438035 0.416748
1 0.277644 0.0976229 0.0186298 0.0462073 0.398926
1 0.229868 0.497329 0.0444712 0.0523504 0.394287
1 0.524038 0.0851362 0.0210337 0.0506143 0.373047
1 0.196514 0.896368 0.0246394 0.042735 0.368408
1 0.713942 0.402244 0.0336539 0.0448718 0.360352
1 0.390925 0.283654 0.0198317 0.0790598 0.337158
1 0.234675 0.741453 0.0252404 0.0662393 0.318359
1 0.972356 0.838675 0.03125 0.0619659 0.315674
1 0.236178 0.611111 0.0180289 0.0363248 0.291748
1 0.533654 0.0106838 0.0240385 0.0213675 0.265137
1 0.800481 0.206864 0.0408654 0.0910791 0.564941
1 0.128155 0.887286 0.039363 0.048077 0.435791
1 0.277945 0.0980569 0.0198317 0.0480102 0.420654
1 0.0853365 0.345353 0.023137 0.0464744 0.414062
1 0.713942 0.402778 0.0336539 0.0470086 0.393311
1 0.230018 0.499199 0.0456731 0.0560897 0.388672
1 0.196364 0.896902 0.0252404 0.0448718 0.37207
1 0.972356 0.839209 0.03125 0.0641025 0.35498
1 0.390625 0.286859 0.0204327 0.0854701 0.343262
1 0.523438 0.0857372 0.0216346 0.0523504 0.338867
1 0.233624 0.740919 0.0255409 0.0673077 0.332031
1 0.235877 0.61218 0.0180289 0.0373931 0.311523
1 0.79988 0.206464 0.0396635 0.0886752 0.594727
1 0.128343 0.886752 0.0383864 0.0448719 0.433105
1 0.278245 0.0970887 0.0192308 0.0462073 0.417725
1 0.085637 0.346154 0.0225361 0.0459402 0.408203
1 0.229567 0.498932 0.0432692 0.0544872 0.403564
1 0.713341 0.402511 0.0348558 0.0459402 0.392334
1 0.972356 0.839744 0.03125 0.0630341 0.374756
1 0.196514 0.896368 0.0252404 0.0448718 0.361084
1 0.390625 0.284722 0.0204327 0.0801282 0.348633
1 0.523738 0.0860043 0.0210337 0.0502137 0.338135
1 0.233774 0.741453 0.0252404 0.0641026 0.320068
1 0.236178 0.61218 0.0180289 0.0363248 0.301514
1 0.534255 0.0100494 0.0240385 0.0200988 0.258301
1 0.800481 0.20633 0.0408654 0.0884081 0.598145
1 0.128155 0.888355 0.0384615 0.0459402 0.443604
1 0.229868 0.5 0.0438702 0.0555556 0.434082
1 0.277719 0.0985577 0.0190805 0.0472756 0.432129
1 0.0853365 0.346688 0.0228365 0.0475427 0.417725
1 0.713942 0.403045 0.0336539 0.0459402 0.404541
1 0.972356 0.840278 0.03125 0.0630342 0.378418
1 0.196364 0.897436 0.0252404 0.0448718 0.373047
1 0.523438 0.085804 0.0210337 0.0503472 0.362061
1 0.390625 0.285791 0.0198317 0.0811966 0.357666
1 0.233624 0.741987 0.0252404 0.0662393 0.326904
1 0.235877 0.613248 0.0177284 0.0363248 0.320068
1 0.534255 0.0108841 0.0246394 0.0217682 0.265137
1 0.79988 0.206864 0.0408654 0.0889423 0.577637
1 0.127742 0.887821 0.0389874 0.0459401 0.414062
1 0.277644 0.09789 0.0198317 0.0478098 0.403564
1 0.229417 0.499199 0.0441707 0.0550214 0.401611
1 0.0851863 0.346421 0.023738 0.0475427 0.39502
1 0.713942 0.402778 0.0336539 0.0459401 0.38208
1 0.972356 0.839744 0.0336538 0.0630341 0.35498
1 0.523137 0.0861378 0.0216346 0.051015 0.352295
1 0.196214 0.897436 0.0258414 0.0448718 0.352295
1 0.390325 0.286859 0.0204327 0.082265 0.326904
1 0.233474 0.741453 0.0255409 0.0662393 0.310791
1 0.235727 0.61218 0.0180288 0.0373931 0.303955
1 0.533654 0.0109842 0.0252404 0.0219685 0.253906
1 0.799279 0.206731 0.0408654 0.0902778 0.602051
1 0.127855 0.887286 0.0384615 0.0459402 0.434082
1 0.27832 0.0981571 0.0202825 0.0486111 0.432129
1 0.229267 0.499199 0.0432692 0.0550214 0.419678
1 0.0854868 0.34562 0.023137 0.0470085 0.418701
1 0.713942 0.402778 0.0336539 0.0464744 0.398926
1 0.196364 0.896368 0.0261418 0.0448718 0.37207
1 0.523438 0.0868056 0.0216346 0.0512821 0.369385
1 0.972356 0.839744 0.03125 0.0619659 0.366699
1 0.390625 0.287126 0.0204327 0.0849359 0.353027
1 0.233474 0.741453 0.0258413 0.0662393 0.329346
1 0.236178 0.61218 0.0180289 0.0384615 0.327637
1 0.533654 0.0115518 0.0246395 0.0231036 0.265869
1 0.79988 0.206464 0.0396635 0.0892094 0.588867
1 0.278245 0.0981571 0.0198317 0.048344 0.410156
1 0.0854868 0.346154 0.0229868 0.0470085 0.404541
1 0.229567 0.498932 0.0438702 0.0544872 0.393311
1 0.128005 0.887821 0.0381611 0.0448719 0.392334
1 0.713942 0.402778 0.0348558 0.0459401 0.385742
1 0.196364 0.897436 0.0258413 0.0448718 0.360352
1 0.972957 0.839744 0.0324519 0.0619659 0.347656
1 0.523438 0.0870726 0.0210337 0.0504808 0.343262
1 0.390625 0.285791 0.0198317 0.0822649 0.330322
1 0.233774 0.741453 0.0252404 0.0662393 0.313232
1 0.236178 0.61218 0.0174279 0.0373931 0.301514
1 0.533654 0.0115518 0.0240385 0.0231036 0.250977
1 0.799279 0.206464 0.0408654 0.0892094 0.59082
1 0.0853365 0.346154 0.0228365 0.0459402 0.432129
1 0.277945 0.0977898 0.0198317 0.0480101 0.430176
1 0.127704 0.887821 0.0384615 0.0448719 0.416748
1 0.229417 0.498932 0.0441707 0.0544872 0.40918
1 0.713341 0.402511 0.0348558 0.0459402 0.405518
1 0.196214 0.896902 0.0258414 0.0438034 0.379395
1 0.972356 0.839744 0.03125 0.0619659 0.376709
1 0.523438 0.0868056 0.0210337 0.0507479 0.357666
1 0.390625 0.285256 0.0192307 0.0790598 0.337158
1 0.233624 0.741453 0.0255409 0.0662393 0.327637
1 0.236178 0.61218 0.0174279 0.0363248 0.309082
1 0.533654 0.0112179 0.0240385 0.0224359 0.259766
1 0.799279 0.205395 0.0396635 0.0897436 0.527344
1 0.0847356 0.346421 0.0205829 0.0438034 0.39502
1 0.127855 0.887286 0.0375601 0.0448718 0.373047
1 0.277043 0.0976229 0.0174279 0.0459402 0.370117
1 0.971755 0.838675 0.03125 0.0641026 0.328613
1 0.71274 0.403846 0.0336539 0.0459402 0.321777
1 0.390024 0.286325 0.0204327 0.0844017 0.320068
1 0.195613 0.896368 0.0240385 0.042735 0.319092
1 0.23107 0.498665 0.0420673 0.0518163 0.315674
1 0.523137 0.0838675 0.0204327 0.0502137 0.297363
1 0.232572 0.73985 0.0246394 0.0662393 0.269043
