1 0.359375 0.757479 0.0360577 0.0491453 0.338135
1 0.0826322 0.315171 0.0315505 0.0400641 0.250244
1 0.358774 0.761752 0.0396635 0.0555556 0.386719
1 0.358774 0.759615 0.0384615 0.0448718 0.341553
1 0.0836088 0.313034 0.0354567 0.0395299 0.280518
1 0.0842849 0.311699 0.0342548 0.0480769 0.262939
1 0.0846605 0.308761 0.0326022 0.0491453 0.259766
1 0.0833834 0.314637 0.0351562 0.0480769 0.257568
1 0.0855619 0.311165 0.0362079 0.0496795 0.295898
1 0.0847356 0.313034 0.0351563 0.0448718 0.345947
1 0.360276 0.761218 0.0390625 0.0491453 0.286133
1 0.554688 0.730769 0.078125 0.106838 0.269043
1 0.0846605 0.313568 0.0347055 0.0464744 0.299072
1 0.554087 0.738248 0.0709135 0.108974 0.259766
1 0.0850361 0.313568 0.0338041 0.0438034 0.356689
1 0.0845853 0.315438 0.0327524 0.0475427 0.275146
1 0.0841346 0.316506 0.0327524 0.0470085 0.269775
1 0.554688 0.730769 0.0697115 0.106838 0.265137
1 0.0851112 0.313034 0.0363582 0.0432692 0.256836
1 0.0859375 0.315438 0.0336539 0.0422009 0.304932
1 0.0836839 0.313568 0.0360577 0.0470085 0.265137
1 0.555288 0.730769 0.0709135 0.102564 0.326904
1 0.0851112 0.315171 0.0342548 0.0405983 0.305664
1 0.359976 0.763889 0.0372596 0.0470086 0.262207
1 0.555288 0.731838 0.0625 0.113248 0.295898
1 0.0836839 0.314103 0.0351562 0.0491453 0.32251
1 0.361779 0.759615 0.0384615 0.0491453 0.265869
1 0.0865385 0.315705 0.0351562 0.0459402 0.250244
1 0.0844351 0.315705 0.0348558 0.0438034 0.303223
1 0.554087 0.733974 0.0733173 0.106838 0.303223
1 0.361478 0.761752 0.0402644 0.0480769 0.253906
1 0.359375 0.762821 0.0396635 0.0534188 0.27124
1 0.0849609 0.316774 0.0347055 0.0470085 0.267334
1 0.0861629 0.314904 0.0365084 0.0486111 0.27124
1 0.360276 0.761752 0.0396635 0.0491453 0.256836
1 0.0844351 0.314637 0.0342548 0.0502137 0.2854
1 0.554087 0.73718 0.0721154 0.104701 0.264404
1 0.0845853 0.3125 0.0330529 0.0480769 0.259033
1 0.0845853 0.317842 0.0345553 0.0502137 0.326904
1 0.361178 0.763889 0.0396635 0.0512821 0.294922
1 0.359976 0.761752 0.0396635 0.0512821 0.309814
1 0.0860877 0.314904 0.0371094 0.0480769 0.286133
1 0.359976 0.76015 0.0396635 0.0534188 0.318359
1 0.0857873 0.313301 0.0369591 0.045406 0.286865
1 0.359375 0.762286 0.0384615 0.0534187 0.321777
1 0.0851863 0.314904 0.0354567 0.0470086 0.301514
1 0.263822 0.934295 0.0336539 0.0737179 0.295898
1 0.550481 0.73718 0.0709135 0.102564 0.265869
1 0.0847356 0.313568 0.0366587 0.0491453 0.299805
1 0.361178 0.760684 0.0420673 0.0512821 0.27124
1 0.361178 0.76015 0.0390625 0.0491453 0.27832
1 0.0838341 0.314103 0.0321514 0.0443376 0.256836
1 0.0841346 0.316239 0.0333534 0.0448718 0.291016
1 0.361178 0.760684 0.0396635 0.0470086 0.279785
1 0.361779 0.759615 0.0402644 0.0448718 0.291016
1 0.083759 0.314904 0.0330529 0.0448718 0.269043
1 0.265775 0.933227 0.0333534 0.0790599 0.259766
1 0.554688 0.738782 0.0745193 0.105769 0.251709
1 0.554087 0.736111 0.0697115 0.102564 0.318359
1 0.0839844 0.312233 0.0336539 0.042735 0.279785
1 0.359976 0.759615 0.0384615 0.0470086 0.276611
1 0.0847356 0.315438 0.0333534 0.045406 0.251709
1 0.360577 0.761752 0.0396635 0.0512821 0.296631
1 0.0838341 0.314637 0.0345553 0.0448718 0.282227
1 0.569111 0.337607 0.0216346 0.0448718 0.273682
1 0.361178 0.761218 0.0396635 0.0523504 0.291016
1 0.0851863 0.314103 0.0348558 0.0438034 0.282959
1 0.56881 0.338141 0.0210336 0.0480769 0.272705
1 0.265925 0.93109 0.031851 0.0790599 0.259033
1 0.55649 0.733974 0.0685096 0.106838 0.250244
1 0.360276 0.761218 0.0402644 0.051282 0.293457
1 0.569111 0.339209 0.0204327 0.0491453 0.279785
1 0.264724 0.931624 0.030649 0.0726496 0.262207
1 0.0832332 0.314103 0.0327524 0.0438034 0.250977
1 0.555288 0.738248 0.0733173 0.0982906 0.275879
1 0.819712 0.569444 0.0649039 0.102564 0.267334
1 0.361178 0.760684 0.0396635 0.0534188 0.265137
1 0.360577 0.762821 0.0408654 0.0512821 0.256836
1 0.359675 0.762821 0.0390625 0.0491453 0.308105
1 0.822115 0.569444 0.0649039 0.111111 0.269043
1 0.0853365 0.316239 0.0345553 0.0459402 0.259766
1 0.821514 0.572115 0.0649038 0.110043 0.263672
1 0.360276 0.759615 0.0414664 0.0502136 0.252441
1 0.569712 0.338675 0.0204327 0.0459402 0.259033
1 0.360577 0.761752 0.0396635 0.0491453 0.276611
1 0.0848858 0.313034 0.0353065 0.0470085 0.26123
1 0.823317 0.566239 0.0625 0.113248 0.26123
1 0.555889 0.735043 0.0673077 0.104701 0.253174
1 0.0848858 0.315705 0.0330529 0.042735 0.262207
1 0.0842097 0.313034 0.0332031 0.045406 0.256836
1 0.360577 0.762286 0.0384615 0.0534187 0.251709
1 0.0848858 0.314103 0.035607 0.0448718 0.266602
1 0.360577 0.761752 0.0408654 0.0555556 0.265137
1 0.361178 0.762821 0.0396635 0.0534188 0.290283
1 0.0845853 0.312767 0.0342548 0.0470085 0.265869
1 0.265325 0.932692 0.0324519 0.0747863 0.253174
1 0.0848858 0.315171 0.0333534 0.0432692 0.293457
1 0.360577 0.763355 0.0384615 0.051282 0.287842
1 0.265024 0.932692 0.0330529 0.076923 0.268066
1 0.0852614 0.3125 0.0351562 0.0438034 0.274414
1 0.360577 0.762286 0.0384615 0.0523504 0.269775
1 0.265024 0.933761 0.0336538 0.0790598 0.251709
1 0.264724 0.933227 0.0330529 0.0758547 0.253174
1 0.360877 0.762821 0.0408654 0.0544872 0.282959
1 0.265625 0.933761 0.0336539 0.0779915 0.270508
1 0.0844351 0.314103 0.0348558 0.0480769 0.259033
1 0.360577 0.762821 0.0402644 0.0523504 0.256104
1 0.0854868 0.315171 0.0354567 0.0470086 0.255371
1 0.361779 0.762821 0.0390625 0.0523504 0.253174
1 0.0842849 0.313568 0.0336539 0.0432692 0.336426
1 0.360577 0.767094 0.0396635 0.048077 0.301514
1 0.265024 0.933761 0.0348558 0.0790598 0.299805
1 0.670072 0.170272 0.0228365 0.0608974 0.259033
1 0.0848858 0.315171 0.0336538 0.042735 0.321777
1 0.265024 0.932692 0.0330529 0.076923 0.301514
1 0.564303 0.278846 0.0240385 0.0299145 0.276611
1 0.360877 0.768697 0.0384615 0.0491453 0.275879
1 0.547476 0.484241 0.015625 0.0347222 0.267334
1 0.0851863 0.316774 0.0351563 0.0448718 0.345947
1 0.264874 0.934829 0.0339543 0.076923 0.321777
1 0.564002 0.280449 0.0258413 0.0320513 0.2854
1 0.360877 0.769231 0.0390625 0.048077 0.279785
1 0.547476 0.486111 0.015625 0.0363248 0.266602
1 0.670673 0.171608 0.0228365 0.0635684 0.259766
1 0.0851863 0.314904 0.0333534 0.0432692 0.39502
1 0.360877 0.767094 0.0390625 0.0491453 0.338867
1 0.548077 0.486111 0.015625 0.0331197 0.320068
1 0.264724 0.933761 0.0336538 0.0747863 0.309082
1 0.564002 0.279915 0.0240385 0.0288461 0.301514
1 0.675481 0.169605 0.0216346 0.0576923 0.279785
1 0.0853365 0.315171 0.0333534 0.0416667 0.431152
1 0.360577 0.768162 0.0378606 0.0448718 0.373047
1 0.264123 0.930556 0.0336539 0.0747864 0.351318
1 0.554387 0.73718 0.0751202 0.104701 0.339844
1 0.547776 0.487714 0.015024 0.0320513 0.318359
1 0.564002 0.280983 0.0228365 0.028312 0.314941
1 0.670072 0.170139 0.0216346 0.0603633 0.286865
1 0.823317 0.569979 0.061298 0.106838 0.282227
1 0.570312 0.333333 0.0216346 0.0470086 0.262939
1 0.0845102 0.315705 0.0332031 0.042735 0.396973
1 0.361178 0.768162 0.0384615 0.0470085 0.344238
1 0.264423 0.932158 0.0330529 0.0758547 0.332764
1 0.546875 0.486645 0.015024 0.0320513 0.315674
1 0.669471 0.170139 0.0216346 0.0614316 0.286865
1 0.563101 0.279915 0.0228365 0.0299145 0.283691
1 0.0848858 0.315171 0.0342548 0.0438034 0.454346
1 0.360577 0.767628 0.0390625 0.0480769 0.42334
1 0.264724 0.933227 0.0336538 0.0758547 0.373779
1 0.547776 0.485577 0.015625 0.0331197 0.348633
1 0.670072 0.170673 0.0216346 0.0619658 0.323486
1 0.563702 0.278846 0.0234375 0.0293804 0.320068
1 0.569712 0.333333 0.0216346 0.0470086 0.274414
1 0.0848858 0.315972 0.0333534 0.042735 0.424316
1 0.360577 0.767628 0.0384615 0.0470086 0.406494
1 0.265024 0.932692 0.0324519 0.0747863 0.355713
1 0.547176 0.485844 0.015625 0.0325855 0.346924
1 0.563101 0.280182 0.0228365 0.0293803 0.331055
1 0.675481 0.169605 0.0216346 0.0598291 0.29248
1 0.569712 0.3336 0.0216346 0.0470085 0.275146
1 0.662861 0.557692 0.0168269 0.0523504 0.253174
1 0.0845102 0.315705 0.0341046 0.0438034 0.455078
1 0.360577 0.768162 0.0396635 0.0470085 0.421631
1 0.265325 0.933761 0.0330529 0.0747863 0.360352
1 0.547476 0.486645 0.016226 0.0331197 0.349609
1 0.675481 0.169872 0.0240385 0.0603633 0.319092
1 0.563101 0.280983 0.0240385 0.0288461 0.317383
1 0.569712 0.333868 0.0216346 0.0459402 0.314941
1 0.0847356 0.315171 0.0342548 0.0448718 0.46875
1 0.360577 0.768697 0.0396635 0.0470086 0.421631
1 0.546875 0.486645 0.015625 0.0331197 0.381104
1 0.264724 0.933227 0.0336538 0.0747864 0.358398
1 0.569111 0.333868 0.0228365 0.0459402 0.33374
1 0.563101 0.28125 0.0240385 0.0288461 0.332764
1 0.670072 0.171207 0.0228365 0.0619658 0.31665
1 0.0848858 0.315171 0.0333534 0.0443376 0.487305
1 0.360877 0.767628 0.0390625 0.0470086 0.442627
1 0.265325 0.931624 0.0336538 0.0747863 0.362061
1 0.547476 0.485577 0.015625 0.0320513 0.35498
1 0.563702 0.279915 0.0240385 0.0277778 0.348633
1 0.676683 0.169605 0.0216346 0.059562 0.326904
1 0.570012 0.334135 0.0210337 0.0448718 0.290283
1 0.0850361 0.315171 0.0342548 0.0438034 0.485352
1 0.361178 0.768162 0.0396635 0.048077 0.434082
1 0.265325 0.932692 0.0336538 0.076923 0.362061
1 0.675481 0.170272 0.0216346 0.0606303 0.34082
1 0.547476 0.487179 0.015625 0.0309829 0.336426
1 0.563702 0.281517 0.0246394 0.0288461 0.313965
1 0.570312 0.333868 0.0228365 0.0459402 0.296631
1 0.0851863 0.316239 0.0339543 0.0432692 0.469727
1 0.361178 0.768697 0.0384615 0.0480769 0.421631
1 0.265174 0.932692 0.0327524 0.0747863 0.362061
1 0.547776 0.487179 0.015625 0.0309829 0.34082
1 0.569712 0.334402 0.0228365 0.0459402 0.334473
1 0.675481 0.170406 0.0216346 0.0592949 0.326904
1 0.564303 0.282586 0.0240385 0.0288462 0.304932
1 0.0851112 0.316506 0.0341046 0.0443376 0.476562
1 0.361478 0.768697 0.0390625 0.0480769 0.442627
1 0.265625 0.932692 0.0330529 0.0758547 0.38501
1 0.569712 0.334669 0.0228365 0.0464744 0.376709
1 0.547476 0.487714 0.015024 0.0320513 0.358398
1 0.675481 0.170406 0.0216346 0.0603633 0.338867
1 0.564002 0.282586 0.0246394 0.0299145 0.330322
1 0.0852614 0.316506 0.035006 0.0443376 0.458008
1 0.360577 0.768697 0.0396635 0.0480769 0.419678
1 0.569712 0.334936 0.0240385 0.0470086 0.368408
1 0.265024 0.932692 0.0330529 0.0747863 0.358398
1 0.547176 0.487714 0.015625 0.0320513 0.338135
1 0.675481 0.171341 0.0216346 0.0606303 0.320068
1 0.563702 0.282586 0.0252404 0.0299145 0.293457
1 0.0850361 0.316774 0.0342548 0.0438034 0.479492
1 0.360877 0.768162 0.0390625 0.0470085 0.44751
1 0.570012 0.334402 0.0234375 0.0470086 0.379395
1 0.265024 0.932692 0.0330529 0.0758547 0.376709
1 0.547476 0.487714 0.015625 0.0320513 0.370117
1 0.675481 0.170673 0.0216346 0.0598291 0.332764
1 0.563702 0.282586 0.0246394 0.0293804 0.317383
1 0.0850361 0.317575 0.0342548 0.0432692 0.462891
1 0.360877 0.768697 0.0390625 0.0470086 0.431152
1 0.265024 0.932692 0.0330529 0.0758547 0.36377
1 0.570312 0.334936 0.0228365 0.0470086 0.350342
1 0.547476 0.488248 0.015625 0.0309829 0.325195
1 0.676082 0.17094 0.0216346 0.0598291 0.317383
1 0.563702 0.283387 0.0240385 0.0288461 0.2854
1 0.0849609 0.317308 0.0345553 0.0438034 0.477539
1 0.360877 0.768697 0.0396635 0.0480769 0.446533
1 0.265024 0.932692 0.0336538 0.076923 0.373047
1 0.570012 0.334669 0.0234375 0.0464744 0.369385
1 0.547476 0.487981 0.015625 0.0304487 0.338135
1 0.675481 0.17094 0.0216346 0.059562 0.331055
1 0.563702 0.282586 0.0240385 0.0288462 0.29248
1 0.0845102 0.315705 0.0332031 0.042735 0.396973
1 0.361178 0.768162 0.0384615 0.0470085 0.345215
1 0.264423 0.932158 0.0330529 0.0758547 0.332764
1 0.546875 0.486645 0.015024 0.0320513 0.314941
1 0.669471 0.170139 0.0216346 0.0614316 0.286865
1 0.563101 0.279915 0.0228365 0.0299145 0.282959
