1 0.879808 0.51055 0.0372596 0.0750534 0.279053
1 0.877404 0.51055 0.0384616 0.0686432 0.335449
1 0.878606 0.510684 0.0336538 0.0630342 0.315674
1 0.878606 0.511886 0.0300481 0.059562 0.265869
1 0.878606 0.510684 0.0336538 0.0587607 0.277588
1 0.833534 0.842415 0.0432692 0.0865384 0.270508
1 0.835337 0.84188 0.0480769 0.0940171 0.317383
1 0.879808 0.511752 0.0336539 0.0619658 0.252441
1 0.834736 0.845086 0.0444712 0.0854701 0.270508
1 0.833534 0.846688 0.0492788 0.0865384 0.306641
1 0.879808 0.513889 0.03125 0.0630342 0.296631
1 0.878606 0.514423 0.0384616 0.0673077 0.272705
1 0.861779 0.224626 0.0480769 0.11859 0.294189
1 0.879808 0.513355 0.03125 0.0641026 0.275879
0 0.865385 0.223024 0.0432693 0.121261 0.265869
1 0.832933 0.844017 0.0504807 0.0929487 0.257568
1 0.834135 0.840812 0.0432693 0.0876068 0.331055
1 0.865385 0.221822 0.0384616 0.115118 0.294922
1 0.834736 0.844017 0.046875 0.0961539 0.303223
1 0.879207 0.515491 0.0324519 0.0641026 0.269775
1 0.832933 0.846154 0.0480769 0.0886753 0.314941
1 0.878606 0.513755 0.0336538 0.0622329 0.295898
1 0.864183 0.223691 0.0432693 0.112981 0.337158
1 0.835337 0.845086 0.0456731 0.0854701 0.276611
1 0.878606 0.513889 0.0360578 0.0641026 0.250977
1 0.877404 0.51656 0.0336538 0.0651709 0.317383
1 0.863582 0.226763 0.0396635 0.115919 0.315674
1 0.878606 0.514423 0.0360578 0.0630342 0.304932
1 0.865385 0.224092 0.0408654 0.112714 0.413086
1 0.836538 0.846154 0.0432693 0.0876068 0.364746
1 0.879207 0.513755 0.0348558 0.0622329 0.315674
1 0.616587 0.727564 0.0456731 0.0576923 0.251709
1 0.86238 0.22516 0.0420673 0.112714 0.430176
1 0.878606 0.51656 0.0336538 0.0641026 0.335449
1 0.615385 0.729167 0.0456731 0.059829 0.271973
1 0.863582 0.223691 0.0444712 0.111912 0.256836
1 0.834135 0.845086 0.0408654 0.0854701 0.288574
1 0.877404 0.514423 0.0348557 0.0608974 0.282959
1 0.86238 0.224626 0.0456731 0.114316 0.280518
1 0.834135 0.84562 0.0432693 0.0886752 0.259033
1 0.864183 0.221822 0.0480769 0.112981 0.353027
1 0.878606 0.514022 0.0336538 0.0638355 0.293457
1 0.833534 0.845086 0.0420673 0.0876068 0.281494
1 0.615986 0.729701 0.0444712 0.0619658 0.267334
1 0.860577 0.220753 0.0432693 0.116186 0.276611
1 0.878606 0.51656 0.0300481 0.0576923 0.273682
1 0.832933 0.844017 0.0408654 0.0865385 0.258301
1 0.862981 0.22476 0.0432693 0.11672 0.367432
1 0.834135 0.842949 0.0456731 0.0876068 0.327637
1 0.879808 0.511752 0.0336539 0.0662393 0.29834
1 0.615385 0.723291 0.0444712 0.059829 0.281494
1 0.832933 0.84188 0.0480769 0.0876068 0.272705
1 0.861178 0.225027 0.0444712 0.110844 0.270508
1 0.878606 0.513355 0.0336538 0.0641026 0.253174
1 0.835337 0.843483 0.0432693 0.0865384 0.300781
1 0.879207 0.513889 0.0336538 0.0651709 0.275146
1 0.864183 0.223024 0.0432693 0.112714 0.271973
1 0.865385 0.221154 0.0408654 0.111645 0.319092
1 0.835337 0.843483 0.0432693 0.0918804 0.263672
1 0.879207 0.515491 0.0348558 0.068376 0.253906
1 0.864183 0.223691 0.0384616 0.11031 0.329346
1 0.878606 0.514824 0.0336538 0.0622329 0.304932
1 0.835337 0.843483 0.0432693 0.0897436 0.291016
1 0.865385 0.223424 0.0432693 0.118323 0.42334
1 0.834135 0.845086 0.0432693 0.0897436 0.345215
1 0.880409 0.511752 0.0348558 0.0673077 0.318359
1 0.866587 0.224493 0.0420672 0.114049 0.413086
1 0.878606 0.512687 0.0336538 0.0643697 0.327637
1 0.833534 0.842949 0.0420673 0.0844017 0.253906
1 0.878606 0.513355 0.03125 0.0587607 0.303223
1 0.865986 0.223691 0.0396635 0.106571 0.27832
1 0.879808 0.511218 0.0324519 0.0641026 0.265869
1 0.865385 0.222356 0.0408654 0.114049 0.312256
1 0.878606 0.515491 0.0336538 0.0608974 0.282227
1 0.863582 0.226496 0.0420673 0.11859 0.34082
1 0.866587 0.225962 0.0408654 0.115385 0.351318
1 0.877404 0.51656 0.0336538 0.0598291 0.290283
1 0.834135 0.845086 0.0408654 0.0876068 0.256104
1 0.878606 0.514423 0.03125 0.0587607 0.29248
1 0.861178 0.224092 0.0408654 0.114316 0.265137
1 0.865385 0.221822 0.0396634 0.112981 0.265137
1 0.878606 0.512286 0.0324519 0.059829 0.259033
1 0.864183 0.22516 0.0396634 0.112179 0.381104
1 0.865385 0.224493 0.0408654 0.112447 0.39502
1 0.878606 0.514824 0.0360578 0.0643697 0.279785
1 0.834736 0.846688 0.0432692 0.0886752 0.260498
1 0.865385 0.224893 0.0420672 0.121795 0.380371
1 0.879207 0.512821 0.0324519 0.0619658 0.279053
1 0.834135 0.844551 0.0432693 0.0865384 0.271973
1 0.864183 0.225962 0.0420672 0.115385 0.398926
1 0.834736 0.84562 0.0456731 0.0929487 0.290283
1 0.879207 0.514423 0.0348558 0.0673077 0.266602
1 0.865385 0.227564 0.0420672 0.110577 0.397949
1 0.834736 0.847222 0.0420673 0.0876068 0.294189
1 0.879808 0.514423 0.0336539 0.0608974 0.286865
1 0.861178 0.226095 0.0420673 0.114583 0.279053
1 0.879207 0.513355 0.0360577 0.0619658 0.262207
1 0.835337 0.846154 0.0420672 0.0886753 0.252441
1 0.866587 0.226963 0.0384616 0.11445 0.327637
1 0.835938 0.845086 0.0432693 0.0876068 0.270508
1 0.879808 0.513355 0.0336539 0.0641026 0.252441
1 0.865385 0.222756 0.0408654 0.113248 0.458984
1 0.878606 0.513889 0.0336538 0.0619658 0.286133
1 0.834736 0.843483 0.0432692 0.0865384 0.257568
1 0.865385 0.223157 0.0384616 0.113515 0.361084
1 0.879207 0.512954 0.0336538 0.0638355 0.256836
1 0.835337 0.845086 0.0432693 0.0854701 0.254639
1 0.864784 0.223558 0.0396635 0.112714 0.416748
1 0.879207 0.512954 0.0324519 0.0638355 0.250977
1 0.864784 0.223424 0.0408653 0.112981 0.422607
1 0.878606 0.513755 0.0336538 0.0622329 0.280518
1 0.835337 0.845086 0.0432693 0.0854701 0.250244
1 0.865986 0.223558 0.0384615 0.110043 0.5
1 0.879808 0.511752 0.0336539 0.065171 0.338867
1 0.834736 0.843483 0.0420673 0.0876069 0.282227
1 0.614784 0.728632 0.0444712 0.0587607 0.260498
1 0.865385 0.224359 0.0432693 0.112179 0.438721
1 0.864784 0.223291 0.0420673 0.116987 0.420654
1 0.879207 0.511619 0.0336538 0.0643697 0.283691
1 0.865986 0.223825 0.0408653 0.111111 0.413086
1 0.878606 0.513889 0.0336538 0.0608974 0.273682
1 0.865385 0.223825 0.0408654 0.115385 0.38208
1 0.879207 0.515091 0.0348558 0.0659722 0.309814
1 0.835337 0.846154 0.0432693 0.0854701 0.282227
1 0.864784 0.224626 0.0420673 0.114316 0.415771
1 0.878606 0.514824 0.0336538 0.0643697 0.291016
1 0.834736 0.845086 0.0432692 0.0876068 0.27832
1 0.864183 0.226229 0.0408654 0.115919 0.383057
1 0.879808 0.515491 0.0336539 0.0641026 0.29248
1 0.834736 0.844017 0.0432692 0.0876068 0.274414
1 0.865385 0.225828 0.0408654 0.115652 0.346924
1 0.878606 0.514824 0.0336538 0.0622329 0.275879
1 0.865385 0.224225 0.0408654 0.114049 0.350342
1 0.878606 0.514957 0.0360578 0.0641026 0.304932
1 0.864183 0.225027 0.0432693 0.114049 0.453369
1 0.878606 0.516026 0.0348557 0.0630342 0.375732
1 0.614183 0.723291 0.0444712 0.059829 0.313232
1 0.832933 0.840812 0.0408654 0.0876068 0.293457
1 0.865385 0.227097 0.0420672 0.114183 0.457031
1 0.879207 0.514957 0.0348558 0.0662393 0.373047
1 0.834135 0.840812 0.0432693 0.0865384 0.34082
1 0.615385 0.726496 0.0432693 0.0598291 0.299805
1 0.864183 0.228165 0.0408654 0.114183 0.457031
1 0.878606 0.516026 0.0360578 0.0662393 0.416748
1 0.834135 0.840812 0.0432693 0.0876068 0.353027
1 0.615986 0.727564 0.0432693 0.0598291 0.320068
1 0.878606 0.515491 0.0360578 0.0641026 0.422607
1 0.863582 0.228165 0.0420673 0.116319 0.419678
1 0.615385 0.726496 0.0432693 0.0587607 0.350342
1 0.834135 0.84188 0.0408654 0.0833333 0.348633
1 0.863582 0.225294 0.0396635 0.115652 0.583984
1 0.879207 0.512687 0.0348558 0.0622329 0.481445
1 0.614784 0.726496 0.0432693 0.0576923 0.396973
1 0.834135 0.838675 0.0408654 0.0854702 0.296631
1 0.878606 0.513355 0.0336538 0.0641026 0.422607
1 0.834135 0.839744 0.0408654 0.0833333 0.359375
1 0.615385 0.726496 0.0408654 0.0598291 0.345947
1 0.865385 0.225561 0.0384616 0.115652 0.325195
1 0.864183 0.224893 0.0408654 0.115919 0.495117
1 0.879207 0.513355 0.0348558 0.065171 0.482422
1 0.834135 0.840278 0.0408654 0.0844017 0.451416
1 0.615385 0.726496 0.0432693 0.0598291 0.416748
1 0.686899 0.0407986 0.015625 0.038328 0.256104
1 0.864183 0.225294 0.0384616 0.111912 0.487305
1 0.879207 0.512954 0.0336538 0.0638355 0.449463
1 0.834135 0.840812 0.0408654 0.0854701 0.415771
1 0.615385 0.725427 0.0420673 0.0619659 0.388672
1 0.864183 0.226095 0.0408654 0.111912 0.572754
1 0.879207 0.513755 0.0348558 0.0622329 0.470703
1 0.615385 0.725962 0.0432693 0.0608975 0.416748
1 0.832933 0.839744 0.0408654 0.0854701 0.406494
1 0.686298 0.0434696 0.015625 0.0396635 0.257568
1 0.864183 0.225427 0.0408654 0.115385 0.555664
1 0.878606 0.512687 0.0348557 0.0622329 0.474609
1 0.834135 0.839744 0.0420672 0.0854701 0.419678
1 0.615385 0.725962 0.0432693 0.059829 0.416748
1 0.865385 0.22516 0.0384616 0.113782 0.535156
1 0.879207 0.512687 0.0348558 0.0643697 0.474609
1 0.834135 0.840278 0.0408654 0.0854701 0.422607
1 0.615385 0.725962 0.0432693 0.0608975 0.420654
1 0.864183 0.226562 0.0408654 0.116319 0.537109
1 0.879207 0.512687 0.0348558 0.0643697 0.467773
1 0.615385 0.727564 0.0432693 0.0598291 0.406494
1 0.834736 0.841346 0.0420673 0.0876068 0.406494
1 0.864784 0.226229 0.0396635 0.11485 0.509766
1 0.879207 0.513355 0.0336538 0.0641026 0.473633
1 0.834135 0.840812 0.0432693 0.0854701 0.44165
1 0.615385 0.727564 0.0444712 0.0587607 0.416748
1 0.864784 0.226095 0.0396635 0.115118 0.596191
1 0.879808 0.514423 0.0336539 0.0641026 0.492188
1 0.834135 0.841346 0.0432693 0.0854701 0.450439
1 0.615385 0.727564 0.0432693 0.0598291 0.432129
1 0.975962 0.464744 0.0480769 0.0779915 0.256104
1 0.864784 0.225694 0.0396635 0.113782 0.575684
1 0.879207 0.514423 0.0348558 0.0641026 0.46875
1 0.834736 0.841346 0.0432692 0.0865384 0.420654
1 0.615385 0.727564 0.0432693 0.0598291 0.40918
1 0.864183 0.226562 0.0408654 0.116319 0.614258
1 0.878606 0.513889 0.0336538 0.0641026 0.485352
1 0.834135 0.840812 0.0432693 0.0854701 0.427246
1 0.615385 0.727564 0.0444712 0.0598291 0.420654
1 0.864183 0.226229 0.0408654 0.115919 0.603027
1 0.878606 0.514022 0.0336538 0.0638355 0.459961
1 0.834135 0.840812 0.0432693 0.0854701 0.415771
1 0.615385 0.727564 0.0432693 0.0587607 0.40918
1 0.864183 0.225561 0.0408654 0.114583 0.606934
1 0.878606 0.514423 0.0336538 0.0641026 0.479492
1 0.834135 0.840812 0.0432693 0.0854701 0.42627
1 0.615385 0.727564 0.0444712 0.0598291 0.425293
1 0.878606 0.513355 0.0336538 0.0641026 0.422607
1 0.834135 0.839744 0.0408654 0.0833333 0.359375
1 0.615385 0.726496 0.0408654 0.0598291 0.345947
1 0.865385 0.225561 0.0384616 0.115652 0.325195
