1 0.220853 0.938034 0.0324519 0.0790599 0.307373
1 0.502704 0.741453 0.078125 0.117521 0.296631
1 0.3128 0.769231 0.0426683 0.0598291 0.304932
1 0.314303 0.784188 0.0384615 0.0491453 0.294189
1 0.314002 0.785256 0.0378606 0.0576923 0.291016
1 0.315505 0.779915 0.0372596 0.0491453 0.276611
1 0.626202 0.173077 0.0216346 0.0598291 0.272705
1 0.314303 0.784722 0.0384615 0.0534188 0.307373
1 0.314603 0.786325 0.0384615 0.0566239 0.320068
1 0.314303 0.784722 0.0384615 0.0587607 0.279785
1 0.314303 0.78312 0.0378606 0.051282 0.353027
1 0.314002 0.788462 0.0384615 0.0555556 0.309082
1 0.0421424 0.346154 0.0329026 0.0480769 0.303955
1 0.0405837 0.346688 0.0339168 0.0448718 0.334473
1 0.314303 0.785791 0.0408654 0.0555556 0.318359
1 0.314002 0.785256 0.0402644 0.0544872 0.300781
1 0.0408466 0.344284 0.0357948 0.0470086 0.251709
1 0.313401 0.787393 0.0408654 0.0587607 0.34082
1 0.0396635 0.348825 0.0345553 0.0470086 0.26123
1 0.314603 0.784188 0.0426683 0.0576923 0.266602
1 0.314303 0.785256 0.0396635 0.0470085 0.251709
1 0.314904 0.784188 0.0390625 0.0534188 0.253174
1 0.313702 0.785256 0.0432692 0.059829 0.303223
1 0.507812 0.73718 0.0661057 0.101496 0.29248
1 0.313702 0.786859 0.0372596 0.0555556 0.271973
1 0.314002 0.786325 0.0384615 0.0544872 0.259766
1 0.313702 0.788462 0.0432692 0.0566239 0.284668
1 0.3122 0.787927 0.0426683 0.0566239 0.320801
1 0.313101 0.786325 0.0408654 0.0619658 0.253906
1 0.314603 0.785256 0.0414664 0.0555556 0.304932
1 0.0402832 0.344818 0.0339168 0.0496795 0.262939
1 0.622596 0.174679 0.0216346 0.0614316 0.256836
1 0.314603 0.785791 0.0408654 0.0566239 0.250244
1 0.0407903 0.34562 0.035006 0.0470085 0.269043
1 0.313401 0.786859 0.0396635 0.0534188 0.266602
1 0.314303 0.788462 0.0384615 0.0534188 0.351318
1 0.0410156 0.347489 0.0335036 0.0470085 0.279053
1 0.622596 0.17695 0.0252404 0.0630342 0.272705
1 0.314904 0.787393 0.0402644 0.0512821 0.33374
1 0.0404147 0.346688 0.0341046 0.045406 0.260498
1 0.314303 0.786325 0.0414664 0.0523504 0.332031
1 0.314303 0.785256 0.0408654 0.0566239 0.378418
1 0.622596 0.175481 0.0240385 0.0598291 0.294189
1 0.0407151 0.345887 0.0362079 0.0438034 0.267334
1 0.313702 0.787393 0.0408654 0.0534188 0.309814
1 0.314303 0.788462 0.0396635 0.0555556 0.331055
1 0.313702 0.786325 0.0408654 0.0534188 0.326904
1 0.0395132 0.345086 0.0360577 0.042735 0.263672
1 0.3128 0.788462 0.0384615 0.0512821 0.309814
1 0.0397386 0.347489 0.0362079 0.045406 0.272705
1 0.313401 0.78953 0.0390625 0.0491453 0.344238
1 0.0399827 0.348825 0.0366211 0.0416666 0.255371
1 0.3128 0.786325 0.0396635 0.0576923 0.33374
1 0.0395132 0.349359 0.0345553 0.0448718 0.287842
1 0.622596 0.175214 0.0216346 0.0608974 0.2854
1 0.218149 0.951389 0.0300481 0.082265 0.254639
1 0.313101 0.785791 0.0408654 0.0523504 0.286865
1 0.314303 0.787393 0.0384615 0.0512821 0.255371
1 0.313101 0.786325 0.0396635 0.0491453 0.342529
1 0.038762 0.346154 0.0348558 0.0438034 0.286133
1 0.623197 0.174412 0.0216346 0.0560897 0.265137
1 0.314603 0.787393 0.0390625 0.0566239 0.320801
1 0.0416166 0.348291 0.0354567 0.0464744 0.286133
1 0.623798 0.176816 0.0264423 0.0608974 0.259033
1 0.314303 0.786325 0.0420673 0.0555556 0.281494
1 0.623798 0.174813 0.0228365 0.0590278 0.256836
1 0.0404898 0.347222 0.035006 0.0438034 0.254639
1 0.314303 0.785256 0.0408654 0.0555556 0.332031
1 0.621995 0.174412 0.0240385 0.0584936 0.263672
1 0.0394944 0.345086 0.0351938 0.0459402 0.263672
1 0.314904 0.784188 0.0420673 0.0534188 0.350342
1 0.0402644 0.346688 0.034405 0.0416667 0.289307
1 0.622596 0.173077 0.0216346 0.0582265 0.269775
1 0.314002 0.785791 0.0408654 0.0544872 0.343262
1 0.621995 0.174947 0.0216346 0.0587607 0.26123
1 0.0376352 0.339209 0.0335036 0.0416667 0.250244
1 0.314303 0.786325 0.0408654 0.0534188 0.311523
1 0.765625 0.570513 0.0625 0.100427 0.270508
1 0.0402644 0.347489 0.0336539 0.0405983 0.259766
1 0.314603 0.784188 0.0402644 0.0566239 0.255371
1 0.313702 0.787393 0.0408654 0.0555556 0.258301
1 0.314303 0.787927 0.0396635 0.0566239 0.296631
1 0.623197 0.175748 0.0228365 0.0584936 0.253906
1 0.313702 0.786325 0.0408654 0.0512821 0.323486
1 0.0383113 0.341346 0.0339543 0.0422009 0.289307
1 0.623798 0.17508 0.0216346 0.0560897 0.27832
1 0.314002 0.785256 0.0402644 0.0555556 0.321777
1 0.0403395 0.346421 0.0338041 0.0438034 0.271973
1 0.623798 0.173611 0.0228365 0.0582265 0.256836
1 0.314303 0.784188 0.0396635 0.0534188 0.266602
1 0.314303 0.787927 0.0390625 0.0555556 0.295898
1 0.769231 0.569444 0.0649038 0.108974 0.268066
1 0.314303 0.784188 0.0390625 0.0534188 0.258301
1 0.2189 0.943376 0.0324519 0.0801282 0.257568
1 0.314303 0.785791 0.0396635 0.0566239 0.271973
1 0.313702 0.788462 0.0384615 0.0512821 0.282959
1 0.623798 0.176416 0.0216346 0.0558226 0.26123
1 0.314002 0.786325 0.0384615 0.0534188 0.256836
1 0.313702 0.786325 0.0384615 0.0555556 0.263672
1 0.3128 0.785256 0.0396635 0.0534188 0.299805
1 0.622596 0.174012 0.0228365 0.0582265 0.263672
1 0.0384615 0.339209 0.0342548 0.0422009 0.263672
1 0.313702 0.785256 0.0396635 0.0576923 0.275146
1 0.313702 0.785256 0.0408654 0.0566239 0.286865
1 0.313702 0.785256 0.0396635 0.0534188 0.281494
1 0.0386118 0.34188 0.0353065 0.0443376 0.270508
1 0.313702 0.785256 0.0408654 0.0534188 0.312256
1 0.623798 0.174546 0.0228365 0.0582265 0.283691
1 0.0383113 0.340812 0.0342548 0.0422009 0.282227
1 0.314904 0.784722 0.0408654 0.0534188 0.277588
1 0.0386869 0.339209 0.034405 0.0416667 0.273682
1 0.623798 0.172409 0.0240385 0.0560897 0.265869
1 0.314002 0.787393 0.0396635 0.0534188 0.276611
1 0.3128 0.787393 0.0402644 0.0555556 0.29248
1 0.623798 0.17468 0.0228365 0.0587607 0.277588
1 0.0379357 0.340812 0.0353065 0.0459402 0.259766
1 0.313101 0.787393 0.0396635 0.0555556 0.265869
1 0.623798 0.174145 0.0240385 0.0579594 0.262939
1 0.0389874 0.340545 0.0351562 0.0464744 0.259033
1 0.624399 0.17468 0.0228365 0.0587607 0.283691
1 0.313401 0.787393 0.0402644 0.0534188 0.280518
1 0.0390625 0.341346 0.0357572 0.0464744 0.274414
1 0.623197 0.173344 0.0228365 0.0571581 0.251709
1 0.038424 0.337607 0.0340295 0.0438034 0.279785
1 0.313101 0.785256 0.0408654 0.0534188 0.264404
1 0.623798 0.171741 0.0216346 0.0571581 0.259766
1 0.313101 0.784188 0.0390625 0.0534188 0.368408
1 0.0377855 0.340278 0.034405 0.0422009 0.351318
1 0.622596 0.170673 0.0240385 0.0587607 0.347656
1 0.218149 0.950321 0.031851 0.0790599 0.256104
1 0.313702 0.782051 0.0396635 0.0523504 0.395996
1 0.623197 0.169071 0.0216346 0.0566239 0.373047
1 0.0386118 0.339476 0.034405 0.0422009 0.347656
1 0.219201 0.950855 0.031851 0.0790599 0.299805
1 0.523137 0.336538 0.0216346 0.0496795 0.27124
1 0.622596 0.172676 0.0228365 0.0606304 0.400635
1 0.313702 0.783654 0.0396635 0.0544872 0.374756
1 0.0386118 0.343483 0.0354567 0.0459402 0.345215
1 0.218299 0.951923 0.0321514 0.0790599 0.336426
1 0.522236 0.336806 0.0240385 0.0550214 0.272705
1 0.622596 0.172943 0.0216346 0.0584936 0.434082
1 0.313702 0.78312 0.0384615 0.051282 0.420654
1 0.0399639 0.343216 0.034405 0.0432692 0.378418
1 0.21845 0.951923 0.030649 0.0769231 0.306641
1 0.523438 0.338141 0.0204327 0.0480769 0.276611
1 0.622596 0.171741 0.0216346 0.0563568 0.469727
1 0.313101 0.782051 0.0396635 0.0534187 0.453369
1 0.039363 0.342949 0.035607 0.0448718 0.413086
1 0.218149 0.94765 0.03125 0.076923 0.338135
1 0.523137 0.338141 0.0204327 0.0480769 0.280518
1 0.76863 0.569979 0.0612981 0.103632 0.250977
1 0.622596 0.173478 0.0216346 0.0590278 0.445557
1 0.313101 0.781517 0.0384615 0.0512821 0.415771
1 0.0395883 0.343483 0.0332031 0.0432692 0.381104
1 0.218149 0.949786 0.030649 0.076923 0.294922
1 0.313702 0.782051 0.0384615 0.0502137 0.487305
1 0.623197 0.174012 0.0228365 0.0584936 0.479492
1 0.0383489 0.340278 0.0341797 0.0416667 0.448486
1 0.21875 0.949786 0.031851 0.0790598 0.351318
1 0.523438 0.338141 0.0204327 0.0459402 0.273682
1 0.623798 0.174412 0.0216346 0.0592949 0.466797
1 0.313702 0.782051 0.0396635 0.051282 0.459961
1 0.0386118 0.340545 0.035006 0.0432692 0.40918
1 0.219501 0.951389 0.0309495 0.0758547 0.339844
1 0.622596 0.174412 0.0216346 0.0582265 0.482422
1 0.313401 0.782586 0.0396635 0.0491453 0.482422
1 0.039532 0.343483 0.0351187 0.0427351 0.457031
1 0.21875 0.950855 0.0309495 0.0747863 0.343262
1 0.523738 0.337607 0.0210337 0.0480769 0.294189
1 0.313702 0.782051 0.0390625 0.0502137 0.498047
1 0.622596 0.173344 0.0228365 0.0587607 0.479492
1 0.0396822 0.34375 0.0345177 0.0432692 0.463867
1 0.21845 0.948718 0.03125 0.0758547 0.326904
1 0.523438 0.337607 0.0204327 0.0480769 0.264404
1 0.622596 0.173077 0.0216346 0.0590278 0.491211
1 0.313702 0.782586 0.0384615 0.0502136 0.491211
1 0.0386869 0.342682 0.0351562 0.0422009 0.451416
1 0.524038 0.338408 0.0204327 0.0470086 0.2854
1 0.21875 0.950855 0.030649 0.0747863 0.284668
1 0.313702 0.78312 0.0396635 0.051282 0.490234
1 0.622596 0.174145 0.0228365 0.0598291 0.481445
1 0.0396635 0.344017 0.035006 0.0432692 0.473633
1 0.2189 0.950321 0.0315505 0.0758547 0.311523
1 0.523438 0.338141 0.0204327 0.0491453 0.268066
1 0.313702 0.782051 0.0396635 0.0491453 0.492188
1 0.623197 0.175214 0.0228365 0.0592949 0.466797
1 0.0386869 0.34188 0.0353065 0.042735 0.461914
1 0.21905 0.949786 0.03125 0.0758547 0.313965
1 0.523738 0.338675 0.0204327 0.0491453 0.299072
1 0.313702 0.78312 0.0396635 0.051282 0.501953
1 0.622596 0.174947 0.0228365 0.0598291 0.466797
1 0.0397949 0.344284 0.0351938 0.0448718 0.463867
1 0.2186 0.949786 0.03125 0.076923 0.34082
1 0.523438 0.339209 0.0204327 0.0502137 0.331055
1 0.314303 0.782051 0.0396635 0.051282 0.484375
1 0.622596 0.175214 0.0240385 0.0603632 0.451416
1 0.0397949 0.344551 0.0348933 0.0438034 0.445557
1 0.21875 0.949252 0.031851 0.0769231 0.328613
1 0.523438 0.339744 0.0204327 0.0502137 0.309082
1 0.314002 0.782051 0.0396635 0.051282 0.500977
1 0.622596 0.174947 0.0240385 0.0603632 0.47168
1 0.0396822 0.344551 0.0354192 0.0443376 0.460938
1 0.21875 0.948718 0.0309495 0.076923 0.348633
1 0.523438 0.339209 0.0204327 0.0496795 0.312256
1 0.314002 0.782051 0.0396635 0.051282 0.486328
1 0.622596 0.175214 0.0240385 0.0603632 0.456055
1 0.0398888 0.345086 0.035006 0.0438034 0.450439
1 0.2189 0.948718 0.0309495 0.076923 0.320068
1 0.523438 0.339744 0.0204327 0.0491453 0.291016
1 0.313702 0.782586 0.0396635 0.0512821 0.498047
1 0.0396635 0.344818 0.0354567 0.0438034 0.469727
1 0.622596 0.175481 0.0240385 0.0603632 0.461914
1 0.21875 0.948718 0.03125 0.076923 0.33374
1 0.523438 0.339477 0.0204327 0.0486111 0.307373
1 0.622596 0.173478 0.0216346 0.0590278 0.445557
1 0.313101 0.781517 0.0384615 0.0512821 0.414795
1 0.0395883 0.343483 0.0332031 0.0432692 0.380371
1 0.218149 0.949786 0.030649 0.076923 0.294922
