1 0.494291 0.55235 0.0288462 0.0491453 0.257568
1 0.813702 0.59562 0.0360577 0.0512821 0.253906
1 0.171875 0.404113 0.138221 0.246261 0.279785
1 0.813702 0.61218 0.032452 0.0384615 0.266602
1 0.493389 0.555556 0.0324519 0.0416667 0.262939
1 0.494591 0.551282 0.032452 0.0363248 0.265137
1 0.493389 0.55235 0.0288462 0.034188 0.257568
1 0.493089 0.550748 0.0336538 0.0395299 0.297363
1 0.49399 0.550748 0.0300481 0.0395299 0.270508
1 0.49369 0.55235 0.03125 0.0363248 0.265137
1 0.743389 0.922543 0.114183 0.154915 0.280518
1 0.494591 0.551282 0.031851 0.0363248 0.273682
1 0.495793 0.550748 0.030649 0.0363248 0.283691
1 0.813702 0.611645 0.0360577 0.0405983 0.250977
0 0.171274 0.407853 0.130108 0.217415 0.319092
1 0.494291 0.551282 0.031851 0.0384615 0.306641
1 0.494591 0.55235 0.03125 0.0352564 0.257568
1 0.493389 0.554487 0.03125 0.0405983 0.262207
1 0.494591 0.554487 0.030048 0.0384616 0.31665
1 0.494591 0.551282 0.032452 0.0384615 0.251709
1 0.494591 0.55235 0.032452 0.0363248 0.250977
1 0.494892 0.553419 0.0300481 0.0384616 0.295898
1 0.745192 0.929754 0.123798 0.140491 0.260498
1 0.494591 0.553953 0.032452 0.0416667 0.254639
1 0.494591 0.553419 0.0288461 0.0352564 0.279053
1 0.494291 0.55235 0.031851 0.0395299 0.256836
1 0.49399 0.55235 0.03125 0.0405983 0.265869
1 0.493389 0.552885 0.03125 0.0384616 0.268066
1 0.494591 0.55235 0.031851 0.0363248 0.29834
1 0.49399 0.552885 0.03125 0.0384616 0.318359
1 0.495192 0.553953 0.030048 0.0363248 0.315674
1 0.813702 0.61218 0.03125 0.0363248 0.251709
1 0.49399 0.554487 0.03125 0.0405983 0.265137
1 0.495192 0.551282 0.03125 0.0373931 0.31665
1 0.74399 0.92922 0.117789 0.14156 0.250244
1 0.494591 0.55235 0.030048 0.0352564 0.282227
1 0.494591 0.553419 0.031851 0.0395299 0.349609
1 0.494591 0.554487 0.03125 0.0384616 0.31665
1 0.496394 0.554487 0.03125 0.0363248 0.313232
1 0.495192 0.55235 0.031851 0.0363248 0.294922
1 0.746394 0.924145 0.117789 0.151709 0.27124
1 0.495493 0.550214 0.031851 0.0363248 0.326904
1 0.49399 0.552885 0.03125 0.0352564 0.375732
1 0.382212 0.860043 0.0288462 0.0363247 0.253906
1 0.494591 0.555556 0.0288461 0.034188 0.370117
1 0.813702 0.60844 0.0336538 0.0384616 0.29248
1 0.495192 0.553419 0.03125 0.0384616 0.357666
1 0.494591 0.553953 0.030048 0.0363248 0.385742
1 0.813702 0.608974 0.0336538 0.0363248 0.256836
1 0.855168 0.0192308 0.0264422 0.0384615 0.253906
1 0.101037 0.52938 0.027494 0.0470086 0.250977
1 0.494591 0.555021 0.030048 0.0352564 0.422607
1 0.535457 0.450321 0.0228365 0.0299145 0.291016
1 0.385817 0.86485 0.0282452 0.0373932 0.27832
1 0.855168 0.019164 0.0252404 0.038328 0.265137
1 0.49399 0.555556 0.0300481 0.0363248 0.40918
1 0.534856 0.450855 0.0228365 0.0288461 0.293457
1 0.385817 0.865385 0.0276442 0.0384616 0.270508
1 0.813702 0.607906 0.032452 0.034188 0.268066
1 0.853966 0.0193643 0.0252404 0.0387286 0.251709
1 0.49399 0.554487 0.03125 0.0363248 0.46582
1 0.386418 0.863782 0.0288461 0.0395299 0.327637
1 0.535457 0.448985 0.0228365 0.0299146 0.321777
1 0.814303 0.607906 0.0336539 0.0363248 0.320068
1 0.855769 0.0196314 0.0264423 0.0392628 0.281494
1 0.100511 0.530449 0.0288462 0.0470086 0.258301
1 0.49399 0.553419 0.0300481 0.034188 0.434082
1 0.534856 0.449519 0.0228365 0.0288462 0.30249
1 0.386118 0.863782 0.0282452 0.0384616 0.29248
1 0.814303 0.60844 0.0336539 0.0352564 0.288574
1 0.854567 0.0194311 0.0264423 0.0388622 0.27832
1 0.49399 0.553419 0.030649 0.0352564 0.453369
1 0.386418 0.863248 0.0288461 0.0395299 0.321777
1 0.534856 0.449252 0.0228365 0.0293804 0.31665
1 0.813702 0.607906 0.0336538 0.034188 0.272705
1 0.854567 0.0191974 0.0264423 0.0383948 0.27124
1 0.628606 0.961004 0.0192308 0.0405983 0.266602
1 0.100436 0.529915 0.0283954 0.0470086 0.253174
1 0.493389 0.554487 0.03125 0.0363248 0.450439
1 0.534856 0.449786 0.0240385 0.0299145 0.324219
1 0.813702 0.606838 0.0336538 0.0363248 0.309082
1 0.386418 0.863782 0.0282452 0.0395299 0.305664
1 0.854567 0.0197316 0.0264423 0.0394631 0.296631
1 0.100361 0.530983 0.0277945 0.0470086 0.270508
1 0.49399 0.556624 0.0300481 0.0363248 0.463867
1 0.535156 0.451389 0.0228365 0.0304487 0.327637
1 0.387019 0.865385 0.0276442 0.0384616 0.320068
1 0.813702 0.607906 0.0336538 0.034188 0.29248
1 0.0994591 0.536325 0.0300481 0.0491453 0.259766
1 0.855168 0.0195646 0.0252404 0.0391293 0.253906
1 0.494591 0.557692 0.030649 0.0363248 0.449463
1 0.813702 0.607906 0.0336538 0.0363248 0.338135
1 0.535457 0.450855 0.0240385 0.0299145 0.330322
1 0.386418 0.865385 0.0288461 0.0395298 0.324219
1 0.494591 0.556624 0.030048 0.034188 0.440674
1 0.813702 0.606838 0.0336538 0.0363248 0.323486
1 0.535457 0.450321 0.0228365 0.0288461 0.321777
1 0.386418 0.865385 0.0288461 0.0384616 0.312256
1 0.100135 0.537393 0.0294471 0.0470086 0.27124
1 0.855769 0.0239717 0.0264423 0.042468 0.270508
1 0.494591 0.557692 0.030048 0.0352564 0.456055
1 0.813702 0.607372 0.0336538 0.0363248 0.341553
1 0.535457 0.451122 0.0228365 0.0293803 0.329346
1 0.386418 0.865385 0.0288461 0.0384616 0.313965
1 0.855168 0.0243056 0.0252404 0.0419338 0.259766
1 0.099985 0.537393 0.0294471 0.0480769 0.253906
1 0.49399 0.556624 0.03125 0.0363248 0.435059
1 0.535457 0.450321 0.0240385 0.0299145 0.320068
1 0.814303 0.607372 0.0348557 0.0363248 0.314941
1 0.386418 0.865385 0.0288461 0.0384616 0.294922
1 0.0997596 0.537393 0.0298978 0.0470086 0.255371
1 0.855168 0.024172 0.0264422 0.0423344 0.253906
1 0.49399 0.556624 0.030649 0.0363248 0.458984
1 0.535156 0.451122 0.0234375 0.0293803 0.345947
1 0.813702 0.607372 0.0336538 0.0363248 0.342529
1 0.386418 0.864316 0.0288461 0.0384616 0.325195
1 0.855769 0.0244224 0.0264423 0.0427684 0.295898
1 0.0998347 0.537393 0.0297476 0.0480769 0.27832
1 0.629808 0.96047 0.0192307 0.0405983 0.251709
1 0.49399 0.557692 0.0300481 0.0352564 0.436768
1 0.813702 0.607906 0.0336538 0.0363248 0.321777
1 0.535457 0.451923 0.0228365 0.0288461 0.319092
1 0.386418 0.865385 0.0288461 0.0384616 0.303223
1 0.100135 0.536325 0.0298978 0.0480769 0.26123
1 0.855769 0.0242388 0.0264423 0.0426015 0.260498
1 0.49399 0.558227 0.0300481 0.0352564 0.452393
1 0.813702 0.607906 0.0348558 0.0363248 0.338867
1 0.535156 0.451923 0.0234375 0.0288461 0.337158
1 0.386418 0.865385 0.0288461 0.0384616 0.313965
1 0.0997596 0.536325 0.0297476 0.0470086 0.263672
1 0.855769 0.0240552 0.0264423 0.0424346 0.256836
1 0.49399 0.555556 0.0300481 0.0363248 0.40918
1 0.534856 0.450855 0.0228365 0.0288461 0.29248
1 0.385817 0.865385 0.0276442 0.0384616 0.270508
1 0.813702 0.607906 0.032452 0.034188 0.269043
1 0.853966 0.0193643 0.0252404 0.0387286 0.251709
