1 0.341346 0.305021 0.0372596 0.0389957 0.387695
1 0.00878906 0.550214 0.0175781 0.0427351 0.259766
1 0.343149 0.30609 0.0330529 0.0427351 0.299805
1 0.342548 0.306891 0.0336538 0.0502137 0.279053
1 0.344952 0.308761 0.0324519 0.0405983 0.26123
1 0.342548 0.309829 0.0336538 0.0438034 0.281494
1 0.34345 0.305556 0.0354567 0.0416667 0.350342
1 0.84976 0.699786 0.0576922 0.106838 0.250244
1 0.34345 0.30609 0.031851 0.0363248 0.288574
1 0.341647 0.308494 0.0336539 0.0405983 0.279053
1 0.342548 0.307158 0.0354568 0.0405983 0.275146
1 0.342849 0.308494 0.0348558 0.0438034 0.263672
1 0.342548 0.307959 0.0360577 0.0400641 0.265869
1 0.341346 0.310897 0.0360577 0.0470086 0.279785
1 0.342548 0.307158 0.0360577 0.0491453 0.260498
1 0.342849 0.308227 0.0366587 0.0448718 0.31665
1 0.342548 0.308494 0.0360577 0.0459402 0.294189
1 0.343149 0.306357 0.0372596 0.0448718 0.266602
1 0.341346 0.30609 0.0342548 0.0416667 0.30249
1 0.526142 0.212874 0.0198318 0.0550213 0.281494
1 0.342548 0.307158 0.0396635 0.042735 0.272705
1 0.342849 0.307425 0.0348558 0.0432692 0.266602
1 0.342849 0.309028 0.0354568 0.0416667 0.277588
1 0.34345 0.307692 0.0372596 0.0405983 0.282227
1 0.526442 0.211538 0.0168269 0.0555556 0.256836
1 0.343149 0.30609 0.0336538 0.0373932 0.277588
1 0.525841 0.209001 0.0180289 0.0536859 0.275146
1 0.342548 0.305021 0.0348558 0.042735 0.268066
1 0.34375 0.30609 0.0348558 0.0384615 0.266602
1 0.341947 0.306624 0.0348558 0.0427351 0.265137
1 0.342548 0.308226 0.0366587 0.0405983 0.265137
1 0.342548 0.308226 0.0360577 0.0405983 0.307373
1 0.342548 0.305556 0.0360577 0.0405983 0.252441
1 0.342248 0.306624 0.0354567 0.0427351 0.251709
1 0.343149 0.308761 0.0348558 0.0405983 0.267334
1 0.342548 0.307158 0.0360577 0.0448718 0.250244
1 0.343149 0.307158 0.0348558 0.0438034 0.273682
1 0.34345 0.307158 0.0354567 0.0464744 0.263672
1 0.34345 0.307959 0.0354567 0.0443376 0.29248
1 0.34345 0.307158 0.0348558 0.0416667 0.311523
1 0.342849 0.306357 0.0348558 0.0438034 0.283691
1 0.342548 0.307692 0.0348558 0.0448718 0.290283
1 0.342849 0.307425 0.0360577 0.0464744 0.309814
1 0.343149 0.307692 0.0354567 0.0480769 0.277588
1 0.344351 0.308226 0.0360577 0.0464744 0.299805
1 0.34345 0.307425 0.0348558 0.0395299 0.282959
1 0.342548 0.306624 0.0360577 0.0438034 0.277588
1 0.342548 0.302885 0.0360577 0.0416667 0.371094
1 0.635817 0.747863 0.0336539 0.0459401 0.262207
1 0.343149 0.303419 0.0348558 0.0405983 0.407227
1 0.0909706 0.741453 0.0282452 0.0576924 0.294922
1 0.527043 0.205662 0.015625 0.0518162 0.275879
1 0.636418 0.746795 0.0348558 0.0448719 0.273682
1 0.342849 0.307959 0.0360577 0.045406 0.377441
1 0.090595 0.740385 0.0301983 0.0619659 0.286133
1 0.635817 0.746795 0.0360577 0.0470086 0.275146
1 0.343149 0.307692 0.0360577 0.0438034 0.414062
1 0.527344 0.207799 0.0174279 0.0555556 0.288574
1 0.637019 0.746261 0.0324519 0.0438034 0.270508
1 0.0907452 0.736111 0.0291466 0.0576923 0.268066
1 0.342548 0.30609 0.0348558 0.0438034 0.442627
1 0.0907452 0.737714 0.0291466 0.0555556 0.294189
1 0.635817 0.744658 0.0336539 0.0448718 0.279785
1 0.527644 0.209135 0.0168269 0.0534188 0.27124
1 0.342849 0.305823 0.0348558 0.0422009 0.408203
1 0.0904447 0.738782 0.0279447 0.0587607 0.29248
1 0.527043 0.210337 0.0168269 0.0536859 0.262207
1 0.636418 0.744658 0.03125 0.042735 0.26123
1 0.343149 0.306357 0.0348558 0.0422009 0.499023
1 0.0908954 0.739316 0.0288462 0.0576923 0.341553
1 0.528245 0.210203 0.0168269 0.0544872 0.279053
1 0.637019 0.744658 0.0336538 0.0405983 0.279053
1 0.550481 0.908654 0.0288462 0.0758547 0.251709
1 0.343149 0.30609 0.0348558 0.0427351 0.450439
1 0.0911959 0.739316 0.0282452 0.0576923 0.307373
1 0.637019 0.745192 0.0336538 0.0416667 0.296631
1 0.527644 0.211004 0.0168269 0.0544872 0.294922
1 0.860577 0.708333 0.0360577 0.0961539 0.273682
1 0.343149 0.306357 0.0360577 0.0411325 0.500977
1 0.0911959 0.73718 0.0286959 0.0587607 0.329346
1 0.637019 0.744658 0.0336538 0.0405983 0.305664
1 0.527644 0.211538 0.0168269 0.0544872 0.303223
1 0.342548 0.306357 0.0372596 0.0422009 0.512695
1 0.0906701 0.73718 0.0292969 0.059829 0.349609
1 0.637019 0.744658 0.0324519 0.0416667 0.291748
1 0.527043 0.211939 0.0168269 0.0542201 0.253174
1 0.859375 0.711539 0.0372597 0.0940171 0.251709
1 0.343149 0.307158 0.0360577 0.0416667 0.504883
1 0.0908954 0.737714 0.0286959 0.0576923 0.351318
1 0.637019 0.744658 0.0324519 0.0405983 0.291016
1 0.343149 0.307425 0.0372596 0.0422009 0.504883
1 0.0908954 0.73718 0.0291466 0.059829 0.341553
1 0.637019 0.745192 0.0336538 0.0448718 0.34082
1 0.343149 0.306624 0.0360577 0.0416667 0.510742
1 0.0910457 0.73718 0.0286959 0.0576923 0.359375
1 0.637019 0.744658 0.0336538 0.042735 0.347656
1 0.34375 0.307692 0.0360577 0.042735 0.514648
1 0.0910457 0.737714 0.0285457 0.0587607 0.371094
1 0.637019 0.745192 0.0336538 0.0438034 0.364746
1 0.527043 0.211004 0.015625 0.0560897 0.272705
1 0.343149 0.306891 0.0360577 0.0422009 0.5
1 0.0908954 0.73718 0.0294471 0.0576923 0.35498
1 0.637019 0.744658 0.0336538 0.042735 0.342529
1 0.527043 0.211538 0.0168269 0.0555556 0.26123
1 0.342849 0.306624 0.0360577 0.0427351 0.529297
1 0.0908954 0.738248 0.0291466 0.0576923 0.368408
1 0.637019 0.744658 0.0336538 0.0438034 0.350342
1 0.527344 0.211538 0.0168269 0.0560897 0.262939
1 0.551082 0.909188 0.0276443 0.076923 0.259766
1 0.343149 0.307692 0.0360577 0.042735 0.512695
1 0.0910457 0.73718 0.0288462 0.0576923 0.342529
1 0.637019 0.744658 0.0336538 0.042735 0.320068
1 0.343149 0.307425 0.0360577 0.042735 0.52832
1 0.0908954 0.73718 0.0292969 0.0576923 0.35498
1 0.637019 0.744658 0.0336538 0.042735 0.325928
1 0.342849 0.305823 0.0348558 0.0422009 0.408203
1 0.0904447 0.738782 0.0279447 0.0587607 0.291748
1 0.527043 0.210337 0.0168269 0.0536859 0.262207
1 0.636418 0.744658 0.03125 0.042735 0.26123
