1 0.316106 0.27297 0.0228365 0.0416667 0.255371
1 0.314303 0.27297 0.0252404 0.0405983 0.271973
1 0.315505 0.276709 0.0276443 0.0475427 0.255371
1 0.315505 0.276976 0.0264423 0.0422009 0.269775
1 0.735577 0.105903 0.0432692 0.0683761 0.272705
1 0.316106 0.276976 0.0240385 0.0416667 0.266602
1 0.313702 0.275641 0.0252404 0.0502137 0.291016
1 0.314303 0.278312 0.0288461 0.0486111 0.29248
1 0.314303 0.275908 0.0300481 0.0486111 0.259766
1 0.314303 0.275641 0.0276442 0.0443376 0.291016
1 0.0652794 0.897436 0.027494 0.0555556 0.262207
1 0.313702 0.276442 0.0270433 0.0470086 0.305664
1 0.314002 0.276175 0.0258414 0.0438034 0.257568
1 0.314303 0.277511 0.0264423 0.0470086 0.262939
1 0.313101 0.276442 0.0252404 0.0464744 0.291016
1 0.0649038 0.896368 0.0234375 0.0534188 0.254639
1 0.313702 0.275107 0.0252404 0.0416667 0.259766
1 0.314002 0.274038 0.0276442 0.0459402 0.273682
1 0.313702 0.275641 0.0276442 0.0438034 0.265869
1 0.737981 0.106838 0.0432693 0.0641026 0.256836
1 0.3125 0.275641 0.0264423 0.0459402 0.283691
1 0.314603 0.275908 0.0258414 0.0438034 0.284668
1 0.314603 0.275641 0.0282452 0.0480769 0.265137
1 0.313702 0.278312 0.0288461 0.0491453 0.256836
1 0.314002 0.278846 0.0270433 0.0470085 0.270508
1 0.737981 0.106971 0.0432693 0.0667735 0.254639
1 0.314002 0.275641 0.0282452 0.0480769 0.250244
1 0.737981 0.108173 0.0432693 0.065438 0.27124
1 0.314303 0.276175 0.0276442 0.0480769 0.250244
1 0.737981 0.105001 0.0420673 0.0613648 0.269043
1 0.313702 0.276175 0.0276442 0.0470086 0.277588
1 0.314002 0.277244 0.0282452 0.0480769 0.256104
1 0.739183 0.107405 0.0408654 0.0640358 0.289307
1 0.313702 0.276175 0.0282452 0.0480769 0.275879
1 0.313702 0.275641 0.0282452 0.0491453 0.268066
1 0.314303 0.276709 0.0276442 0.0480769 0.284668
1 0.737981 0.108474 0.0408654 0.0640358 0.251709
1 0.314904 0.27484 0.0288462 0.0470085 0.265137
1 0.737981 0.109509 0.0432693 0.0657051 0.293457
1 0.314303 0.276175 0.0276442 0.0491453 0.275146
1 0.737981 0.108307 0.0432693 0.065438 0.326904
1 0.737981 0.107405 0.0432693 0.06457 0.305664
1 0.314303 0.276175 0.0276442 0.0491453 0.264404
1 0.737981 0.106036 0.0432693 0.0659722 0.265137
1 0.737981 0.107639 0.0420673 0.0633013 0.345215
1 0.313702 0.27297 0.0264423 0.0480769 0.301514
1 0.739183 0.10844 0.0408654 0.0616987 0.319092
1 0.314303 0.272436 0.0264423 0.0459402 0.273682
1 0.739183 0.106971 0.0432693 0.0643697 0.392334
1 0.314303 0.276175 0.0276442 0.0491453 0.306641
1 0.0661058 0.903312 0.0279447 0.0534188 0.263672
1 0.739183 0.106704 0.0408654 0.0630342 0.376709
1 0.314603 0.275641 0.0258414 0.0475427 0.330322
1 0.0656551 0.900641 0.0264423 0.0534188 0.317383
1 0.738582 0.106303 0.0420673 0.0627671 0.422607
1 0.314303 0.274306 0.0258414 0.0475427 0.357666
1 0.0654297 0.902244 0.0261418 0.0512821 0.336426
1 0.738582 0.106437 0.0420673 0.0641026 0.369385
1 0.313702 0.275107 0.0252404 0.0470085 0.332031
1 0.0646785 0.901709 0.0250901 0.0512821 0.320068
1 0.739183 0.106437 0.0408654 0.0627671 0.458008
1 0.314303 0.274038 0.0264423 0.0470086 0.386719
1 0.0656551 0.902244 0.026893 0.0523504 0.358398
1 0.737981 0.105903 0.0408654 0.0625 0.440674
1 0.314303 0.273504 0.0252404 0.0470086 0.377441
1 0.0655048 0.901175 0.0261418 0.0523504 0.345215
1 0.737981 0.106704 0.0420673 0.0616987 0.417725
1 0.313702 0.27297 0.0264423 0.0459402 0.404541
1 0.0653546 0.900641 0.0262921 0.0512821 0.358398
1 0.313702 0.27297 0.0258414 0.0459402 0.406494
1 0.738582 0.107372 0.0408654 0.0619658 0.391357
1 0.0650541 0.901709 0.0265925 0.0512821 0.379395
1 0.739183 0.107071 0.0408654 0.063101 0.42627
1 0.313702 0.273504 0.0264423 0.0470086 0.396973
1 0.0652043 0.901709 0.0255409 0.0512821 0.376709
1 0.314002 0.273504 0.0264423 0.0470086 0.410156
1 0.0653546 0.901709 0.0267428 0.0534188 0.378418
1 0.739183 0.107372 0.0408654 0.0627671 0.376709
1 0.738582 0.107906 0.0420673 0.0635684 0.418701
1 0.314303 0.27484 0.0264423 0.0464744 0.414062
1 0.0655048 0.902778 0.0270433 0.0512821 0.376709
1 0.313702 0.275107 0.0264423 0.0470085 0.436768
1 0.739183 0.107372 0.0408654 0.0635684 0.427246
1 0.0652043 0.901709 0.0267428 0.0512821 0.386719
1 0.553486 0.688568 0.015625 0.0438034 0.259033
1 0.313702 0.275107 0.0264423 0.0470085 0.410156
1 0.739183 0.108173 0.0408654 0.0627671 0.393311
1 0.0652043 0.902244 0.0277945 0.0523504 0.361084
1 0.314303 0.27484 0.0264423 0.0475427 0.420654
1 0.739183 0.10804 0.0408654 0.0630342 0.403564
1 0.0652794 0.901709 0.0271935 0.0523504 0.377441
1 0.314303 0.275107 0.0264423 0.0480769 0.418701
1 0.739183 0.108173 0.0408654 0.0630342 0.404541
1 0.0652794 0.901709 0.026893 0.0512821 0.366699
1 0.314303 0.275107 0.0264423 0.0470085 0.434082
1 0.738582 0.10814 0.0420673 0.063101 0.429199
1 0.0652794 0.902244 0.0270433 0.0523504 0.378418
1 0.738582 0.106437 0.0420673 0.0641026 0.370117
1 0.313702 0.275107 0.0252404 0.0470085 0.332031
1 0.0646785 0.901709 0.0250901 0.0512821 0.320801
