1 0.349159 0.275107 0.0246394 0.0427351 0.260498
1 0.34976 0.280983 0.0264423 0.0480769 0.251709
1 0.350962 0.280449 0.0252404 0.045406 0.259766
1 0.35006 0.280182 0.0252404 0.045406 0.2854
1 0.34976 0.281517 0.0252404 0.0459402 0.270508
1 0.350361 0.280182 0.0258413 0.0459402 0.311523
1 0.350361 0.27938 0.0252404 0.0459402 0.315674
1 0.350361 0.279113 0.0258413 0.0464744 0.338135
1 0.34976 0.280449 0.0252404 0.0470086 0.332764
1 0.350361 0.280716 0.0252404 0.0459402 0.345947
1 0.350361 0.280983 0.0252404 0.0464744 0.364746
1 0.350361 0.282318 0.0258413 0.0464744 0.354004
1 0.350361 0.281517 0.0252404 0.0470085 0.374756
1 0.35006 0.282051 0.0258413 0.0470085 0.343262
1 0.350361 0.281784 0.0264423 0.0464744 0.362061
1 0.350361 0.282051 0.0264423 0.0459402 0.355713
1 0.350361 0.282318 0.0264423 0.0464744 0.37207
1 0.34976 0.281517 0.0252404 0.0459402 0.27124
