1 0.631611 0.855235 0.0877404 0.111111 0.254639
1 0.632812 0.839209 0.0793269 0.11859 0.402588
1 0.63101 0.845086 0.0913462 0.121795 0.351318
1 0.629808 0.839744 0.0841346 0.121795 0.434082
1 0.634615 0.836539 0.079327 0.115385 0.256836
1 0.633413 0.838675 0.0841346 0.120726 0.478516
1 0.633413 0.83547 0.0817308 0.117521 0.34082
1 0.635817 0.844017 0.0865385 0.130342 0.262939
1 0.633413 0.846154 0.0865385 0.11859 0.315674
1 0.629808 0.833333 0.0877404 0.120727 0.317383
1 0.634615 0.836538 0.0865385 0.125 0.271973
1 0.632212 0.838675 0.0889423 0.119658 0.387695
1 0.633413 0.839744 0.0841346 0.121795 0.311523
1 0.63101 0.840278 0.0889423 0.126068 0.356689
1 0.634615 0.840278 0.0889423 0.127137 0.29248
1 0.633413 0.845086 0.0877404 0.115385 0.376709
1 0.633413 0.842949 0.0865385 0.115385 0.348633
1 0.63101 0.846154 0.0889423 0.11859 0.307373
1 0.633413 0.844017 0.0889423 0.126068 0.314941
1 0.63101 0.850427 0.0889423 0.113248 0.469727
1 0.633413 0.839209 0.0889423 0.121795 0.367432
1 0.633413 0.838675 0.0865385 0.116453 0.367432
1 0.634615 0.841346 0.0913461 0.126068 0.384033
1 0.635817 0.842415 0.0877404 0.116453 0.389648
1 0.633413 0.84188 0.0829327 0.119658 0.348633
1 0.63101 0.845086 0.0901443 0.119658 0.256104
1 0.633413 0.840278 0.0853365 0.112179 0.377441
1 0.632212 0.840278 0.0841346 0.115385 0.299805
1 0.633413 0.840812 0.0865385 0.123932 0.295898
1 0.633413 0.843483 0.0817308 0.116453 0.294189
1 0.634615 0.844017 0.0889423 0.117521 0.376709
1 0.633413 0.840812 0.0889423 0.119658 0.344238
1 0.632212 0.84188 0.0889423 0.121795 0.370117
1 0.633413 0.844551 0.0889423 0.125 0.406494
1 0.193059 0.952991 0.0453726 0.0940171 0.276611
1 0.632212 0.84188 0.0889423 0.122863 0.359375
1 0.632212 0.845086 0.0889423 0.130342 0.428223
1 0.631611 0.846154 0.0877404 0.121795 0.324219
1 0.632212 0.845086 0.0877404 0.11859 0.390381
1 0.634615 0.844017 0.0865385 0.119658 0.281494
1 0.633413 0.842415 0.0889423 0.121795 0.44458
1 0.63101 0.848291 0.0841346 0.115385 0.362061
1 0.631611 0.846688 0.0817307 0.120726 0.358398
1 0.633413 0.847222 0.0841346 0.115385 0.42334
1 0.635216 0.844017 0.0829327 0.115385 0.467773
1 0.634615 0.846154 0.0817308 0.117521 0.335449
1 0.632212 0.844551 0.0865385 0.122863 0.350342
1 0.632212 0.842949 0.0865385 0.113248 0.411133
1 0.633413 0.84562 0.0841346 0.111111 0.394287
1 0.634014 0.844017 0.0829327 0.115385 0.421631
1 0.634615 0.842949 0.0841346 0.113248 0.439697
1 0.634615 0.84188 0.0829327 0.114316 0.532227
1 0.632812 0.844017 0.0877404 0.115385 0.380371
1 0.634014 0.84188 0.0841346 0.117521 0.420654
1 0.633413 0.842949 0.0841346 0.113248 0.464844
1 0.633413 0.845086 0.0853365 0.115385 0.435791
1 0.633413 0.844017 0.0865385 0.115385 0.481445
1 0.631611 0.847222 0.0877404 0.121795 0.42334
1 0.632212 0.846154 0.0889423 0.117521 0.387695
1 0.634615 0.844017 0.0865385 0.121795 0.414062
1 0.635216 0.844551 0.0841346 0.119658 0.418701
1 0.191106 0.951389 0.046274 0.0950855 0.250244
1 0.634615 0.842949 0.0841346 0.115385 0.398926
1 0.634615 0.847222 0.0841346 0.119658 0.38208
1 0.192308 0.949786 0.0471755 0.0982906 0.26123
1 0.634615 0.847222 0.0841346 0.121795 0.410156
1 0.194261 0.954594 0.0465745 0.0908119 0.287842
1 0.632812 0.844017 0.0877404 0.128205 0.549805
1 0.191556 0.951389 0.0483774 0.0972222 0.307373
1 0.635817 0.848291 0.0865385 0.122863 0.418701
1 0.195162 0.951923 0.0456731 0.0918804 0.301514
1 0.632812 0.849893 0.0853365 0.119658 0.535156
1 0.192007 0.952991 0.0450721 0.0940171 0.337158
1 0.632812 0.849359 0.0853365 0.119658 0.490234
1 0.194712 0.952991 0.0465745 0.090812 0.335449
1 0.632212 0.847222 0.0841346 0.115385 0.550781
1 0.192308 0.950855 0.0450721 0.0940171 0.34082
1 0.634014 0.849359 0.0841346 0.117521 0.506836
1 0.191556 0.949786 0.0453726 0.0897436 0.313232
1 0.633413 0.847756 0.0841346 0.120727 0.540039
1 0.191857 0.951923 0.0453726 0.0918804 0.31665
1 0.633413 0.850427 0.0841346 0.121795 0.488281
1 0.192608 0.952457 0.0456731 0.090812 0.308105
1 0.634615 0.849893 0.0841346 0.121795 0.495117
1 0.192308 0.951923 0.0450721 0.0918804 0.319092
1 0.634615 0.849359 0.0841346 0.121795 0.541016
1 0.192308 0.951389 0.0450721 0.0918804 0.35498
1 0.634615 0.848291 0.0841346 0.119658 0.510742
1 0.192458 0.950855 0.0459736 0.0918804 0.303223
1 0.635216 0.848291 0.0877404 0.119658 0.523438
1 0.192308 0.950855 0.0453726 0.0929487 0.303223
1 0.634615 0.848291 0.0889423 0.11859 0.517578
1 0.192308 0.949786 0.046274 0.0940171 0.32251
1 0.633413 0.849359 0.0865385 0.121795 0.503906
1 0.192157 0.950321 0.046274 0.0929487 0.327637
1 0.635817 0.848291 0.0877404 0.122863 0.418701
1 0.195162 0.951923 0.0456731 0.0918804 0.301514
