1 0.315204 0.272436 0.0228365 0.042735 0.262207
1 0.314002 0.272703 0.0258414 0.0411325 0.27124
1 0.314904 0.276442 0.0288462 0.0486111 0.262207
1 0.315505 0.276709 0.0276443 0.042735 0.274414
1 0.734976 0.106003 0.0420673 0.0695112 0.286133
1 0.313702 0.278312 0.0228365 0.0464744 0.250244
1 0.315505 0.276709 0.0240385 0.0422009 0.266602
1 0.675481 0.930021 0.09375 0.139957 0.262207
1 0.313101 0.274573 0.0252404 0.0502137 0.287842
1 0.313702 0.277778 0.0288461 0.0486111 0.294189
1 0.314303 0.275641 0.0300481 0.0491453 0.264404
1 0.0652794 0.896368 0.0279447 0.0534188 0.250977
1 0.314002 0.275107 0.0276442 0.0448718 0.287842
1 0.0644531 0.897436 0.0267428 0.0534188 0.276611
1 0.313401 0.276175 0.0270433 0.0470086 0.305664
1 0.313702 0.276175 0.0264423 0.0438034 0.252441
1 0.314002 0.277244 0.0270433 0.0470086 0.257568
1 0.3128 0.276175 0.0258414 0.0470086 0.286133
1 0.064378 0.896368 0.023137 0.0534188 0.280518
1 0.737981 0.107105 0.0384615 0.0627671 0.263672
1 0.313101 0.275107 0.0252404 0.0427351 0.26123
1 0.737981 0.107639 0.0408654 0.0638355 0.250244
1 0.313401 0.274038 0.0276442 0.0448718 0.271973
1 0.737981 0.107338 0.0408654 0.0620326 0.265869
1 0.736779 0.106971 0.0432692 0.0662393 0.289307
1 0.313101 0.275107 0.0270433 0.0438034 0.262207
1 0.735577 0.104968 0.0444711 0.071047 0.284668
1 0.3122 0.275641 0.0264423 0.0448718 0.279053
1 0.314303 0.275641 0.0258414 0.0438034 0.282959
1 0.314002 0.275641 0.0282452 0.0480769 0.265137
1 0.736779 0.107372 0.0420673 0.0641026 0.26123
1 0.313101 0.278579 0.0282452 0.0480769 0.256836
1 0.313401 0.278579 0.0264423 0.0464744 0.27124
1 0.737981 0.109375 0.0408654 0.0603633 0.253174
1 0.73738 0.107238 0.0444712 0.0683761 0.294922
1 0.313101 0.275641 0.0276442 0.0475427 0.258301
1 0.314303 0.278312 0.0276442 0.0491453 0.252441
1 0.736779 0.108674 0.0432692 0.0652377 0.287842
1 0.313702 0.276175 0.0282452 0.0480769 0.253906
1 0.737981 0.108707 0.0432693 0.0659722 0.289307
1 0.73738 0.105636 0.0420673 0.0619658 0.310791
1 0.313101 0.276175 0.0282452 0.0470086 0.271973
1 0.313702 0.277778 0.0288461 0.0470086 0.257568
1 0.737981 0.107238 0.0432693 0.0659722 0.31665
1 0.313101 0.276175 0.0282452 0.0475427 0.272705
1 0.737981 0.107906 0.0408654 0.0625 0.274414
1 0.313101 0.276175 0.0282452 0.0491453 0.269775
1 0.313702 0.276976 0.0276442 0.0470086 0.282959
1 0.737981 0.108206 0.0420673 0.0656384 0.282227
1 0.737981 0.105736 0.0408654 0.0647035 0.282227
1 0.314303 0.275107 0.0288461 0.0464744 0.267334
1 0.737981 0.107906 0.0408654 0.0641026 0.289307
1 0.736779 0.109509 0.0432692 0.0670406 0.324219
1 0.313702 0.276442 0.0282452 0.0486111 0.266602
1 0.737981 0.108307 0.0432693 0.0665064 0.338135
1 0.736779 0.106838 0.0432692 0.0659722 0.327637
1 0.313702 0.276709 0.0276442 0.0491453 0.264404
1 0.737981 0.105803 0.0432693 0.0651042 0.280518
1 0.73738 0.105536 0.0444712 0.0661725 0.29248
1 0.73738 0.106871 0.0420673 0.0640358 0.367432
1 0.3128 0.27297 0.0270433 0.0480769 0.303223
1 0.738582 0.107939 0.0408654 0.0624332 0.346924
1 0.314002 0.27297 0.0270433 0.0459402 0.269775
1 0.737981 0.106437 0.0432693 0.0649038 0.405518
1 0.313702 0.276175 0.0276442 0.0480769 0.30249
1 0.0653546 0.901175 0.0273438 0.0523504 0.277588
1 0.737981 0.106437 0.0408654 0.0633013 0.407227
1 0.314303 0.276175 0.0264423 0.0470086 0.334473
1 0.0651292 0.899573 0.0256911 0.0523504 0.33374
1 0.737981 0.105903 0.0432693 0.0633013 0.453369
1 0.313702 0.275107 0.0264423 0.0470085 0.356689
1 0.0649038 0.901175 0.0246394 0.0491453 0.346924
1 0.737981 0.106036 0.0420673 0.0643697 0.393311
1 0.0643029 0.900641 0.0240385 0.0512821 0.34082
1 0.313101 0.275908 0.0252404 0.0464744 0.331055
1 0.737981 0.10627 0.0408654 0.0636352 0.485352
1 0.313702 0.27484 0.0264423 0.0464744 0.386719
1 0.0652794 0.900641 0.0259916 0.0512821 0.376709
1 0.73738 0.105502 0.0420673 0.0633013 0.466797
1 0.313702 0.273771 0.0264423 0.0464744 0.373047
1 0.0654297 0.900641 0.0250901 0.0512821 0.357666
1 0.736779 0.10627 0.0432692 0.063101 0.463867
1 0.313401 0.273237 0.0264423 0.045406 0.400635
1 0.064979 0.901175 0.0250901 0.0502137 0.371094
1 0.737981 0.106804 0.0420673 0.063101 0.44458
1 0.313101 0.273504 0.0264423 0.045406 0.404541
1 0.0647536 0.901709 0.0252404 0.0512821 0.396973
1 0.737981 0.106571 0.0408654 0.0643697 0.470703
1 0.313101 0.274038 0.0264423 0.0459402 0.396973
1 0.0649038 0.901175 0.0240385 0.0502137 0.39502
1 0.737981 0.106971 0.0432693 0.0643697 0.433105
1 0.313401 0.274306 0.0264423 0.0464744 0.408203
1 0.0649038 0.901175 0.0255409 0.051282 0.392334
1 0.737981 0.107606 0.0420673 0.0647035 0.463867
1 0.313702 0.275374 0.0264423 0.0464744 0.411133
1 0.0652043 0.902244 0.0258413 0.0502137 0.384033
1 0.737981 0.107105 0.0420673 0.0646368 0.477539
1 0.313101 0.275107 0.0264423 0.0470085 0.434082
1 0.0649038 0.901709 0.0255409 0.0502136 0.394287
1 0.738582 0.107672 0.0420673 0.06457 0.448486
1 0.313401 0.275374 0.0270433 0.0470085 0.408203
1 0.0648287 0.901709 0.0265925 0.0512821 0.369385
1 0.738582 0.107505 0.0420673 0.0649038 0.458008
1 0.313702 0.275107 0.0264423 0.0470085 0.419678
1 0.0649038 0.901709 0.0261418 0.0512821 0.387695
1 0.738582 0.107639 0.0420673 0.0646368 0.456055
1 0.313702 0.275641 0.0264423 0.0475427 0.417725
1 0.0649038 0.902244 0.0258413 0.0502137 0.373779
1 0.737981 0.107639 0.0420673 0.0646368 0.474609
1 0.313702 0.275641 0.0264423 0.0470085 0.433105
1 0.0650541 0.902244 0.0258413 0.0502137 0.386719
1 0.737981 0.106036 0.0420673 0.0643697 0.393311
1 0.0643029 0.900641 0.0240385 0.0512821 0.34082
1 0.313101 0.275908 0.0252404 0.0464744 0.331055
