1 0.316106 0.27297 0.0228365 0.0416667 0.262207
1 0.314303 0.273504 0.0252404 0.0400641 0.282227
1 0.315805 0.276709 0.0276442 0.0470086 0.252441
1 0.315505 0.276976 0.0264423 0.042735 0.275879
1 0.316106 0.277244 0.0234375 0.0416667 0.270508
1 0.313702 0.275908 0.0252404 0.0443376 0.252441
1 0.314904 0.277244 0.0264423 0.0459402 0.253174
1 0.0649038 0.896368 0.0255409 0.0512821 0.251709
1 0.314904 0.27938 0.0264423 0.0480769 0.253906
1 0.313702 0.275641 0.0252404 0.0502137 0.300781
1 0.313702 0.274573 0.0276442 0.0480769 0.252441
1 0.314303 0.278579 0.0288461 0.0486111 0.303223
1 0.0641527 0.898504 0.0261418 0.0523504 0.262939
1 0.314303 0.275908 0.0300481 0.0496795 0.27124
1 0.0648287 0.896368 0.0286959 0.0512821 0.262939
1 0.314303 0.276175 0.0276442 0.0448718 0.301514
1 0.0643029 0.897436 0.0273438 0.0534188 0.277588
1 0.313702 0.276709 0.0264423 0.0470086 0.312256
1 0.0639273 0.894231 0.0255409 0.051282 0.252441
1 0.313702 0.276175 0.0264423 0.0438034 0.271973
1 0.314303 0.277778 0.0264423 0.0470086 0.268066
1 0.313101 0.276709 0.0252404 0.0470086 0.294922
1 0.0641527 0.896368 0.0240385 0.0502137 0.283691
1 0.313702 0.275374 0.0252404 0.0422009 0.265137
1 0.314002 0.274573 0.0276442 0.045406 0.281494
1 0.737981 0.107639 0.0408654 0.0622329 0.259033
1 0.313702 0.275641 0.0276442 0.0438034 0.276611
1 0.3125 0.276175 0.0264423 0.0448718 0.283691
1 0.735577 0.10627 0.0432692 0.068977 0.273682
1 0.314603 0.276175 0.0252404 0.042735 0.291016
1 0.314603 0.276175 0.0282452 0.0480769 0.268066
1 0.736779 0.107772 0.0408654 0.0635684 0.262207
1 0.313702 0.27938 0.0288461 0.0486111 0.264404
1 0.313702 0.27938 0.0264423 0.0459402 0.27832
1 0.737981 0.108307 0.0432693 0.0667735 0.276611
1 0.313702 0.276442 0.0276442 0.0480769 0.256836
1 0.314904 0.278579 0.0276442 0.0486111 0.253174
1 0.73738 0.109509 0.0420673 0.0641026 0.277588
1 0.314303 0.276175 0.0276442 0.0480769 0.254639
1 0.737981 0.109509 0.0408654 0.0641026 0.266602
1 0.737981 0.106704 0.0408654 0.0600962 0.291016
1 0.313702 0.276709 0.0276442 0.0464744 0.281494
1 0.313702 0.278312 0.0288461 0.0470085 0.260498
1 0.738582 0.108474 0.0408654 0.0635016 0.299805
1 0.313401 0.276709 0.0276442 0.0475427 0.280518
1 0.313401 0.276709 0.0282452 0.0491453 0.274414
1 0.739183 0.109108 0.0384615 0.059562 0.257568
1 0.314303 0.277511 0.0276442 0.0475427 0.289307
1 0.737981 0.109642 0.0408654 0.0633013 0.262207
1 0.314603 0.275641 0.0288461 0.0470085 0.269043
1 0.738582 0.106871 0.0408654 0.0629674 0.253906
1 0.737981 0.108574 0.0408654 0.0622329 0.267334
1 0.737981 0.110043 0.0420673 0.0649038 0.295898
1 0.314303 0.276709 0.0276442 0.0491453 0.274414
1 0.737981 0.108741 0.0432693 0.06457 0.325195
1 0.314303 0.276709 0.0276442 0.0491453 0.250244
1 0.737981 0.107639 0.0432693 0.0641026 0.310791
1 0.314303 0.277244 0.0276442 0.0491453 0.267334
1 0.737981 0.106838 0.0408654 0.0625 0.269775
1 0.737981 0.10617 0.0432693 0.0646368 0.274414
1 0.737981 0.107772 0.0408654 0.0622329 0.339844
1 0.313401 0.274306 0.0264423 0.0475427 0.303955
1 0.739183 0.108707 0.0408654 0.0611645 0.339844
1 0.314303 0.274038 0.0264423 0.0459402 0.27832
1 0.0650541 0.900641 0.0261418 0.0502136 0.258301
1 0.738582 0.107238 0.0420673 0.0638355 0.400635
1 0.314303 0.277244 0.0270433 0.0480769 0.310791
1 0.0647536 0.900107 0.0279447 0.0523504 0.287842
1 0.738582 0.106838 0.0408654 0.0625 0.392334
1 0.314303 0.276709 0.0252404 0.0470086 0.338867
1 0.0646034 0.898504 0.0262921 0.0512821 0.334473
1 0.737981 0.106537 0.0408654 0.0620326 0.443604
1 0.314002 0.275107 0.0258414 0.0470085 0.36377
1 0.0644531 0.899573 0.0255409 0.0491453 0.35498
1 0.738582 0.106571 0.0408654 0.0638355 0.396973
1 0.313101 0.276175 0.0252404 0.0459402 0.339844
1 0.0637019 0.899573 0.0249399 0.0512821 0.338867
1 0.739183 0.106804 0.0408654 0.0625668 0.479492
1 0.314002 0.275374 0.0258414 0.0464744 0.394287
1 0.0646034 0.899573 0.0264423 0.0512821 0.38208
1 0.737981 0.10607 0.0408654 0.0624332 0.458984
1 0.314303 0.274038 0.0252404 0.0470086 0.38208
1 0.0648287 0.899039 0.0256911 0.051282 0.36377
1 0.737981 0.107138 0.0408654 0.061899 0.442627
1 0.313702 0.274038 0.0258414 0.0459402 0.412109
1 0.0644531 0.899039 0.0258413 0.0502137 0.384033
1 0.737981 0.107639 0.0408654 0.0619658 0.424316
1 0.313702 0.273771 0.0252404 0.045406 0.417725
1 0.0642278 0.899573 0.0259916 0.0512821 0.400635
1 0.739183 0.107405 0.0408654 0.0635016 0.458984
1 0.313702 0.274573 0.0258414 0.0459402 0.410156
1 0.064378 0.899573 0.0253906 0.0502136 0.395996
1 0.313702 0.27484 0.0264423 0.0464744 0.418701
1 0.738582 0.107405 0.0408654 0.0629674 0.414062
1 0.0644531 0.899573 0.0264423 0.0512821 0.398926
1 0.737981 0.108173 0.0408654 0.0635684 0.445557
1 0.313702 0.275908 0.0264423 0.0464744 0.420654
1 0.0647536 0.900641 0.0267428 0.0502136 0.386719
1 0.553486 0.6875 0.016226 0.0438034 0.253174
1 0.738582 0.107639 0.0408654 0.0635684 0.456055
1 0.313702 0.275908 0.0258414 0.0470085 0.445557
1 0.0644531 0.899573 0.0267428 0.0512821 0.400635
1 0.553486 0.688034 0.015625 0.0448718 0.275146
1 0.739183 0.108407 0.0408654 0.063101 0.432129
1 0.313702 0.276175 0.0264423 0.0470086 0.420654
1 0.0644531 0.900641 0.0273438 0.0512821 0.375732
1 0.553486 0.688568 0.0168269 0.0448718 0.255371
1 0.738582 0.108173 0.0408654 0.0633013 0.44458
1 0.314002 0.275908 0.0264423 0.0475427 0.430176
1 0.0645282 0.900107 0.0270433 0.0502137 0.392334
1 0.553486 0.6875 0.0168269 0.0448718 0.256836
1 0.738582 0.108407 0.0408654 0.063101 0.440674
1 0.314002 0.276442 0.0264423 0.0475427 0.427246
1 0.0645282 0.900641 0.0267428 0.0502136 0.38208
1 0.737981 0.10814 0.0408654 0.063101 0.458008
1 0.314002 0.276442 0.0264423 0.0470086 0.442627
1 0.0645282 0.900641 0.026893 0.0512821 0.39502
1 0.738582 0.106537 0.0408654 0.0636352 0.396973
1 0.313101 0.276442 0.0252404 0.0464744 0.339844
1 0.0637019 0.899573 0.0249399 0.0512821 0.338867
