1 0.629808 0.685897 0.0336538 0.0448718 0.257568
1 0.153996 0.865385 0.093149 0.136752 0.320801
1 0.153846 0.878205 0.0904447 0.119658 0.280518
1 0.154147 0.871795 0.0952524 0.123932 0.371094
1 0.153508 0.872863 0.0908203 0.130342 0.29248
1 0.154485 0.876068 0.0930739 0.119658 0.30249
1 0.154597 0.872863 0.0922476 0.123932 0.271973
1 0.153583 0.878205 0.092473 0.123932 0.296631
1 0.154147 0.877137 0.09375 0.121795 0.274414
1 0.154748 0.870192 0.0934495 0.127137 0.294922
1 0.878606 0.820513 0.03125 0.0576923 0.253174
1 0.154748 0.870727 0.0904447 0.130342 0.265137
1 0.956731 0.688034 0.0264422 0.0534188 0.258301
1 0.1561 0.873398 0.0874399 0.123932 0.297363
1 0.152494 0.873398 0.0946515 0.137821 0.281494
1 0.153395 0.880342 0.0955529 0.132479 0.310791
1 0.153395 0.880342 0.0928486 0.141026 0.29248
1 0.155386 0.873398 0.0948768 0.125 0.256104
1 0.154297 0.882479 0.0961538 0.130342 0.39502
1 0.153884 0.870727 0.0930739 0.126068 0.291748
1 0.155011 0.871795 0.0908203 0.128205 0.2854
1 0.155311 0.873932 0.0896184 0.126068 0.288574
1 0.155048 0.872863 0.0928486 0.128205 0.303223
1 0.155687 0.872863 0.0930739 0.128205 0.320068
1 0.879808 0.820513 0.0300481 0.0555556 0.262207
1 0.153696 0.873932 0.0913462 0.123932 0.286865
1 0.155799 0.872863 0.0916466 0.130342 0.294189
1 0.154748 0.875 0.0901442 0.119658 0.280518
1 0.155499 0.876068 0.0925481 0.130342 0.304932
1 0.15471 0.876068 0.0896184 0.126068 0.359375
1 0.153809 0.876068 0.0932241 0.132479 0.299805
1 0.153395 0.877137 0.0925481 0.13141 0.262939
1 0.879808 0.821581 0.03125 0.0566239 0.250244
1 0.879808 0.81891 0.03125 0.0566239 0.315674
1 0.155086 0.872329 0.092473 0.134615 0.308105
1 0.155086 0.873932 0.0900691 0.132479 0.349609
1 0.879808 0.820513 0.03125 0.0576923 0.331055
1 0.879808 0.822115 0.03125 0.0587607 0.338867
1 0.154898 0.873932 0.0916466 0.132479 0.31665
1 0.879808 0.821581 0.03125 0.0576923 0.345947
1 0.629808 0.684829 0.0336538 0.0534188 0.266602
1 0.154109 0.871795 0.0914213 0.134615 0.265137
1 0.153846 0.871261 0.0913461 0.133547 0.415771
1 0.879808 0.819979 0.03125 0.0576923 0.38501
1 0.628606 0.683761 0.03125 0.051282 0.268066
1 0.955529 0.694979 0.0264423 0.0512821 0.262207
1 0.879808 0.820513 0.03125 0.0576923 0.338867
1 0.629207 0.683761 0.0324519 0.0534188 0.258301
1 0.955529 0.695513 0.0264423 0.051282 0.253174
1 0.879808 0.820513 0.03125 0.0576923 0.374756
1 0.95613 0.695513 0.0276443 0.0544872 0.275879
1 0.154297 0.873932 0.0904447 0.126068 0.268066
1 0.629207 0.684829 0.0324519 0.0534188 0.256836
1 0.879808 0.820513 0.03125 0.0576923 0.370117
1 0.95613 0.694979 0.0264423 0.0534188 0.306641
1 0.629808 0.685897 0.03125 0.0523504 0.2854
1 0.879808 0.820513 0.03125 0.0555556 0.367432
1 0.629808 0.686432 0.0336538 0.0502136 0.320068
1 0.956731 0.696581 0.0264422 0.0534188 0.306641
1 0.153583 0.873932 0.0900691 0.121795 0.281494
1 0.878606 0.819444 0.03125 0.0555556 0.380371
1 0.628606 0.686432 0.0336538 0.0512821 0.323486
1 0.955529 0.696047 0.0276443 0.0523504 0.314941
1 0.879808 0.820513 0.03125 0.0566239 0.371094
1 0.956731 0.696581 0.0264422 0.0534188 0.30249
1 0.154184 0.872863 0.0900691 0.128205 0.297363
1 0.629207 0.686966 0.0324519 0.051282 0.281494
1 0.879808 0.820513 0.03125 0.0566239 0.371094
1 0.628606 0.686966 0.0336538 0.0534189 0.35498
1 0.95613 0.69765 0.0276443 0.0555555 0.275146
1 0.154447 0.875 0.0913461 0.128205 0.253906
1 0.879808 0.820513 0.03125 0.0555556 0.384033
1 0.629207 0.688034 0.0324519 0.0534188 0.320801
1 0.956731 0.698718 0.0264422 0.0534188 0.289307
1 0.879808 0.821047 0.03125 0.0566239 0.385742
1 0.628606 0.6875 0.0336538 0.0534188 0.332031
1 0.154447 0.872863 0.0907452 0.123932 0.329346
1 0.956731 0.698184 0.0264422 0.0534188 0.279053
1 0.879808 0.821047 0.03125 0.0566239 0.366699
1 0.15471 0.872329 0.0902194 0.121795 0.337158
1 0.628606 0.688034 0.0336538 0.0534188 0.320068
1 0.95613 0.698718 0.0276443 0.0534188 0.272705
1 0.879808 0.820513 0.03125 0.0555556 0.389648
1 0.628606 0.686966 0.0324519 0.0534189 0.354004
1 0.95613 0.698184 0.0276443 0.0534188 0.303955
1 0.154748 0.872329 0.0910457 0.123932 0.30249
1 0.879808 0.820513 0.03125 0.0555556 0.359375
1 0.15441 0.872329 0.0908203 0.122863 0.356689
1 0.628606 0.688034 0.0336538 0.0512821 0.315674
1 0.95613 0.698718 0.0264423 0.0534188 0.271973
1 0.879207 0.821047 0.03125 0.0566239 0.37207
1 0.154297 0.871795 0.0904447 0.121795 0.348633
1 0.628606 0.688034 0.0324519 0.0534188 0.337158
1 0.955529 0.698718 0.0264423 0.0534188 0.269775
1 0.879808 0.820513 0.03125 0.0576923 0.338867
1 0.629207 0.683761 0.0324519 0.0534188 0.257568
1 0.955529 0.695513 0.0264423 0.051282 0.252441
