1 0.412861 0.686966 0.03125 0.0576923 0.389648
1 0.337139 0.381143 0.0192308 0.0480769 0.291748
1 0.413161 0.691239 0.0354567 0.0726496 0.282227
1 0.413762 0.691239 0.0396635 0.0833333 0.353027
1 0.236629 0.791667 0.0465745 0.0534188 0.326904
1 0.412861 0.690705 0.0336538 0.0673077 0.303223
1 0.374099 0.215678 0.0240385 0.0729167 0.283691
1 0.236328 0.792735 0.0450721 0.0619658 0.255371
1 0.375 0.220353 0.0204327 0.0699786 0.263672
1 0.375601 0.215011 0.0216346 0.0667735 0.309082
1 0.411358 0.688034 0.030649 0.0662393 0.306641
1 0.236779 0.794338 0.0483774 0.059829 0.290283
1 0.234075 0.793269 0.0510817 0.0641026 0.311523
1 0.235276 0.797009 0.0498798 0.0576924 0.321777
1 0.373798 0.220753 0.0228365 0.0734509 0.255371
1 0.235577 0.794872 0.0465745 0.0576923 0.270508
1 0.236478 0.793803 0.0477764 0.0555556 0.2854
1 0.988582 0.244191 0.0228365 0.0372596 0.262207
1 0.0483023 0.204728 0.0253906 0.0381944 0.256104
1 0.234525 0.79594 0.0486779 0.0619659 0.295898
1 0.235276 0.79594 0.0453726 0.0555556 0.286133
1 0.235276 0.795406 0.0483774 0.059829 0.27832
1 0.235276 0.798077 0.046875 0.0555556 0.279053
1 0.235877 0.798077 0.0480769 0.0662393 0.275146
1 0.413462 0.695513 0.0372596 0.0726496 0.251709
1 0.234525 0.797543 0.0498798 0.0587608 0.250977
1 0.235276 0.797009 0.046875 0.0576924 0.269043
1 0.236178 0.79594 0.0432692 0.0555556 0.284668
1 0.987981 0.243323 0.0240384 0.0384615 0.269775
1 0.235276 0.795406 0.046274 0.0534188 0.266602
1 0.235727 0.797009 0.046875 0.0555556 0.262939
1 0.989183 0.245459 0.0216346 0.0389957 0.251709
1 0.234375 0.798611 0.0480769 0.0555556 0.327637
1 0.988582 0.245459 0.0228365 0.0373932 0.293457
1 0.235276 0.796474 0.0456731 0.0608975 0.29834
1 0.23738 0.796474 0.0450721 0.0555556 0.317383
1 0.374399 0.217415 0.0234375 0.0705128 0.286133
1 0.988582 0.244925 0.0228365 0.0373932 0.269043
1 0.23768 0.79594 0.0438702 0.0630341 0.265869
1 0.235877 0.800214 0.0456731 0.0641026 0.279785
1 0.987981 0.24359 0.0240384 0.0363248 0.251709
1 0.98738 0.246795 0.0252403 0.0373932 0.310791
1 0.236929 0.798611 0.0426683 0.0576923 0.294189
1 0.373798 0.217682 0.0240385 0.0673077 0.265869
1 0.237079 0.797543 0.046875 0.0576923 0.335449
1 0.374399 0.219418 0.0228365 0.0670406 0.255371
1 0.236328 0.797543 0.0477764 0.0608975 0.351318
1 0.987981 0.24359 0.0240384 0.0331196 0.262207
1 0.3747 0.21688 0.0222356 0.0630342 0.257568
1 0.234976 0.79968 0.0483774 0.0608974 0.314941
1 0.374399 0.220219 0.0246394 0.065438 0.311523
1 0.988582 0.245192 0.0228365 0.034188 0.287842
1 0.412861 0.697115 0.0372596 0.068376 0.259766
1 0.236178 0.799145 0.0465745 0.0555556 0.294922
1 0.234976 0.800214 0.046875 0.0576923 0.277588
1 0.374399 0.219151 0.0252404 0.0691774 0.276611
1 0.413161 0.708333 0.0366586 0.0662393 0.263672
1 0.235276 0.799145 0.046274 0.059829 0.325928
1 0.374399 0.217147 0.0228365 0.0678419 0.30249
1 0.235276 0.798611 0.0456731 0.0555556 0.309082
1 0.375 0.218216 0.0234375 0.0694444 0.303223
1 0.373798 0.219017 0.0210337 0.0705128 0.332764
1 0.235877 0.799145 0.046274 0.059829 0.332031
1 0.987981 0.245727 0.0240384 0.0347222 0.252441
1 0.412861 0.696581 0.0348557 0.0705128 0.251709
1 0.236478 0.797543 0.0450721 0.059829 0.269043
1 0.236028 0.800214 0.0459736 0.0576923 0.266602
1 0.236478 0.799145 0.0456731 0.059829 0.325195
1 0.414062 0.705662 0.0384616 0.0683761 0.258301
1 0.374399 0.217949 0.0210337 0.0673077 0.252441
1 0.236779 0.799145 0.0450721 0.0619659 0.299072
1 0.413462 0.707265 0.0372596 0.0779914 0.284668
1 0.987981 0.246528 0.0240384 0.0389957 0.260498
1 0.236178 0.798611 0.0456731 0.0608975 0.279053
1 0.236028 0.798077 0.0453726 0.0576923 0.341553
1 0.373798 0.216346 0.0228365 0.0673077 0.276611
1 0.235877 0.797009 0.047476 0.0587607 0.358398
1 0.412861 0.706731 0.0360577 0.0694445 0.27832
1 0.3753 0.217682 0.0204327 0.071047 0.267334
1 0.235577 0.797009 0.0456731 0.0576924 0.320801
1 0.373498 0.218082 0.0222356 0.0691774 0.283691
1 0.41256 0.706197 0.0360577 0.0705129 0.265137
1 0.987981 0.245459 0.0240384 0.0352564 0.259766
1 0.235276 0.798077 0.046274 0.0555556 0.309082
1 0.374399 0.217147 0.0216346 0.0673077 0.26123
1 0.237079 0.79594 0.0438702 0.0576924 0.27124
1 0.236028 0.799145 0.0456731 0.0576923 0.294189
1 0.236629 0.797009 0.0447716 0.0598291 0.255371
1 0.236328 0.799145 0.0441707 0.059829 0.253174
1 0.3753 0.219284 0.0216346 0.0630342 0.276611
1 0.234375 0.799145 0.0486779 0.0534188 0.276611
1 0.988582 0.247062 0.0228365 0.0352564 0.256104
1 0.236178 0.797009 0.0456731 0.0598291 0.270508
1 0.236779 0.795406 0.0432692 0.0566239 0.265869
1 0.236478 0.798077 0.0438702 0.0576923 0.284668
1 0.412861 0.707265 0.0384615 0.0726496 0.250977
1 0.236028 0.798611 0.0441707 0.0544872 0.282227
1 0.375 0.219151 0.0216346 0.0686432 0.250977
1 0.235577 0.798077 0.0450721 0.0555556 0.273682
1 0.374399 0.217415 0.0228365 0.0673077 0.270508
1 0.236028 0.799145 0.0459736 0.0576923 0.255371
1 0.236028 0.798077 0.0459736 0.0598291 0.269043
1 0.3747 0.216613 0.0216346 0.0673077 0.251709
1 0.236478 0.797009 0.0450721 0.0576924 0.267334
1 0.375 0.218616 0.0228365 0.068109 0.260498
1 0.235727 0.799145 0.0456731 0.0576923 0.291748
1 0.413462 0.708333 0.0360577 0.0683761 0.265869
1 0.375601 0.219284 0.0228365 0.0673077 0.257568
1 0.236779 0.797009 0.0456731 0.0576924 0.265137
1 0.375601 0.220353 0.0252404 0.0699786 0.257568
1 0.235577 0.799145 0.047476 0.0619659 0.303223
1 0.412861 0.698718 0.0366587 0.0705128 0.280518
1 0.3753 0.219551 0.0228365 0.0699787 0.269775
1 0.236178 0.798611 0.046875 0.0608975 0.303955
1 0.412861 0.697115 0.0372596 0.0694444 0.253174
1 0.236178 0.798611 0.046274 0.0587607 0.270508
1 0.375601 0.217415 0.0228365 0.0678419 0.267334
1 0.41256 0.709402 0.0366586 0.0683761 0.250244
1 0.987981 0.240919 0.0240384 0.0325855 0.305664
1 0.98768 0.248397 0.0246394 0.0320513 0.339844
1 0.373197 0.229701 0.0240385 0.0699786 0.315674
1 0.0467999 0.204861 0.0265926 0.0379274 0.294189
1 0.236478 0.80235 0.0444711 0.0534188 0.274414
1 0.333834 0.391026 0.0282452 0.0395299 0.258301
1 0.988582 0.244658 0.0228365 0.0331196 0.353027
1 0.0472506 0.20219 0.0267428 0.0384615 0.34082
1 0.374399 0.226562 0.0228365 0.0682425 0.336426
1 0.236028 0.808761 0.0453726 0.0619659 0.305664
1 0.412861 0.70406 0.0366587 0.0662393 0.297363
1 0.451923 0.458066 0.0252404 0.0384615 0.26123
1 0.948317 0.411859 0.0168269 0.0438034 0.253906
1 0.375 0.224626 0.0234375 0.0678419 0.356689
1 0.987981 0.247863 0.0240384 0.034188 0.346924
1 0.236478 0.803419 0.0456731 0.0555556 0.341553
1 0.413462 0.69765 0.0366587 0.0619659 0.334473
1 0.0469501 0.201656 0.028095 0.0395299 0.327637
1 0.451923 0.457799 0.0258413 0.0405983 0.282959
1 0.947115 0.41266 0.0180288 0.0464744 0.253174
1 0.266677 0.251068 0.0267428 0.0512821 0.250244
1 0.3747 0.223291 0.0234375 0.0683761 0.402588
1 0.98738 0.244658 0.0252403 0.0320513 0.377441
1 0.413161 0.69765 0.0354567 0.0619659 0.370117
1 0.235727 0.799145 0.0456731 0.0555556 0.366699
1 0.451623 0.456731 0.0258414 0.0384616 0.338867
1 0.0467435 0.200988 0.0270057 0.0363248 0.323486
1 0.335337 0.392628 0.0294471 0.0416667 0.294189
1 0.947716 0.409722 0.0168269 0.0438034 0.275146
1 0.266526 0.248665 0.0252404 0.0496795 0.270508
1 0.888221 0.449519 0.0216347 0.0288462 0.250977
1 0.373798 0.225294 0.0228365 0.0670406 0.443604
1 0.235577 0.799145 0.046274 0.0534188 0.422607
1 0.988281 0.246261 0.0234375 0.0309829 0.390381
1 0.412861 0.698718 0.0348557 0.0619659 0.374756
1 0.0477013 0.200187 0.0264423 0.0365919 0.369385
1 0.451923 0.458333 0.0240385 0.0363248 0.344238
1 0.266076 0.248932 0.0255409 0.0475427 0.304932
1 0.335337 0.394231 0.0288462 0.0405983 0.29834
1 0.947716 0.410256 0.0168269 0.0438034 0.289307
1 0.888221 0.451389 0.0192308 0.0277778 0.260498
1 0.373798 0.223157 0.0228365 0.065438 0.432129
1 0.412861 0.69765 0.0348557 0.0641026 0.38208
1 0.987981 0.245192 0.0240384 0.0309829 0.378418
1 0.236478 0.79968 0.0450721 0.0544872 0.362061
1 0.450721 0.4586 0.0240385 0.0379274 0.347656
1 0.046706 0.199519 0.0255784 0.0349893 0.338867
1 0.265625 0.249733 0.0252404 0.0486111 0.311523
1 0.334736 0.394231 0.0288462 0.0416667 0.282227
1 0.947115 0.409455 0.0168269 0.0432692 0.266602
1 0.3747 0.223825 0.0246394 0.0667735 0.452393
1 0.235877 0.800214 0.0456731 0.0555556 0.440674
1 0.98738 0.244658 0.0252403 0.0331196 0.420654
1 0.412861 0.697115 0.0360577 0.0619658 0.400635
1 0.0471943 0.199786 0.0273062 0.0363248 0.39502
1 0.451623 0.457265 0.0258414 0.0384616 0.379395
1 0.266226 0.248932 0.0258414 0.0491453 0.329346
1 0.335337 0.392895 0.0300481 0.0422009 0.328613
1 0.947716 0.408654 0.0168269 0.042735 0.294189
1 0.888221 0.449252 0.0216347 0.0277778 0.275879
1 0.873798 0.415598 0.0192308 0.0405983 0.251709
1 0.332031 0.869658 0.030649 0.0405983 0.250977
1 0.374399 0.224359 0.0240385 0.0662393 0.422607
1 0.235727 0.799145 0.0453726 0.0555556 0.416748
1 0.987981 0.246261 0.0240384 0.0320513 0.406494
1 0.412861 0.696581 0.0348557 0.0619659 0.370117
1 0.0476074 0.200321 0.0261794 0.0376603 0.36377
1 0.451923 0.457799 0.0252404 0.0384616 0.342529
1 0.335337 0.393697 0.0300481 0.0416667 0.299805
1 0.266226 0.248932 0.0252404 0.0480769 0.283691
1 0.948317 0.409722 0.0168269 0.0443376 0.283691
1 0.873798 0.415064 0.0192308 0.0395299 0.269043
1 0.331731 0.869658 0.030649 0.042735 0.259766
1 0.888221 0.450053 0.0204327 0.0288462 0.257568
1 0.374399 0.223958 0.0228365 0.0649039 0.462891
1 0.235577 0.799145 0.0456731 0.0534188 0.443604
1 0.987981 0.246795 0.0240384 0.0309829 0.425293
1 0.412861 0.69765 0.0348557 0.0630342 0.392334
1 0.0471004 0.200053 0.0261418 0.0347222 0.385742
1 0.451322 0.457799 0.0252404 0.0384616 0.362061
1 0.266226 0.249733 0.0258414 0.0491453 0.319092
1 0.335337 0.393429 0.0288462 0.0411325 0.304932
1 0.948317 0.409188 0.0168269 0.0432693 0.295898
1 0.873197 0.414263 0.0204328 0.0384615 0.282227
1 0.888221 0.449252 0.0216347 0.0288461 0.268066
1 0.331731 0.869658 0.0300481 0.0405983 0.263672
1 0.707332 0.667735 0.0216346 0.0384615 0.250977
1 0.374099 0.223558 0.0246394 0.0662393 0.458984
1 0.236178 0.799145 0.0450721 0.0555556 0.439697
1 0.0467999 0.199786 0.026893 0.036859 0.425293
1 0.98738 0.246795 0.0252403 0.0320513 0.414062
1 0.412861 0.697115 0.0354568 0.0641026 0.393311
1 0.451322 0.457799 0.0258413 0.0384616 0.390381
1 0.335036 0.393697 0.0300481 0.042735 0.335449
1 0.265775 0.249199 0.0261418 0.0491453 0.319092
1 0.948317 0.408654 0.0168269 0.0438034 0.293457
1 0.872596 0.415064 0.0216347 0.0395299 0.269775
1 0.375 0.222489 0.0228365 0.0657051 0.459961
1 0.236328 0.799145 0.0453726 0.0555556 0.44751
1 0.987981 0.246795 0.0240384 0.0309829 0.414795
1 0.0467999 0.200053 0.0262921 0.0363248 0.39502
1 0.412861 0.700855 0.0354568 0.0683761 0.38208
1 0.451623 0.458066 0.0246395 0.0384615 0.368408
1 0.266526 0.249466 0.0252404 0.0496795 0.327637
1 0.335337 0.393697 0.0288462 0.0411325 0.309814
1 0.948317 0.409188 0.0168269 0.0438034 0.293457
1 0.888221 0.450321 0.0216347 0.0277778 0.279785
1 0.873197 0.41453 0.0204328 0.0384616 0.274414
1 0.706731 0.668803 0.0216346 0.0363248 0.257568
1 0.332031 0.86859 0.0294471 0.0405983 0.254639
1 0.236178 0.799145 0.0459736 0.0555556 0.44751
1 0.3747 0.224626 0.0246394 0.0678419 0.443604
1 0.0469501 0.200454 0.027494 0.0381944 0.436768
1 0.98768 0.248397 0.0246394 0.0320513 0.421631
1 0.413161 0.700855 0.0360577 0.0683761 0.390381
1 0.451923 0.4586 0.0264423 0.0389957 0.349609
1 0.947716 0.410256 0.0180288 0.0459402 0.331055
1 0.266376 0.249466 0.0255409 0.0491453 0.319092
1 0.335337 0.394765 0.0300481 0.042735 0.303223
1 0.888221 0.450588 0.0216347 0.0293803 0.272705
1 0.872596 0.416132 0.0216347 0.0405983 0.253906
1 0.331731 0.86859 0.0300481 0.0405983 0.251709
1 0.235877 0.800214 0.046274 0.0555556 0.463867
1 0.0473257 0.200588 0.0270433 0.036859 0.452393
1 0.3747 0.223958 0.0240385 0.065438 0.440674
1 0.413161 0.701923 0.0360577 0.0683761 0.427246
1 0.987981 0.24813 0.0240384 0.0309829 0.413086
1 0.452524 0.459135 0.0264423 0.0389957 0.338867
1 0.948317 0.410791 0.0168269 0.0438034 0.32251
1 0.266526 0.250601 0.0252404 0.0490117 0.31665
1 0.335938 0.395299 0.0300481 0.042735 0.296631
1 0.873798 0.415598 0.0192308 0.0389957 0.275146
1 0.889423 0.450855 0.0216347 0.0277778 0.274414
1 0.707933 0.669872 0.0216346 0.0363248 0.272705
1 0.331731 0.869658 0.0300481 0.0405983 0.251709
1 0.236178 0.800214 0.0456731 0.0576923 0.479492
1 0.0470252 0.201389 0.026893 0.036859 0.458008
1 0.374399 0.223558 0.0240385 0.0657051 0.458008
1 0.412861 0.701923 0.0360577 0.0683761 0.445557
1 0.98768 0.248932 0.0246394 0.0320513 0.432129
1 0.451923 0.459402 0.0258413 0.0384615 0.347656
1 0.947716 0.411325 0.0168269 0.0448718 0.325195
1 0.266526 0.25 0.0252404 0.0486111 0.315674
1 0.335637 0.394765 0.0300481 0.0416667 0.306641
1 0.888221 0.451389 0.0216347 0.0288461 0.281494
1 0.873798 0.416132 0.0192308 0.0384616 0.279785
1 0.707933 0.669872 0.0216346 0.0363248 0.272705
1 0.331731 0.86859 0.0300481 0.0405983 0.256836
1 0.236779 0.800214 0.0450721 0.0566239 0.454346
1 0.0472506 0.201389 0.0277945 0.036859 0.439697
1 0.374399 0.224359 0.0252404 0.0667735 0.431152
1 0.413161 0.701389 0.0372596 0.0683761 0.416748
1 0.98738 0.248932 0.0252403 0.0320513 0.408203
1 0.451923 0.458868 0.0270432 0.0384616 0.328613
1 0.947115 0.411592 0.0168269 0.045406 0.311523
1 0.335337 0.394765 0.03125 0.042735 0.299072
1 0.266226 0.250067 0.0258414 0.0490117 0.29834
1 0.707933 0.67094 0.0216346 0.0352564 0.269043
1 0.888221 0.451923 0.0216347 0.0288461 0.265869
1 0.873197 0.416132 0.0204328 0.0395299 0.252441
1 0.0471004 0.201389 0.0273437 0.0376603 0.46582
1 0.236478 0.79968 0.0450721 0.0566239 0.463867
1 0.374399 0.224626 0.0246394 0.0667735 0.449463
1 0.412861 0.701923 0.0360577 0.0683761 0.435791
1 0.98738 0.249199 0.0252403 0.0320513 0.417725
1 0.451623 0.458868 0.0264423 0.0384616 0.356689
1 0.947716 0.411058 0.0168269 0.0459401 0.331055
1 0.335337 0.394765 0.0300481 0.042735 0.321777
1 0.266076 0.249933 0.0255409 0.0482105 0.317383
1 0.707332 0.669872 0.0216346 0.0363248 0.290283
1 0.873798 0.415598 0.0216347 0.0395299 0.280518
1 0.888221 0.451923 0.0216347 0.0293803 0.277588
1 0.236328 0.800214 0.0453726 0.0555556 0.450439
1 0.374399 0.224626 0.0240385 0.0667735 0.442627
1 0.0473069 0.201656 0.0273813 0.0373932 0.440674
1 0.413462 0.701389 0.0360577 0.0683761 0.42334
1 0.98738 0.25 0.0252403 0.0320513 0.401611
1 0.451923 0.459402 0.0264423 0.0384615 0.334473
1 0.947716 0.411325 0.0168269 0.0448718 0.311523
1 0.266226 0.250267 0.0252404 0.0480769 0.29834
1 0.335337 0.395299 0.0300481 0.0416667 0.295898
1 0.707933 0.669872 0.0216346 0.0363248 0.277588
1 0.888221 0.45219 0.0216347 0.028312 0.268066
1 0.236028 0.800214 0.0456731 0.0555556 0.469727
1 0.0471755 0.201389 0.0273437 0.036859 0.456055
1 0.374399 0.22516 0.0240385 0.0667735 0.450439
1 0.413161 0.700855 0.0366586 0.0683761 0.434082
1 0.98738 0.249733 0.0252403 0.0315171 0.424316
1 0.451623 0.459669 0.0264423 0.0379273 0.347656
1 0.947716 0.410791 0.0168269 0.0443376 0.327637
1 0.266076 0.251068 0.0255409 0.0480769 0.313965
1 0.335337 0.395299 0.0300481 0.0416667 0.309082
1 0.888221 0.451923 0.0216347 0.0277778 0.280518
1 0.707332 0.669872 0.0216346 0.034188 0.273682
1 0.373798 0.223157 0.0228365 0.065438 0.432129
1 0.412861 0.69765 0.0348557 0.0641026 0.38208
1 0.987981 0.245192 0.0240384 0.0309829 0.378418
1 0.236478 0.79968 0.0450721 0.0544872 0.362061
1 0.450721 0.4586 0.0240385 0.0379274 0.347656
1 0.046706 0.199519 0.0255784 0.0347222 0.338867
1 0.265625 0.249733 0.0252404 0.0486111 0.311523
1 0.334736 0.394231 0.0288462 0.0416667 0.282227
1 0.947115 0.409455 0.0168269 0.0432692 0.266602
