1 0.911659 0.535791 0.0240385 0.0833333 0.335449
1 0.278546 0.323184 0.0408654 0.0651709 0.255371
1 0.233774 0.491453 0.0967548 0.16453 0.389648
1 0.520433 0.614316 0.03125 0.0897436 0.269043
1 0.912861 0.547009 0.0276442 0.0811966 0.270508
1 0.515625 0.598825 0.0288462 0.0972223 0.269043
1 0.760817 0.169872 0.0288462 0.0742521 0.265869
1 0.473858 0.199519 0.0378606 0.071047 0.314941
1 0.510817 0.606838 0.03125 0.0918803 0.30249
1 0.759615 0.169605 0.0264423 0.0667735 0.256104
1 0.234375 0.46875 0.0925481 0.13515 0.253174
1 0.911058 0.54594 0.0240384 0.0715812 0.378418
1 0.512921 0.607372 0.0294471 0.0961539 0.324219
1 0.759014 0.169872 0.0264423 0.0608974 0.318359
1 0.47476 0.197382 0.0324519 0.0657051 0.299072
1 0.277043 0.342415 0.0438702 0.0705128 0.265869
1 0.911659 0.551816 0.0228365 0.073718 0.304932
1 0.512921 0.614316 0.0288462 0.0918803 0.262207
1 0.510817 0.608974 0.0240385 0.0940171 0.338135
1 0.91226 0.547009 0.0240384 0.0747863 0.311523
1 0.475361 0.19765 0.0324519 0.0715812 0.287842
1 0.760216 0.17094 0.0252404 0.0630342 0.259766
1 0.908654 0.170139 0.0276443 0.0683761 0.251709
1 0.510817 0.61218 0.032452 0.0886752 0.299805
1 0.91226 0.547543 0.0288461 0.0737179 0.259033
1 0.759014 0.171074 0.03125 0.0691773 0.250977
1 0.513221 0.611111 0.0300481 0.101496 0.269775
1 0.91226 0.550214 0.0264422 0.0811966 0.263672
1 0.511118 0.601496 0.0276443 0.102564 0.269043
1 0.758413 0.168803 0.0288461 0.0657051 0.290283
1 0.909856 0.547009 0.0252404 0.0747863 0.287842
1 0.277043 0.344017 0.046274 0.0769231 0.269043
1 0.51232 0.610043 0.0288462 0.0897436 0.267334
1 0.911058 0.548611 0.0264422 0.0769231 0.279053
1 0.908654 0.174012 0.0264423 0.0675748 0.268066
1 0.512921 0.613248 0.0294471 0.0940171 0.265137
1 0.759615 0.171608 0.0288461 0.0665064 0.253174
1 0.760216 0.168937 0.0288461 0.0665064 0.289307
1 0.91226 0.547009 0.0264422 0.0790599 0.281494
1 0.512921 0.607906 0.0300481 0.0940171 0.270508
1 0.909856 0.54968 0.0252404 0.0726496 0.265137
1 0.91226 0.549145 0.0276443 0.0790598 0.299072
1 0.515024 0.608974 0.03125 0.0961539 0.291016
1 0.760216 0.172276 0.03125 0.0705128 0.269043
1 0.512921 0.606303 0.0354567 0.107906 0.29834
1 0.911058 0.547543 0.0264422 0.0790599 0.253174
1 0.513221 0.605769 0.0276443 0.0950854 0.300781
1 0.913462 0.548077 0.0240384 0.0769231 0.296631
1 0.478365 0.189904 0.0384615 0.0694444 0.269775
1 0.760817 0.17281 0.0264423 0.0616987 0.259766
1 0.909255 0.17321 0.0276443 0.0662393 0.254639
1 0.511118 0.614316 0.031851 0.100427 0.269043
1 0.512019 0.607906 0.0300481 0.104701 0.325928
1 0.91226 0.549145 0.0264422 0.0790598 0.300781
1 0.277118 0.344818 0.0551382 0.0827992 0.275879
1 0.907452 0.172543 0.03125 0.0702457 0.268066
1 0.477164 0.198184 0.0396635 0.0769231 0.252441
1 0.513221 0.602564 0.0288462 0.0940171 0.304932
1 0.912861 0.548077 0.0276442 0.0747863 0.262207
1 0.760817 0.172276 0.0288462 0.0630342 0.258301
1 0.275841 0.344818 0.0498798 0.073718 0.286865
1 0.514423 0.602564 0.0282452 0.0940171 0.27124
1 0.760817 0.173344 0.0264423 0.0649039 0.269775
1 0.913462 0.547543 0.0264422 0.0769231 0.265869
1 0.511719 0.610043 0.03125 0.0961539 0.320068
1 0.759615 0.173344 0.0288461 0.0630342 0.294922
1 0.91226 0.550214 0.0264422 0.0726496 0.284668
1 0.512019 0.60844 0.0276443 0.101496 0.27124
1 0.513522 0.60203 0.030649 0.099359 0.31665
1 0.911058 0.547009 0.0264422 0.0747863 0.289307
1 0.479267 0.201656 0.0396635 0.0747863 0.27124
1 0.759615 0.172276 0.0288461 0.0657051 0.270508
1 0.511418 0.605769 0.0330529 0.106838 0.264404
1 0.512019 0.608974 0.0288462 0.0982906 0.251709
1 0.475962 0.202991 0.0384615 0.0726496 0.309814
1 0.759014 0.175214 0.030048 0.0651709 0.303955
1 0.514123 0.610043 0.0288461 0.0918804 0.287842
1 0.759615 0.173611 0.03125 0.0635684 0.265137
1 0.475361 0.202457 0.0384615 0.0705128 0.265137
1 0.912861 0.550214 0.0264423 0.0705129 0.259766
1 0.276968 0.34562 0.0494291 0.0747863 0.252441
1 0.513522 0.605769 0.0300481 0.100427 0.320068
1 0.760817 0.171474 0.03125 0.0646368 0.287842
1 0.476863 0.201923 0.0384615 0.0715812 0.276611
1 0.912861 0.548611 0.0276442 0.073718 0.259033
1 0.27494 0.349359 0.0522836 0.0833333 0.347656
1 0.51262 0.606838 0.0294471 0.104701 0.345215
1 0.47476 0.201122 0.0378606 0.0689103 0.32251
1 0.759615 0.172276 0.0288461 0.0603632 0.313232
1 0.91226 0.550214 0.0276443 0.0726496 0.305664
1 0.908654 0.174947 0.0288462 0.0662393 0.265869
1 0.513221 0.605235 0.0294471 0.099359 0.266602
1 0.274339 0.347756 0.047476 0.0790598 0.311523
1 0.512019 0.605769 0.0300481 0.101496 0.275879
1 0.759014 0.172543 0.03125 0.0651709 0.269775
1 0.476863 0.191106 0.0432692 0.0723825 0.256836
1 0.911058 0.549145 0.0264422 0.0726496 0.250244
1 0.512019 0.604701 0.0276443 0.102564 0.324219
1 0.274114 0.344017 0.0491286 0.0779914 0.300781
1 0.758413 0.171474 0.0264423 0.0641026 0.267334
1 0.911058 0.548077 0.0264422 0.0790599 0.257568
1 0.476863 0.189103 0.0426683 0.0726496 0.253906
1 0.512019 0.604701 0.0288462 0.104701 0.335449
1 0.27524 0.346154 0.0516827 0.0806624 0.279785
1 0.91226 0.550214 0.0264422 0.0747863 0.268066
1 0.759014 0.173611 0.0288461 0.0625 0.258301
1 0.51262 0.605235 0.0252404 0.100427 0.393311
1 0.911058 0.548077 0.0240384 0.0769231 0.306641
1 0.758413 0.171474 0.0264423 0.0641026 0.273682
1 0.511719 0.605235 0.0294471 0.0982906 0.288574
1 0.511418 0.604701 0.0300481 0.102564 0.264404
1 0.51232 0.605769 0.0276443 0.100427 0.309814
1 0.758413 0.17054 0.0252404 0.0582265 0.255371
1 0.51262 0.604701 0.0288462 0.104701 0.296631
1 0.51262 0.603633 0.0300481 0.104701 0.286133
1 0.514123 0.604701 0.0270433 0.100427 0.323486
1 0.759014 0.17281 0.030048 0.0619658 0.279785
1 0.476562 0.192308 0.0408654 0.071047 0.267334
1 0.514724 0.604701 0.0282452 0.104701 0.347656
1 0.759615 0.171207 0.0264423 0.0630342 0.276611
1 0.91226 0.548077 0.0240384 0.0790599 0.27124
1 0.477164 0.199519 0.0384615 0.0689103 0.265869
1 0.513822 0.603098 0.0276443 0.0982906 0.373779
1 0.476262 0.190305 0.0396635 0.0734509 0.2854
1 0.758413 0.171741 0.0288461 0.0625 0.255371
1 0.51262 0.605235 0.0276443 0.100427 0.305664
1 0.513822 0.604701 0.0300481 0.102564 0.312256
1 0.513221 0.606303 0.0288462 0.0950854 0.311523
1 0.514423 0.605769 0.0300481 0.102564 0.286133
1 0.514123 0.606838 0.0294471 0.102564 0.326904
1 0.759014 0.174145 0.03125 0.0646368 0.253906
1 0.513822 0.607906 0.0282452 0.100427 0.349609
1 0.475962 0.192842 0.0390625 0.0715812 0.268066
1 0.759014 0.172676 0.0276442 0.0614316 0.262939
1 0.513822 0.604701 0.0288462 0.0982906 0.291016
1 0.513822 0.605769 0.0276443 0.0982906 0.330322
1 0.475962 0.18937 0.0372596 0.0694445 0.253174
1 0.51262 0.606838 0.0288462 0.0982906 0.35498
1 0.513221 0.605769 0.0276443 0.102564 0.347656
1 0.475962 0.191774 0.0384615 0.0705128 0.305664
1 0.51262 0.606838 0.03125 0.103632 0.289307
1 0.514123 0.605235 0.0270433 0.0972222 0.34082
1 0.758413 0.174412 0.0264423 0.0619658 0.271973
1 0.475962 0.193777 0.0372596 0.0713141 0.250244
1 0.513221 0.604167 0.0282452 0.0982906 0.315674
1 0.513822 0.604167 0.0282452 0.100427 0.270508
1 0.476562 0.190972 0.0390625 0.071047 0.250244
1 0.51262 0.604701 0.0288462 0.100427 0.31665
1 0.476863 0.189904 0.0402644 0.0702457 0.272705
1 0.758413 0.172543 0.0288461 0.0614316 0.259033
1 0.513221 0.605235 0.0300481 0.099359 0.293457
1 0.477164 0.191774 0.0408654 0.0705128 0.265137
1 0.513221 0.604167 0.0282452 0.099359 0.326904
1 0.477164 0.190972 0.0408654 0.0715812 0.275879
1 0.513822 0.605769 0.0288462 0.0982906 0.299072
1 0.476863 0.192575 0.0390625 0.0689103 0.294189
1 0.759615 0.173478 0.0288461 0.0619658 0.266602
1 0.513522 0.604701 0.0282452 0.0961539 0.34082
1 0.476562 0.198852 0.0384615 0.0718483 0.297363
1 0.759615 0.172543 0.0264423 0.0598291 0.296631
1 0.908053 0.17321 0.0300481 0.0694445 0.275146
1 0.91226 0.548611 0.0252404 0.0747863 0.267334
1 0.51262 0.605769 0.0276443 0.0961538 0.275146
1 0.513822 0.605769 0.0282452 0.0972223 0.31665
1 0.760216 0.17054 0.0288461 0.0579594 0.2854
1 0.475962 0.198451 0.0384615 0.0689102 0.267334
1 0.912861 0.547009 0.0276442 0.0747863 0.254639
1 0.513221 0.604701 0.0288462 0.0982906 0.309814
1 0.475962 0.191774 0.0396635 0.0699786 0.288574
1 0.759615 0.17281 0.0288461 0.0576923 0.251709
1 0.476562 0.194044 0.0408654 0.0734509 0.34082
1 0.513822 0.606838 0.0288462 0.100427 0.339844
1 0.759615 0.174679 0.0288461 0.0619658 0.295898
1 0.513822 0.606838 0.0288462 0.102564 0.317383
1 0.476562 0.192041 0.0396635 0.0731838 0.313965
1 0.759615 0.173745 0.0288461 0.0622329 0.258301
1 0.477464 0.201923 0.0396635 0.073718 0.319092
1 0.760817 0.173344 0.0288462 0.0614316 0.286865
1 0.514423 0.606838 0.0288462 0.102564 0.279053
1 0.477163 0.19391 0.0390625 0.0726496 0.286865
1 0.759615 0.17094 0.0288461 0.0619658 0.250244
1 0.477163 0.192174 0.0390625 0.0729167 0.29248
1 0.759615 0.168269 0.0288461 0.0619658 0.270508
1 0.758413 0.169605 0.0288461 0.0625 0.351318
1 0.476262 0.196314 0.0402644 0.0731838 0.350342
1 0.274639 0.343483 0.0504808 0.0790598 0.327637
1 0.51262 0.608974 0.0300481 0.106838 0.32251
1 0.910457 0.549145 0.0276442 0.0747863 0.274414
1 0.90625 0.168002 0.0288462 0.0667735 0.257568
1 0.476562 0.194044 0.0384615 0.0734509 0.389648
1 0.512921 0.610043 0.0294471 0.106838 0.361084
1 0.759615 0.170673 0.0288461 0.0611645 0.35498
1 0.275316 0.345086 0.0491286 0.0790599 0.27832
1 0.911058 0.549145 0.0288461 0.0747863 0.27832
1 0.908053 0.169872 0.0288462 0.0667735 0.270508
1 0.759615 0.171875 0.0288461 0.0633013 0.37207
1 0.477164 0.198718 0.0384615 0.0726496 0.362061
1 0.512921 0.610577 0.030649 0.106838 0.348633
1 0.275766 0.345085 0.0482272 0.0779914 0.335449
1 0.911058 0.550214 0.0288461 0.0747863 0.328613
1 0.907452 0.172409 0.0288462 0.0675748 0.290283
1 0.758413 0.170807 0.0276442 0.0598291 0.403564
1 0.51262 0.61218 0.030649 0.104701 0.399902
1 0.476863 0.19765 0.0390625 0.0731838 0.386719
1 0.910457 0.550214 0.0276442 0.073718 0.353027
1 0.275766 0.344017 0.0482272 0.0753205 0.348633
1 0.907452 0.171741 0.0288462 0.0638355 0.331055
1 0.511418 0.609509 0.0300481 0.107906 0.457031
1 0.475962 0.195112 0.0384615 0.0729167 0.433105
1 0.758413 0.168403 0.0276442 0.0600961 0.427246
1 0.274715 0.342949 0.0515325 0.0769231 0.398926
1 0.911058 0.548077 0.0264422 0.0747863 0.38501
1 0.907452 0.169605 0.0288462 0.0657051 0.350342
1 0.758413 0.169872 0.0264423 0.0633013 0.421631
1 0.511719 0.611111 0.0288462 0.104701 0.410156
1 0.475962 0.19765 0.0384615 0.0705128 0.396973
1 0.909856 0.548077 0.0264422 0.0747863 0.36377
1 0.907452 0.170272 0.0288462 0.0683761 0.325928
1 0.27524 0.342682 0.0492789 0.0774573 0.317383
1 0.476562 0.195246 0.0384615 0.0721154 0.482422
1 0.51262 0.610043 0.0300481 0.106838 0.464844
1 0.758413 0.169872 0.0288461 0.0625 0.463867
1 0.911058 0.548077 0.0288461 0.0758547 0.401611
1 0.27494 0.344284 0.0486779 0.0774573 0.365723
1 0.908053 0.170673 0.0300481 0.0673077 0.36377
1 0.512921 0.609509 0.0294471 0.103632 0.430176
1 0.476562 0.199252 0.0390625 0.0715812 0.421631
1 0.759615 0.170807 0.0288461 0.0627671 0.418701
1 0.911659 0.548077 0.0276442 0.0737179 0.384033
1 0.908654 0.171741 0.0288462 0.0667735 0.357666
1 0.275541 0.342949 0.0480769 0.0758547 0.345947
1 0.477164 0.194712 0.0384615 0.0726496 0.462891
1 0.513221 0.61218 0.0288462 0.104701 0.451416
1 0.758413 0.17094 0.0288461 0.0625 0.446533
1 0.911058 0.549145 0.0264422 0.0726496 0.395996
1 0.27494 0.342949 0.0486779 0.0763889 0.391357
1 0.907452 0.171474 0.0288462 0.0657051 0.370117
1 0.226562 0.254808 0.0207332 0.0534188 0.256836
1 0.51262 0.611111 0.030649 0.104701 0.474609
1 0.476562 0.194444 0.0384615 0.0721154 0.46582
1 0.758413 0.170673 0.0288461 0.0630342 0.463867
1 0.911058 0.548077 0.0288461 0.0747863 0.392334
1 0.274715 0.342415 0.0491286 0.0747863 0.370117
1 0.907452 0.172009 0.0288462 0.0651709 0.369385
1 0.513221 0.60844 0.0300481 0.103632 0.477539
1 0.477164 0.196047 0.0384615 0.071047 0.463867
1 0.759014 0.17094 0.0276442 0.0635684 0.454346
1 0.911058 0.548077 0.0264422 0.0747863 0.394287
1 0.274715 0.342415 0.0491286 0.0758547 0.377441
1 0.908654 0.171074 0.0288462 0.0675748 0.35498
1 0.227314 0.253739 0.0210337 0.0534188 0.254639
1 0.513221 0.610577 0.0300481 0.105769 0.480469
1 0.759014 0.171741 0.0288461 0.0635684 0.453369
1 0.479567 0.195513 0.0384615 0.071047 0.453369
1 0.275541 0.342415 0.0498798 0.0769231 0.399902
1 0.911058 0.549145 0.0288461 0.0758547 0.385742
1 0.908053 0.171474 0.0300481 0.0683761 0.355713
1 0.513221 0.61218 0.0300481 0.102564 0.483398
1 0.477163 0.195646 0.0378606 0.0707799 0.464844
1 0.759615 0.172009 0.0288461 0.0630342 0.450439
1 0.911058 0.54968 0.0288461 0.073718 0.391357
1 0.27524 0.342949 0.0492789 0.0758547 0.389648
1 0.908053 0.172409 0.0300481 0.0675748 0.351318
1 0.513221 0.610043 0.0300481 0.102564 0.498047
1 0.477164 0.196715 0.0384615 0.0718483 0.484375
1 0.759014 0.172009 0.0288461 0.0630342 0.463867
1 0.27524 0.342949 0.0486779 0.0769231 0.411133
1 0.911058 0.549145 0.0288461 0.0747863 0.399902
1 0.908654 0.172276 0.0288462 0.0678419 0.363037
1 0.227464 0.254274 0.0204327 0.0518162 0.253906
1 0.513221 0.61218 0.0300481 0.102564 0.472656
1 0.476562 0.196581 0.0384615 0.071047 0.454346
1 0.759014 0.172009 0.030048 0.0635684 0.438721
1 0.275316 0.342949 0.0503305 0.0769231 0.391357
1 0.911058 0.54968 0.0288461 0.0747863 0.375732
1 0.908053 0.171741 0.0300481 0.0683761 0.34082
1 0.513221 0.61218 0.0294471 0.102564 0.486328
1 0.476863 0.195913 0.0378606 0.0707799 0.476562
1 0.759615 0.171474 0.0288461 0.0635684 0.456055
1 0.911058 0.549145 0.0288461 0.0758547 0.395996
1 0.275165 0.342949 0.0494291 0.0779914 0.385742
1 0.908053 0.171741 0.0300481 0.0683761 0.345947
1 0.513221 0.611645 0.0294471 0.103632 0.473633
1 0.476863 0.195913 0.0378606 0.0702457 0.457031
1 0.759615 0.171474 0.0288461 0.0635684 0.44165
1 0.27524 0.342415 0.0492789 0.0774573 0.392334
1 0.911659 0.549145 0.0276442 0.0747863 0.38501
1 0.908053 0.172009 0.0300481 0.0678419 0.338135
1 0.512921 0.611111 0.0294471 0.102564 0.480469
1 0.476562 0.19578 0.0384615 0.0705128 0.464844
1 0.759014 0.171474 0.0288461 0.0630342 0.458984
1 0.27494 0.342415 0.0498798 0.0769231 0.422607
1 0.911058 0.549145 0.0288461 0.0747863 0.39502
1 0.908053 0.171741 0.0300481 0.0678419 0.354004
1 0.758413 0.169872 0.0264423 0.0633013 0.421631
1 0.511719 0.611111 0.0288462 0.104701 0.410156
1 0.475962 0.197783 0.0384615 0.0707799 0.396973
1 0.909856 0.548077 0.0264422 0.0747863 0.36377
1 0.907452 0.170272 0.0288462 0.0683761 0.325928
1 0.27524 0.342682 0.0492789 0.0774573 0.317383
