1 0.939303 0.245192 0.0288462 0.0486111 0.275879
1 0.515926 0.496795 0.031851 0.0854701 0.262939
1 0.0441895 0.593483 0.0249023 0.0779914 0.259766
1 0.519231 0.512954 0.0378606 0.0894765 0.271973
1 0.0417856 0.610043 0.0261043 0.0726496 0.260498
1 0.515325 0.497863 0.0450721 0.099359 0.27832
1 0.367488 0.629273 0.030649 0.0747863 0.262939
1 0.51262 0.504274 0.0372596 0.0929487 0.31665
1 0.22476 0.165064 0.0345553 0.0405983 0.253906
1 0.512921 0.493323 0.03125 0.0849359 0.332764
1 0.0434383 0.605769 0.0246019 0.068376 0.291748
1 0.513822 0.511752 0.0420673 0.0961539 0.354004
1 0.511719 0.495994 0.0258413 0.0849359 0.342529
1 0.513221 0.509749 0.0384615 0.085203 0.268066
1 0.514423 0.509615 0.0384615 0.0961539 0.277588
1 0.513822 0.501202 0.0366587 0.0958867 0.262939
1 0.516226 0.505876 0.0408654 0.0961539 0.350342
1 0.0420861 0.598291 0.0288086 0.0747863 0.27832
1 0.71875 0.755342 0.0288462 0.0384616 0.259766
1 0.367488 0.644231 0.0264423 0.0662393 0.256104
1 0.0436448 0.610043 0.0283954 0.0747863 0.291748
1 0.36869 0.647436 0.0258414 0.0726496 0.266602
1 0.515625 0.511218 0.0348557 0.0876068 0.26123
1 0.515024 0.504808 0.0372596 0.0940171 0.276611
1 0.71875 0.758547 0.0264423 0.0384616 0.265869
1 0.515325 0.508013 0.0384615 0.0876069 0.269775
1 0.515625 0.51015 0.0396635 0.0897436 0.276611
1 0.515625 0.503739 0.0324519 0.0918803 0.27832
1 0.369291 0.645833 0.0258414 0.0726496 0.26123
1 0.51262 0.503339 0.0390625 0.0958868 0.282959
1 0.515625 0.504808 0.0420673 0.099359 0.33374
1 0.363582 0.645299 0.0276442 0.0769231 0.270508
1 0.513822 0.505475 0.0360577 0.09375 0.265869
1 0.515024 0.502671 0.0378606 0.0886752 0.306641
1 0.71875 0.758547 0.0288462 0.0405983 0.253174
1 0.515625 0.5 0.0336538 0.0854701 0.269043
1 0.514423 0.50414 0.0372596 0.096421 0.391357
1 0.514423 0.507612 0.0384615 0.0894765 0.338135
1 0.513221 0.502671 0.0372596 0.090812 0.279053
1 0.514423 0.503072 0.0390625 0.0921474 0.317383
1 0.368089 0.646368 0.0276442 0.0726496 0.27124
1 0.0422175 0.607906 0.0282452 0.073718 0.269775
1 0.513822 0.50414 0.0408654 0.0985577 0.288574
1 0.514123 0.509749 0.0372596 0.0894765 0.312256
1 0.514423 0.502003 0.0396635 0.0921474 0.27832
1 0.515325 0.505876 0.0366587 0.090812 0.319092
1 0.513522 0.505342 0.0372596 0.0918804 0.360352
1 0.0650541 0.21234 0.0342548 0.0667735 0.262939
1 0.361478 0.646368 0.0264423 0.0662393 0.250977
1 0.514423 0.505208 0.0372596 0.0921474 0.291016
1 0.514123 0.505208 0.0408654 0.0942842 0.311523
1 0.515024 0.499466 0.0408654 0.0961539 0.396973
1 0.514423 0.503739 0.0396635 0.0972222 0.391357
1 0.516226 0.502137 0.0366587 0.0918803 0.402588
1 0.513822 0.505876 0.0396635 0.0918804 0.317383
1 0.514423 0.504808 0.0360577 0.090812 0.296631
1 0.514724 0.504407 0.0378606 0.09375 0.262207
1 0.515625 0.502137 0.0372596 0.0961538 0.315674
1 0.516226 0.502003 0.0360577 0.0964209 0.317383
1 0.514423 0.500534 0.0372596 0.0929487 0.325195
1 0.515024 0.502671 0.0372596 0.0929487 0.270508
1 0.515625 0.506544 0.0360577 0.0916133 0.280518
1 0.514123 0.502137 0.0348558 0.0854701 0.267334
1 0.513822 0.500534 0.0348557 0.0918803 0.270508
1 0.514123 0.503339 0.0348558 0.09375 0.31665
1 0.514724 0.503339 0.0366586 0.09375 0.276611
1 0.514123 0.504407 0.0342548 0.0916132 0.29248
1 0.514724 0.505876 0.0366586 0.0918804 0.294922
1 0.514423 0.502137 0.0336538 0.0897436 0.310791
1 0.514423 0.505475 0.0372596 0.0958867 0.294189
1 0.515024 0.505876 0.0348557 0.0929487 0.296631
1 0.515024 0.507479 0.0372596 0.0940171 0.27832
1 0.515024 0.504274 0.0360577 0.0950855 0.30249
1 0.513221 0.506277 0.0360577 0.0921474 0.370117
1 0.514123 0.501603 0.0366586 0.0918803 0.305664
1 0.515024 0.505208 0.0360577 0.0921474 0.313232
1 0.514123 0.505342 0.0348558 0.090812 0.332031
1 0.514123 0.504407 0.0354567 0.09375 0.380371
1 0.227013 0.167334 0.0276442 0.0464744 0.257568
1 0.513221 0.507345 0.0360577 0.0900107 0.27832
1 0.514423 0.503739 0.0366587 0.0918803 0.336426
1 0.514123 0.504273 0.0366586 0.090812 0.343262
1 0.514724 0.506544 0.0378606 0.0916133 0.374756
1 0.515024 0.505475 0.0372596 0.09375 0.341553
1 0.515625 0.505342 0.0360577 0.0950855 0.343262
1 0.514724 0.506277 0.0366586 0.0921474 0.282227
1 0.514423 0.50227 0.0360577 0.09375 0.312256
1 0.514423 0.503072 0.0390625 0.0942842 0.38208
1 0.226863 0.162393 0.0294471 0.0462073 0.276611
1 0.0649038 0.206197 0.0348558 0.0662393 0.272705
1 0.0414851 0.603633 0.0300105 0.0801282 0.26123
1 0.366587 0.643697 0.0276442 0.0715812 0.250244
1 0.514724 0.502671 0.0378606 0.0961539 0.432129
1 0.226863 0.16266 0.0288461 0.045406 0.332764
1 0.0423678 0.605235 0.030649 0.0790598 0.288574
1 0.0658053 0.207933 0.0353065 0.0659722 0.271973
1 0.876202 0.28312 0.0192307 0.0363248 0.270508
1 0.363281 0.643697 0.0252404 0.0694444 0.251709
1 0.515024 0.502671 0.0378606 0.0982906 0.417725
1 0.0659555 0.210203 0.0357572 0.0662393 0.317383
1 0.0414663 0.605769 0.0307993 0.0790598 0.31665
1 0.227013 0.163462 0.0303486 0.0480769 0.310791
1 0.367188 0.645299 0.0270433 0.0705128 0.283691
1 0.876803 0.283921 0.0204327 0.0379273 0.267334
1 0.515024 0.503739 0.0378606 0.0950855 0.475586
1 0.041748 0.605235 0.0294847 0.0758547 0.349609
1 0.0655799 0.210337 0.0342548 0.0643697 0.335449
1 0.226863 0.164263 0.0288461 0.0448718 0.318359
1 0.876803 0.282051 0.0192307 0.0352564 0.304932
1 0.367788 0.645299 0.0252404 0.0683761 0.303955
1 0.71875 0.764957 0.0288462 0.0331196 0.279785
1 0.514123 0.5 0.0372596 0.0961539 0.518555
1 0.0415415 0.602564 0.0292969 0.0779915 0.373047
1 0.0655048 0.209535 0.0345553 0.0649039 0.342529
1 0.226863 0.161859 0.0288461 0.045406 0.318359
1 0.876803 0.282586 0.0192307 0.0331196 0.318359
1 0.367188 0.643162 0.0252404 0.0705128 0.305664
1 0.719952 0.764957 0.0288461 0.0309829 0.304932
1 0.942308 0.254274 0.0300481 0.0373932 0.269775
1 0.514123 0.502003 0.0360577 0.0942842 0.474609
1 0.226562 0.16226 0.0288462 0.045406 0.345215
1 0.041241 0.602564 0.0294471 0.0747863 0.34082
1 0.0652794 0.209001 0.0341046 0.0675748 0.335449
1 0.876202 0.282051 0.0192307 0.034188 0.331055
1 0.71875 0.764957 0.0288462 0.0331196 0.291748
1 0.36238 0.642094 0.0264423 0.0705128 0.290283
1 0.942308 0.254541 0.0288461 0.0384615 0.259766
1 0.514423 0.501603 0.0372596 0.0961539 0.541016
1 0.226713 0.16266 0.0288461 0.0448718 0.401611
1 0.0417856 0.602564 0.030311 0.0769231 0.390381
1 0.065655 0.209669 0.0345553 0.0662393 0.38208
1 0.876803 0.280983 0.0192307 0.0352564 0.368408
1 0.367488 0.642628 0.0264423 0.0694444 0.337158
1 0.719351 0.764423 0.0300481 0.0341881 0.336426
1 0.942909 0.254541 0.03125 0.0395299 0.307373
1 0.484375 0.290064 0.0222356 0.0523504 0.262939
1 0.465144 0.649573 0.0210337 0.034188 0.254639
1 0.515024 0.500935 0.0360577 0.0942842 0.494141
1 0.0424993 0.603633 0.0297852 0.0769231 0.354004
1 0.226863 0.162393 0.0285457 0.045406 0.350342
1 0.876803 0.281517 0.0192307 0.0352564 0.342529
1 0.0658804 0.209936 0.0336538 0.0651709 0.334473
1 0.71875 0.763889 0.0288462 0.0331197 0.320068
1 0.367788 0.644231 0.0264423 0.0683761 0.297363
1 0.942909 0.255075 0.03125 0.0400641 0.271973
1 0.484375 0.290064 0.0216346 0.0523504 0.250244
1 0.515024 0.502137 0.0360577 0.0950854 0.535156
1 0.226863 0.16266 0.0294471 0.0443376 0.38208
1 0.876202 0.281784 0.0192307 0.0347222 0.373047
1 0.0418983 0.60203 0.0300856 0.0758547 0.369385
1 0.71875 0.764957 0.0300481 0.034188 0.345215
1 0.0653546 0.21047 0.0339543 0.0646368 0.334473
1 0.367788 0.643162 0.0270433 0.0683761 0.325928
1 0.942909 0.255342 0.03125 0.0395299 0.293457
1 0.484375 0.28953 0.0222356 0.0523504 0.262207
1 0.465144 0.649038 0.0216346 0.0352564 0.258301
1 0.514423 0.502003 0.0372596 0.0942842 0.532227
1 0.226262 0.161859 0.0300481 0.045406 0.395996
1 0.876202 0.282586 0.0204327 0.0352564 0.371094
1 0.0421424 0.602564 0.0297476 0.0747863 0.368408
1 0.0655048 0.210737 0.0342548 0.0651709 0.350342
1 0.71875 0.764957 0.0300481 0.034188 0.348633
1 0.367488 0.642094 0.0264423 0.0683761 0.321777
1 0.9375 0.256944 0.03125 0.0384615 0.299805
1 0.484075 0.290331 0.0222356 0.053953 0.257568
1 0.515325 0.501068 0.0360577 0.0961539 0.530273
1 0.226562 0.163595 0.0294471 0.0448718 0.386719
1 0.0424993 0.602564 0.0291842 0.0758547 0.369385
1 0.876803 0.28125 0.0192307 0.034188 0.365723
1 0.719351 0.763889 0.0288462 0.034188 0.358398
1 0.0658053 0.209802 0.0336538 0.0659722 0.338135
1 0.368089 0.643162 0.0264423 0.0683761 0.334473
1 0.94351 0.254808 0.03125 0.0384615 0.318359
1 0.484976 0.28953 0.0216346 0.0534188 0.273682
1 0.465144 0.649573 0.0216346 0.034188 0.256836
1 0.515625 0.503205 0.0360577 0.0950855 0.533203
1 0.226863 0.162927 0.0300481 0.0464744 0.381104
1 0.0422363 0.603633 0.02971 0.0769231 0.380371
1 0.367488 0.643697 0.0264423 0.0694444 0.362061
1 0.719351 0.764957 0.0300481 0.034188 0.355713
1 0.876803 0.282051 0.0204327 0.0347222 0.352295
1 0.0658053 0.210737 0.0348558 0.0667735 0.324219
1 0.942308 0.255609 0.03125 0.0400641 0.320801
1 0.465144 0.650641 0.0216346 0.0363248 0.279053
1 0.484375 0.290865 0.0222356 0.0550214 0.259766
1 0.515024 0.503739 0.0360577 0.0940171 0.545898
1 0.226863 0.16226 0.0294471 0.0451389 0.393311
1 0.0423866 0.603633 0.0300105 0.0769231 0.371094
1 0.877404 0.281784 0.0204327 0.034188 0.358398
1 0.0658804 0.211271 0.0345553 0.0657051 0.351318
1 0.719952 0.764957 0.0300481 0.0331196 0.345215
1 0.367788 0.644231 0.0264423 0.0683761 0.341553
1 0.941106 0.259615 0.03125 0.0363248 0.309082
1 0.465144 0.650107 0.0216346 0.034188 0.258301
1 0.484375 0.290598 0.0222356 0.0523504 0.254639
1 0.515325 0.50414 0.0360577 0.0942842 0.563965
1 0.226863 0.163462 0.0288461 0.0443376 0.407227
1 0.0419922 0.603633 0.0303486 0.0769231 0.379395
1 0.877404 0.28312 0.0192307 0.0352564 0.369385
1 0.0657302 0.210871 0.0347055 0.0665064 0.36377
1 0.719351 0.764957 0.0300481 0.034188 0.356689
1 0.363582 0.643162 0.0264423 0.0683761 0.354004
1 0.942308 0.25641 0.03125 0.0395299 0.312256
1 0.465144 0.650107 0.0210337 0.0352564 0.274414
1 0.484375 0.290598 0.0216346 0.0523504 0.256104
1 0.515024 0.504274 0.0360577 0.0940171 0.537109
1 0.226562 0.162927 0.0294471 0.045406 0.377441
1 0.041842 0.604701 0.0304988 0.0769231 0.362061
1 0.877404 0.282586 0.0216346 0.0352564 0.346924
1 0.0658804 0.211138 0.035607 0.0665064 0.344238
1 0.362981 0.643162 0.0276442 0.0705128 0.34082
1 0.719351 0.764957 0.03125 0.034188 0.332031
1 0.940505 0.26015 0.0324519 0.0373932 0.304932
1 0.464844 0.650107 0.0216346 0.0352564 0.255371
1 0.515024 0.50414 0.0360577 0.0942842 0.561035
1 0.226562 0.162927 0.0294471 0.0459402 0.403564
1 0.0420861 0.604701 0.030311 0.0769231 0.373779
1 0.876803 0.282586 0.0204327 0.0352564 0.37207
1 0.362981 0.642628 0.0276442 0.0694444 0.356689
1 0.71875 0.764423 0.03125 0.0331196 0.35498
1 0.0657302 0.211405 0.035006 0.0665064 0.347656
1 0.939904 0.259615 0.0324519 0.0384616 0.321777
1 0.464844 0.649573 0.0216346 0.0352564 0.27124
1 0.484075 0.291132 0.0228365 0.0534188 0.250244
1 0.515024 0.503072 0.0360577 0.0942842 0.541992
1 0.226562 0.163194 0.0291466 0.0459402 0.386719
1 0.0422927 0.603633 0.0298978 0.0769231 0.363037
1 0.719351 0.764957 0.0300481 0.0331196 0.343262
1 0.877404 0.28312 0.0192307 0.034188 0.336426
1 0.362981 0.642094 0.0264423 0.0694444 0.335449
1 0.0657302 0.211271 0.0348558 0.0662393 0.334473
1 0.939904 0.258814 0.0336538 0.0379274 0.312256
1 0.465144 0.649573 0.0216346 0.034188 0.259033
1 0.515024 0.50414 0.0360577 0.0942842 0.551758
1 0.226562 0.163194 0.0294471 0.045406 0.405518
1 0.0421988 0.603633 0.0300856 0.0769231 0.374756
1 0.719351 0.764957 0.0300481 0.0331196 0.355713
1 0.877404 0.28312 0.0192307 0.034188 0.354004
1 0.065655 0.211271 0.0348558 0.0662393 0.349609
1 0.362981 0.643162 0.0276442 0.0683761 0.349609
1 0.942308 0.25641 0.0324519 0.0400641 0.319092
1 0.465144 0.649573 0.0216346 0.034188 0.273682
1 0.514123 0.502003 0.0360577 0.0942842 0.474609
1 0.226562 0.16226 0.0288462 0.045406 0.344238
1 0.0413349 0.602564 0.0294096 0.0747863 0.34082
1 0.0652794 0.209001 0.0341046 0.0675748 0.335449
1 0.876202 0.282051 0.0192307 0.034188 0.331055
1 0.71875 0.764957 0.0288462 0.0331196 0.291748
1 0.36238 0.642094 0.0264423 0.0705128 0.289307
1 0.942308 0.254541 0.0288461 0.0384615 0.259766
