1 0.585938 0.962607 0.0324519 0.051282 0.309814
1 0.0468562 0.686966 0.0177659 0.0534189 0.270508
1 0.0665565 0.378739 0.0345553 0.0630342 0.250977
1 0.470252 0.735043 0.0745193 0.153846 0.479492
1 0.273513 0.691239 0.0335036 0.059829 0.264404
1 0.119591 0.722222 0.0423678 0.059829 0.262939
1 0.100811 0.581197 0.0465745 0.0833333 0.250244
1 0.270433 0.690171 0.0336539 0.0598291 0.277588
1 0.0665565 0.379274 0.047476 0.0897436 0.276611
1 0.585938 0.96688 0.0372596 0.0555556 0.262939
1 0.0661058 0.380876 0.0450721 0.0801282 0.393311
1 0.26893 0.685363 0.0366587 0.0534188 0.335449
1 0.467548 0.726496 0.0739182 0.134615 0.266602
1 0.121357 0.720086 0.0451472 0.0662393 0.262939
1 0.100811 0.565171 0.0594952 0.0982906 0.262207
1 0.0655048 0.380342 0.0456731 0.0726496 0.264404
1 0.0664814 0.383013 0.0443209 0.0769231 0.275879
1 0.469351 0.728098 0.0739182 0.148504 0.256836
1 0.274038 0.689103 0.0372596 0.0662393 0.253174
1 0.457933 0.706197 0.0396635 0.100427 0.253174
1 0.271635 0.690171 0.0360577 0.0587607 0.327637
1 0.0673828 0.387286 0.0497296 0.0801282 0.297363
1 0.0679087 0.378739 0.0423678 0.0758547 0.360352
1 0.121094 0.718483 0.0402644 0.0694444 0.288574
1 0.065655 0.380342 0.0444712 0.0726496 0.269043
1 0.0679087 0.383547 0.0483774 0.0811966 0.299805
1 0.103065 0.576923 0.0600962 0.0961539 0.291016
1 0.119441 0.720086 0.0459736 0.0769231 0.277588
1 0.274038 0.692308 0.0354567 0.0576923 0.27124
1 0.0651292 0.384882 0.0459736 0.0763889 0.321777
1 0.119141 0.722222 0.0450721 0.0683761 0.255371
1 0.273438 0.690705 0.0378606 0.0619659 0.269775
1 0.066256 0.384882 0.0432692 0.0785256 0.264404
1 0.0665565 0.390224 0.0435697 0.0817308 0.34082
1 0.273137 0.694444 0.0348558 0.0587607 0.307373
1 0.119554 0.719017 0.0421424 0.0662393 0.286865
1 0.273438 0.691239 0.0354567 0.0619658 0.305664
1 0.066256 0.385417 0.0423678 0.0731838 0.287842
1 0.100511 0.575855 0.0561899 0.0940171 0.251709
1 0.273137 0.689103 0.0354567 0.0587607 0.310791
1 0.0670072 0.38515 0.0450721 0.0779914 0.308105
1 0.725962 0.752137 0.0384615 0.0363248 0.307373
1 0.11899 0.720086 0.046274 0.068376 0.299805
1 0.63762 0.856303 0.0276443 0.0523504 0.250977
1 0.118652 0.723291 0.0457482 0.0683761 0.286865
1 0.0664062 0.386752 0.0432692 0.0726496 0.284668
1 0.272837 0.692308 0.0360577 0.0619658 0.27832
1 0.119253 0.722222 0.0463492 0.0705129 0.276611
1 0.272236 0.691774 0.0342548 0.0587607 0.265869
1 0.0679087 0.385684 0.0435697 0.0785256 0.289307
1 0.271935 0.690171 0.0354567 0.0630342 0.262939
1 0.0673828 0.386752 0.0410156 0.0678419 0.309814
1 0.120831 0.722222 0.0431941 0.0662393 0.276611
1 0.273438 0.693376 0.0348558 0.0534188 0.265869
1 0.0679087 0.39156 0.0480769 0.0892094 0.26123
1 0.271935 0.690705 0.031851 0.0566239 0.253906
1 0.0652794 0.386218 0.0470252 0.0753205 0.332764
1 0.271334 0.691774 0.0384615 0.0641026 0.296631
1 0.118652 0.719551 0.0463492 0.0715812 0.268066
1 0.120493 0.720086 0.046875 0.0662393 0.303955
1 0.0655048 0.385684 0.0450721 0.0747863 0.276611
1 0.272837 0.690705 0.0354568 0.0608974 0.314941
1 0.11869 0.720086 0.0438702 0.0641026 0.289307
1 0.0656551 0.384882 0.0414664 0.071047 0.284668
1 0.272536 0.691773 0.0354568 0.0555555 0.268066
1 0.119291 0.722756 0.0450721 0.0630341 0.266602
1 0.271935 0.691239 0.0378606 0.059829 0.294922
1 0.0658053 0.384882 0.0432692 0.0715812 0.256836
1 0.0661058 0.387286 0.0456731 0.0753205 0.343262
1 0.117939 0.724359 0.0465745 0.0683761 0.31665
1 0.271034 0.693376 0.0372596 0.0576923 0.283691
1 0.0665565 0.388622 0.0417668 0.0785256 0.296631
1 0.587139 0.969017 0.0372596 0.0470086 0.266602
1 0.0677584 0.384081 0.0444712 0.0726496 0.31665
1 0.272236 0.691239 0.0336538 0.059829 0.309082
1 0.120455 0.72062 0.0457482 0.0641026 0.271973
1 0.0442458 0.696581 0.0255409 0.0587607 0.255371
1 0.066857 0.384882 0.0447716 0.0827992 0.300781
1 0.121995 0.721154 0.0444712 0.0705129 0.250977
1 0.065655 0.388889 0.0447716 0.0801282 0.320068
1 0.272161 0.693376 0.0362079 0.0641025 0.265137
1 0.119742 0.723825 0.0441707 0.0694444 0.253906
1 0.0664062 0.384081 0.0435697 0.0801282 0.265137
1 0.273438 0.693376 0.0336539 0.059829 0.357666
1 0.0670072 0.385684 0.0417668 0.0737179 0.338867
1 0.121056 0.725427 0.0427434 0.0683761 0.337158
1 0.723558 0.751603 0.0384615 0.0363248 0.290283
1 0.58774 0.970086 0.0384615 0.0470086 0.275146
1 0.12053 0.722222 0.0474008 0.0683761 0.311523
1 0.0676833 0.385684 0.0450721 0.079594 0.309814
1 0.272536 0.692308 0.0348558 0.0555556 0.304932
1 0.724159 0.752671 0.0408654 0.0373932 0.284668
1 0.58774 0.967949 0.0396635 0.0480769 0.267334
1 0.0673077 0.385684 0.0453726 0.0737179 0.377441
1 0.120643 0.723291 0.046875 0.0662393 0.311523
1 0.271635 0.691239 0.0354567 0.0566239 0.310791
1 0.101262 0.577991 0.0570914 0.0854701 0.291016
1 0.587891 0.96688 0.0405649 0.0470086 0.280518
1 0.72476 0.750534 0.0408654 0.0373932 0.271973
1 0.0659555 0.387821 0.0435697 0.0769231 0.379395
1 0.119591 0.725427 0.0459736 0.0641026 0.349609
1 0.0991587 0.580128 0.0558894 0.0833333 0.321777
1 0.272236 0.693376 0.0354567 0.0587607 0.320068
1 0.58774 0.967949 0.0372596 0.0470086 0.268066
1 0.0667819 0.386218 0.0458233 0.0790598 0.313965
1 0.119591 0.724359 0.046274 0.0619659 0.275879
1 0.270959 0.693376 0.0338041 0.0544872 0.259033
1 0.101187 0.577457 0.0578426 0.0854701 0.256836
1 0.0664814 0.386218 0.0419171 0.0731838 0.335449
1 0.271935 0.693376 0.0354567 0.0576923 0.287842
1 0.119591 0.725427 0.0444712 0.0630342 0.266602
1 0.0660306 0.386218 0.0440204 0.0758547 0.328613
1 0.270959 0.692308 0.0362079 0.059829 0.295898
1 0.119253 0.722756 0.0469501 0.0662393 0.2854
1 0.58774 0.96688 0.0384615 0.0470086 0.268066
1 0.723558 0.752137 0.0432693 0.0384616 0.265137
1 0.0664062 0.38515 0.0426683 0.0747863 0.357666
1 0.271635 0.693376 0.0354567 0.059829 0.332764
1 0.0996094 0.576923 0.0546875 0.0876069 0.296631
1 0.11854 0.723291 0.0459736 0.0705129 0.288574
1 0.58759 0.96688 0.0363582 0.042735 0.259033
1 0.0434195 0.696581 0.0232873 0.0576923 0.250977
1 0.0658804 0.389156 0.0423678 0.0758547 0.35498
1 0.271935 0.69391 0.0360577 0.0587607 0.31665
1 0.11884 0.725427 0.0453726 0.0641026 0.308105
1 0.723558 0.754273 0.0384615 0.0341881 0.255371
1 0.0660307 0.388889 0.0476262 0.0844017 0.390381
1 0.11899 0.717949 0.0486779 0.068376 0.36377
1 0.270733 0.69391 0.0336539 0.0608974 0.331055
1 0.688101 0.293803 0.0276442 0.082265 0.272705
1 0.723558 0.751603 0.0408654 0.0352564 0.269775
1 0.588341 0.96688 0.0384615 0.042735 0.265869
1 0.0434195 0.696581 0.023137 0.0576923 0.254639
1 0.0661058 0.386218 0.0465745 0.0769231 0.27832
1 0.119441 0.722222 0.0459736 0.0662393 0.27832
1 0.271935 0.692308 0.0360577 0.0619658 0.262207
1 0.0673077 0.386752 0.0444712 0.0747863 0.266602
1 0.271935 0.694444 0.0354567 0.0576923 0.251709
1 0.0663311 0.388355 0.0464243 0.0811966 0.357666
1 0.120493 0.722222 0.0450721 0.0683761 0.318359
1 0.724159 0.75 0.0396635 0.034188 0.297363
1 0.271034 0.691239 0.0348558 0.0576923 0.291748
1 0.58774 0.964744 0.0384615 0.0448718 0.262207
1 0.273362 0.694444 0.035006 0.0576923 0.307373
1 0.723558 0.752137 0.0396635 0.0405983 0.30249
1 0.120793 0.723291 0.0441707 0.0683761 0.294189
1 0.0679087 0.387821 0.0426683 0.0790598 0.267334
1 0.0659555 0.385951 0.0483774 0.0801282 0.338135
1 0.120192 0.724359 0.0456731 0.0673077 0.277588
1 0.27216 0.693376 0.035006 0.059829 0.267334
1 0.0664062 0.385684 0.0438702 0.0742522 0.36377
1 0.120155 0.723291 0.0451472 0.0662393 0.327637
1 0.27171 0.692308 0.0347055 0.0576923 0.312256
1 0.58774 0.967949 0.0396635 0.0448719 0.290283
1 0.723558 0.748932 0.0408654 0.0384615 0.269043
1 0.0670072 0.385417 0.0489784 0.0833333 0.384033
1 0.119629 0.723291 0.0474008 0.0641026 0.376709
1 0.271935 0.692308 0.0342548 0.0555556 0.311523
1 0.588942 0.96688 0.0396635 0.0470086 0.289307
1 0.724159 0.751068 0.0420673 0.034188 0.280518
1 0.100661 0.576389 0.0561899 0.0886752 0.272705
1 0.0659555 0.387019 0.0459736 0.0774572 0.366699
1 0.11884 0.722756 0.046274 0.0673077 0.334473
1 0.723558 0.75 0.0408654 0.0363247 0.284668
1 0.6875 0.2914 0.0264423 0.0806624 0.282959
1 0.587139 0.967949 0.0396635 0.0470086 0.272705
1 0.271034 0.692308 0.0324519 0.0576923 0.254639
1 0.120455 0.721154 0.0451472 0.0662393 0.34082
1 0.0660307 0.385684 0.0438702 0.0758547 0.334473
1 0.27156 0.692842 0.0338041 0.0555556 0.27124
1 0.72476 0.751068 0.0384615 0.0320513 0.269043
1 0.0661058 0.384615 0.0438702 0.0790598 0.29834
1 0.120643 0.721154 0.0444712 0.0662393 0.282227
1 0.724159 0.751068 0.0396635 0.0405983 0.281494
1 0.273137 0.691239 0.0342548 0.0576923 0.26123
1 0.0654297 0.387286 0.04372 0.0705128 0.331055
1 0.118352 0.722222 0.0451472 0.0662393 0.294189
1 0.0661058 0.385417 0.0438702 0.0763889 0.311523
1 0.120831 0.721688 0.045598 0.0694445 0.282227
1 0.0664062 0.386752 0.0426683 0.0753205 0.323486
1 0.120643 0.723291 0.0441707 0.0662393 0.299072
1 0.723558 0.752137 0.0396635 0.0341881 0.26123
1 0.272761 0.692308 0.035006 0.0608974 0.260498
1 0.119141 0.721154 0.046875 0.0683761 0.325928
1 0.723558 0.751068 0.0384615 0.0352564 0.307373
1 0.269231 0.689103 0.0360577 0.0566239 0.295898
1 0.0656551 0.386218 0.0435697 0.0726496 0.291748
1 0.58759 0.968483 0.0363582 0.0438035 0.259033
1 0.0661809 0.385684 0.0447716 0.0790598 0.324219
1 0.120831 0.721688 0.045598 0.0683761 0.320801
1 0.272236 0.691239 0.0348558 0.059829 0.288574
1 0.066256 0.384081 0.0423678 0.0726496 0.313965
1 0.120192 0.720086 0.0441707 0.0673077 0.29834
1 0.0671575 0.386485 0.0432692 0.0731838 0.332031
1 0.120455 0.723291 0.0439453 0.0641026 0.301514
1 0.686298 0.291667 0.03125 0.0811966 0.291016
1 0.272536 0.692308 0.0348558 0.0576923 0.256836
1 0.0667067 0.386485 0.0450721 0.0758547 0.338867
1 0.120343 0.72062 0.0441707 0.0673077 0.313965
1 0.58774 0.968483 0.0372596 0.0448718 0.264404
1 0.0667819 0.393697 0.0453726 0.082265 0.291748
1 0.119591 0.723291 0.0477764 0.0683761 0.290283
1 0.6875 0.29594 0.0324519 0.0876068 0.287842
1 0.0660307 0.388088 0.0453726 0.0763889 0.344238
1 0.120155 0.722222 0.0451472 0.0630342 0.313965
1 0.0671575 0.387286 0.0456731 0.0774573 0.304932
1 0.120042 0.722222 0.0456731 0.0662393 0.284668
1 0.723558 0.751068 0.0384615 0.0363248 0.252441
1 0.0672326 0.386218 0.0458233 0.0790598 0.318359
1 0.120155 0.721154 0.0445463 0.0662393 0.279785
1 0.0661058 0.386752 0.0432692 0.0737179 0.338135
1 0.118953 0.721154 0.0451472 0.0641025 0.282227
1 0.271034 0.691239 0.0342548 0.0576923 0.259766
1 0.066256 0.385684 0.0459736 0.0758547 0.369385
1 0.119591 0.721688 0.0459736 0.0662393 0.293457
1 0.0665565 0.385684 0.0455228 0.0758547 0.381104
1 0.120042 0.721688 0.046875 0.0673077 0.311523
1 0.0669321 0.385684 0.0434195 0.0715812 0.388672
1 0.120493 0.721688 0.0453726 0.0641026 0.315674
1 0.723558 0.75 0.0408654 0.0384616 0.277588
1 0.0667067 0.387019 0.0429688 0.0742521 0.44165
1 0.11884 0.722222 0.046875 0.0662393 0.360352
1 0.272236 0.693376 0.0348558 0.0576923 0.277588
1 0.724159 0.75 0.0396635 0.0363247 0.272705
1 0.688702 0.293536 0.0288461 0.0827992 0.26123
1 0.637019 0.855769 0.0288462 0.0534188 0.259033
1 0.58759 0.970086 0.0363582 0.042735 0.253906
1 0.0656551 0.387821 0.0434195 0.0769231 0.320801
1 0.120042 0.723291 0.0456731 0.0683761 0.283691
1 0.722356 0.750534 0.0408654 0.0373932 0.262939
1 0.0664062 0.386752 0.0450721 0.0779914 0.438721
1 0.120793 0.720086 0.0456731 0.0662393 0.329346
1 0.273513 0.691239 0.0371094 0.059829 0.257568
1 0.0669321 0.387553 0.0432692 0.0753205 0.387695
1 0.120192 0.722222 0.0456731 0.0641025 0.309814
1 0.724159 0.749466 0.0384615 0.0363248 0.286865
1 0.688101 0.290598 0.0300481 0.082265 0.268066
1 0.0664062 0.387821 0.046875 0.0779915 0.44751
1 0.120042 0.723825 0.046274 0.065171 0.356689
1 0.723558 0.75 0.0408654 0.0384616 0.29248
1 0.271635 0.692308 0.0366586 0.0608974 0.262207
1 0.58774 0.969017 0.0396635 0.0470086 0.259766
1 0.688702 0.294338 0.0288461 0.0844017 0.250977
1 0.0659555 0.386752 0.0459736 0.0779914 0.419678
1 0.12053 0.722222 0.0461989 0.0662393 0.351318
1 0.723558 0.751068 0.0408654 0.0405983 0.305664
1 0.272536 0.692308 0.0366587 0.059829 0.250977
1 0.0670072 0.38515 0.0444712 0.0737179 0.38208
1 0.120042 0.722222 0.0471755 0.0662393 0.329346
1 0.272536 0.692308 0.0360577 0.059829 0.250244
1 0.0661058 0.387286 0.0450721 0.0747863 0.309082
1 0.120493 0.721154 0.0465745 0.0641025 0.296631
1 0.723558 0.751603 0.0408654 0.0363248 0.251709
1 0.0667067 0.387821 0.0449219 0.0758547 0.317383
1 0.120455 0.720086 0.0457482 0.0641026 0.309814
1 0.723558 0.75 0.0408654 0.0405983 0.26123
1 0.0664062 0.387821 0.046875 0.0785256 0.435059
1 0.120042 0.719017 0.0450721 0.0641026 0.390381
1 0.6875 0.290064 0.03125 0.0844017 0.321777
1 0.632212 0.853632 0.03125 0.051282 0.313232
1 0.26848 0.692308 0.0363582 0.059829 0.286865
1 0.0429688 0.707799 0.0253906 0.0587607 0.27832
1 0.58774 0.973291 0.0372596 0.0395299 0.263672
1 0.505709 0.48531 0.0246395 0.0571581 0.250244
1 0.0670072 0.387019 0.0435697 0.0758547 0.454346
1 0.120793 0.720086 0.0447716 0.0641026 0.394287
1 0.632812 0.854701 0.0288462 0.0491453 0.320068
1 0.72476 0.748932 0.0384615 0.0363247 0.319092
1 0.688101 0.291132 0.0288462 0.082265 0.31665
1 0.272761 0.69391 0.035006 0.0587607 0.310791
1 0.0434195 0.707265 0.0249399 0.0576923 0.308105
1 0.262921 0.857372 0.0168269 0.0384616 0.286133
1 0.677284 0.886752 0.0276443 0.0491453 0.281494
1 0.506611 0.487179 0.0228365 0.0534188 0.267334
1 0.0667067 0.387286 0.0441707 0.0758547 0.527344
1 0.120944 0.721688 0.0444712 0.0630341 0.435059
1 0.6875 0.292468 0.03125 0.0854701 0.344238
1 0.632212 0.856838 0.03125 0.0534188 0.335449
1 0.272536 0.693376 0.0354568 0.059829 0.33374
1 0.50631 0.487981 0.0240385 0.0550213 0.309082
1 0.0427997 0.706197 0.0255784 0.0576923 0.309082
1 0.676683 0.886752 0.0288462 0.0512821 0.290283
1 0.723558 0.75 0.0408654 0.0395299 0.273682
1 0.263221 0.856838 0.0174279 0.0405983 0.267334
1 0.099384 0.580128 0.0554387 0.0876069 0.258301
1 0.587891 0.975427 0.038161 0.042735 0.252441
1 0.0669321 0.385684 0.0438702 0.0737179 0.562012
1 0.12053 0.722222 0.0437951 0.0608974 0.483398
1 0.272912 0.692308 0.0347055 0.0587607 0.377441
1 0.632212 0.855769 0.0288462 0.0502137 0.338135
1 0.0988582 0.578526 0.0555889 0.0844017 0.331055
1 0.688101 0.293269 0.0300481 0.0817308 0.320801
1 0.50631 0.486645 0.0234375 0.0544872 0.319092
1 0.0430439 0.705662 0.0246394 0.0566239 0.306641
1 0.724159 0.75 0.0396635 0.0373932 0.299805
1 0.263221 0.855769 0.0168269 0.0384616 0.288574
1 0.58774 0.974359 0.0372596 0.042735 0.276611
1 0.676683 0.88515 0.0264423 0.048077 0.273682
1 0.560998 0.275641 0.0198317 0.036859 0.256836
1 0.554688 0.277778 0.0192307 0.036859 0.250244
1 0.0667819 0.383547 0.0443209 0.073718 0.615234
1 0.119742 0.720086 0.0456731 0.0619658 0.53125
1 0.271935 0.691239 0.0348558 0.0576923 0.427246
1 0.632212 0.853632 0.0288462 0.051282 0.397949
1 0.0987831 0.575321 0.0563401 0.0865384 0.363037
1 0.506611 0.486111 0.0216346 0.0523504 0.35498
1 0.6875 0.2914 0.03125 0.0817308 0.323486
1 0.724159 0.748932 0.0384615 0.0384615 0.321777
1 0.588341 0.974359 0.0360577 0.0395299 0.320068
1 0.0431941 0.70406 0.0247897 0.0587607 0.310791
1 0.554688 0.277511 0.0204327 0.0357906 0.309082
1 0.263522 0.854167 0.0168269 0.0373932 0.300781
1 0.676683 0.883013 0.0276443 0.0502137 0.29248
1 0.0670072 0.383814 0.0443209 0.0747863 0.550781
1 0.120192 0.720086 0.0441707 0.0641026 0.488281
1 0.272536 0.693376 0.0336538 0.0576923 0.373779
1 0.632212 0.854701 0.0288462 0.0491453 0.360352
1 0.0999099 0.576923 0.054988 0.0854701 0.358398
1 0.6875 0.294071 0.0288462 0.0785256 0.350342
1 0.50601 0.488248 0.0216346 0.0534188 0.33374
1 0.724159 0.750534 0.0396635 0.0363248 0.310791
1 0.262921 0.856303 0.016226 0.0363248 0.304932
1 0.554387 0.278312 0.0192308 0.0352564 0.299805
1 0.0425932 0.70406 0.0249399 0.0566239 0.29834
1 0.676683 0.884081 0.0264423 0.0502137 0.275146
1 0.0664062 0.384615 0.0444712 0.0747863 0.628906
1 0.120155 0.720086 0.0439453 0.0641026 0.563965
1 0.272837 0.692842 0.0354568 0.0576923 0.438721
1 0.632812 0.853632 0.0288462 0.0491453 0.414795
1 0.506611 0.486912 0.0240385 0.053953 0.373047
1 0.0991587 0.577457 0.0555889 0.0865385 0.358398
1 0.724159 0.748932 0.0396635 0.0373932 0.355713
1 0.6875 0.292735 0.0288462 0.0822649 0.347656
1 0.043288 0.70406 0.0258038 0.0576923 0.343262
1 0.554688 0.276175 0.0192307 0.0363248 0.329346
1 0.263522 0.854701 0.0168269 0.0384616 0.327637
1 0.677284 0.883547 0.0276443 0.0491453 0.317383
1 0.58774 0.974359 0.0384615 0.0416667 0.306641
1 0.314603 0.058961 0.03125 0.0615652 0.256836
1 0.0664062 0.384081 0.0435697 0.0726496 0.584961
1 0.119929 0.720086 0.044396 0.0630342 0.511719
1 0.272536 0.692308 0.0360577 0.0587607 0.400635
1 0.632812 0.853098 0.0288462 0.0512821 0.383057
1 0.507212 0.486645 0.0228365 0.0544872 0.366699
1 0.688101 0.294872 0.0288462 0.0801282 0.36377
1 0.723558 0.748932 0.0384615 0.0384615 0.332764
1 0.0990084 0.576923 0.054387 0.082265 0.319092
1 0.0435697 0.702991 0.0255409 0.0534188 0.308105
1 0.58774 0.974359 0.0372596 0.0416667 0.304932
1 0.263221 0.853632 0.016226 0.0384616 0.299072
1 0.554688 0.276709 0.0192307 0.0357906 0.297363
1 0.677284 0.883547 0.0276443 0.0491453 0.293457
1 0.314904 0.0606303 0.03125 0.0611645 0.257568
1 0.0658053 0.385417 0.0450721 0.0721154 0.598145
1 0.119591 0.721154 0.0450721 0.0619658 0.526367
1 0.272236 0.692308 0.0354567 0.056624 0.440674
1 0.632812 0.853632 0.0300481 0.0491453 0.412109
1 0.506611 0.486912 0.0228365 0.053953 0.39502
1 0.688702 0.295673 0.0288461 0.079594 0.386719
1 0.723558 0.748932 0.0408654 0.0363247 0.379395
1 0.554387 0.278045 0.0198317 0.0363248 0.330322
1 0.0435697 0.702991 0.0258413 0.0534188 0.323486
1 0.676683 0.883547 0.0288462 0.0480769 0.319092
1 0.262921 0.854167 0.0168269 0.0384616 0.313965
1 0.587891 0.975427 0.038161 0.0405983 0.282959
1 0.0988582 0.576923 0.0555889 0.0833333 0.279053
1 0.0664062 0.385684 0.0429688 0.0726496 0.597168
1 0.120493 0.721154 0.0435697 0.0619658 0.517578
1 0.272761 0.692308 0.035006 0.0576923 0.442627
1 0.632212 0.854167 0.0300481 0.0502136 0.413086
1 0.723558 0.75 0.0408654 0.0373932 0.398926
1 0.50601 0.486645 0.0228365 0.0544872 0.391357
1 0.6875 0.294605 0.0288462 0.0790598 0.362061
1 0.676683 0.882479 0.0264423 0.048077 0.329346
1 0.0435697 0.70406 0.0253906 0.0534188 0.327637
1 0.554688 0.277778 0.0204327 0.036859 0.325928
1 0.262921 0.853632 0.0174279 0.0384616 0.309814
1 0.587139 0.975427 0.0372596 0.0405983 0.283691
1 0.0988582 0.577991 0.0546875 0.0811966 0.275146
1 0.0667067 0.383814 0.04372 0.0726496 0.630859
1 0.120944 0.721154 0.0432692 0.0630342 0.537109
1 0.272761 0.691239 0.035006 0.0587607 0.452393
1 0.632212 0.854167 0.0288462 0.0502136 0.405518
1 0.506611 0.486111 0.0228365 0.0544872 0.387695
1 0.688702 0.293803 0.0288461 0.0811966 0.377441
1 0.724159 0.750534 0.0396635 0.0373932 0.370117
1 0.0440204 0.702991 0.0250901 0.0534188 0.338867
1 0.554688 0.277778 0.0192307 0.036859 0.336426
1 0.262921 0.854701 0.016226 0.0384616 0.324219
1 0.677284 0.883547 0.0264423 0.0470085 0.317383
1 0.0993089 0.577457 0.054988 0.082265 0.31665
1 0.58774 0.974359 0.0372596 0.0405983 0.301514
1 0.0665565 0.38515 0.0444712 0.0737179 0.624512
1 0.120643 0.721688 0.0447716 0.0630341 0.525391
1 0.272837 0.691239 0.0360577 0.059829 0.452393
1 0.723558 0.750534 0.0408654 0.0395299 0.421631
1 0.632812 0.854167 0.0300481 0.0512821 0.416748
1 0.50601 0.487179 0.0240385 0.0555556 0.379395
1 0.688702 0.292735 0.0288461 0.0817308 0.352295
1 0.0437012 0.70406 0.0252779 0.0555556 0.33374
1 0.554688 0.277778 0.0204327 0.036859 0.332031
1 0.263221 0.854701 0.0168269 0.0384616 0.320068
1 0.0996094 0.578526 0.0567909 0.0822649 0.311523
1 0.676683 0.883547 0.0264423 0.0502137 0.309814
1 0.587891 0.975427 0.038161 0.042735 0.279785
1 0.066256 0.38515 0.0443209 0.0726496 0.628906
1 0.120192 0.722222 0.0450721 0.0630342 0.53418
1 0.272837 0.692308 0.0360577 0.059829 0.44458
1 0.632812 0.853632 0.0300481 0.0502137 0.419678
1 0.723558 0.75 0.0408654 0.0384616 0.414062
1 0.688101 0.294338 0.0288462 0.0811966 0.380371
1 0.506611 0.488248 0.0234375 0.0544871 0.373779
1 0.0435697 0.70406 0.0250901 0.0555556 0.349609
1 0.263522 0.854167 0.0168269 0.0373932 0.326904
1 0.554988 0.277244 0.0198318 0.0352564 0.325928
1 0.677885 0.883013 0.0264423 0.0480769 0.314941
1 0.58774 0.975427 0.0372596 0.0405983 0.288574
1 0.099985 0.578526 0.0557392 0.0822649 0.287842
1 0.0664062 0.385684 0.0438702 0.0737179 0.629883
1 0.120343 0.722222 0.0444712 0.0641025 0.541016
1 0.272837 0.692308 0.0354568 0.059829 0.459961
1 0.723558 0.751068 0.0408654 0.0384616 0.442627
1 0.633413 0.854701 0.0288462 0.0512821 0.428223
1 0.688101 0.294071 0.0300481 0.0827992 0.42627
1 0.50631 0.488248 0.0234375 0.0544871 0.390381
1 0.043288 0.70406 0.0252028 0.0576923 0.361084
1 0.0995343 0.577991 0.0560397 0.0844017 0.343262
1 0.263221 0.854701 0.0168269 0.0384616 0.338135
1 0.554688 0.278312 0.0192307 0.0363248 0.331055
1 0.676683 0.883547 0.0264423 0.0491453 0.329346
1 0.58774 0.974359 0.0372596 0.0405983 0.313232
1 0.0664062 0.385951 0.0435697 0.0731838 0.616211
1 0.120831 0.722756 0.044396 0.0630341 0.513672
1 0.273137 0.692842 0.0354567 0.0587607 0.435791
1 0.632212 0.854701 0.03125 0.0512821 0.416748
1 0.723558 0.750534 0.0408654 0.0384616 0.414062
1 0.688101 0.294872 0.0300481 0.082265 0.397949
1 0.50601 0.488515 0.0240385 0.0550214 0.365723
1 0.0431941 0.70406 0.0255409 0.0576923 0.331055
1 0.263221 0.854701 0.0174279 0.0384616 0.324219
1 0.554688 0.278579 0.0204327 0.0363248 0.32251
1 0.676683 0.884081 0.0264423 0.0491453 0.314941
1 0.0999099 0.577991 0.0558894 0.0833333 0.312256
1 0.58774 0.974893 0.0372596 0.0416667 0.280518
1 0.0663311 0.385951 0.0428185 0.073718 0.629883
1 0.120493 0.721688 0.0444712 0.0641026 0.532227
1 0.272837 0.691774 0.0354568 0.0587607 0.458008
1 0.632212 0.853632 0.03125 0.051282 0.440674
1 0.723558 0.75 0.0396635 0.0395299 0.439697
1 0.688101 0.295139 0.0288462 0.0811966 0.411133
1 0.50631 0.488515 0.0240385 0.0550214 0.381104
1 0.263221 0.854701 0.0174279 0.0384616 0.355713
1 0.0433444 0.70406 0.0253906 0.0576923 0.342529
1 0.554688 0.278579 0.0204327 0.0363248 0.34082
1 0.677284 0.883547 0.0276443 0.0502137 0.32251
1 0.0995343 0.577991 0.0557392 0.0833333 0.30249
1 0.58759 0.974359 0.0363582 0.0405983 0.294189
1 0.0663311 0.385951 0.0428185 0.0731838 0.614258
1 0.120643 0.722222 0.0441707 0.0630342 0.526367
1 0.273137 0.692308 0.0354567 0.0587607 0.44751
1 0.723558 0.750534 0.0396635 0.0384616 0.415771
1 0.632812 0.853632 0.0300481 0.051282 0.414795
1 0.688702 0.295406 0.0288461 0.0801282 0.381104
1 0.50631 0.488782 0.0240385 0.0544872 0.365723
1 0.0435697 0.70406 0.0250901 0.0576923 0.332031
1 0.263522 0.854701 0.0168269 0.0384616 0.323486
1 0.554688 0.279113 0.0192307 0.0357906 0.313232
1 0.677284 0.883547 0.0276443 0.0491453 0.301514
1 0.0993089 0.577991 0.0558894 0.0833333 0.283691
1 0.58759 0.975427 0.0363582 0.0405983 0.275146
1 0.0661058 0.385951 0.0432692 0.0731838 0.625
1 0.120343 0.722222 0.0447716 0.0630342 0.543945
1 0.272837 0.692842 0.0354568 0.0587607 0.459961
1 0.632212 0.853632 0.03125 0.051282 0.434082
1 0.723558 0.750534 0.0408654 0.0384616 0.432129
1 0.688101 0.29594 0.0288462 0.0801282 0.385742
1 0.50631 0.488782 0.0240385 0.0544872 0.376709
1 0.0434383 0.70406 0.0252028 0.0576923 0.343262
1 0.554688 0.279113 0.0192307 0.0347222 0.329346
1 0.263221 0.854701 0.0174279 0.0384616 0.329346
1 0.0992338 0.577991 0.0557392 0.0833333 0.314941
1 0.677284 0.883013 0.0276443 0.0491453 0.311523
1 0.587139 0.974893 0.0372596 0.0405983 0.287842
1 0.0670072 0.383814 0.0443209 0.0747863 0.550781
1 0.120192 0.720086 0.0441707 0.0641026 0.488281
1 0.272536 0.693376 0.0336538 0.0576923 0.373779
1 0.632212 0.854701 0.0288462 0.0491453 0.360352
1 0.0999099 0.576923 0.054988 0.0854701 0.358398
1 0.6875 0.294071 0.0288462 0.0785256 0.350342
1 0.50601 0.488248 0.0216346 0.0534188 0.33374
1 0.724159 0.75 0.0396635 0.0363247 0.310791
1 0.262921 0.856303 0.016226 0.0363248 0.304932
1 0.554387 0.278312 0.0192308 0.0352564 0.299805
1 0.0425932 0.70406 0.0249399 0.0566239 0.29834
1 0.676683 0.884081 0.0264423 0.0502137 0.275146
