1 0.447416 0.229968 0.0673077 0.100962 0.252441
1 0.448918 0.239583 0.0769231 0.129808 0.358398
1 0.446514 0.230168 0.0721154 0.12086 0.418701
1 0.891827 0.650641 0.0480769 0.0555556 0.27124
1 0.447716 0.239049 0.0817308 0.123932 0.253906
1 0.448918 0.232639 0.0763221 0.115919 0.300781
1 0.956731 0.406784 0.0288462 0.073718 0.299805
1 0.95613 0.408387 0.0276443 0.079594 0.265869
1 0.449519 0.240919 0.078125 0.123932 0.265869
1 0.890625 0.650641 0.0528847 0.0619658 0.277588
1 0.891827 0.64797 0.0504807 0.056624 0.266602
1 0.889423 0.649038 0.0504808 0.0576923 0.310791
1 0.386418 0.395299 0.0793269 0.108974 0.313965
1 0.959135 0.40438 0.03125 0.0876069 0.259033
1 0.388522 0.39984 0.0727164 0.107906 0.250977
1 0.447115 0.237714 0.0745192 0.125534 0.343262
1 0.957933 0.410791 0.0324519 0.0854701 0.293457
1 0.448618 0.231771 0.0733173 0.116587 0.319092
1 0.956731 0.409989 0.0336538 0.0849359 0.276611
1 0.956731 0.411859 0.0336538 0.0801282 0.274414
1 0.888221 0.652778 0.048077 0.0555556 0.254639
1 0.957933 0.410256 0.03125 0.0769231 0.289307
1 0.387019 0.392628 0.0721154 0.0982906 0.263672
1 0.890024 0.652778 0.0516828 0.0598291 0.269043
1 0.957933 0.410523 0.03125 0.0758547 0.274414
1 0.478065 0.422276 0.0294471 0.0448718 0.253906
1 0.956731 0.413996 0.03125 0.073718 0.2854
1 0.888822 0.654915 0.0492789 0.0587607 0.279053
1 0.388522 0.399573 0.0763221 0.0988248 0.27832
1 0.955529 0.411859 0.03125 0.0758547 0.256836
1 0.477163 0.420406 0.0300481 0.0480769 0.275879
1 0.957933 0.409722 0.0288461 0.082265 0.251709
1 0.956731 0.412126 0.03125 0.0806624 0.272705
1 0.956731 0.411859 0.03125 0.0854701 0.325928
1 0.889423 0.646368 0.0504808 0.051282 0.289307
1 0.477163 0.421474 0.0300481 0.0480769 0.256104
1 0.890024 0.652778 0.0504807 0.0576923 0.325195
1 0.890024 0.65438 0.0480769 0.0598291 0.291748
1 0.889423 0.653312 0.0504808 0.0587607 0.30249
1 0.889423 0.652778 0.0504808 0.051282 0.310791
1 0.390024 0.401175 0.0757212 0.100427 0.286133
1 0.958534 0.41266 0.0288462 0.0833333 0.27124
1 0.889423 0.649038 0.0504808 0.0544872 0.307373
1 0.956731 0.402778 0.03125 0.0811966 0.281494
1 0.890024 0.653846 0.0492788 0.0544872 0.29834
1 0.890024 0.652778 0.0480769 0.0544872 0.263672
1 0.888221 0.651709 0.048077 0.0544872 0.282227
1 0.888221 0.651709 0.0504808 0.0555556 0.280518
1 0.476562 0.423344 0.0288462 0.0480769 0.257568
1 0.888822 0.649573 0.0504807 0.0555556 0.281494
1 0.956731 0.40438 0.03125 0.082265 0.265137
1 0.957332 0.403846 0.0264423 0.0769231 0.253174
1 0.956731 0.403312 0.03125 0.0790598 0.253174
1 0.888221 0.649573 0.0492788 0.0555556 0.265137
1 0.888822 0.649573 0.0516828 0.0555556 0.27124
1 0.386418 0.399306 0.0757211 0.100962 0.307373
1 0.889423 0.650641 0.0492788 0.0512821 0.264404
1 0.957332 0.40438 0.0300481 0.0779914 0.250977
1 0.957933 0.40438 0.03125 0.0774573 0.272705
1 0.476863 0.423344 0.0288462 0.0475427 0.269043
1 0.888822 0.650641 0.0492789 0.0555556 0.277588
1 0.957332 0.40438 0.03125 0.0833333 0.268066
1 0.888822 0.651709 0.0492789 0.0555556 0.272705
1 0.519832 0.139557 0.0336538 0.0430021 0.259766
1 0.958534 0.412393 0.03125 0.0822649 0.259766
1 0.386418 0.398504 0.078125 0.105769 0.256836
1 0.387019 0.398237 0.0757212 0.106303 0.263672
1 0.888221 0.650641 0.0492788 0.0512821 0.255371
1 0.476562 0.423878 0.0300481 0.0480769 0.301514
1 0.956731 0.411859 0.0336538 0.0811966 0.277588
1 0.889423 0.651709 0.0504808 0.0555556 0.271973
1 0.519832 0.134348 0.0300481 0.0416667 0.264404
1 0.194411 0.0314002 0.0234375 0.0483106 0.253174
1 0.888822 0.650641 0.0480769 0.0512821 0.320801
1 0.477163 0.43563 0.0300481 0.0486111 0.318359
1 0.519832 0.135951 0.0324519 0.0395299 0.313232
1 0.957933 0.411592 0.03125 0.0806624 0.270508
1 0.605769 0.307158 0.0288462 0.0459402 0.254639
1 0.888822 0.654915 0.0492789 0.051282 0.368408
1 0.476863 0.435897 0.031851 0.0502137 0.294189
1 0.519832 0.138488 0.0336538 0.0424679 0.29248
1 0.957933 0.413462 0.0336539 0.0817308 0.287842
1 0.96875 0.302885 0.0168269 0.0427351 0.251709
1 0.448918 0.621261 0.0222356 0.0608974 0.250244
1 0.888822 0.653846 0.0504807 0.051282 0.374756
1 0.521034 0.136886 0.0300481 0.0376603 0.320068
1 0.957332 0.413996 0.03125 0.0779914 0.314941
1 0.195613 0.0342548 0.0210337 0.0440705 0.291016
1 0.477163 0.436432 0.03125 0.0480769 0.282959
1 0.449519 0.623398 0.0228365 0.0619658 0.281494
1 0.96875 0.301549 0.0168269 0.0411325 0.257568
1 0.888221 0.651175 0.0504808 0.0502137 0.410156
1 0.519531 0.135951 0.0324519 0.0395299 0.359375
1 0.956731 0.411859 0.03125 0.0790598 0.345215
1 0.476562 0.428419 0.0300481 0.0459401 0.327637
1 0.195312 0.0338542 0.0210337 0.0438034 0.282959
1 0.969351 0.300748 0.015625 0.0416667 0.275879
1 0.448918 0.620192 0.0216346 0.0598291 0.252441
1 0.38762 0.397169 0.0805289 0.107372 0.250977
1 0.889423 0.651709 0.0504808 0.0512821 0.375732
1 0.95613 0.413194 0.03125 0.082265 0.362061
1 0.519832 0.137553 0.0300481 0.0373932 0.343262
1 0.476562 0.428953 0.0300481 0.0470085 0.29834
1 0.194712 0.0349225 0.0213341 0.0442041 0.280518
1 0.448918 0.620727 0.0216346 0.0598291 0.279053
1 0.968149 0.301015 0.015625 0.0411325 0.272705
1 0.888822 0.650641 0.0492789 0.0502137 0.431152
1 0.956731 0.411859 0.03125 0.0822649 0.401611
1 0.476863 0.427618 0.0300481 0.0470086 0.375732
1 0.521034 0.135951 0.0300481 0.0373932 0.366699
1 0.195312 0.0344384 0.0216346 0.0438368 0.330322
1 0.96875 0.300481 0.0144231 0.0400641 0.303955
1 0.449519 0.619124 0.0228365 0.056624 0.29248
1 0.38762 0.399573 0.078125 0.105235 0.272705
1 0.0632512 0.487714 0.0195312 0.0438034 0.254639
1 0.889423 0.649573 0.0504808 0.0512821 0.419678
1 0.957933 0.411325 0.03125 0.0801282 0.36377
1 0.476262 0.42735 0.0300481 0.0464744 0.35498
1 0.520433 0.136752 0.03125 0.0384615 0.349609
1 0.195312 0.0351396 0.0216346 0.0453726 0.306641
1 0.449219 0.620727 0.0222356 0.0608974 0.300781
1 0.96875 0.301015 0.0144231 0.0405983 0.269775
1 0.0633263 0.488248 0.0190805 0.0438034 0.253906
1 0.888822 0.649573 0.0492789 0.0491453 0.445557
1 0.957933 0.412927 0.03125 0.0811966 0.387695
1 0.520433 0.136752 0.0324519 0.0381944 0.37207
1 0.476562 0.428152 0.0300481 0.0459402 0.354004
1 0.195312 0.0356404 0.023137 0.0467748 0.323486
1 0.449219 0.621795 0.0228365 0.0608974 0.310791
1 0.96875 0.300214 0.015625 0.0405983 0.279785
1 0.0632512 0.488515 0.0198317 0.0443376 0.262939
1 0.888221 0.649573 0.0504808 0.0502137 0.428223
1 0.956731 0.411859 0.03125 0.0801282 0.39502
1 0.475962 0.427885 0.0300481 0.0459402 0.388672
1 0.520132 0.136485 0.031851 0.0389957 0.38208
1 0.195162 0.0345219 0.0225361 0.0464744 0.310791
1 0.448918 0.620727 0.0228365 0.0608974 0.283691
1 0.968149 0.299679 0.015625 0.0405983 0.280518
1 0.063101 0.488248 0.0186298 0.0427351 0.269043
1 0.605769 0.308226 0.0300481 0.0470086 0.250977
1 0.888822 0.649573 0.0492789 0.0523504 0.44165
1 0.476863 0.426816 0.0294471 0.0459402 0.399902
1 0.957933 0.411592 0.03125 0.079594 0.394287
1 0.520433 0.136752 0.03125 0.0384615 0.366699
1 0.195613 0.038328 0.0222356 0.0459402 0.320801
1 0.38762 0.399306 0.0757212 0.104701 0.31665
1 0.0632512 0.488248 0.0192308 0.0427351 0.269775
1 0.96875 0.300214 0.0168269 0.0405983 0.250977
1 0.889423 0.649038 0.0504808 0.0502137 0.399902
1 0.519832 0.136752 0.0324519 0.0395299 0.394287
1 0.477163 0.42735 0.0300481 0.0470086 0.391357
1 0.957933 0.412126 0.03125 0.0811966 0.390381
1 0.195312 0.0383113 0.0222356 0.0470419 0.34082
1 0.96875 0.300748 0.0168269 0.0416667 0.282959
1 0.063101 0.488248 0.0190805 0.0438034 0.279053
1 0.889423 0.649573 0.0504808 0.0512821 0.432129
1 0.957332 0.412393 0.03125 0.079594 0.408203
1 0.519231 0.137286 0.0342548 0.0405983 0.376709
1 0.476863 0.428419 0.0300481 0.0470086 0.364746
1 0.195463 0.0383948 0.0225361 0.0462073 0.320068
1 0.96875 0.301282 0.015625 0.0405983 0.312256
1 0.388221 0.400107 0.0769231 0.104701 0.264404
1 0.0634014 0.489316 0.0189303 0.042735 0.253906
1 0.605769 0.309562 0.03125 0.0475427 0.250977
1 0.889423 0.650641 0.0504808 0.0534188 0.460938
1 0.519531 0.137821 0.0336538 0.0411325 0.411133
1 0.957933 0.412927 0.03125 0.0790598 0.407227
1 0.477163 0.427885 0.0300481 0.0459402 0.38501
1 0.38762 0.400107 0.0769231 0.105769 0.341553
1 0.96875 0.301549 0.015625 0.0416667 0.33374
1 0.195312 0.0390124 0.0222356 0.0467081 0.326904
1 0.605769 0.310897 0.03125 0.0480769 0.262207
1 0.0629507 0.489049 0.0189303 0.0432692 0.257568
1 0.888822 0.650641 0.0504807 0.0512821 0.425293
1 0.957332 0.412393 0.03125 0.0790598 0.384033
1 0.519531 0.137553 0.0336538 0.0405983 0.381104
1 0.476562 0.427885 0.03125 0.0470086 0.367432
1 0.195162 0.0384448 0.0225361 0.0467748 0.312256
1 0.96875 0.301015 0.015625 0.0416667 0.306641
1 0.38762 0.399306 0.0769231 0.104167 0.270508
1 0.889423 0.649573 0.0504808 0.0523504 0.427246
1 0.519231 0.137286 0.0336539 0.0411325 0.40918
1 0.957332 0.411859 0.03125 0.0801282 0.406494
1 0.476562 0.427885 0.0300481 0.0470086 0.393311
1 0.195312 0.038328 0.0228365 0.0466079 0.329346
1 0.96875 0.301282 0.015625 0.042735 0.326904
1 0.0629507 0.488515 0.0192308 0.0432693 0.262939
1 0.605769 0.309829 0.03125 0.0480769 0.253906
1 0.889423 0.649573 0.0504808 0.0523504 0.431152
1 0.956731 0.411325 0.03125 0.0801282 0.392334
1 0.519832 0.137821 0.0330529 0.0400641 0.376709
1 0.476562 0.427885 0.0300481 0.0459402 0.371094
1 0.195312 0.0383948 0.0222356 0.0460737 0.31665
1 0.96875 0.300748 0.015625 0.0422009 0.312256
1 0.38762 0.399573 0.0769231 0.105769 0.259766
1 0.888822 0.649573 0.0504807 0.0523504 0.443604
1 0.519832 0.13742 0.0336538 0.039797 0.399902
1 0.957332 0.411859 0.03125 0.0790598 0.396973
1 0.476562 0.427885 0.0300481 0.0459402 0.387695
1 0.195312 0.0382111 0.0222356 0.0459068 0.331055
1 0.96875 0.300481 0.015625 0.0416667 0.314941
1 0.063101 0.488248 0.0189303 0.0427351 0.256836
1 0.889423 0.651709 0.0504808 0.0512821 0.375732
1 0.95613 0.413194 0.03125 0.082265 0.362061
1 0.519832 0.137553 0.0300481 0.0373932 0.344238
1 0.476562 0.428953 0.0300481 0.0470085 0.299072
1 0.194712 0.0349225 0.0213341 0.0442041 0.280518
1 0.448918 0.620727 0.0216346 0.0598291 0.27832
1 0.968149 0.301015 0.015625 0.0411325 0.271973
