1 0.674279 0.857906 0.0528846 0.0534188 0.338867
1 0.933894 0.448718 0.0168269 0.0480769 0.325928
1 0.702524 0.59188 0.0685096 0.126068 0.254639
1 0.700721 0.60844 0.0673077 0.110043 0.410156
1 0.697115 0.598291 0.0649039 0.115385 0.327637
1 0.677284 0.857906 0.0492788 0.0555556 0.253174
1 0.676683 0.860043 0.0504807 0.0641025 0.269775
1 0.671875 0.861111 0.0552885 0.0662393 0.265869
1 0.676683 0.860577 0.0540865 0.0673077 0.27832
1 0.67488 0.860577 0.0528846 0.0673077 0.2854
1 0.676683 0.863248 0.0516827 0.0608974 0.357666
1 0.676683 0.862714 0.0480769 0.0630342 0.263672
1 0.677885 0.858974 0.0504807 0.059829 0.260498
1 0.675481 0.86218 0.0504808 0.065171 0.255371
1 0.675481 0.86218 0.0504808 0.0641026 0.260498
1 0.675481 0.86218 0.0516827 0.0694444 0.268066
1 0.675481 0.862714 0.0528846 0.0662393 0.253906
1 0.674279 0.863782 0.0528846 0.0566239 0.254639
1 0.674279 0.86485 0.0528846 0.0619658 0.283691
1 0.673077 0.861111 0.0492789 0.0608975 0.281494
1 0.676683 0.86218 0.0516827 0.0619658 0.253906
1 0.674279 0.864316 0.0528846 0.0662393 0.265869
1 0.676683 0.865385 0.0480769 0.0619659 0.30249
1 0.675481 0.862714 0.0528846 0.0619658 0.303955
1 0.676683 0.864316 0.0516827 0.0598291 0.318359
1 0.675481 0.865919 0.0528846 0.065171 0.339844
1 0.676683 0.864316 0.0504807 0.0576923 0.259033
1 0.67488 0.865385 0.0516827 0.0598291 0.282227
1 0.675481 0.863248 0.0528846 0.059829 0.267334
1 0.676082 0.86485 0.0504807 0.0608975 0.311523
1 0.675481 0.865385 0.0504808 0.0576924 0.2854
1 0.676082 0.85844 0.0516827 0.0619659 0.296631
1 0.830529 0.388889 0.0264423 0.0950855 0.271973
1 0.676082 0.865385 0.0516827 0.0619659 0.268066
1 0.676683 0.865385 0.0504807 0.0641026 0.273682
1 0.675481 0.865385 0.0528846 0.0662393 0.26123
1 0.676082 0.864316 0.0504807 0.0619659 0.290283
1 0.675481 0.863248 0.0528846 0.0619659 0.306641
1 0.828726 0.387286 0.0288462 0.0961539 0.253174
1 0.674279 0.864316 0.0528846 0.0641026 0.309814
1 0.82512 0.38969 0.0288461 0.0860043 0.262207
1 0.675481 0.86485 0.0516827 0.0587608 0.288574
1 0.830529 0.38515 0.0264423 0.0870726 0.253174
1 0.676683 0.863248 0.0480769 0.0619659 0.260498
1 0.67488 0.862714 0.0492789 0.0619658 0.274414
1 0.676683 0.865385 0.0480769 0.0608974 0.271973
1 0.674279 0.866987 0.0528846 0.0566239 0.271973
1 0.676683 0.863248 0.0504807 0.0630341 0.280518
1 0.676683 0.865385 0.0504807 0.0619659 0.268066
1 0.676683 0.864316 0.0480769 0.0608974 0.286133
1 0.675481 0.865385 0.0528846 0.0651709 0.260498
1 0.676082 0.866453 0.0492788 0.0598291 0.27124
1 0.830529 0.389156 0.0264423 0.090812 0.26123
1 0.676683 0.865385 0.0504807 0.0630341 0.251709
1 0.676082 0.865385 0.0492788 0.0598291 0.275879
1 0.676082 0.865385 0.0504807 0.0619659 0.275146
1 0.676683 0.864316 0.0504807 0.0641026 0.276611
1 0.676683 0.864316 0.0504807 0.0598291 0.279053
1 0.675481 0.865385 0.0504808 0.0619659 0.320801
1 0.830529 0.386752 0.0264423 0.0892094 0.282227
1 0.676683 0.865385 0.0504807 0.0630341 0.257568
1 0.676683 0.863248 0.0504807 0.0619659 0.296631
1 0.676683 0.865385 0.0504807 0.0619659 0.29248
1 0.67488 0.865385 0.0516827 0.0651709 0.33374
1 0.675481 0.863782 0.0504808 0.0630342 0.303223
1 0.675481 0.864316 0.0516827 0.0619659 0.282227
1 0.676082 0.863248 0.0516827 0.0608974 0.273682
1 0.675481 0.861645 0.0504808 0.0619659 0.269043
1 0.675481 0.860043 0.0504808 0.059829 0.343262
1 0.676082 0.861111 0.0492788 0.059829 0.365723
1 0.676082 0.864316 0.0504807 0.0598291 0.38501
1 0.825721 0.393162 0.0288462 0.090812 0.265137
1 0.675481 0.862714 0.0504808 0.0608974 0.44165
1 0.930889 0.459936 0.0228365 0.0416667 0.258301
1 0.675481 0.861645 0.0504808 0.0587607 0.488281
1 0.829327 0.39156 0.0264423 0.090812 0.282959
1 0.676683 0.86218 0.0480769 0.059829 0.396973
1 0.82512 0.390224 0.0276443 0.0860043 0.256104
1 0.930288 0.461271 0.0204327 0.0416667 0.253906
1 0.675481 0.862714 0.0480769 0.059829 0.485352
1 0.825721 0.389957 0.0288462 0.0870726 0.324219
1 0.93149 0.461004 0.0216346 0.0416667 0.275879
1 0.674279 0.86218 0.048077 0.0630342 0.439697
1 0.830529 0.39156 0.0264423 0.0876069 0.310791
1 0.93149 0.461538 0.0216346 0.0416667 0.256104
1 0.675481 0.862714 0.0480769 0.0587607 0.477539
1 0.830529 0.391827 0.0264423 0.0870726 0.303955
1 0.93149 0.461004 0.0216346 0.0405983 0.259766
1 0.676082 0.86218 0.0492788 0.059829 0.474609
1 0.825721 0.39156 0.0288462 0.0844017 0.307373
1 0.93089 0.461538 0.0216346 0.0400641 0.280518
1 0.676683 0.861645 0.0480769 0.0608974 0.480469
1 0.828726 0.391026 0.0276443 0.0854701 0.309814
1 0.93149 0.460737 0.0216346 0.0400641 0.27124
1 0.676082 0.862714 0.0492788 0.059829 0.479492
1 0.829928 0.392094 0.0276443 0.090812 0.286865
1 0.93149 0.462073 0.0216346 0.0416667 0.270508
1 0.676683 0.862714 0.0480769 0.059829 0.492188
1 0.829327 0.390491 0.0288462 0.0833333 0.320801
1 0.93149 0.462073 0.0216346 0.0405983 0.257568
1 0.676683 0.863248 0.0480769 0.059829 0.507812
1 0.829327 0.392628 0.0288462 0.088141 0.345947
1 0.93149 0.462073 0.0216346 0.0405983 0.262939
1 0.676683 0.863248 0.0480769 0.059829 0.486328
1 0.828726 0.393162 0.0276443 0.0865385 0.342529
1 0.676683 0.86218 0.0480769 0.059829 0.5
1 0.828726 0.392628 0.0276443 0.0854701 0.355713
1 0.930889 0.462607 0.0228365 0.0416667 0.265137
1 0.676683 0.862714 0.0480769 0.059829 0.487305
1 0.828726 0.39156 0.0276443 0.0865385 0.33374
1 0.676082 0.862714 0.0492788 0.0608974 0.500977
1 0.828125 0.391026 0.0288462 0.0854701 0.338867
1 0.930889 0.462073 0.0228365 0.0416667 0.260498
1 0.676683 0.86218 0.0480769 0.059829 0.396973
1 0.82512 0.390224 0.0276443 0.0860043 0.256104
1 0.930288 0.461271 0.0204327 0.0416667 0.253906
