1 0.933293 0.449252 0.0168269 0.0491453 0.346924
1 0.674279 0.857372 0.0528846 0.0534188 0.308105
1 0.700721 0.607906 0.0661057 0.111111 0.386719
1 0.697115 0.598291 0.0649039 0.115385 0.31665
1 0.698317 0.600427 0.0649039 0.106838 0.256836
1 0.671875 0.861111 0.0552885 0.0662393 0.259033
1 0.676683 0.860577 0.0528846 0.0662393 0.280518
1 0.675481 0.860577 0.0528846 0.0662393 0.276611
1 0.676683 0.862714 0.0516827 0.059829 0.347656
1 0.676683 0.863248 0.0480769 0.0619659 0.251709
1 0.677885 0.858974 0.0504807 0.0576923 0.255371
1 0.675481 0.86218 0.0504808 0.0641026 0.250244
1 0.675481 0.861111 0.0504808 0.0662393 0.262939
1 0.674279 0.86485 0.0516827 0.0608975 0.267334
1 0.673077 0.861111 0.0492789 0.0608975 0.275879
1 0.674279 0.864316 0.0528846 0.0662393 0.27124
1 0.676683 0.865385 0.0480769 0.0608974 0.287842
1 0.675481 0.863248 0.0528846 0.059829 0.291016
1 0.676683 0.864316 0.0516827 0.0576923 0.304932
1 0.675481 0.865919 0.0528846 0.0641025 0.314941
1 0.676683 0.863782 0.0504807 0.0566239 0.255371
1 0.67488 0.865385 0.0516827 0.0598291 0.27832
1 0.675481 0.863248 0.0528846 0.059829 0.26123
1 0.675481 0.865385 0.0504808 0.0598291 0.297363
1 0.675481 0.865385 0.0504808 0.0555556 0.272705
1 0.826923 0.389156 0.0288462 0.0950855 0.303223
1 0.676082 0.857906 0.0516827 0.0619658 0.293457
1 0.675481 0.865385 0.0528846 0.0598291 0.259766
1 0.676683 0.865385 0.0504807 0.0641026 0.268066
1 0.675481 0.865385 0.0528846 0.0662393 0.252441
1 0.676082 0.863782 0.0504807 0.0619658 0.282959
1 0.675481 0.863248 0.0528846 0.0608974 0.301514
1 0.828726 0.387019 0.0300481 0.0972222 0.282959
1 0.67488 0.860043 0.0528846 0.0662393 0.300781
1 0.825721 0.389423 0.0288462 0.0876069 0.258301
1 0.675481 0.865385 0.0516827 0.0576924 0.275146
1 0.830529 0.384081 0.0264423 0.0886752 0.265869
1 0.676683 0.862714 0.0480769 0.059829 0.250244
1 0.67488 0.86218 0.0492789 0.0619658 0.27832
1 0.676683 0.865385 0.0480769 0.0598291 0.266602
1 0.674279 0.867521 0.0528846 0.0555556 0.26123
1 0.676082 0.863248 0.0504807 0.0619659 0.270508
1 0.676082 0.865385 0.0504807 0.0598291 0.253174
1 0.676683 0.86485 0.0480769 0.0587608 0.276611
1 0.675481 0.865385 0.0528846 0.0641026 0.251709
1 0.675481 0.86218 0.0504808 0.0608974 0.271973
1 0.830529 0.388622 0.0264423 0.0924145 0.251709
1 0.676683 0.865385 0.0504807 0.0619659 0.250244
1 0.676082 0.864316 0.0492788 0.0587607 0.271973
1 0.676082 0.864316 0.0504807 0.0598291 0.269043
1 0.676683 0.864316 0.0504807 0.0630341 0.277588
1 0.676683 0.863248 0.0504807 0.059829 0.279053
1 0.675481 0.865385 0.0504808 0.0608974 0.313965
1 0.830529 0.38515 0.0264423 0.0918803 0.291748
1 0.676082 0.865385 0.0504807 0.0619659 0.256104
1 0.676683 0.862714 0.0504807 0.0608974 0.286865
1 0.676683 0.864316 0.0504807 0.0598291 0.282227
1 0.675481 0.864316 0.0504808 0.0641026 0.323486
1 0.676082 0.863248 0.0504807 0.0619659 0.304932
1 0.674279 0.861111 0.0492789 0.0641025 0.2854
1 0.676082 0.863248 0.0516827 0.059829 0.276611
1 0.675481 0.860043 0.0504808 0.059829 0.269775
1 0.675481 0.860043 0.0504808 0.059829 0.342529
1 0.826322 0.389957 0.0288461 0.0817308 0.256836
1 0.676082 0.861111 0.0492788 0.0587607 0.36377
1 0.676082 0.86485 0.0492788 0.0587608 0.384033
1 0.828726 0.388889 0.0288462 0.0854701 0.291016
1 0.675481 0.86218 0.0504808 0.059829 0.42334
1 0.826322 0.39156 0.0300481 0.0897436 0.275879
1 0.930288 0.461004 0.0240384 0.0438034 0.263672
1 0.675481 0.861111 0.0492788 0.0576923 0.478516
1 0.829327 0.390491 0.0264423 0.0918803 0.327637
1 0.930288 0.462607 0.0216346 0.0411325 0.250244
1 0.676683 0.86218 0.0480769 0.0576923 0.386719
1 0.825721 0.389156 0.0288462 0.0876068 0.294922
1 0.929087 0.462073 0.0216346 0.0432692 0.264404
1 0.675481 0.86218 0.0480769 0.0576923 0.481445
1 0.829327 0.390759 0.0288462 0.0913462 0.363037
1 0.930288 0.462073 0.0240384 0.0438034 0.287842
1 0.675481 0.861111 0.0480769 0.059829 0.437744
1 0.829928 0.390759 0.0276443 0.0892094 0.344238
1 0.930288 0.462607 0.0228366 0.0432692 0.272705
1 0.675481 0.862714 0.0480769 0.0576923 0.475586
1 0.829327 0.391293 0.0288462 0.0886752 0.347656
1 0.930288 0.462073 0.0216346 0.0416667 0.274414
1 0.676683 0.86218 0.0480769 0.0576923 0.464844
1 0.825721 0.390491 0.0288462 0.0865385 0.364746
1 0.930288 0.462874 0.0216346 0.0416667 0.291016
1 0.676683 0.861111 0.0480769 0.059829 0.47168
1 0.830529 0.389423 0.0288462 0.0897436 0.368408
1 0.930288 0.461538 0.0216346 0.0416667 0.2854
1 0.676683 0.86218 0.0480769 0.059829 0.46875
1 0.829327 0.391293 0.0288462 0.0918804 0.348633
1 0.930288 0.463141 0.0240384 0.042735 0.282959
1 0.676683 0.86218 0.0480769 0.0587607 0.481445
1 0.829327 0.389957 0.0288462 0.0886752 0.357666
1 0.930288 0.463141 0.0240384 0.042735 0.276611
1 0.676683 0.863248 0.0480769 0.059829 0.498047
1 0.826923 0.389957 0.0288462 0.088141 0.380371
1 0.930288 0.462874 0.0240384 0.0422009 0.277588
1 0.676683 0.863248 0.0480769 0.059829 0.476562
1 0.828726 0.393162 0.0288462 0.0892094 0.373047
1 0.930288 0.463141 0.0240384 0.042735 0.262939
1 0.676683 0.86218 0.0480769 0.059829 0.487305
1 0.828726 0.392628 0.0288462 0.0886752 0.392334
1 0.929688 0.466346 0.0240385 0.0464744 0.289307
1 0.676683 0.86218 0.0480769 0.059829 0.475586
1 0.829327 0.39156 0.0288462 0.0897436 0.37207
1 0.930288 0.465812 0.0240384 0.0459402 0.250244
1 0.676082 0.862714 0.0492788 0.059829 0.491211
1 0.826322 0.390491 0.0300481 0.0876069 0.377441
1 0.930288 0.463141 0.0240384 0.042735 0.272705
1 0.676683 0.86218 0.0480769 0.0576923 0.387695
1 0.825721 0.389423 0.0288462 0.0876069 0.295898
1 0.929087 0.462073 0.0216346 0.0432692 0.264404
