1 0.933293 0.448985 0.0168269 0.0486111 0.34082
1 0.674279 0.857906 0.0528846 0.0534188 0.33374
1 0.703125 0.59188 0.0673077 0.126068 0.275879
1 0.700721 0.606838 0.0673077 0.111111 0.387695
1 0.93149 0.454594 0.0216346 0.0534188 0.250244
1 0.697115 0.598291 0.0649039 0.115385 0.337158
1 0.674279 0.860043 0.0552885 0.0619658 0.250244
1 0.676683 0.860043 0.0504807 0.0641025 0.263672
1 0.698317 0.600427 0.0649039 0.107906 0.256836
1 0.671875 0.861111 0.0552885 0.065171 0.275146
1 0.676683 0.860577 0.0528846 0.0662393 0.282227
1 0.675481 0.860577 0.0528846 0.0662393 0.290283
1 0.676683 0.863248 0.0516827 0.059829 0.359375
1 0.676683 0.863248 0.0492788 0.0630341 0.259766
1 0.676683 0.857906 0.0492788 0.0641025 0.262939
1 0.675481 0.862714 0.0504808 0.065171 0.26123
1 0.675481 0.86218 0.0504808 0.0630342 0.250977
1 0.676683 0.864316 0.0480769 0.0598291 0.257568
1 0.675481 0.86218 0.0504808 0.0683761 0.275146
1 0.675481 0.863248 0.0528846 0.0662393 0.268066
1 0.830529 0.388355 0.0288462 0.0854701 0.256104
1 0.67488 0.864316 0.0516827 0.0555556 0.257568
1 0.675481 0.860043 0.0480769 0.0641025 0.250977
1 0.67488 0.865385 0.0516827 0.0619659 0.284668
1 0.673077 0.861645 0.0492789 0.0608974 0.300781
1 0.676683 0.86218 0.0516827 0.0619658 0.262207
1 0.674279 0.865385 0.0528846 0.0662393 0.27124
1 0.676683 0.865385 0.0480769 0.0619659 0.304932
1 0.675481 0.863248 0.0528846 0.0608974 0.303223
1 0.676683 0.864316 0.0516827 0.0576923 0.32251
1 0.675481 0.866453 0.0528846 0.0641026 0.331055
1 0.676683 0.864316 0.0504807 0.0576923 0.253174
1 0.67488 0.866453 0.0516827 0.0598291 0.284668
1 0.675481 0.864316 0.0528846 0.0598291 0.27832
1 0.676082 0.865385 0.0504807 0.0608974 0.307373
1 0.675481 0.866453 0.0504808 0.0576924 0.282227
1 0.830529 0.388889 0.0264423 0.0950855 0.297363
1 0.676082 0.858974 0.0516827 0.0619658 0.295898
1 0.676082 0.865919 0.0516827 0.0619658 0.262939
1 0.676683 0.865919 0.0504807 0.0641025 0.273682
1 0.830529 0.386218 0.0288462 0.0876068 0.26123
1 0.675481 0.865919 0.0528846 0.0662393 0.253906
1 0.676082 0.86485 0.0504807 0.0619658 0.29248
1 0.829327 0.388889 0.0288462 0.0886752 0.250977
1 0.675481 0.864316 0.0528846 0.0619659 0.310791
1 0.828726 0.387821 0.0300481 0.0961539 0.27124
1 0.674279 0.864316 0.0528846 0.0641026 0.303955
1 0.825721 0.390224 0.0288462 0.0860043 0.250977
1 0.675481 0.865385 0.0504808 0.0598291 0.275879
1 0.830529 0.385684 0.0264423 0.0876068 0.267334
1 0.676683 0.863248 0.0480769 0.0619659 0.254639
1 0.67488 0.863248 0.0492789 0.0619659 0.275146
1 0.676683 0.865385 0.0480769 0.0598291 0.262207
1 0.674279 0.867521 0.0528846 0.0576923 0.258301
1 0.676683 0.864316 0.0504807 0.0619659 0.267334
1 0.676082 0.866453 0.0504807 0.0619659 0.253174
1 0.829327 0.388622 0.0288462 0.0886752 0.251709
1 0.676683 0.865385 0.0480769 0.0598291 0.271973
1 0.675481 0.86218 0.0504808 0.0619658 0.275879
1 0.830529 0.389423 0.0264423 0.0918804 0.259766
1 0.676082 0.865385 0.0492788 0.0598291 0.260498
1 0.828726 0.387286 0.0288462 0.0897436 0.250244
1 0.676082 0.865385 0.0504807 0.0608974 0.266602
1 0.676683 0.86485 0.0504807 0.0641025 0.275879
1 0.676683 0.864316 0.0504807 0.0598291 0.271973
1 0.675481 0.866453 0.0504808 0.0619659 0.306641
1 0.830529 0.387286 0.0264423 0.0897436 0.293457
1 0.676683 0.863782 0.0504807 0.0619658 0.280518
1 0.676683 0.865385 0.0504807 0.0608974 0.275146
1 0.675481 0.865385 0.0528846 0.0641026 0.311523
1 0.674279 0.860577 0.0504808 0.0651709 0.29248
1 0.674279 0.861111 0.0504808 0.0641025 0.284668
1 0.675481 0.863248 0.0528846 0.059829 0.264404
1 0.675481 0.861111 0.0516827 0.0619658 0.254639
1 0.675481 0.860577 0.0504808 0.0598291 0.325928
1 0.826923 0.390491 0.0288462 0.0822649 0.267334
1 0.676082 0.862714 0.0504807 0.059829 0.353027
1 0.676082 0.865385 0.0504807 0.0598291 0.371094
1 0.829327 0.390491 0.0288462 0.0854701 0.297363
1 0.675481 0.863248 0.0504808 0.059829 0.42334
1 0.826322 0.392094 0.0288461 0.0876068 0.282959
1 0.675481 0.86218 0.0504808 0.0587607 0.473633
1 0.829327 0.39156 0.0264423 0.090812 0.325195
1 0.676683 0.863248 0.0480769 0.059829 0.38208
1 0.825721 0.389423 0.0288462 0.0854701 0.29834
1 0.675481 0.863248 0.0492788 0.059829 0.478516
1 0.825721 0.389423 0.0288462 0.0865384 0.358398
1 0.930889 0.462607 0.0228365 0.0438034 0.276611
1 0.67488 0.86218 0.0492789 0.0619658 0.44751
1 0.829928 0.391827 0.0276443 0.0870726 0.332031
1 0.675481 0.863248 0.0480769 0.0576923 0.47168
1 0.829928 0.392628 0.0288462 0.0865385 0.339844
1 0.93089 0.46234 0.0216346 0.0416667 0.250244
1 0.676082 0.862714 0.0492788 0.0587607 0.463867
1 0.825721 0.390491 0.0288462 0.0844017 0.367432
1 0.930288 0.463141 0.0216346 0.0416667 0.269775
1 0.676082 0.86218 0.0492788 0.059829 0.47168
1 0.829928 0.392094 0.0288462 0.0886752 0.368408
1 0.93149 0.462073 0.0216346 0.0416667 0.265137
1 0.676082 0.862714 0.0492788 0.059829 0.470703
1 0.829327 0.392361 0.0288462 0.0902778 0.338135
1 0.930889 0.463408 0.0228365 0.0432692 0.257568
1 0.676082 0.862714 0.0492788 0.059829 0.486328
1 0.829327 0.391026 0.0288462 0.0854701 0.367432
1 0.676082 0.863248 0.0492788 0.059829 0.500977
1 0.829327 0.393429 0.0288462 0.0892094 0.385742
1 0.930889 0.463141 0.0228365 0.042735 0.251709
1 0.676683 0.863248 0.0480769 0.059829 0.480469
1 0.829327 0.394231 0.0288462 0.0886752 0.384033
1 0.676082 0.863248 0.0492788 0.059829 0.490234
1 0.829327 0.393697 0.0288462 0.0876068 0.403564
1 0.930288 0.46688 0.0228366 0.0459402 0.267334
1 0.676082 0.863248 0.0492788 0.059829 0.478516
1 0.829327 0.392361 0.0288462 0.0886752 0.384033
1 0.676082 0.863248 0.0492788 0.059829 0.492188
1 0.829327 0.392094 0.0288462 0.0865385 0.386719
1 0.930288 0.463675 0.0240384 0.0432693 0.250244
1 0.676683 0.863248 0.0480769 0.0587607 0.381104
1 0.825721 0.389423 0.0288462 0.0854701 0.297363
