1 0.673077 0.857906 0.0504808 0.0534188 0.336426
1 0.933293 0.448718 0.015625 0.0480769 0.324219
1 0.703125 0.59188 0.0673077 0.126068 0.267334
1 0.700721 0.607906 0.0661057 0.111111 0.399902
1 0.697115 0.598291 0.0649039 0.115385 0.336426
1 0.676082 0.861111 0.0504807 0.0641025 0.257568
1 0.698317 0.600427 0.0649039 0.108974 0.254639
1 0.671875 0.861111 0.0540865 0.0662393 0.267334
1 0.676683 0.861111 0.0528846 0.065171 0.286133
1 0.674279 0.860043 0.0528846 0.0662393 0.291016
1 0.676683 0.863248 0.0528846 0.059829 0.365723
1 0.676082 0.862714 0.0492788 0.0630342 0.26123
1 0.677284 0.859509 0.0504807 0.0587607 0.264404
1 0.675481 0.862714 0.0504808 0.065171 0.256104
1 0.675481 0.86218 0.0504808 0.0619658 0.260498
1 0.676082 0.864316 0.0492788 0.0598291 0.257568
1 0.675481 0.86218 0.0516827 0.0683761 0.283691
1 0.675481 0.863248 0.0528846 0.0641026 0.251709
1 0.67488 0.858974 0.0480769 0.0641025 0.253174
1 0.674279 0.864316 0.0528846 0.0576923 0.254639
1 0.674279 0.865385 0.0516827 0.0619659 0.280518
1 0.673077 0.861645 0.0492789 0.0619659 0.293457
1 0.676683 0.86218 0.0504807 0.0619658 0.269775
1 0.674279 0.865385 0.0528846 0.0673076 0.283691
1 0.676683 0.865385 0.0480769 0.0619659 0.305664
1 0.675481 0.863248 0.0528846 0.0608974 0.296631
1 0.676683 0.864316 0.0528846 0.0598291 0.329346
1 0.675481 0.866453 0.0528846 0.0641026 0.335449
1 0.676683 0.864316 0.0504807 0.0576923 0.259033
1 0.67488 0.865919 0.0516827 0.059829 0.280518
1 0.67488 0.864316 0.0528846 0.0619659 0.264404
1 0.675481 0.865385 0.0504808 0.0619659 0.308105
1 0.67488 0.866453 0.0504808 0.0576924 0.291748
1 0.676082 0.858974 0.0516827 0.0619658 0.296631
1 0.829928 0.388889 0.0264423 0.0950855 0.277588
1 0.675481 0.866453 0.0504808 0.0619659 0.270508
1 0.676683 0.866453 0.0492788 0.0641026 0.279053
1 0.675481 0.866453 0.0528846 0.0662393 0.264404
1 0.675481 0.86485 0.0504808 0.0619658 0.296631
1 0.675481 0.864316 0.0516827 0.0619659 0.304932
1 0.828726 0.387821 0.0300481 0.0961539 0.26123
1 0.674279 0.864316 0.0528846 0.0641026 0.309082
1 0.675481 0.865385 0.0504808 0.0587607 0.284668
1 0.830529 0.385417 0.0264423 0.0870726 0.250977
1 0.676683 0.863782 0.0480769 0.0608975 0.258301
1 0.67488 0.863248 0.0492789 0.0619659 0.2854
1 0.676683 0.864316 0.0504807 0.0619659 0.251709
1 0.676683 0.865919 0.0480769 0.0608975 0.275879
1 0.674279 0.867521 0.0528846 0.0576923 0.271973
1 0.675481 0.864316 0.0504808 0.0641026 0.280518
1 0.676683 0.863248 0.0480769 0.059829 0.250244
1 0.676683 0.865385 0.0504807 0.0619659 0.269775
1 0.676082 0.865385 0.0480769 0.0598291 0.280518
1 0.675481 0.865919 0.0528846 0.065171 0.258301
1 0.675481 0.86218 0.0504808 0.0619658 0.27124
1 0.675481 0.865385 0.0480769 0.0598291 0.274414
1 0.676082 0.865385 0.0504807 0.0608974 0.273682
1 0.676082 0.86485 0.0504807 0.0641025 0.280518
1 0.676683 0.864316 0.0492788 0.0598291 0.284668
1 0.675481 0.866453 0.0504808 0.0619659 0.324219
1 0.830529 0.386752 0.0264423 0.0897436 0.267334
1 0.676082 0.865919 0.0492788 0.0630342 0.258301
1 0.676082 0.863248 0.0504807 0.0619659 0.294189
1 0.676683 0.865385 0.0504807 0.0619659 0.286133
1 0.67488 0.865919 0.0516827 0.065171 0.332031
1 0.675481 0.864316 0.0504808 0.0630341 0.306641
1 0.674279 0.861111 0.048077 0.0641025 0.289307
1 0.675481 0.863248 0.0504808 0.059829 0.274414
1 0.675481 0.86218 0.0504808 0.059829 0.267334
1 0.67488 0.861111 0.0492789 0.059829 0.345215
1 0.676082 0.86218 0.0492788 0.059829 0.370117
1 0.675481 0.865385 0.0504808 0.0598291 0.394287
1 0.825721 0.393162 0.0288462 0.0897436 0.259033
1 0.674279 0.863248 0.0504808 0.059829 0.44165
1 0.93089 0.460737 0.0216346 0.0416667 0.275146
1 0.675481 0.86218 0.0504808 0.0587607 0.489258
1 0.829327 0.39156 0.0264423 0.0897436 0.274414
1 0.930889 0.46234 0.0204327 0.0395299 0.259766
1 0.676082 0.863248 0.0480769 0.059829 0.398926
1 0.930288 0.462073 0.0192307 0.0416667 0.269775
1 0.825721 0.389957 0.0288462 0.0854701 0.269043
1 0.675481 0.863248 0.0480769 0.059829 0.491211
1 0.829928 0.39156 0.0288462 0.0886752 0.332031
1 0.93089 0.461538 0.0216346 0.0416667 0.308105
1 0.674279 0.86218 0.048077 0.0619658 0.44458
1 0.830529 0.391293 0.0264423 0.0865384 0.309814
1 0.930889 0.462073 0.0204327 0.0416667 0.286133
1 0.675481 0.863248 0.0480769 0.0576923 0.483398
1 0.830529 0.392094 0.0264423 0.0865385 0.299072
1 0.930889 0.461538 0.0204327 0.0405983 0.297363
1 0.675481 0.863248 0.0480769 0.059829 0.477539
1 0.930288 0.462073 0.0216346 0.0405983 0.323486
1 0.825721 0.391026 0.0288462 0.0844017 0.309814
1 0.676082 0.86218 0.0480769 0.059829 0.485352
1 0.829327 0.391026 0.0288462 0.0854701 0.330322
1 0.930889 0.461271 0.0204327 0.0400641 0.31665
1 0.675481 0.863248 0.0480769 0.059829 0.481445
1 0.93089 0.462607 0.0216346 0.0416667 0.309082
1 0.829928 0.391827 0.0276443 0.0897436 0.286133
1 0.675481 0.862714 0.0480769 0.059829 0.49707
1 0.829327 0.389957 0.0288462 0.0833333 0.335449
1 0.93149 0.462607 0.0216346 0.0405983 0.297363
1 0.675481 0.863248 0.0480769 0.059829 0.509766
1 0.829327 0.392361 0.0288462 0.0876068 0.359375
1 0.93089 0.462607 0.0216346 0.0405983 0.299805
1 0.676683 0.863248 0.0480769 0.059829 0.490234
1 0.829327 0.392628 0.0288462 0.0865385 0.355713
1 0.930288 0.462874 0.0216346 0.0411325 0.281494
1 0.676082 0.863248 0.0480769 0.059829 0.501953
1 0.829327 0.392628 0.0288462 0.0854701 0.37207
1 0.930288 0.463141 0.0216346 0.0416667 0.29834
1 0.675481 0.863248 0.0480769 0.059829 0.489258
1 0.829327 0.391026 0.0276443 0.0865385 0.348633
1 0.93089 0.463141 0.0216346 0.0416667 0.273682
1 0.675481 0.863248 0.0480769 0.059829 0.501953
1 0.829327 0.391026 0.0288462 0.0854701 0.353027
1 0.93089 0.462874 0.0216346 0.0411325 0.297363
1 0.676082 0.863248 0.0480769 0.059829 0.398926
1 0.930288 0.462073 0.0192307 0.0416667 0.269775
1 0.825721 0.389957 0.0288462 0.0854701 0.269043
