1 0.674279 0.857906 0.0528846 0.0555556 0.334473
1 0.933894 0.448985 0.0168269 0.0486111 0.332031
1 0.703125 0.59188 0.0673077 0.126068 0.272705
1 0.700721 0.607906 0.0661057 0.108974 0.408203
1 0.697115 0.598825 0.0649039 0.115385 0.325928
1 0.677885 0.858974 0.0504807 0.0555556 0.251709
1 0.674279 0.860043 0.0552885 0.0619658 0.250977
1 0.676683 0.861111 0.0504807 0.0641025 0.259033
1 0.677284 0.861111 0.0540865 0.0662393 0.263672
1 0.675481 0.861111 0.0528846 0.0662393 0.291016
1 0.676683 0.864316 0.0528846 0.0619659 0.355713
1 0.676683 0.863248 0.0492788 0.0630341 0.250977
1 0.676683 0.85844 0.0492788 0.0641026 0.253174
1 0.675481 0.862714 0.0504808 0.065171 0.255371
1 0.676683 0.86218 0.0504807 0.0630342 0.266602
1 0.676683 0.864316 0.0492788 0.0598291 0.250244
1 0.675481 0.863248 0.0504808 0.0705128 0.26123
1 0.675481 0.864316 0.0528846 0.0576923 0.253906
1 0.67488 0.865385 0.0516827 0.0619659 0.282959
1 0.673077 0.86218 0.0504808 0.0619658 0.280518
1 0.676683 0.86218 0.0516827 0.0630342 0.264404
1 0.674279 0.865385 0.0528846 0.0673076 0.265137
1 0.676683 0.865385 0.0480769 0.0641026 0.309082
1 0.675481 0.863248 0.0528846 0.0619659 0.299805
1 0.676683 0.864316 0.0528846 0.0598291 0.312256
1 0.675481 0.866453 0.0516827 0.0662393 0.326904
1 0.675481 0.866453 0.0504808 0.0598291 0.263672
1 0.676082 0.865385 0.0504807 0.0619659 0.300781
1 0.675481 0.865919 0.0504808 0.0576923 0.272705
1 0.830529 0.388889 0.0240384 0.0940171 0.305664
1 0.676683 0.860043 0.0528846 0.0641025 0.282227
1 0.676683 0.866453 0.0504807 0.0641026 0.250977
1 0.676683 0.865919 0.0504807 0.065171 0.267334
1 0.830529 0.386752 0.0300481 0.0870727 0.265137
1 0.676082 0.864316 0.0504807 0.0630341 0.280518
1 0.829928 0.388889 0.0276443 0.0886752 0.264404
1 0.675481 0.864316 0.0528846 0.0641026 0.309814
1 0.829327 0.387821 0.0288462 0.0961539 0.279785
1 0.674279 0.864316 0.0528846 0.0641026 0.308105
1 0.675481 0.865385 0.0504808 0.0598291 0.282959
1 0.83113 0.38515 0.0264423 0.0876068 0.279053
1 0.676683 0.863248 0.0480769 0.0619659 0.256836
1 0.67488 0.863248 0.0492789 0.0619659 0.275879
1 0.676683 0.865919 0.0480769 0.0619658 0.267334
1 0.674279 0.867521 0.0528846 0.0576923 0.258301
1 0.676683 0.864316 0.0504807 0.0641026 0.267334
1 0.830529 0.388088 0.0264423 0.0870726 0.27124
1 0.676683 0.865385 0.0504807 0.0641026 0.265869
1 0.676683 0.865385 0.0480769 0.0619659 0.286133
1 0.829327 0.386218 0.0288462 0.0918803 0.257568
1 0.675481 0.866453 0.0528846 0.0662393 0.258301
1 0.831731 0.389423 0.0240384 0.090812 0.276611
1 0.675481 0.863248 0.0504808 0.0619659 0.269043
1 0.676082 0.865385 0.0492788 0.0598291 0.272705
1 0.829327 0.386752 0.0264423 0.0886752 0.260498
1 0.676082 0.865385 0.0504807 0.0619659 0.272705
1 0.676683 0.865385 0.0504807 0.0641026 0.270508
1 0.830529 0.386218 0.0264423 0.0854701 0.254639
1 0.676683 0.86485 0.0492788 0.0608975 0.275146
1 0.675481 0.866453 0.0504808 0.0619659 0.312256
1 0.831731 0.386218 0.0264422 0.0886752 0.291016
1 0.676082 0.865919 0.0492788 0.0641025 0.253174
1 0.676683 0.864316 0.0504807 0.0630341 0.286865
1 0.676683 0.865919 0.0504807 0.0619658 0.281494
1 0.67488 0.866453 0.0516827 0.0662393 0.323486
1 0.675481 0.864316 0.0504808 0.0641026 0.291748
1 0.674279 0.861111 0.0492789 0.0641025 0.282227
1 0.675481 0.863248 0.0504808 0.0619659 0.272705
1 0.675481 0.861645 0.0504808 0.0619659 0.264404
1 0.675481 0.861111 0.0504808 0.059829 0.336426
1 0.676082 0.863248 0.0492788 0.0608974 0.361084
1 0.675481 0.865385 0.0504808 0.0608974 0.384033
1 0.828726 0.389957 0.0276443 0.0822649 0.279785
1 0.675481 0.863248 0.0504808 0.0619659 0.436768
1 0.830529 0.392895 0.0264423 0.0902778 0.265869
1 0.93089 0.46047 0.0216346 0.0432692 0.264404
1 0.675481 0.86218 0.0504808 0.059829 0.484375
1 0.829327 0.39156 0.0264423 0.090812 0.325928
1 0.676683 0.863248 0.0480769 0.059829 0.386719
1 0.829327 0.391026 0.0264423 0.0892094 0.286133
1 0.930288 0.462073 0.0204327 0.042735 0.260498
1 0.675481 0.863248 0.0480769 0.059829 0.478516
1 0.830529 0.392094 0.0288462 0.0886752 0.35498
1 0.93149 0.461806 0.0216346 0.0432692 0.293457
1 0.674279 0.862714 0.048077 0.0630342 0.429199
1 0.830529 0.392094 0.0264423 0.0865385 0.345947
1 0.93149 0.46234 0.0216346 0.042735 0.268066
1 0.675481 0.863248 0.0480769 0.0587607 0.469727
1 0.830529 0.392628 0.0264423 0.0854701 0.351318
1 0.93149 0.461806 0.0216346 0.0411325 0.270508
1 0.676683 0.863248 0.0480769 0.059829 0.461914
1 0.830529 0.392628 0.0264423 0.0865385 0.34082
1 0.930288 0.462607 0.0216346 0.0416667 0.291016
1 0.676683 0.86218 0.0480769 0.0608974 0.470703
1 0.83113 0.390491 0.0264423 0.0876069 0.362061
1 0.93149 0.461538 0.0216346 0.0411325 0.291748
1 0.676683 0.863248 0.0480769 0.059829 0.46875
1 0.830529 0.392361 0.0264423 0.0892094 0.348633
1 0.93089 0.462874 0.0216346 0.042735 0.279785
1 0.676683 0.86218 0.0480769 0.059829 0.482422
1 0.830529 0.391026 0.0264423 0.0860043 0.35498
1 0.93149 0.463141 0.0216346 0.0422009 0.268066
1 0.676683 0.863248 0.0480769 0.0608974 0.498047
1 0.830529 0.39156 0.0264423 0.0865385 0.370117
1 0.93089 0.462607 0.0216346 0.0416667 0.275879
1 0.676683 0.863248 0.0480769 0.0608974 0.478516
1 0.829327 0.393964 0.0276443 0.0860043 0.359375
1 0.930288 0.463141 0.0216346 0.042735 0.258301
1 0.676683 0.863248 0.0480769 0.0619659 0.489258
1 0.829327 0.393697 0.0276443 0.0854701 0.38208
1 0.930889 0.463675 0.0228365 0.042735 0.271973
1 0.676683 0.863248 0.0480769 0.0608974 0.477539
1 0.829327 0.392628 0.0264423 0.0865385 0.361084
1 0.676082 0.863248 0.0492788 0.0608974 0.491211
1 0.829327 0.392094 0.0288462 0.0844017 0.360352
1 0.93089 0.463141 0.0216346 0.042735 0.271973
1 0.676683 0.863248 0.0480769 0.059829 0.386719
1 0.829327 0.391026 0.0264423 0.0892094 0.2854
1 0.930288 0.462073 0.0204327 0.042735 0.260498
