1 0.60637 0.916133 0.0829327 0.136752 0.296631
1 0.565505 0.786859 0.0336539 0.0726496 0.274414
1 0.564002 0.785791 0.031851 0.0779915 0.299072
1 0.608173 0.902778 0.0841346 0.138889 0.256836
1 0.566106 0.787393 0.0360577 0.0790599 0.256104
1 0.605168 0.907051 0.0817308 0.136752 0.257568
1 0.607121 0.905983 0.0814303 0.123932 0.483398
1 0.564002 0.788996 0.0414663 0.0844017 0.326904
1 0.606971 0.903312 0.0901443 0.128205 0.313232
1 0.565805 0.790598 0.0378606 0.0758547 0.253174
1 0.565805 0.788462 0.0390625 0.0790599 0.253174
1 0.564603 0.791667 0.0366587 0.0747864 0.279053
1 0.605769 0.901709 0.0805288 0.11859 0.265869
1 0.565505 0.787393 0.0384615 0.0779914 0.296631
1 0.607572 0.90438 0.0853365 0.132479 0.290283
1 0.605168 0.905983 0.0829327 0.121795 0.293457
1 0.608774 0.903312 0.0793269 0.136752 0.279785
1 0.565505 0.792735 0.0372596 0.0769231 0.29834
1 0.60637 0.90812 0.0817307 0.126068 0.259033
1 0.48738 0.208333 0.0276442 0.0518162 0.256836
1 0.565805 0.790598 0.0390625 0.0769231 0.290283
1 0.607572 0.90812 0.0841346 0.125 0.267334
1 0.565204 0.792735 0.0366587 0.0769231 0.282959
1 0.603966 0.903846 0.0817308 0.121795 0.344238
1 0.564303 0.790598 0.0384615 0.0769231 0.265869
1 0.605168 0.901709 0.078125 0.119658 0.385742
1 0.606971 0.905983 0.0817307 0.123932 0.262207
1 0.564303 0.793803 0.0360577 0.0790599 0.259766
1 0.563702 0.791132 0.0348558 0.082265 0.253906
1 0.564904 0.791133 0.0384615 0.0811966 0.289307
1 0.259916 0.683761 0.0408654 0.0448718 0.262939
1 0.603365 0.900641 0.0853365 0.134615 0.273682
1 0.565204 0.792201 0.0378606 0.082265 0.268066
1 0.564303 0.790598 0.0384615 0.0811966 0.250244
1 0.564904 0.790064 0.0372596 0.0726496 0.27124
1 0.564002 0.790598 0.0390625 0.0854701 0.339844
1 0.605619 0.909722 0.0844351 0.13141 0.283691
1 0.605619 0.905983 0.0820312 0.127137 0.319092
1 0.563401 0.790598 0.0366587 0.0790599 0.309814
1 0.604567 0.905983 0.0853365 0.132479 0.276611
1 0.564904 0.788462 0.0360577 0.0758547 0.26123
1 0.60637 0.907586 0.0841346 0.129273 0.27832
1 0.604567 0.901709 0.0805289 0.126068 0.276611
1 0.564603 0.792201 0.0378606 0.0737179 0.264404
1 0.565204 0.78953 0.0378606 0.0811966 0.266602
1 0.565505 0.792201 0.0372596 0.0779915 0.251709
1 0.565505 0.790064 0.0372596 0.0790598 0.283691
1 0.564904 0.790598 0.0384615 0.0769231 0.279053
1 0.564603 0.788462 0.0366587 0.0769231 0.288574
1 0.603516 0.905983 0.086238 0.123932 0.282227
1 0.604417 0.910256 0.0820312 0.121795 0.29834
1 0.565505 0.791667 0.0372596 0.0747864 0.280518
1 0.564303 0.790598 0.0384615 0.0790599 0.27832
1 0.565505 0.792201 0.0384615 0.0801282 0.265137
1 0.564904 0.793803 0.0372596 0.0811966 0.282227
1 0.564603 0.792735 0.0378606 0.0811966 0.281494
1 0.564904 0.791667 0.0384615 0.0811966 0.263672
1 0.564603 0.791667 0.0366587 0.0790599 0.281494
1 0.564603 0.790598 0.0378606 0.0801281 0.268066
1 0.604567 0.910256 0.0817308 0.119658 0.262939
1 0.564904 0.791132 0.0384615 0.0801282 0.296631
1 0.564904 0.790598 0.0372596 0.0769231 0.279053
1 0.564303 0.792201 0.0372596 0.0811966 0.339844
1 0.564904 0.790598 0.0384615 0.0833333 0.317383
1 0.565204 0.793803 0.0366587 0.0790599 0.276611
1 0.564904 0.793803 0.0372596 0.0811966 0.34082
1 0.564603 0.791667 0.0378606 0.0790599 0.269775
1 0.564904 0.791667 0.0384615 0.0779914 0.303955
1 0.563101 0.790598 0.0372596 0.0790599 0.336426
1 0.486779 0.205262 0.0252404 0.0472757 0.291016
1 0.564603 0.78953 0.0366587 0.0769231 0.373779
1 0.48738 0.202324 0.0264423 0.0456731 0.313965
1 0.564904 0.790598 0.0372596 0.0758547 0.395996
1 0.486779 0.203392 0.0276442 0.0494124 0.305664
1 0.564603 0.791132 0.0354568 0.073718 0.458984
1 0.48738 0.203526 0.0264423 0.0464744 0.351318
1 0.564303 0.788996 0.0360577 0.0758547 0.499023
1 0.48738 0.202991 0.0252404 0.0470085 0.373047
1 0.260216 0.684295 0.0384615 0.042735 0.286865
1 0.446514 0.753739 0.0276442 0.0502136 0.282959
1 0.603365 0.911325 0.0841346 0.130342 0.256836
1 0.564303 0.788462 0.0360577 0.0779914 0.450439
1 0.486779 0.203526 0.0252404 0.045406 0.349609
1 0.446514 0.753205 0.0270433 0.0491453 0.250977
1 0.564904 0.788462 0.0360577 0.0769231 0.483398
1 0.48738 0.204327 0.0258414 0.0459402 0.386719
1 0.446514 0.752671 0.0276442 0.0480769 0.27124
1 0.564904 0.78953 0.0360577 0.0747864 0.467773
1 0.487981 0.20406 0.0258414 0.0470086 0.364746
1 0.259615 0.684829 0.0384615 0.042735 0.294922
1 0.446514 0.752137 0.0276442 0.0491453 0.287842
1 0.564303 0.78953 0.0360577 0.0747864 0.487305
1 0.48738 0.20406 0.0252404 0.0448718 0.381104
1 0.446214 0.752137 0.0282452 0.0491453 0.299072
1 0.259315 0.684829 0.0390625 0.0405983 0.265137
1 0.564603 0.78953 0.0354568 0.0747864 0.486328
1 0.487079 0.203793 0.0264423 0.0464744 0.396973
1 0.446514 0.752137 0.0264423 0.0491453 0.275146
1 0.564904 0.788462 0.0348558 0.0758547 0.500977
1 0.48738 0.20406 0.0252404 0.0459402 0.389648
1 0.446815 0.751068 0.0270432 0.0480769 0.259766
1 0.564904 0.790064 0.0360577 0.076923 0.489258
1 0.48738 0.204995 0.0264423 0.0472757 0.387695
1 0.564904 0.790064 0.0360577 0.0758547 0.494141
1 0.48768 0.204861 0.0264423 0.045406 0.378418
1 0.446514 0.753205 0.0276442 0.0491453 0.269043
1 0.564904 0.790064 0.0360577 0.0758547 0.503906
1 0.48738 0.20633 0.0264423 0.0478098 0.379395
1 0.446514 0.753739 0.0276442 0.0512821 0.291016
1 0.259916 0.685363 0.0378606 0.0448718 0.253906
1 0.564904 0.78953 0.0372596 0.0769231 0.492188
1 0.48738 0.205662 0.0270433 0.0470085 0.373779
1 0.446514 0.753739 0.0276442 0.0502136 0.263672
1 0.564904 0.78953 0.0360577 0.0769231 0.508789
1 0.48738 0.205395 0.0264423 0.0475427 0.398926
1 0.446514 0.753205 0.0276442 0.0491453 0.256836
1 0.564904 0.78953 0.0360577 0.0769231 0.498047
1 0.48738 0.206197 0.0264423 0.0475427 0.38208
1 0.446815 0.753739 0.0276443 0.0502136 0.256104
1 0.564603 0.78953 0.0366587 0.0769231 0.500977
1 0.48738 0.205662 0.0264423 0.0475427 0.392334
1 0.446514 0.754273 0.0276442 0.051282 0.279053
1 0.564303 0.788462 0.0360577 0.0779914 0.450439
1 0.486779 0.203526 0.0252404 0.045406 0.349609
1 0.446514 0.753205 0.0270433 0.0491453 0.250977
