1 0.432091 0.450053 0.0192308 0.0496795 0.260498
1 0.152945 0.424679 0.0384615 0.0929487 0.26123
1 0.433894 0.485043 0.0408654 0.0876068 0.250244
1 0.432993 0.481303 0.0366587 0.0940171 0.373047
1 0.148438 0.242788 0.0258413 0.0352564 0.255371
1 0.434195 0.484509 0.0366587 0.0886752 0.384033
1 0.148137 0.403846 0.0330529 0.0523504 0.250977
1 0.433894 0.488782 0.0378606 0.0897436 0.287842
1 0.433293 0.483974 0.0360577 0.0950855 0.394287
1 0.149038 0.406517 0.0336538 0.0651709 0.255371
1 0.432091 0.48531 0.0408654 0.0913462 0.260498
1 0.432392 0.484776 0.047476 0.0924146 0.295898
1 0.0647536 0.82265 0.0342548 0.0491453 0.252441
1 0.435096 0.485844 0.0420673 0.104167 0.318359
1 0.491587 0.826923 0.0432693 0.110043 0.315674
1 0.718149 0.375 0.0276443 0.0373932 0.301514
1 0.493089 0.82906 0.0432693 0.111111 0.277588
1 0.0646034 0.825855 0.0314002 0.0448718 0.263672
1 0.736178 0.44578 0.03125 0.0400641 0.250977
1 0.0640775 0.825855 0.0300481 0.042735 0.324219
1 0.436298 0.486645 0.0432693 0.101496 0.288574
1 0.71875 0.375267 0.0252404 0.036859 0.273682
1 0.103065 0.753205 0.0243389 0.0384616 0.262207
1 0.219051 0.482906 0.0336539 0.0384616 0.260498
1 0.150992 0.403045 0.0366587 0.0566239 0.253174
1 0.435697 0.486912 0.0420673 0.0934829 0.291016
1 0.435096 0.487179 0.0450721 0.0940171 0.351318
1 0.716947 0.37687 0.0240385 0.0411325 0.257568
1 0.063101 0.824786 0.0297476 0.0405983 0.255371
1 0.436899 0.48344 0.0384615 0.0940171 0.289307
1 0.150992 0.400374 0.0342548 0.0534188 0.27124
1 0.718149 0.373932 0.0228365 0.034188 0.260498
1 0.0652043 0.826923 0.0309495 0.0416667 0.256836
1 0.433293 0.491987 0.046875 0.106838 0.276611
1 0.492188 0.836539 0.0504807 0.120726 0.265869
1 0.435697 0.484509 0.0444712 0.100427 0.250977
1 0.434495 0.486378 0.0408654 0.0945513 0.323486
1 0.0641527 0.826389 0.0298978 0.0416667 0.275879
1 0.736178 0.444444 0.0288461 0.0352564 0.269775
1 0.716947 0.375534 0.0228365 0.0347222 0.264404
1 0.432692 0.484509 0.0396635 0.103632 0.289307
1 0.435096 0.485844 0.0408654 0.0977564 0.315674
1 0.0640024 0.824786 0.03125 0.0448718 0.295898
1 0.492188 0.827991 0.0450721 0.117521 0.330322
1 0.434495 0.484776 0.0354568 0.0956197 0.255371
1 0.435096 0.482372 0.0396635 0.0950855 0.388672
1 0.0658053 0.826923 0.0324519 0.0470085 0.288574
1 0.435096 0.486111 0.0420673 0.0972222 0.404541
1 0.0639273 0.827457 0.0338041 0.0448718 0.29834
1 0.490986 0.82906 0.046875 0.111111 0.286133
1 0.491587 0.833868 0.0438702 0.111111 0.291016
1 0.0640024 0.82906 0.030649 0.0448718 0.276611
1 0.717548 0.376068 0.0264423 0.0405983 0.264404
1 0.435697 0.484241 0.0432693 0.0956197 0.378418
1 0.492788 0.82906 0.0492788 0.112179 0.326904
1 0.0641527 0.826923 0.0327524 0.0448718 0.308105
1 0.717548 0.371261 0.0240385 0.0363248 0.259033
1 0.435096 0.486111 0.0432693 0.100427 0.282959
1 0.0637019 0.826389 0.03125 0.042735 0.291748
1 0.433894 0.486645 0.0408654 0.0929487 0.275146
1 0.490986 0.832799 0.046875 0.112179 0.256836
1 0.063101 0.824786 0.0295974 0.0470085 0.275879
1 0.433594 0.48344 0.0408654 0.0940171 0.270508
1 0.490385 0.831197 0.0480769 0.121795 0.253906
1 0.434495 0.487179 0.0396635 0.090812 0.384033
1 0.0637019 0.82906 0.03125 0.0470086 0.350342
1 0.491587 0.834402 0.0444712 0.110043 0.325195
1 0.736779 0.445513 0.03125 0.0373931 0.30249
1 0.716346 0.374466 0.0264423 0.0331196 0.288574
1 0.434796 0.488248 0.0402644 0.0918803 0.321777
1 0.0649038 0.826923 0.0333534 0.0448718 0.301514
1 0.737981 0.446047 0.0336538 0.0373931 0.276611
1 0.219501 0.48344 0.0366587 0.0395299 0.263672
1 0.716947 0.376603 0.0264423 0.034188 0.262939
1 0.0649038 0.825855 0.0348558 0.0416667 0.331055
1 0.435096 0.485043 0.0396635 0.0918804 0.329346
1 0.491887 0.832265 0.047476 0.108974 0.318359
1 0.219351 0.482105 0.0384615 0.0400641 0.266602
1 0.490986 0.83547 0.046875 0.111111 0.356689
1 0.434495 0.486645 0.0396635 0.0929487 0.327637
1 0.0643029 0.825855 0.0327524 0.0448718 0.315674
1 0.716346 0.373665 0.0276443 0.0347222 0.265869
1 0.435096 0.486378 0.0396635 0.0945513 0.268066
1 0.491286 0.833333 0.0486779 0.113248 0.259766
1 0.434796 0.488782 0.0384615 0.0918803 0.323486
1 0.490986 0.83547 0.046274 0.108974 0.319092
1 0.149639 0.405449 0.0378606 0.0608974 0.259033
1 0.434195 0.485577 0.0414663 0.0918804 0.341553
1 0.21875 0.481571 0.0381611 0.0411325 0.307373
1 0.0635517 0.825321 0.0326022 0.0459401 0.294922
1 0.736178 0.444444 0.03125 0.0384616 0.279053
1 0.102163 0.751068 0.0279447 0.0405983 0.26123
1 0.715745 0.374466 0.0276443 0.0331196 0.253906
1 0.433894 0.483173 0.0408654 0.0956197 0.415771
1 0.0637019 0.825855 0.0315505 0.0448718 0.318359
1 0.489784 0.827991 0.046875 0.111111 0.29834
1 0.219051 0.482372 0.0354567 0.0395299 0.287842
1 0.736178 0.446047 0.0288461 0.0357906 0.262207
1 0.149339 0.404647 0.0384615 0.0619658 0.253906
1 0.433894 0.487179 0.0408654 0.0918803 0.370117
1 0.0637771 0.827991 0.03125 0.042735 0.312256
1 0.736779 0.447115 0.03125 0.0373931 0.265137
1 0.21875 0.48344 0.0366587 0.0363248 0.252441
1 0.435096 0.486645 0.0408654 0.0961539 0.383057
1 0.0634014 0.826923 0.030649 0.0459401 0.346924
1 0.21845 0.483707 0.0372596 0.0422009 0.289307
1 0.491587 0.834402 0.047476 0.113248 0.280518
1 0.736779 0.44391 0.03125 0.0379273 0.266602
1 0.434195 0.48531 0.0426682 0.0913462 0.320801
1 0.490385 0.834402 0.046875 0.111111 0.288574
1 0.0634014 0.823718 0.0321514 0.0448718 0.276611
1 0.218149 0.480769 0.038762 0.0405983 0.263672
1 0.0638522 0.826923 0.03125 0.042735 0.284668
1 0.434495 0.485043 0.0414663 0.090812 0.266602
1 0.491286 0.836538 0.0450721 0.108974 0.259033
1 0.490084 0.833333 0.048077 0.108974 0.342529
1 0.0629507 0.824252 0.031851 0.0438034 0.314941
1 0.735577 0.444444 0.03125 0.0373932 0.312256
1 0.433894 0.486645 0.0390625 0.0929487 0.309814
1 0.21845 0.481303 0.0378606 0.0395299 0.295898
1 0.434796 0.487447 0.0420673 0.0934829 0.363037
1 0.0641527 0.827991 0.0324519 0.0470085 0.314941
1 0.491587 0.82906 0.0426682 0.106838 0.288574
1 0.736779 0.446047 0.03125 0.0395299 0.283691
1 0.433894 0.484776 0.0420673 0.0956197 0.304932
1 0.0628005 0.826923 0.0324519 0.0438034 0.272705
1 0.490986 0.833333 0.046875 0.113248 0.267334
1 0.736779 0.444979 0.0336539 0.0395299 0.250977
1 0.435697 0.485577 0.0420673 0.0897436 0.422607
1 0.063101 0.825855 0.0333534 0.042735 0.300781
1 0.736178 0.444177 0.0336539 0.042735 0.29248
1 0.218149 0.481838 0.0390625 0.042735 0.268066
1 0.492188 0.834402 0.0420673 0.106838 0.258301
1 0.434495 0.486645 0.0420673 0.0961539 0.429199
1 0.491587 0.830128 0.0480769 0.115385 0.352295
1 0.21875 0.482105 0.0384615 0.0411325 0.336426
1 0.0642278 0.825855 0.034405 0.042735 0.307373
1 0.736779 0.444979 0.0336539 0.0405983 0.306641
1 0.716346 0.376068 0.0288462 0.034188 0.252441
1 0.102915 0.751603 0.0276442 0.0416667 0.251709
1 0.433894 0.487179 0.0432692 0.0961539 0.445557
1 0.218149 0.482639 0.0384615 0.0422009 0.326904
1 0.490986 0.832265 0.046875 0.113248 0.290283
1 0.736178 0.444979 0.0336539 0.0395299 0.279785
1 0.0623498 0.826389 0.0315505 0.0438034 0.271973
1 0.433894 0.484509 0.0408654 0.0940171 0.364746
1 0.219351 0.482639 0.0372596 0.0389957 0.294922
1 0.73738 0.444444 0.03125 0.0384616 0.287842
1 0.064378 0.826923 0.0310998 0.042735 0.287842
1 0.491587 0.831197 0.0444712 0.108974 0.262939
1 0.434195 0.484509 0.0396635 0.0929487 0.326904
1 0.490986 0.831197 0.0450721 0.111111 0.289307
1 0.219351 0.482906 0.0372596 0.042735 0.270508
1 0.736779 0.444979 0.0336539 0.0448718 0.257568
1 0.434495 0.485577 0.0372596 0.0844017 0.305664
1 0.491887 0.830128 0.0432692 0.115385 0.291016
1 0.21845 0.484776 0.0360577 0.0422009 0.282227
1 0.736178 0.44765 0.0336539 0.042735 0.254639
1 0.433894 0.48344 0.0378606 0.0918803 0.291016
1 0.490385 0.833333 0.0456731 0.114316 0.288574
1 0.433894 0.485577 0.0384615 0.090812 0.339844
1 0.21845 0.485043 0.0354567 0.0384616 0.294189
1 0.490385 0.833868 0.0432693 0.110043 0.284668
1 0.0638522 0.827457 0.0327524 0.0448718 0.27832
1 0.735577 0.447383 0.032452 0.0422009 0.27124
1 0.434495 0.484509 0.0390625 0.090812 0.348633
1 0.219051 0.483974 0.0366586 0.0384616 0.309082
1 0.736779 0.446581 0.0336539 0.0384615 0.303223
1 0.0641527 0.826923 0.0333534 0.0448718 0.299072
1 0.490986 0.833333 0.0414663 0.108974 0.279053
1 0.433594 0.484509 0.0408654 0.090812 0.342529
1 0.736779 0.443376 0.0324519 0.0363248 0.289307
1 0.0638522 0.824786 0.0342548 0.0448718 0.2854
1 0.2189 0.481303 0.0372596 0.0395299 0.284668
1 0.492188 0.827991 0.0456731 0.108974 0.266602
1 0.433293 0.483974 0.0372596 0.0886752 0.293457
1 0.491587 0.831197 0.0456731 0.110043 0.280518
1 0.21905 0.481838 0.0351562 0.0395299 0.270508
1 0.736779 0.442575 0.03125 0.0379274 0.265137
1 0.0641527 0.825855 0.0324519 0.0448718 0.250244
1 0.434195 0.485844 0.0408654 0.088141 0.390381
1 0.219351 0.484241 0.0348558 0.0400641 0.275879
1 0.736779 0.445513 0.03125 0.0405983 0.270508
1 0.0646034 0.826923 0.0327524 0.0470085 0.259033
1 0.491587 0.831731 0.0480769 0.110043 0.256104
1 0.433594 0.483974 0.0402644 0.0940171 0.388672
1 0.490986 0.831197 0.0492788 0.116453 0.307373
1 0.0639273 0.825855 0.0345553 0.0459402 0.279785
1 0.735577 0.444177 0.0336539 0.0422009 0.269043
1 0.21905 0.482372 0.0378606 0.0416667 0.262207
1 0.434495 0.481303 0.0444712 0.0972223 0.315674
1 0.219351 0.48344 0.0372596 0.0438034 0.276611
1 0.492188 0.836004 0.047476 0.110043 0.264404
1 0.736779 0.444979 0.0336539 0.042735 0.257568
1 0.0643029 0.826923 0.0338041 0.0470085 0.253906
1 0.433594 0.487714 0.0384615 0.0918803 0.343262
1 0.2189 0.484509 0.0357572 0.0395299 0.306641
1 0.491587 0.83547 0.0432693 0.106838 0.294189
1 0.736779 0.446314 0.03125 0.0395299 0.293457
1 0.0640024 0.827991 0.0321514 0.042735 0.269775
1 0.434195 0.486111 0.0414663 0.0918803 0.326904
1 0.492188 0.836539 0.0480769 0.112179 0.272705
1 0.219051 0.482639 0.0366586 0.0422009 0.27124
1 0.434195 0.483974 0.0402644 0.0918804 0.331055
1 0.21845 0.481838 0.0372596 0.0438034 0.287842
1 0.736779 0.443643 0.03125 0.0389957 0.256836
1 0.433293 0.485043 0.0384615 0.090812 0.376709
1 0.218149 0.482906 0.0366587 0.0395299 0.31665
1 0.490986 0.830662 0.0432693 0.110043 0.303223
1 0.736178 0.443376 0.03125 0.0405983 0.279785
1 0.0634766 0.825855 0.0315505 0.0416667 0.279785
1 0.433293 0.48531 0.0408654 0.0924146 0.367432
1 0.2186 0.483974 0.0372596 0.0416667 0.295898
1 0.490986 0.831197 0.0456731 0.108974 0.29248
1 0.0634014 0.826923 0.0336538 0.0448718 0.254639
1 0.736779 0.444444 0.0324519 0.0416667 0.253174
1 0.434495 0.485043 0.0396635 0.0897436 0.394287
1 0.21875 0.481838 0.0381611 0.0416667 0.315674
1 0.0632512 0.825855 0.0342548 0.0438034 0.294922
1 0.736178 0.442842 0.032452 0.0395299 0.288574
1 0.433894 0.486378 0.0396635 0.0902778 0.362061
1 0.2189 0.481838 0.0369591 0.042735 0.315674
1 0.736779 0.443109 0.03125 0.0405983 0.303223
1 0.492188 0.833333 0.0444712 0.111111 0.299072
1 0.0629507 0.825855 0.0336538 0.0470085 0.282959
1 0.716346 0.374733 0.0252404 0.0373931 0.265869
1 0.433894 0.486645 0.0396635 0.0918803 0.44458
1 0.736779 0.444444 0.0300481 0.0373932 0.32251
1 0.0630258 0.827991 0.0332031 0.0448718 0.320801
1 0.492188 0.831197 0.0444712 0.110043 0.314941
1 0.2189 0.48344 0.0351562 0.0373932 0.308105
1 0.716346 0.375534 0.0264423 0.0347222 0.27832
1 0.433293 0.488782 0.0396635 0.090812 0.329346
1 0.21845 0.48344 0.0360577 0.0405983 0.266602
1 0.492188 0.834402 0.0444712 0.108974 0.264404
1 0.433894 0.486111 0.0396635 0.0940171 0.376709
1 0.492188 0.831731 0.0456731 0.112179 0.358398
1 0.219351 0.480502 0.0366586 0.0384616 0.310791
1 0.737981 0.441774 0.0336538 0.0395299 0.297363
1 0.0643029 0.824786 0.0336538 0.042735 0.289307
1 0.152344 0.394231 0.0402644 0.065171 0.264404
1 0.433594 0.487179 0.0384615 0.0897436 0.376709
1 0.492788 0.830662 0.0444712 0.107906 0.318359
1 0.21905 0.481838 0.0351562 0.0395299 0.315674
1 0.737981 0.443643 0.03125 0.0405983 0.270508
1 0.0643029 0.825321 0.0330529 0.0438034 0.264404
1 0.433894 0.487714 0.0408654 0.0918803 0.458984
1 0.492188 0.831197 0.046274 0.11218 0.363037
1 0.217999 0.482372 0.0372596 0.0416667 0.342529
1 0.063101 0.826389 0.0336538 0.0470086 0.284668
1 0.736779 0.444712 0.0336539 0.0422009 0.276611
1 0.14979 0.393697 0.039363 0.0641026 0.267334
1 0.433594 0.486645 0.0396635 0.090812 0.378418
1 0.491587 0.832799 0.0456731 0.113248 0.373047
1 0.21845 0.48344 0.0366587 0.042735 0.331055
1 0.0632512 0.826923 0.0330529 0.0448718 0.297363
1 0.736779 0.444712 0.03125 0.0432692 0.294922
1 0.151743 0.394498 0.0402644 0.0646368 0.264404
1 0.434495 0.484776 0.0396635 0.0892094 0.378418
1 0.492488 0.833333 0.0450721 0.110043 0.363037
1 0.2189 0.483173 0.0372596 0.0422009 0.324219
1 0.736779 0.444177 0.03125 0.0416667 0.307373
1 0.0643029 0.826389 0.0335036 0.0459401 0.303955
1 0.152043 0.393697 0.0408654 0.0641026 0.259033
1 0.716346 0.375 0.0264423 0.0395299 0.253174
1 0.433894 0.485043 0.0384615 0.0940171 0.332031
1 0.492188 0.833868 0.0444712 0.111111 0.311523
1 0.218299 0.481838 0.0381611 0.0416667 0.309082
1 0.736779 0.444979 0.03125 0.0405983 0.289307
1 0.0630258 0.826389 0.0338041 0.0448718 0.266602
1 0.152344 0.392094 0.0396635 0.0619658 0.257568
1 0.433894 0.486111 0.0402644 0.0950855 0.358398
1 0.217999 0.479167 0.0384615 0.042735 0.31665
1 0.492188 0.832265 0.046875 0.115385 0.309814
1 0.736178 0.442842 0.032452 0.0422009 0.303955
1 0.063101 0.825321 0.0336538 0.0448719 0.275879
1 0.151743 0.391026 0.0399639 0.0673077 0.264404
1 0.433293 0.486111 0.0396635 0.0940171 0.434082
1 0.491587 0.830662 0.047476 0.110043 0.38208
1 0.736178 0.442308 0.03125 0.0395299 0.374756
1 0.2186 0.479167 0.0372596 0.0405983 0.353027
1 0.063101 0.82906 0.031851 0.042735 0.335449
1 0.148738 0.394765 0.0372596 0.059829 0.301514
1 0.102013 0.752137 0.0264423 0.0384616 0.279053
1 0.149639 0.246795 0.0270433 0.0373932 0.274414
1 0.715144 0.373932 0.0264423 0.0373932 0.259033
1 0.433894 0.485577 0.0396635 0.0918804 0.460938
1 0.736779 0.440171 0.03125 0.0405983 0.405518
1 0.492788 0.834402 0.0444712 0.113248 0.375732
1 0.2189 0.477564 0.0363582 0.0389957 0.373047
1 0.0637019 0.826923 0.0321514 0.042735 0.366699
1 0.102614 0.748932 0.0267428 0.0395299 0.309082
1 0.14979 0.245192 0.0261418 0.0379274 0.295898
1 0.149038 0.400908 0.0342548 0.0582265 0.268066
1 0.716346 0.372329 0.0264423 0.0363248 0.257568
1 0.433894 0.486645 0.0408654 0.0918803 0.474609
1 0.492188 0.836538 0.0456731 0.113248 0.42627
1 0.736779 0.441239 0.03125 0.0405983 0.392334
1 0.0634014 0.826923 0.0330529 0.0448718 0.390381
1 0.2189 0.479434 0.0378606 0.0411325 0.363037
1 0.152344 0.39984 0.0405649 0.0657051 0.294922
1 0.716346 0.375267 0.0264423 0.0363248 0.294922
1 0.15009 0.25 0.0273438 0.0405983 0.290283
1 0.102464 0.748932 0.0279447 0.0405983 0.281494
1 0.433293 0.487179 0.0384615 0.0886752 0.514648
1 0.0635517 0.824786 0.0309495 0.042735 0.435059
1 0.492788 0.836538 0.046875 0.113248 0.430176
1 0.736779 0.440705 0.03125 0.0379274 0.407227
1 0.219351 0.480235 0.0360577 0.0395299 0.388672
1 0.14994 0.246795 0.0264423 0.0395299 0.318359
1 0.716346 0.374466 0.0264423 0.0320513 0.304932
1 0.149639 0.400641 0.0366587 0.0619658 0.269043
1 0.102689 0.748398 0.0271935 0.0373931 0.253174
1 0.432993 0.487179 0.0378606 0.090812 0.568848
1 0.491887 0.83547 0.046875 0.113248 0.504883
1 0.0632512 0.824786 0.0315505 0.0405983 0.475586
1 0.736779 0.439904 0.03125 0.0389957 0.443604
1 0.219351 0.479167 0.0372596 0.0395299 0.424316
1 0.149639 0.247596 0.0264423 0.0379274 0.360352
1 0.716346 0.373397 0.0264423 0.0352564 0.348633
1 0.148438 0.403846 0.0336538 0.0587607 0.326904
1 0.103365 0.746795 0.0267428 0.0384615 0.299805
1 0.433293 0.486378 0.0378606 0.0913462 0.493164
1 0.0628005 0.824786 0.030649 0.042735 0.439697
1 0.736779 0.440171 0.03125 0.036859 0.421631
1 0.219051 0.481303 0.0360577 0.0384615 0.420654
1 0.149489 0.247863 0.0258413 0.0384615 0.348633
1 0.715144 0.372596 0.0264423 0.0336539 0.334473
1 0.492188 0.83547 0.0456731 0.112179 0.33374
1 0.148438 0.402778 0.0333534 0.059829 0.321777
1 0.102314 0.746795 0.0261418 0.0363247 0.283691
1 0.433293 0.486645 0.0384615 0.0918803 0.556641
1 0.491587 0.834402 0.046875 0.113248 0.517578
1 0.0634014 0.823718 0.031851 0.042735 0.505859
1 0.736779 0.440171 0.03125 0.0373931 0.498047
1 0.219051 0.480235 0.0366586 0.0405983 0.491211
1 0.148888 0.402244 0.0345553 0.0587607 0.404541
1 0.716346 0.372329 0.0264423 0.0331197 0.392334
1 0.14994 0.247863 0.0264423 0.0395299 0.373779
1 0.102915 0.746795 0.0273438 0.0384615 0.329346
1 0.433594 0.488515 0.0366587 0.0892094 0.520508
1 0.492188 0.834402 0.0444712 0.111111 0.485352
1 0.21875 0.481303 0.0369591 0.0405983 0.476562
1 0.0635517 0.824786 0.0323017 0.042735 0.475586
1 0.73738 0.440705 0.03125 0.0384615 0.46875
1 0.149189 0.404113 0.0339543 0.0592949 0.375732
1 0.716346 0.372863 0.0264423 0.0352564 0.373779
1 0.149339 0.248397 0.0258413 0.0384615 0.339844
1 0.103065 0.746795 0.0270433 0.0384615 0.305664
1 0.433594 0.488782 0.0378606 0.0918803 0.547852
1 0.736779 0.440171 0.03125 0.0373931 0.50293
1 0.0628756 0.824252 0.0329026 0.0427351 0.49707
1 0.21845 0.481303 0.0372596 0.0395299 0.484375
1 0.491887 0.830128 0.0444712 0.104701 0.448486
1 0.715745 0.372863 0.0264423 0.0331197 0.410156
1 0.149339 0.401977 0.0348558 0.0582265 0.379395
1 0.149639 0.248665 0.0264423 0.0379274 0.363037
1 0.102614 0.746795 0.0264423 0.0363247 0.338135
1 0.433293 0.488248 0.0372596 0.0918803 0.551758
1 0.736779 0.440171 0.03125 0.0384615 0.504883
1 0.0633263 0.824786 0.0326022 0.042735 0.484375
1 0.21905 0.480769 0.0369591 0.0416667 0.477539
1 0.492188 0.829594 0.0432693 0.106838 0.435791
1 0.716346 0.372596 0.0264423 0.0347222 0.415771
1 0.148588 0.402244 0.0348558 0.0587607 0.405518
1 0.149038 0.248932 0.0270433 0.0395299 0.385742
1 0.102464 0.745727 0.0264423 0.0384616 0.34082
1 0.433894 0.487179 0.0372596 0.0897436 0.551758
1 0.0633263 0.825855 0.0317007 0.042735 0.491211
1 0.736779 0.440171 0.03125 0.0373931 0.487305
1 0.219051 0.481838 0.0354567 0.0395299 0.460938
1 0.492789 0.833333 0.0450721 0.111111 0.437744
1 0.148738 0.402244 0.0339543 0.0566239 0.393311
1 0.716346 0.372329 0.0264423 0.0320513 0.391357
1 0.14994 0.249199 0.0255409 0.0384616 0.375732
1 0.102614 0.745727 0.0264423 0.0384616 0.309814
1 0.434495 0.488782 0.0384615 0.0929487 0.562012
1 0.736779 0.440171 0.03125 0.0384615 0.495117
1 0.0637019 0.825855 0.0333534 0.042735 0.483398
1 0.492488 0.829594 0.0450721 0.107906 0.480469
1 0.219201 0.482906 0.0369591 0.0416667 0.446533
1 0.716346 0.373397 0.0264423 0.0336539 0.399902
1 0.15009 0.249466 0.0267428 0.0389957 0.381104
1 0.149038 0.403312 0.0348558 0.0587607 0.370117
1 0.102764 0.747329 0.0273438 0.0395298 0.323486
1 0.433894 0.487714 0.0384615 0.0897436 0.567871
1 0.736779 0.439637 0.03125 0.0384615 0.501953
1 0.0635517 0.825855 0.0330529 0.042735 0.494141
1 0.492188 0.834936 0.0456731 0.111111 0.469727
1 0.219201 0.481838 0.0366586 0.0395299 0.464844
1 0.716346 0.373397 0.0264423 0.0331196 0.407227
1 0.149189 0.403846 0.0339543 0.0576923 0.402588
1 0.15024 0.249199 0.0264423 0.0379273 0.368408
1 0.103215 0.746795 0.0270433 0.0384615 0.358398
1 0.151442 0.468216 0.0288462 0.0491453 0.275146
1 0.433894 0.487981 0.0384615 0.0902778 0.580566
1 0.736779 0.439904 0.03125 0.0384616 0.518555
1 0.0634766 0.825855 0.0329026 0.042735 0.515625
1 0.492188 0.83547 0.0456731 0.111111 0.489258
1 0.219351 0.482906 0.0366586 0.0405983 0.481445
1 0.716346 0.372863 0.0264423 0.0331197 0.422607
1 0.149339 0.40438 0.0336538 0.0587607 0.397949
1 0.15024 0.25 0.0264423 0.0384615 0.383057
1 0.102915 0.746795 0.0267428 0.0384615 0.357666
1 0.151442 0.469017 0.0285457 0.0486111 0.286865
1 0.433894 0.488782 0.0390625 0.090812 0.562012
1 0.736779 0.440171 0.03125 0.0384615 0.507812
1 0.0635517 0.826389 0.0335036 0.042735 0.493164
1 0.219351 0.482906 0.0372596 0.0405983 0.457031
1 0.491887 0.83547 0.0456731 0.111111 0.456055
1 0.716346 0.373397 0.0264423 0.0331196 0.408203
1 0.148888 0.40438 0.0342548 0.0587607 0.381104
1 0.14994 0.249733 0.0270433 0.0389957 0.360352
1 0.102915 0.746795 0.0276442 0.0384615 0.341553
1 0.151142 0.468483 0.0294471 0.0491453 0.274414
1 0.433894 0.488782 0.0384615 0.0929487 0.584961
1 0.736779 0.440171 0.03125 0.0384615 0.522461
1 0.0634014 0.825855 0.0332031 0.042735 0.506836
1 0.219351 0.482639 0.0372596 0.0411325 0.476562
1 0.492188 0.836004 0.0450721 0.112179 0.47168
1 0.716346 0.373397 0.0264423 0.034188 0.420654
1 0.148738 0.40438 0.0342548 0.0587607 0.405518
1 0.149639 0.249466 0.0270433 0.0395299 0.388672
1 0.103065 0.746795 0.0273438 0.0384615 0.365723
1 0.151142 0.468483 0.0294471 0.0502137 0.286865
1 0.433894 0.489049 0.0384615 0.0913462 0.562012
1 0.736779 0.440438 0.03125 0.0384616 0.507812
1 0.0635517 0.826389 0.0330529 0.042735 0.490234
1 0.219501 0.483707 0.0369591 0.0411325 0.458984
1 0.492188 0.83547 0.0450721 0.111111 0.432129
1 0.716346 0.373932 0.0264423 0.0331196 0.418701
1 0.148738 0.403846 0.0342548 0.0587607 0.399902
1 0.14979 0.25 0.0264423 0.0384615 0.361084
1 0.103215 0.747329 0.0273438 0.0384616 0.337158
1 0.151142 0.468483 0.0288462 0.0491453 0.276611
1 0.433894 0.489316 0.0384615 0.090812 0.566895
1 0.736779 0.440171 0.03125 0.0384615 0.517578
1 0.0634014 0.825855 0.0330529 0.042735 0.509766
1 0.219351 0.483173 0.0372596 0.0411325 0.474609
1 0.492188 0.83547 0.0456731 0.111111 0.458984
1 0.716346 0.373665 0.0264423 0.0325854 0.427246
1 0.148738 0.404113 0.0342548 0.0582265 0.408203
1 0.149639 0.250534 0.0267428 0.0384615 0.380371
1 0.103065 0.746795 0.0273438 0.0384615 0.338867
1 0.150992 0.469017 0.0291466 0.0491453 0.286865
1 0.433293 0.486378 0.0378606 0.0913462 0.494141
1 0.0628005 0.824786 0.030649 0.042735 0.439697
1 0.736779 0.440171 0.03125 0.036859 0.421631
1 0.219051 0.481303 0.0360577 0.0384615 0.420654
1 0.149489 0.247863 0.0258413 0.0384615 0.347656
1 0.492188 0.83547 0.0456731 0.112179 0.335449
1 0.715144 0.372596 0.0264423 0.0336539 0.334473
1 0.148438 0.402778 0.0333534 0.059829 0.321777
1 0.102314 0.746795 0.0261418 0.0363247 0.283691
