1 0.541466 0.906517 0.0552885 0.0811966 0.265869
1 0.471755 0.826389 0.0186298 0.0544872 0.250977
1 0.542668 0.921474 0.0444712 0.0790599 0.26123
1 0.471154 0.830662 0.0252404 0.0726496 0.284668
1 0.305889 0.928419 0.0252404 0.056624 0.271973
1 0.626202 0.11435 0.0444711 0.11051 0.347656
1 0.542067 0.903846 0.0540865 0.0940171 0.338135
1 0.470252 0.837607 0.0234375 0.0683761 0.253906
1 0.469952 0.831731 0.0252404 0.0683761 0.291748
1 0.626202 0.121795 0.0360577 0.106838 0.262207
1 0.542067 0.902778 0.0504808 0.0833333 0.251709
1 0.54387 0.903846 0.0516827 0.0876068 0.286133
1 0.625 0.119658 0.0504807 0.122329 0.27124
1 0.542067 0.903846 0.0516827 0.090812 0.310791
1 0.543269 0.904915 0.0504807 0.0918804 0.257568
1 0.542668 0.903846 0.0504808 0.0918804 0.422607
1 0.46875 0.838675 0.0300481 0.0726496 0.313232
1 0.626202 0.115785 0.0480769 0.117788 0.303223
1 0.54357 0.916667 0.0480769 0.0854701 0.338135
1 0.46875 0.850427 0.0288462 0.0683761 0.266602
1 0.628606 0.111512 0.0504808 0.119391 0.282227
1 0.542668 0.902244 0.0480769 0.0865384 0.282227
1 0.541767 0.905983 0.0510818 0.0876069 0.329346
1 0.628005 0.121227 0.0432692 0.108507 0.294922
1 0.542067 0.903846 0.0492789 0.0833333 0.343262
1 0.625 0.119091 0.0480769 0.114917 0.308105
1 0.542067 0.903312 0.0516827 0.0918804 0.310791
1 0.629207 0.113114 0.0492788 0.119391 0.281494
1 0.626202 0.116186 0.0396635 0.11485 0.315674
1 0.543269 0.905983 0.046875 0.076923 0.275879
1 0.470553 0.83547 0.0276442 0.059829 0.260498
1 0.61899 0.118189 0.0528846 0.121528 0.329346
1 0.541466 0.909188 0.0504808 0.0961539 0.317383
1 0.542969 0.905449 0.0492788 0.090812 0.250977
1 0.542067 0.90812 0.0528846 0.0865384 0.399902
1 0.621995 0.118056 0.046875 0.119658 0.35498
1 0.242188 0.758547 0.0276442 0.0683761 0.253906
1 0.542067 0.907586 0.0492789 0.0865385 0.320068
1 0.623798 0.115351 0.0432693 0.121327 0.274414
1 0.542067 0.904915 0.0528846 0.0897436 0.259766
1 0.542067 0.905449 0.0480769 0.0844017 0.38501
1 0.624399 0.115418 0.0420673 0.115852 0.335449
1 0.46875 0.83547 0.0288462 0.0662393 0.256836
1 0.541166 0.907051 0.0522837 0.0876069 0.362061
1 0.542067 0.911325 0.0486779 0.0876068 0.38501
1 0.625 0.116954 0.0432693 0.117588 0.269043
1 0.469952 0.84562 0.0276442 0.0673076 0.250244
1 0.540264 0.907051 0.0528846 0.0833334 0.411133
1 0.623798 0.114183 0.0456731 0.115118 0.257568
1 0.46875 0.838675 0.0282452 0.0662393 0.254639
1 0.540264 0.905983 0.0504808 0.0854702 0.370117
1 0.543269 0.904915 0.0516827 0.0854701 0.378418
1 0.46845 0.834402 0.0294471 0.0683761 0.306641
1 0.625 0.113248 0.0480769 0.12313 0.299805
1 0.542067 0.902778 0.0516827 0.090812 0.334473
1 0.541767 0.905983 0.0504807 0.0854702 0.374756
1 0.46905 0.836539 0.0294471 0.0662393 0.253174
1 0.541466 0.902778 0.0528846 0.0961539 0.313232
1 0.469351 0.832799 0.0276443 0.0726496 0.251709
1 0.543269 0.904915 0.046875 0.0854701 0.407227
1 0.46875 0.848825 0.0288462 0.0662393 0.288574
1 0.542969 0.905983 0.0528846 0.0897436 0.38208
1 0.469351 0.837607 0.0288462 0.0662393 0.258301
1 0.243089 0.757479 0.0267428 0.0630341 0.257568
1 0.543269 0.907051 0.0516827 0.0854702 0.522461
1 0.625601 0.117254 0.0432692 0.114583 0.342529
1 0.469651 0.83547 0.031851 0.0673077 0.283691
1 0.242638 0.755876 0.0297476 0.065171 0.263672
1 0.541466 0.90812 0.0516827 0.0886752 0.522461
1 0.469351 0.837607 0.030649 0.0662393 0.290283
1 0.626202 0.122062 0.0384615 0.102297 0.27832
1 0.241887 0.758547 0.0282452 0.0662393 0.275879
1 0.542668 0.907051 0.0504808 0.0897436 0.44458
1 0.541466 0.907051 0.0516827 0.0833334 0.402588
1 0.625 0.115785 0.0384615 0.115385 0.266602
1 0.469651 0.836539 0.0288462 0.0662393 0.251709
1 0.541767 0.910256 0.0510818 0.0876068 0.401611
1 0.625 0.120059 0.0384615 0.110043 0.267334
1 0.46875 0.83547 0.0300481 0.0662393 0.264404
1 0.241587 0.755342 0.0300481 0.0662393 0.257568
1 0.542067 0.90438 0.0504808 0.0854701 0.42334
1 0.621995 0.11268 0.0444712 0.117054 0.319092
1 0.46875 0.834936 0.0288462 0.065171 0.306641
1 0.542668 0.908654 0.0480769 0.0876068 0.396973
1 0.46875 0.836539 0.0282452 0.0683761 0.297363
1 0.625601 0.121127 0.0396635 0.104968 0.274414
1 0.542368 0.90812 0.0510818 0.0897436 0.434082
1 0.623197 0.116052 0.0432693 0.119925 0.311523
1 0.468149 0.836539 0.0252404 0.0683761 0.303223
1 0.241136 0.755876 0.0249399 0.0694444 0.259766
1 0.540264 0.903846 0.0504808 0.082265 0.348633
1 0.621394 0.113782 0.0480769 0.123397 0.252441
1 0.542668 0.905983 0.0480769 0.0833333 0.355713
1 0.542067 0.905983 0.0504808 0.0854702 0.371094
1 0.241587 0.755342 0.0276443 0.0673076 0.250977
1 0.542969 0.905983 0.0480769 0.0854702 0.401611
1 0.541166 0.901709 0.0510818 0.0854701 0.352295
1 0.242188 0.754808 0.0276442 0.0662393 0.257568
1 0.542668 0.905983 0.047476 0.0865384 0.44458
1 0.468149 0.834936 0.0276443 0.065171 0.27832
1 0.241587 0.754808 0.0279447 0.0630342 0.273682
1 0.542368 0.904915 0.0498798 0.0897436 0.433105
1 0.624399 0.117521 0.0432693 0.119925 0.313232
1 0.242188 0.753739 0.0258413 0.0673077 0.269043
1 0.468149 0.83547 0.0300481 0.0683761 0.256836
1 0.542067 0.906517 0.0492789 0.0886753 0.445557
1 0.622596 0.117121 0.0432693 0.122329 0.320068
1 0.241587 0.755342 0.0270432 0.0662393 0.300781
1 0.467248 0.83547 0.0276442 0.0683761 0.256104
1 0.541466 0.907051 0.0504808 0.0865384 0.414795
1 0.624399 0.117922 0.0420673 0.123665 0.266602
1 0.542668 0.905983 0.0486779 0.0897436 0.392334
1 0.625 0.116453 0.0408654 0.124466 0.265869
1 0.242788 0.753205 0.0282452 0.0673077 0.254639
1 0.541466 0.906517 0.0486779 0.0801281 0.424316
1 0.623798 0.120159 0.0420673 0.11278 0.266602
1 0.241436 0.757479 0.0261418 0.0608974 0.263672
1 0.542668 0.91453 0.0492788 0.0833333 0.385742
1 0.625 0.118089 0.0420673 0.120126 0.257568
1 0.542969 0.912393 0.047476 0.0854701 0.464844
1 0.540264 0.904915 0.0516827 0.0854701 0.455078
1 0.241887 0.756944 0.0258413 0.0608975 0.268066
1 0.625601 0.120593 0.0396635 0.110043 0.265137
1 0.540565 0.904915 0.0516827 0.0876069 0.42334
1 0.623798 0.115785 0.0432693 0.116987 0.262207
1 0.542368 0.906517 0.047476 0.0854701 0.460938
1 0.242188 0.754273 0.0264423 0.0641026 0.263672
1 0.542067 0.90812 0.0492789 0.0854702 0.466797
1 0.241587 0.756944 0.0282452 0.0662393 0.254639
1 0.541466 0.905983 0.048077 0.0854702 0.424316
1 0.623798 0.118056 0.0408654 0.119658 0.308105
1 0.242488 0.755342 0.0264423 0.0683761 0.264404
1 0.541466 0.905449 0.0504808 0.0886753 0.393311
1 0.625 0.121795 0.046875 0.101496 0.300781
1 0.542368 0.906517 0.0492788 0.0844018 0.463867
1 0.626202 0.122062 0.0384615 0.11031 0.269043
1 0.242037 0.75641 0.0258414 0.0641026 0.266602
1 0.540865 0.904915 0.0492789 0.0833333 0.373047
1 0.241436 0.754273 0.0285457 0.0662393 0.259033
1 0.626803 0.124199 0.0396635 0.10844 0.250977
1 0.541466 0.904915 0.0504808 0.0876069 0.394287
1 0.626202 0.122596 0.0384615 0.0926816 0.256836
1 0.541767 0.907051 0.0480769 0.0833334 0.460938
1 0.542067 0.907586 0.0492789 0.0833333 0.404541
1 0.541466 0.90812 0.0492789 0.0854702 0.454346
1 0.242188 0.755342 0.0264423 0.0662393 0.273682
1 0.627404 0.123932 0.0384615 0.104434 0.252441
1 0.542668 0.909188 0.0492788 0.0844017 0.459961
1 0.627404 0.125401 0.0360577 0.100962 0.273682
1 0.241887 0.755342 0.0276442 0.0641026 0.260498
1 0.540865 0.90812 0.0492789 0.0854702 0.508789
1 0.242188 0.755342 0.0270433 0.0641026 0.309082
1 0.469351 0.83547 0.0282452 0.0641026 0.283691
1 0.539964 0.90812 0.0510818 0.0865384 0.435059
1 0.541466 0.907051 0.0516827 0.0876069 0.46875
1 0.242788 0.755342 0.0282452 0.0619659 0.273682
1 0.469952 0.836538 0.030649 0.0694444 0.259033
1 0.541466 0.905983 0.0504808 0.0833333 0.470703
1 0.541466 0.906517 0.0504808 0.0886753 0.518555
1 0.626803 0.12313 0.0396635 0.107906 0.325195
1 0.46905 0.836539 0.0294471 0.0705128 0.275879
1 0.241887 0.755342 0.0276442 0.0641026 0.260498
1 0.541767 0.905449 0.0504807 0.0897436 0.491211
1 0.627404 0.122897 0.0384615 0.107839 0.300781
1 0.541466 0.903846 0.048077 0.0854701 0.450439
1 0.627404 0.121661 0.0384615 0.110577 0.293457
1 0.242788 0.755876 0.0288461 0.065171 0.271973
1 0.540264 0.90812 0.0492789 0.0854702 0.373779
1 0.540865 0.907051 0.0498798 0.0886752 0.407227
1 0.46875 0.834402 0.0288462 0.0705128 0.262207
1 0.241587 0.753205 0.0282452 0.0641026 0.253174
1 0.539663 0.907051 0.0492788 0.0908119 0.488281
1 0.625601 0.119358 0.0384615 0.10637 0.321777
1 0.467548 0.844017 0.0288462 0.0662393 0.320068
1 0.240685 0.751068 0.0282452 0.0641026 0.29834
1 0.540865 0.908654 0.0492789 0.090812 0.494141
1 0.46875 0.842949 0.0294471 0.0662393 0.339844
1 0.626803 0.122463 0.0372596 0.103365 0.30249
1 0.241587 0.751603 0.0276443 0.0662393 0.299072
1 0.168119 0.963675 0.0303486 0.0491453 0.262939
1 0.540565 0.910256 0.0504807 0.0897436 0.519531
1 0.467849 0.842949 0.0294471 0.0662393 0.34082
1 0.241286 0.754273 0.0300481 0.0662393 0.328613
1 0.627404 0.12263 0.0384615 0.105702 0.309082
1 0.168419 0.96688 0.0315505 0.0512821 0.259033
1 0.540865 0.910256 0.0504808 0.090812 0.563965
1 0.468149 0.84188 0.0288462 0.0641026 0.371094
1 0.241286 0.754273 0.0285457 0.0651709 0.36377
1 0.627404 0.120693 0.0372596 0.10637 0.361084
1 0.167969 0.964744 0.0300481 0.0491453 0.259033
1 0.045598 0.116319 0.0213341 0.0526175 0.256104
1 0.540264 0.90812 0.0516827 0.0908119 0.615234
1 0.241286 0.752137 0.0282452 0.0662393 0.419678
1 0.468149 0.840812 0.0288462 0.0673077 0.392334
1 0.626803 0.119391 0.0372596 0.107372 0.303223
1 0.167668 0.962607 0.030649 0.0502137 0.288574
1 0.0453726 0.117254 0.019982 0.0496795 0.252441
1 0.541466 0.907051 0.0504808 0.0897436 0.537109
1 0.626202 0.120326 0.0372596 0.108173 0.377441
1 0.241136 0.754273 0.0276442 0.0673076 0.366699
1 0.468149 0.838675 0.0288462 0.0641026 0.358398
1 0.167668 0.963675 0.030649 0.051282 0.288574
1 0.540565 0.908654 0.0492788 0.0897436 0.629883
1 0.626202 0.11899 0.0384615 0.109776 0.457031
1 0.241587 0.754808 0.0291466 0.0662393 0.422607
1 0.46845 0.840812 0.0294471 0.0641026 0.403564
1 0.167969 0.963675 0.030649 0.051282 0.32251
1 0.0456919 0.117788 0.0218975 0.0512821 0.274414
1 0.541466 0.907051 0.0492789 0.0918804 0.601074
1 0.627404 0.119257 0.0360577 0.104968 0.439697
1 0.242037 0.755342 0.0279447 0.0662393 0.405518
1 0.46875 0.839744 0.0288462 0.0641026 0.377441
1 0.0453726 0.117655 0.0214844 0.051015 0.294189
1 0.167668 0.963675 0.0297476 0.0502137 0.291016
1 0.540865 0.909188 0.0492789 0.0886752 0.618652
1 0.626202 0.121394 0.0360577 0.103632 0.454346
1 0.241587 0.75641 0.0273438 0.0662393 0.404541
1 0.46875 0.840812 0.0288462 0.0641026 0.38208
1 0.167668 0.964209 0.0300481 0.0480769 0.291016
1 0.0452975 0.117254 0.0213341 0.0507479 0.273682
1 0.540565 0.907051 0.0498798 0.0876069 0.615234
1 0.46845 0.839744 0.0294471 0.0641026 0.415771
1 0.626803 0.12283 0.0360577 0.101028 0.410156
1 0.241286 0.756944 0.0285457 0.065171 0.398926
1 0.0452224 0.118189 0.0213341 0.051015 0.30249
1 0.167218 0.963141 0.030649 0.0491453 0.289307
1 0.302885 0.935898 0.0246394 0.0470085 0.262207
1 0.540865 0.905983 0.0504808 0.0897436 0.637207
1 0.46875 0.838675 0.0288462 0.0641026 0.412109
1 0.627404 0.122196 0.0360577 0.101496 0.39502
1 0.241587 0.755342 0.0279447 0.0662393 0.39502
1 0.0456543 0.116987 0.0207707 0.0502137 0.296631
1 0.167668 0.963675 0.0300481 0.0491453 0.289307
1 0.303486 0.935898 0.0240385 0.0491453 0.262207
1 0.541466 0.90812 0.0498798 0.0886752 0.612305
1 0.46905 0.840812 0.0300481 0.0662393 0.416748
1 0.241737 0.755876 0.0294471 0.0673077 0.404541
1 0.627404 0.122062 0.0360577 0.103365 0.393311
1 0.167819 0.963141 0.030649 0.0502136 0.29248
1 0.303486 0.935898 0.0240385 0.0491453 0.266602
1 0.0452036 0.11859 0.0210712 0.0507479 0.259766
1 0.541466 0.907051 0.0486779 0.0865384 0.628906
1 0.627404 0.123164 0.0360577 0.102497 0.424316
1 0.46875 0.841346 0.0288462 0.0630342 0.40918
1 0.241887 0.75641 0.0294471 0.0662393 0.405518
1 0.167668 0.962607 0.0300481 0.0491453 0.321777
1 0.0455416 0.119525 0.0212966 0.0499466 0.259766
1 0.303486 0.936966 0.0240385 0.0470085 0.257568
1 0.541466 0.907051 0.0486779 0.0886752 0.639648
1 0.627404 0.12313 0.0360577 0.103632 0.467773
1 0.241587 0.75641 0.0288462 0.0662393 0.428223
1 0.46875 0.839744 0.0294471 0.0641026 0.421631
1 0.167668 0.963675 0.030649 0.0491453 0.332031
1 0.0451472 0.11859 0.0207332 0.0496795 0.265137
1 0.303486 0.936966 0.0240385 0.0470085 0.258301
1 0.541466 0.907051 0.0492789 0.0876069 0.620605
1 0.627404 0.124499 0.0360577 0.100895 0.430176
1 0.241587 0.756944 0.0300481 0.0662393 0.410156
1 0.46875 0.841346 0.0300481 0.065171 0.402588
1 0.167368 0.963675 0.03125 0.0502137 0.310791
1 0.0448468 0.119124 0.0214844 0.0507479 0.256836
1 0.303185 0.936966 0.0246394 0.048077 0.256104
1 0.541466 0.907051 0.0492789 0.0876069 0.63623
1 0.627404 0.123665 0.0360577 0.102564 0.452393
1 0.241737 0.75641 0.0291466 0.0662393 0.42627
1 0.46875 0.841346 0.0288462 0.065171 0.424316
1 0.167368 0.962607 0.030649 0.051282 0.326904
1 0.303185 0.936432 0.0240385 0.0470086 0.27124
1 0.0450533 0.119525 0.0216722 0.051015 0.269775
1 0.541466 0.907051 0.0492789 0.0876069 0.629883
1 0.627404 0.124432 0.0360577 0.101028 0.433105
1 0.46875 0.84188 0.0294471 0.0641026 0.400635
1 0.241587 0.75641 0.0288462 0.0662393 0.391357
1 0.167368 0.963675 0.0300481 0.0491453 0.307373
1 0.303185 0.936966 0.0240385 0.0470085 0.252441
1 0.541166 0.907051 0.0498798 0.0876069 0.633301
1 0.626803 0.124733 0.0360577 0.100694 0.442627
1 0.46845 0.84188 0.0294471 0.0662393 0.411133
1 0.241587 0.75641 0.0294471 0.0662393 0.402588
1 0.167368 0.963675 0.030649 0.0502137 0.32251
1 0.302885 0.936966 0.0240385 0.0470085 0.256836
1 0.0451472 0.119391 0.0211839 0.0499466 0.252441
1 0.541466 0.907051 0.0504808 0.0897436 0.537109
1 0.626202 0.120326 0.0372596 0.108173 0.377441
1 0.241136 0.754273 0.0276442 0.0673076 0.366699
1 0.468149 0.838675 0.0288462 0.0641026 0.358398
1 0.167668 0.963675 0.030649 0.051282 0.289307
