1 0.0122446 0.877137 0.0244892 0.0876069 0.331055
1 0.415264 0.720086 0.0204327 0.0470086 0.306641
1 0.415865 0.723825 0.0324519 0.065171 0.400635
1 0.205529 0.205662 0.031851 0.0785256 0.29248
1 0.722356 0.482372 0.0264423 0.090812 0.253174
1 0.202524 0.20219 0.030649 0.0779915 0.297363
1 0.414062 0.724359 0.0288461 0.0491453 0.2854
1 0.203275 0.203259 0.03125 0.0705128 0.315674
1 0.719351 0.471154 0.0228365 0.0673077 0.281494
1 0.413462 0.722222 0.0288462 0.0534188 0.279785
1 0.203125 0.209669 0.0270433 0.0731838 0.269043
1 0.415264 0.727564 0.0282452 0.0598291 0.252441
1 0.203425 0.204193 0.0246394 0.0755876 0.326904
1 0.721154 0.471421 0.0204327 0.0657052 0.313232
1 0.414062 0.722222 0.0252404 0.0555556 0.256836
1 0.202224 0.205796 0.0300481 0.0745192 0.264404
1 0.202975 0.205128 0.0321514 0.0833333 0.256836
0 0.54387 0.0157585 0.0564904 0.0315171 0.281494
1 0.204327 0.202724 0.030649 0.0817308 0.253906
1 0.203425 0.20633 0.03125 0.0777244 0.250244
1 0.204627 0.204327 0.0270433 0.0811966 0.288574
1 0.203425 0.206197 0.031851 0.0811966 0.267334
1 0.71875 0.471688 0.0228365 0.0737179 0.255371
1 0.204778 0.205529 0.0321514 0.0771902 0.253174
1 0.204627 0.204327 0.0327524 0.0817308 0.309814
1 0.203726 0.205395 0.0324519 0.0774573 0.324219
1 0.71875 0.472222 0.0240385 0.0662393 0.272705
1 0.204026 0.202457 0.0342548 0.0785256 0.259033
1 0.203576 0.206998 0.0315505 0.0769231 0.275146
1 0.204477 0.206597 0.031851 0.0718483 0.258301
1 0.205078 0.204728 0.03125 0.0734509 0.282227
1 0.203876 0.206464 0.0330529 0.0763889 0.305664
1 0.71875 0.469551 0.0216346 0.0619658 0.279785
1 0.414062 0.729701 0.0306491 0.0544872 0.275879
1 0.203425 0.205395 0.0324519 0.0753205 0.262207
1 0.56851 0.826389 0.0264423 0.0438034 0.254639
1 0.413462 0.728098 0.0288462 0.0534188 0.262207
1 0.203125 0.203659 0.0294471 0.076656 0.26123
1 0.719351 0.458868 0.0216346 0.0608974 0.255371
1 0.203425 0.207265 0.0300481 0.0753205 0.276611
1 0.203125 0.205395 0.0279447 0.0779915 0.282959
1 0.71875 0.459936 0.0192308 0.0619658 0.273682
1 0.203726 0.204327 0.0294471 0.0753205 0.264404
1 0.203425 0.203125 0.03125 0.0777244 0.250977
1 0.204177 0.204594 0.0309495 0.0731838 0.291016
1 0.71875 0.458868 0.0216346 0.0587607 0.251709
1 0.204026 0.204861 0.0282452 0.0790598 0.306641
1 0.202825 0.203659 0.030649 0.0771902 0.288574
1 0.71875 0.459669 0.0216346 0.0630342 0.254639
1 0.203125 0.205529 0.0288462 0.0729167 0.257568
1 0.203726 0.203526 0.0294471 0.0763889 0.282959
1 0.719952 0.459402 0.0216346 0.0566239 0.276611
1 0.203425 0.204594 0.03125 0.0721154 0.250244
1 0.203275 0.203526 0.0282452 0.0742522 0.253174
1 0.203576 0.205662 0.0294471 0.0737179 0.259033
1 0.203425 0.203526 0.0288462 0.0763889 0.263672
1 0.203426 0.205262 0.0309495 0.0777244 0.268066
1 0.203425 0.205662 0.0276442 0.0753205 0.290283
1 0.719952 0.46047 0.0216346 0.0608974 0.257568
1 0.71875 0.4586 0.0216346 0.0619658 0.255371
1 0.202825 0.205128 0.03125 0.0758547 0.251709
1 0.204026 0.20406 0.030649 0.0769231 0.250977
1 0.202825 0.203793 0.0309495 0.0763889 0.272705
1 0.719351 0.457799 0.0204327 0.0608974 0.269775
1 0.204026 0.203793 0.0285457 0.0747863 0.274414
1 0.203425 0.203392 0.0294471 0.0755876 0.29248
1 0.719952 0.458868 0.0216346 0.0608974 0.267334
1 0.203876 0.202991 0.0279447 0.0747863 0.314941
1 0.720553 0.459402 0.0216346 0.0587607 0.303955
1 0.204477 0.201255 0.0303486 0.0745192 0.299805
1 0.721154 0.459402 0.0228365 0.0630342 0.276611
1 0.203425 0.202991 0.0300481 0.0742521 0.280518
1 0.719952 0.459936 0.0216346 0.0619658 0.252441
1 0.203425 0.204594 0.0291466 0.0758547 0.326904
1 0.720553 0.459402 0.0216346 0.0630342 0.282227
1 0.203726 0.204728 0.0300481 0.076656 0.291016
1 0.719952 0.458868 0.0216346 0.0598291 0.262207
1 0.204327 0.204861 0.0288461 0.0763889 0.299072
1 0.719952 0.458333 0.0216346 0.0587607 0.27124
1 0.719952 0.457265 0.0216346 0.0587607 0.266602
1 0.203726 0.203259 0.0288462 0.0769231 0.262207
1 0.719952 0.458066 0.0216346 0.0635684 0.295898
1 0.202224 0.198451 0.030649 0.0742521 0.364746
1 0.71875 0.461004 0.0216346 0.0619658 0.346924
1 0.832332 0.274573 0.0180288 0.0512821 0.281494
1 0.940505 0.647436 0.0336538 0.0576923 0.275879
1 0.56881 0.83547 0.0258414 0.0405983 0.259766
1 0.203275 0.197783 0.0303486 0.0750534 0.374756
1 0.719351 0.463141 0.0216346 0.059829 0.307373
1 0.941106 0.645299 0.0336538 0.0576923 0.301514
1 0.832933 0.27938 0.0168269 0.0480769 0.295898
1 0.412861 0.740385 0.0300481 0.051282 0.265869
1 0.569411 0.837073 0.0246394 0.042735 0.255371
1 0.203425 0.198451 0.03125 0.0774573 0.385742
1 0.719952 0.464744 0.0216346 0.0630342 0.315674
1 0.941106 0.647436 0.0336538 0.0598291 0.308105
1 0.832933 0.280983 0.0180289 0.0507479 0.300781
1 0.570012 0.837073 0.0258413 0.0438034 0.281494
1 0.413762 0.735043 0.030649 0.0491453 0.254639
1 0.202825 0.200053 0.0294471 0.0742522 0.422607
1 0.833534 0.27938 0.016827 0.0491453 0.360352
1 0.719952 0.464477 0.0216346 0.0625 0.358398
1 0.569411 0.83547 0.0246394 0.042735 0.325195
1 0.413462 0.732906 0.0300481 0.0491453 0.300781
1 0.941106 0.647436 0.0336538 0.0555556 0.286133
1 0.506611 0.819444 0.0180288 0.0534188 0.271973
1 0.202674 0.19765 0.0291466 0.0747863 0.445557
1 0.719351 0.466346 0.0204327 0.0598291 0.402588
1 0.832933 0.279915 0.0168269 0.0470086 0.367432
1 0.569712 0.834402 0.0252404 0.0405983 0.362061
1 0.941106 0.645299 0.0336538 0.0576923 0.34082
1 0.414062 0.732906 0.0288461 0.0470086 0.33374
1 0.506611 0.817842 0.0180288 0.0534187 0.281494
1 0.202073 0.199786 0.0288462 0.0763889 0.44165
1 0.71875 0.465278 0.0216346 0.0587607 0.368408
1 0.832933 0.281517 0.015625 0.0480769 0.359375
1 0.569111 0.83547 0.0252404 0.042735 0.344238
1 0.413462 0.733974 0.0288462 0.0470086 0.314941
1 0.941106 0.644231 0.0336538 0.0576923 0.309814
1 0.50601 0.818376 0.0180288 0.0534188 0.276611
1 0.202825 0.19992 0.0300481 0.076656 0.488281
1 0.719952 0.465011 0.0216346 0.0603633 0.425293
1 0.833534 0.28125 0.016827 0.0496795 0.416748
1 0.569712 0.834936 0.0264423 0.0438034 0.391357
1 0.413462 0.733974 0.03125 0.0491453 0.353027
1 0.941106 0.644231 0.0324519 0.0555556 0.345215
1 0.506611 0.818376 0.0180288 0.0555556 0.325928
1 0.203425 0.201522 0.0282452 0.0734509 0.44458
1 0.719351 0.466613 0.0216346 0.059829 0.397949
1 0.832933 0.282051 0.0168269 0.0486111 0.386719
1 0.569712 0.834402 0.0252404 0.042735 0.359375
1 0.413462 0.73344 0.0300481 0.048077 0.32251
1 0.506611 0.818376 0.0180288 0.0555556 0.313965
1 0.941106 0.644231 0.03125 0.0555556 0.310791
1 0.203125 0.20219 0.0276442 0.0747863 0.459961
1 0.719351 0.465278 0.0216346 0.0587607 0.427246
1 0.832933 0.280983 0.0168269 0.0496795 0.411133
1 0.569111 0.83547 0.0264423 0.0438034 0.395996
1 0.941707 0.644231 0.0336538 0.0555556 0.345947
1 0.413462 0.733974 0.0300481 0.0470086 0.34082
1 0.506611 0.818376 0.0192307 0.0555556 0.326904
1 0.202825 0.201389 0.0294471 0.0742521 0.476562
1 0.71875 0.464744 0.0216346 0.059829 0.438721
1 0.569111 0.83547 0.0264423 0.0438034 0.417725
1 0.832933 0.27938 0.0168269 0.0480769 0.40918
1 0.413161 0.73344 0.030649 0.048077 0.365723
1 0.941106 0.644231 0.0336538 0.0555556 0.345215
1 0.50631 0.816773 0.0186298 0.0534187 0.295898
1 0.203275 0.201122 0.0285457 0.0747863 0.464844
1 0.833534 0.27938 0.016827 0.0480769 0.429199
1 0.719952 0.464477 0.0204327 0.0571581 0.42334
1 0.569712 0.83547 0.0252404 0.0448718 0.399902
1 0.413462 0.732906 0.0294471 0.0480769 0.36377
1 0.941106 0.645299 0.0336538 0.0555556 0.336426
1 0.506611 0.817308 0.0192307 0.0534188 0.317383
1 0.203425 0.20179 0.0294471 0.0755876 0.481445
1 0.832933 0.280449 0.0168269 0.0491453 0.438721
1 0.719351 0.466613 0.0216346 0.0603633 0.404541
1 0.569712 0.83547 0.0252404 0.0438034 0.397949
1 0.413462 0.733974 0.0300481 0.0491453 0.361084
1 0.942308 0.644765 0.0336539 0.0566239 0.32251
1 0.50601 0.818376 0.0192307 0.0555556 0.303955
1 0.203125 0.203392 0.0288462 0.073985 0.475586
1 0.833534 0.281517 0.016827 0.0480769 0.416748
1 0.719952 0.46688 0.0216346 0.0587607 0.400635
1 0.570312 0.836539 0.0252404 0.042735 0.394287
1 0.414062 0.734509 0.0300481 0.0480769 0.351318
1 0.941106 0.645299 0.0336538 0.0555556 0.34082
1 0.506611 0.819444 0.0192307 0.0555556 0.327637
1 0.203125 0.20406 0.0294471 0.0742522 0.481445
1 0.832933 0.282051 0.0168269 0.0491453 0.424316
1 0.719351 0.466346 0.0216346 0.0587607 0.411133
1 0.569712 0.83547 0.0264423 0.0438034 0.404541
1 0.413462 0.733974 0.0300481 0.0480769 0.359375
1 0.941707 0.645833 0.0336538 0.0566239 0.352295
1 0.50631 0.818376 0.0180289 0.0555556 0.326904
1 0.203125 0.204594 0.0303486 0.0747863 0.458984
1 0.832933 0.282051 0.0168269 0.0491453 0.399902
1 0.71875 0.46688 0.0216346 0.0608974 0.393311
1 0.569712 0.83547 0.0276443 0.0448718 0.390381
1 0.413462 0.733974 0.03125 0.0491453 0.34082
1 0.941106 0.645299 0.0336538 0.0566239 0.336426
1 0.50601 0.819444 0.0186298 0.0555556 0.315674
1 0.203125 0.203793 0.0294471 0.0753205 0.483398
1 0.832933 0.28125 0.0168269 0.0491453 0.429199
1 0.71875 0.467415 0.0216346 0.0608974 0.412109
1 0.569712 0.83547 0.0264423 0.0448718 0.412109
1 0.413462 0.733974 0.0306491 0.0491453 0.363037
1 0.941106 0.645299 0.0336538 0.0576923 0.342529
1 0.50631 0.818376 0.0186298 0.0555556 0.329346
1 0.203125 0.204327 0.0294471 0.0747863 0.46582
1 0.832933 0.282051 0.0168269 0.0491453 0.405518
1 0.569712 0.83547 0.0264423 0.042735 0.396973
1 0.719351 0.467147 0.0216346 0.0603633 0.391357
1 0.413462 0.734509 0.0306491 0.0480769 0.345947
1 0.50631 0.818376 0.0186298 0.0555556 0.320068
1 0.941106 0.645299 0.0336538 0.0576923 0.315674
1 0.202825 0.204594 0.0300481 0.0747863 0.481445
1 0.832933 0.282051 0.0168269 0.0480769 0.415771
1 0.569712 0.83547 0.0264423 0.042735 0.413086
1 0.719351 0.467415 0.0216346 0.0603632 0.401611
1 0.413462 0.735043 0.0306491 0.0480769 0.358398
1 0.941106 0.645299 0.0336538 0.0566239 0.332031
1 0.50601 0.818376 0.0180288 0.0544872 0.325195
1 0.202073 0.199786 0.0288462 0.0763889 0.44165
1 0.71875 0.465278 0.0216346 0.0587607 0.368408
1 0.832933 0.281517 0.015625 0.0480769 0.359375
1 0.569111 0.83547 0.0252404 0.042735 0.344238
1 0.413462 0.733974 0.0288462 0.0470086 0.314941
1 0.941106 0.644231 0.0336538 0.0576923 0.309814
1 0.50601 0.818376 0.0180288 0.0534188 0.275879
