1 0.820913 0.173745 0.0360577 0.0464744 0.352295
1 0.822115 0.17695 0.03125 0.0542201 0.361084
1 0.8125 0.690171 0.0240385 0.0598291 0.304932
1 0.822115 0.174947 0.0360577 0.0405983 0.361084
1 0.342548 0.446581 0.0276442 0.0384615 0.256836
1 0.819712 0.175214 0.0288462 0.0443376 0.275879
1 0.820913 0.174412 0.0264423 0.0422008 0.259766
1 0.950721 0.10814 0.0408653 0.101028 0.255371
1 0.822115 0.17508 0.0336538 0.0499466 0.254639
1 0.951322 0.106537 0.0360578 0.0994257 0.295898
1 0.820913 0.172943 0.03125 0.0403312 0.260498
1 0.951322 0.119124 0.0360578 0.100694 0.273682
1 0.8125 0.689637 0.0264423 0.0544872 0.267334
1 0.823317 0.176015 0.0360577 0.0419337 0.313965
1 0.951923 0.107405 0.0384615 0.0966213 0.279053
1 0.823317 0.178152 0.0276443 0.0387286 0.267334
1 0.822115 0.176282 0.0360577 0.0448718 0.250244
1 0.950721 0.109742 0.0384615 0.103165 0.256104
1 0.950721 0.108173 0.0360577 0.10203 0.307373
1 0.5939 0.428953 0.0477764 0.0865384 0.308105
1 0.951923 0.107672 0.0360577 0.106771 0.262207
1 0.822115 0.177751 0.03125 0.0424679 0.265869
1 0.950721 0.109008 0.0360577 0.0992922 0.318359
1 0.820913 0.176816 0.0336538 0.0435363 0.299805
1 0.586538 0.432425 0.0588942 0.0998932 0.300781
1 0.820913 0.179888 0.03125 0.0419338 0.266602
1 0.951923 0.108407 0.0384615 0.0988916 0.269775
1 0.822115 0.178152 0.0336538 0.0448718 0.255371
1 0.821515 0.177618 0.0324519 0.0448718 0.253906
1 0.820312 0.180422 0.0336538 0.0467415 0.299072
1 0.8125 0.694444 0.0288462 0.0544872 0.252441
1 0.58774 0.428953 0.0552885 0.099359 0.251709
1 0.822115 0.177618 0.0336538 0.042735 0.282227
1 0.822716 0.176816 0.0336538 0.0411325 0.299805
1 0.820913 0.177618 0.0300481 0.0403312 0.294922
1 0.951923 0.109909 0.0360577 0.102297 0.294189
1 0.950721 0.111378 0.0384615 0.103632 0.283691
1 0.821515 0.175614 0.0348557 0.0413996 0.274414
1 0.950721 0.104734 0.0384615 0.103032 0.355713
1 0.822115 0.175347 0.03125 0.0416667 0.257568
1 0.822716 0.176549 0.0324519 0.0400641 0.252441
1 0.951322 0.110577 0.0348557 0.107105 0.337158
1 0.822115 0.176015 0.0336538 0.0384615 0.290283
1 0.585938 0.432425 0.0637019 0.0972222 0.275146
1 0.585938 0.428419 0.0588943 0.0950855 0.369385
1 0.950721 0.107873 0.0360577 0.101028 0.262939
1 0.950721 0.111245 0.0384615 0.100694 0.280518
1 0.585938 0.428419 0.0588943 0.0950855 0.267334
1 0.950721 0.107906 0.0396635 0.106303 0.291748
1 0.822716 0.176816 0.0336538 0.0411325 0.275146
1 0.811298 0.692308 0.0276442 0.0555556 0.26123
1 0.951322 0.11071 0.0372596 0.105235 0.279053
1 0.823918 0.175347 0.03125 0.0389957 0.256104
1 0.490385 0.587607 0.0324519 0.0491453 0.260498
1 0.822115 0.176282 0.03125 0.0405983 0.256104
1 0.951923 0.0989583 0.0360577 0.0985577 0.250244
1 0.58774 0.429754 0.0564904 0.0956197 0.281494
1 0.951322 0.10804 0.0348557 0.104701 0.274414
1 0.590144 0.429487 0.0552885 0.0940171 0.256836
1 0.822115 0.178419 0.03125 0.0400641 0.267334
1 0.951923 0.102163 0.0360577 0.0996261 0.257568
1 0.490986 0.589209 0.0300481 0.042735 0.250977
1 0.950721 0.106604 0.0384615 0.104634 0.268066
1 0.951923 0.100427 0.0360577 0.0988248 0.299805
1 0.951322 0.101496 0.0360578 0.099359 0.33374
1 0.822115 0.177217 0.03125 0.039797 0.259766
1 0.586538 0.429754 0.0588942 0.0961539 0.262207
1 0.952524 0.114049 0.0384616 0.0998932 0.253906
1 0.950721 0.112313 0.0372597 0.106571 0.256104
1 0.951923 0.101629 0.0360577 0.10016 0.269775
1 0.490084 0.588675 0.030649 0.0448718 0.256836
1 0.950721 0.107505 0.0360577 0.1039 0.255371
1 0.951923 0.108307 0.0360577 0.103365 0.262939
1 0.822115 0.17735 0.03125 0.0413996 0.269043
1 0.951322 0.107405 0.0360578 0.107305 0.287842
1 0.822115 0.178419 0.03125 0.0400641 0.287842
1 0.8125 0.694444 0.0288462 0.0555556 0.270508
1 0.490986 0.588675 0.0300481 0.0491453 0.254639
1 0.951322 0.109742 0.0372596 0.109041 0.265869
1 0.822115 0.175481 0.03125 0.0411325 0.258301
1 0.950721 0.108574 0.0384615 0.111378 0.328613
1 0.822115 0.178152 0.0336538 0.0440705 0.277588
1 0.490385 0.587607 0.030649 0.0512821 0.251709
1 0.950721 0.109809 0.0384615 0.108908 0.326904
1 0.589093 0.432692 0.054988 0.0982906 0.26123
1 0.822716 0.178285 0.0324519 0.039797 0.258301
1 0.951923 0.111412 0.0384615 0.108373 0.293457
1 0.823918 0.178152 0.0324519 0.0405983 0.270508
1 0.950721 0.110043 0.0384615 0.110577 0.250977
1 0.823317 0.173878 0.0324519 0.0408654 0.31665
1 0.811899 0.688034 0.0264422 0.0555556 0.258301
1 0.822115 0.177484 0.03125 0.0371261 0.373779
1 0.811298 0.689637 0.0264423 0.0555555 0.315674
1 0.343149 0.444979 0.0228365 0.0373931 0.264404
1 0.236028 0.279113 0.0186298 0.0422009 0.260498
1 0.822716 0.178152 0.03125 0.0389957 0.346924
1 0.8125 0.693376 0.0264423 0.0534188 0.303223
1 0.343149 0.44578 0.0228365 0.0379273 0.262207
1 0.237079 0.280983 0.0168269 0.0400641 0.259766
1 0.490084 0.588675 0.0294471 0.0448718 0.254639
1 0.822716 0.181357 0.0324519 0.0411325 0.348633
1 0.811899 0.695513 0.0276443 0.0544872 0.321777
1 0.951322 0.109241 0.0372596 0.106303 0.294922
1 0.236779 0.281517 0.0186298 0.042735 0.287842
1 0.34375 0.446581 0.0246394 0.0416667 0.282959
1 0.490385 0.591346 0.03125 0.0480769 0.271973
1 0.822115 0.180288 0.03125 0.0389957 0.364746
1 0.8125 0.693376 0.0264423 0.0534188 0.361084
1 0.23738 0.280449 0.0180288 0.0416667 0.34082
1 0.490385 0.588675 0.0300481 0.0470085 0.305664
1 0.343149 0.44765 0.0234375 0.0395299 0.282227
1 0.950721 0.109642 0.0360577 0.103365 0.27124
1 0.811899 0.693376 0.0252404 0.0512821 0.419678
1 0.950721 0.108841 0.0360577 0.104167 0.418701
1 0.822716 0.180556 0.0300481 0.0363248 0.407227
1 0.23738 0.280983 0.0168269 0.0395299 0.338135
1 0.490986 0.589744 0.0288462 0.0448718 0.332031
1 0.343149 0.446848 0.0234375 0.0395299 0.327637
1 0.822115 0.180956 0.03125 0.0387286 0.387695
1 0.950721 0.109776 0.0360577 0.103632 0.38208
1 0.811298 0.694444 0.0264423 0.0534188 0.361084
1 0.236629 0.282051 0.0168269 0.0405983 0.327637
1 0.343149 0.44765 0.0228365 0.0384615 0.325928
1 0.490385 0.590812 0.0288462 0.0448718 0.318359
1 0.822115 0.17922 0.03125 0.0384615 0.450439
1 0.8125 0.694444 0.0276443 0.0534188 0.418701
1 0.950721 0.107505 0.0360577 0.104434 0.38501
1 0.23738 0.280983 0.0174279 0.0405983 0.381104
1 0.490385 0.589744 0.0300481 0.0459401 0.356689
1 0.343149 0.447115 0.0228365 0.0395299 0.355713
1 0.951322 0.108941 0.0360578 0.102631 0.422607
1 0.822115 0.179487 0.03125 0.0379273 0.399902
1 0.8125 0.694444 0.0264423 0.0534188 0.390381
1 0.490385 0.590278 0.0300481 0.0470086 0.361084
1 0.23738 0.282051 0.0174279 0.0416667 0.359375
1 0.343149 0.447115 0.0228365 0.0384615 0.309082
1 0.822115 0.180823 0.03125 0.0379274 0.436768
1 0.8125 0.694444 0.0264423 0.0534188 0.411133
1 0.23723 0.281517 0.0183293 0.0416667 0.371094
1 0.950721 0.111245 0.0360577 0.102831 0.358398
1 0.490084 0.59188 0.0300481 0.0448718 0.348633
1 0.343149 0.44765 0.0240385 0.0389957 0.32251
1 0.636418 0.136619 0.0288462 0.0446047 0.262207
1 0.821515 0.180021 0.0324519 0.0389957 0.456055
1 0.8125 0.694444 0.0264423 0.0534188 0.422607
1 0.950721 0.111145 0.0372597 0.102497 0.414062
1 0.236929 0.280716 0.0180289 0.0416667 0.391357
1 0.489784 0.590812 0.0300481 0.0448718 0.350342
1 0.343149 0.447115 0.0240385 0.0395299 0.339844
1 0.590144 0.433227 0.0516827 0.0897436 0.250244
1 0.822115 0.18109 0.03125 0.0395299 0.443604
1 0.8125 0.694444 0.0264423 0.0534188 0.42334
1 0.951322 0.109776 0.0372596 0.102564 0.421631
1 0.23723 0.281517 0.0177284 0.0405983 0.370117
1 0.490084 0.591346 0.0300481 0.0459402 0.343262
1 0.34345 0.448985 0.0234375 0.0389957 0.329346
1 0.822716 0.18109 0.03125 0.0389957 0.449463
1 0.8125 0.694444 0.0264423 0.0544872 0.427246
1 0.950721 0.111779 0.0384615 0.106571 0.42334
1 0.236929 0.280983 0.0180289 0.0416667 0.392334
1 0.490385 0.590812 0.0300481 0.0470086 0.341553
1 0.34345 0.448718 0.0240385 0.0395299 0.337158
1 0.822716 0.182158 0.03125 0.0384615 0.435059
1 0.8125 0.695513 0.0264423 0.0534188 0.414062
1 0.950721 0.112413 0.0384615 0.102631 0.377441
1 0.237079 0.281784 0.0180288 0.0405983 0.362061
1 0.490385 0.59188 0.0300481 0.0470086 0.349609
1 0.34375 0.447917 0.0240385 0.0389957 0.338135
1 0.950721 0.111779 0.0384615 0.103098 0.462891
1 0.822716 0.182425 0.03125 0.0381945 0.44751
1 0.8125 0.695513 0.0264423 0.0534188 0.432129
1 0.490084 0.59188 0.0300481 0.0470086 0.367432
1 0.236779 0.282586 0.0174279 0.0416667 0.365723
1 0.34375 0.449252 0.0240385 0.0400641 0.343262
1 0.637019 0.139156 0.0288462 0.0475427 0.267334
1 0.58759 0.43563 0.0579928 0.0950854 0.250977
1 0.950721 0.111412 0.0384615 0.103566 0.442627
1 0.822115 0.181891 0.03125 0.0384615 0.427246
1 0.8125 0.695513 0.0264423 0.0534188 0.412109
1 0.236629 0.282586 0.0183293 0.0416667 0.349609
1 0.490084 0.59188 0.03125 0.0459402 0.347656
1 0.343149 0.448184 0.0240385 0.0395299 0.335449
1 0.822115 0.18149 0.03125 0.0379273 0.452393
1 0.950721 0.112146 0.0384615 0.104768 0.436768
1 0.8125 0.695513 0.0264423 0.0534188 0.432129
1 0.236929 0.282318 0.0183293 0.0416667 0.379395
1 0.490084 0.591346 0.030649 0.0459402 0.368408
1 0.343149 0.448184 0.0240385 0.0395299 0.364746
1 0.632212 0.137821 0.0288462 0.0438034 0.265137
1 0.822115 0.182425 0.03125 0.0376603 0.433105
1 0.8125 0.695513 0.0264423 0.0534188 0.419678
1 0.951322 0.112046 0.0372596 0.1039 0.383057
1 0.236929 0.282586 0.0180289 0.0405983 0.353027
1 0.343149 0.448985 0.0240385 0.0395299 0.331055
1 0.490385 0.59188 0.0300481 0.0448718 0.331055
1 0.822115 0.182425 0.03125 0.0373932 0.455078
1 0.8125 0.695513 0.0264423 0.0534188 0.435059
1 0.950721 0.112146 0.0384615 0.103165 0.393311
1 0.236779 0.282586 0.0180289 0.0405983 0.37207
1 0.343149 0.448985 0.0240385 0.0389957 0.348633
1 0.490084 0.59188 0.0300481 0.0448718 0.339844
1 0.637019 0.139156 0.0288462 0.0459402 0.256104
1 0.822115 0.180956 0.03125 0.0387286 0.387695
1 0.950721 0.109776 0.0360577 0.103632 0.383057
1 0.811298 0.694444 0.0264423 0.0534188 0.361084
1 0.236629 0.282051 0.0168269 0.0405983 0.327637
1 0.343149 0.44765 0.0228365 0.0384615 0.325928
1 0.490385 0.590812 0.0288462 0.0448718 0.317383
