1 0.26232 0.282586 0.0366586 0.0972222 0.339844
1 0.978966 0.978632 0.0408654 0.042735 0.253174
1 0.26232 0.279915 0.030649 0.0945513 0.330322
1 0.260817 0.280983 0.0252404 0.0956197 0.398926
1 0.263221 0.288462 0.0396635 0.103632 0.252441
1 0.263822 0.293803 0.0366586 0.103632 0.264404
1 0.262019 0.284188 0.0330529 0.0972222 0.293457
1 0.262169 0.283654 0.0321514 0.101496 0.336426
1 0.263972 0.293269 0.0369591 0.106838 0.272705
1 0.682692 0.951923 0.09375 0.0854701 0.304932
1 0.264724 0.292201 0.0390625 0.106838 0.29248
1 0.263371 0.288996 0.0333534 0.105769 0.326904
1 0.987981 0.850962 0.0240384 0.094017 0.272705
1 0.261719 0.290598 0.0384615 0.110043 0.293457
1 0.834135 0.415064 0.0673078 0.11859 0.252441
1 0.263522 0.290331 0.0420673 0.111111 0.36377
1 0.68149 0.946047 0.092548 0.100427 0.301514
1 0.985577 0.853632 0.0288462 0.101496 0.255371
1 0.68149 0.953526 0.094952 0.0929487 0.262207
1 0.260216 0.283654 0.0366587 0.105769 0.253906
1 0.263221 0.283654 0.0360577 0.103632 0.342529
1 0.264123 0.28312 0.0336539 0.102564 0.276611
1 0.26262 0.281517 0.0372596 0.107906 0.373047
1 0.69351 0.0327524 0.0793269 0.0655048 0.295898
1 0.263071 0.282586 0.0369591 0.104701 0.366699
1 0.262019 0.287927 0.0372596 0.096688 0.269043
1 0.263071 0.28312 0.039964 0.101496 0.360352
1 0.697115 0.0321181 0.076923 0.0642361 0.262939
1 0.262019 0.283654 0.0390625 0.104701 0.282959
1 0.682091 0.939103 0.0913461 0.106838 0.265137
1 0.262019 0.284455 0.0354567 0.0988248 0.342529
1 0.263221 0.284722 0.0384615 0.103098 0.343262
1 0.695913 0.0247062 0.0817308 0.0494124 0.267334
1 0.263522 0.288996 0.0372596 0.103632 0.373779
1 0.98738 0.852564 0.0252403 0.0897436 0.277588
1 0.26232 0.290064 0.0372596 0.103632 0.430176
1 0.679087 0.955128 0.0913462 0.0897436 0.290283
1 0.680889 0.942842 0.0913461 0.0886752 0.32251
1 0.262019 0.284722 0.0366586 0.102564 0.275879
1 0.676082 0.953526 0.0925481 0.0929487 0.375732
1 0.261719 0.289263 0.0348558 0.10203 0.331055
1 0.68149 0.952991 0.0865385 0.082265 0.33374
1 0.261418 0.290064 0.0360577 0.101496 0.318359
1 0.26247 0.27938 0.0357572 0.0972222 0.405518
1 0.678486 0.950321 0.0889423 0.0886753 0.291016
1 0.26262 0.284188 0.0378606 0.103632 0.390381
1 0.98738 0.851496 0.0252403 0.0961539 0.287842
1 0.264724 0.286325 0.0354568 0.102564 0.418701
1 0.26247 0.290598 0.0363582 0.100427 0.304932
1 0.26232 0.285256 0.0372596 0.100427 0.253174
1 0.26262 0.290064 0.0360577 0.101496 0.352295
1 0.262921 0.290598 0.0378606 0.106303 0.303955
1 0.263221 0.282051 0.0372596 0.104167 0.279053
1 0.264273 0.286859 0.0375601 0.101496 0.359375
1 0.263221 0.288996 0.0372596 0.105235 0.379395
1 0.262921 0.284989 0.0360577 0.103098 0.331055
1 0.68149 0.95406 0.0913461 0.0918803 0.294189
1 0.26262 0.285256 0.0354567 0.101496 0.27832
1 0.26277 0.28312 0.0369591 0.103632 0.303955
1 0.26277 0.284188 0.0351562 0.0945513 0.309082
1 0.262921 0.283654 0.0378606 0.105235 0.271973
1 0.261719 0.288996 0.0348558 0.102564 0.336426
1 0.261719 0.287927 0.0360577 0.103632 0.339844
1 0.26232 0.28125 0.0378606 0.100962 0.270508
1 0.26232 0.284722 0.0360577 0.0982906 0.301514
1 0.26247 0.283921 0.0369591 0.100962 0.326904
1 0.679087 0.957265 0.09375 0.0833333 0.262207
1 0.26262 0.282586 0.0354567 0.107372 0.320801
1 0.26232 0.290331 0.0378606 0.104701 0.303223
1 0.26262 0.285791 0.0354567 0.102564 0.299072
1 0.26247 0.283921 0.0375601 0.100962 0.256836
1 0.262921 0.283387 0.0354567 0.101496 0.274414
1 0.261118 0.286859 0.0366587 0.105769 0.338135
1 0.679688 0.955128 0.0925481 0.0876068 0.281494
1 0.261719 0.284188 0.0366587 0.101496 0.269775
1 0.26232 0.283654 0.0348558 0.0998931 0.284668
1 0.26247 0.283654 0.0357572 0.102564 0.30249
1 0.680889 0.955128 0.0913461 0.0854701 0.293457
1 0.26247 0.287393 0.0357572 0.105769 0.370117
1 0.261569 0.290064 0.0357572 0.103632 0.265869
1 0.679087 0.95406 0.0961538 0.090812 0.256104
1 0.262019 0.284722 0.0366586 0.104701 0.311523
1 0.26232 0.285791 0.0366586 0.102564 0.321777
1 0.262921 0.287927 0.0366586 0.103632 0.342529
1 0.26262 0.288462 0.0360577 0.104701 0.284668
1 0.263221 0.288462 0.0342548 0.103632 0.311523
1 0.262921 0.276976 0.0348558 0.106303 0.263672
1 0.263822 0.277778 0.0348558 0.106838 0.33374
1 0.261719 0.278579 0.0354567 0.105235 0.344238
1 0.986178 0.849893 0.0276443 0.0982906 0.27124
1 0.96875 0.718483 0.0264423 0.048077 0.256104
1 0.26247 0.285791 0.0351562 0.105235 0.338135
1 0.969351 0.718483 0.0276443 0.0459402 0.284668
1 0.987079 0.851496 0.0258413 0.0961539 0.282227
1 0.68149 0.955128 0.0889423 0.0854701 0.254639
1 0.21905 0.136485 0.0174279 0.0352564 0.252441
1 0.262921 0.284722 0.0372596 0.108974 0.353027
1 0.96875 0.717949 0.0288462 0.0480769 0.29834
1 0.986779 0.850427 0.0264423 0.0972222 0.279785
1 0.26277 0.286859 0.0369591 0.107906 0.373047
1 0.986779 0.85203 0.0264423 0.0929487 0.317383
1 0.96875 0.717949 0.0264423 0.0448718 0.313965
1 0.2189 0.134348 0.0192308 0.0347222 0.281494
1 0.261719 0.286592 0.0366587 0.107906 0.421631
1 0.986779 0.850962 0.0264423 0.094017 0.348633
1 0.969952 0.71688 0.0264423 0.0448718 0.332764
1 0.219201 0.133681 0.0183293 0.0347222 0.282227
0 0.698317 0.0221688 0.078125 0.0443376 0.273682
1 0.262019 0.286058 0.0354567 0.106838 0.392334
1 0.986779 0.850427 0.0264423 0.0940171 0.318359
1 0.96875 0.716346 0.0264423 0.0438034 0.297363
1 0.21845 0.134215 0.0180288 0.0328526 0.277588
1 0.26232 0.282051 0.0354567 0.106838 0.446533
1 0.986779 0.851496 0.0264423 0.0961539 0.371094
1 0.969351 0.717415 0.0276443 0.0448718 0.327637
1 0.21905 0.13328 0.0189303 0.034188 0.310791
1 0.262921 0.286325 0.0342548 0.104701 0.395996
1 0.98738 0.852564 0.0252403 0.0929487 0.330322
1 0.219201 0.133814 0.0186298 0.0352564 0.29834
1 0.969952 0.717949 0.0264423 0.0448718 0.289307
1 0.26262 0.283654 0.0336539 0.101496 0.424316
1 0.98738 0.853098 0.0252403 0.094017 0.328613
1 0.969351 0.716346 0.0264423 0.0427351 0.325928
1 0.21875 0.133547 0.0192308 0.034188 0.320801
1 0.26232 0.283654 0.0348558 0.102564 0.435059
1 0.96875 0.715812 0.0264423 0.0448718 0.338867
1 0.21845 0.133013 0.0192308 0.0347222 0.338135
1 0.986779 0.852564 0.0264423 0.0940171 0.309082
1 0.263071 0.28312 0.0345553 0.104701 0.438721
1 0.2186 0.134081 0.0189303 0.034188 0.327637
1 0.969351 0.716346 0.0264423 0.0438034 0.324219
1 0.98738 0.851496 0.0252403 0.0918804 0.303223
1 0.263221 0.283654 0.0348558 0.103632 0.445557
1 0.21845 0.134882 0.0192308 0.0352564 0.338867
1 0.969351 0.717949 0.0276443 0.0470086 0.328613
1 0.98738 0.854701 0.0252403 0.0940171 0.309082
1 0.262921 0.284722 0.0348558 0.101496 0.460938
1 0.98738 0.855235 0.0252403 0.0918804 0.338135
1 0.969351 0.717949 0.0276443 0.0448718 0.33374
1 0.21875 0.134482 0.0186298 0.0339209 0.323486
1 0.262921 0.285256 0.0342548 0.101496 0.467773
1 0.98738 0.853632 0.0252403 0.0940171 0.365723
1 0.21845 0.135417 0.0183293 0.0347222 0.339844
1 0.969351 0.717949 0.0276443 0.0448718 0.33374
1 0.26262 0.285524 0.0348558 0.101496 0.440674
1 0.98738 0.853632 0.0252403 0.0940171 0.348633
1 0.969952 0.717415 0.0288462 0.0448718 0.324219
1 0.21845 0.13515 0.0189303 0.0352564 0.321777
1 0.262921 0.285256 0.0342548 0.101496 0.456055
1 0.21875 0.135417 0.0192308 0.0363248 0.364746
1 0.987079 0.854701 0.0258413 0.0940171 0.356689
1 0.969952 0.717415 0.0288462 0.0459401 0.34082
1 0.26277 0.285524 0.0339543 0.100962 0.439697
1 0.987079 0.853632 0.0258413 0.0940171 0.348633
1 0.21875 0.13555 0.0189303 0.0355235 0.339844
1 0.969952 0.717949 0.0288462 0.0448718 0.317383
1 0.26262 0.285791 0.0342548 0.101496 0.445557
1 0.987079 0.853632 0.0258413 0.0940171 0.356689
1 0.21875 0.13555 0.0189303 0.0344551 0.350342
1 0.969952 0.717949 0.0288462 0.0448718 0.326904
1 0.262019 0.286058 0.0354567 0.106838 0.392334
1 0.986779 0.850427 0.0264423 0.0940171 0.318359
1 0.96875 0.716346 0.0264423 0.0438034 0.297363
1 0.21845 0.134215 0.0180288 0.0328526 0.276611
