1 0.157151 0.895299 0.0450721 0.0726496 0.294922
1 0.745793 0.174947 0.0288462 0.0897436 0.290283
1 0.622596 0.39156 0.0480769 0.0758547 0.31665
1 0.74399 0.172543 0.0264423 0.0892094 0.271973
1 0.742788 0.174679 0.0264423 0.088141 0.329346
1 0.148438 0.892094 0.0288462 0.0651709 0.283691
1 0.14348 0.519231 0.0429688 0.0854701 0.269775
1 0.154748 0.896368 0.0426683 0.0747863 0.253906
1 0.742788 0.173878 0.0240385 0.0844017 0.299805
1 0.15024 0.892094 0.03125 0.0705128 0.288574
1 0.141827 0.518162 0.0408654 0.0940171 0.2854
1 0.155349 0.893162 0.0456731 0.0726496 0.279785
1 0.158053 0.893162 0.0420673 0.0811965 0.29248
1 0.1564 0.893162 0.0453726 0.0801282 0.37207
1 0.142879 0.522436 0.0486779 0.101496 0.291016
1 0.14363 0.520833 0.0438702 0.0854701 0.269775
1 0.156701 0.889957 0.0435697 0.0769231 0.268066
1 0.144832 0.522436 0.0498798 0.0982906 0.264404
1 0.1564 0.895299 0.0447716 0.0705128 0.257568
1 0.155048 0.894231 0.0444712 0.0747863 0.29248
1 0.142728 0.52297 0.0498798 0.090812 0.284668
1 0.15595 0.894231 0.0426683 0.0705128 0.283691
1 0.745192 0.171741 0.0288462 0.0924145 0.282959
1 0.144531 0.517094 0.046875 0.0886752 0.27124
1 0.155649 0.899039 0.0486779 0.0854702 0.282959
1 0.141526 0.519765 0.0510817 0.0918804 0.324219
1 0.74399 0.173611 0.030048 0.0982906 0.295898
1 0.155198 0.893162 0.047476 0.0811965 0.251709
1 0.143029 0.522436 0.0486779 0.0982906 0.325928
1 0.14363 0.521234 0.0486779 0.0921474 0.272705
1 0.141827 0.518697 0.0531851 0.0940171 0.30249
1 0.74399 0.173344 0.030048 0.0945513 0.263672
1 0.141526 0.522436 0.0546875 0.0972222 0.350342
1 0.154748 0.897436 0.046875 0.0811966 0.320801
1 0.74399 0.176015 0.03125 0.0934829 0.294189
1 0.14363 0.519765 0.0480769 0.0876068 0.324219
1 0.745192 0.174145 0.0288462 0.0897436 0.301514
1 0.15655 0.895299 0.0486779 0.0865384 0.270508
1 0.14393 0.520833 0.0507812 0.099359 0.269775
1 0.142428 0.523638 0.0498798 0.0916132 0.265137
1 0.157302 0.896368 0.0423678 0.0747863 0.286865
1 0.144381 0.526175 0.0486779 0.0886752 0.280518
1 0.745192 0.174412 0.0288462 0.0897436 0.255371
1 0.15625 0.895299 0.0456731 0.0747863 0.252441
1 0.143329 0.521501 0.0492788 0.0894765 0.29834
1 0.745192 0.173077 0.0288462 0.0913462 0.29248
1 0.15655 0.896368 0.0456731 0.0726496 0.271973
1 0.141827 0.52297 0.046875 0.0897436 0.326904
1 0.74399 0.17468 0.0276442 0.0924145 0.319092
1 0.15625 0.897436 0.0456731 0.0726496 0.313232
1 0.143029 0.522569 0.0504808 0.0958867 0.266602
1 0.14393 0.524439 0.0531851 0.0942842 0.406494
1 0.15655 0.896368 0.0456731 0.0683761 0.253174
1 0.142428 0.518697 0.054387 0.0929487 0.296631
1 0.15595 0.894765 0.0456731 0.0737179 0.259766
1 0.144231 0.519231 0.0516827 0.0961539 0.39502
1 0.155799 0.894231 0.0447716 0.076923 0.323486
1 0.74399 0.170673 0.0264423 0.0950855 0.294189
1 0.143329 0.523504 0.0504808 0.090812 0.355713
1 0.743389 0.171741 0.0288461 0.0972222 0.299072
1 0.15625 0.896368 0.0438702 0.0715812 0.29834
1 0.144231 0.52297 0.0558894 0.0982906 0.376709
1 0.74399 0.174412 0.0288461 0.0972222 0.33374
1 0.155349 0.893162 0.0450721 0.0747863 0.309814
1 0.14393 0.521368 0.0516827 0.0897436 0.263672
1 0.14393 0.524573 0.047476 0.0897436 0.280518
1 0.156851 0.895299 0.0438702 0.0726496 0.269775
1 0.74399 0.174679 0.0288461 0.0950855 0.257568
1 0.14378 0.523638 0.0519832 0.0958868 0.345215
1 0.744591 0.173611 0.0300481 0.09375 0.258301
1 0.157752 0.896368 0.0432692 0.0726496 0.252441
1 0.74399 0.171074 0.0288461 0.0961539 0.257568
1 0.144531 0.522436 0.0510817 0.0886752 0.306641
1 0.745192 0.172142 0.0288462 0.0894765 0.304932
1 0.144531 0.520166 0.0540865 0.0942842 0.338135
1 0.15595 0.894231 0.046875 0.0801282 0.311523
1 0.745192 0.174679 0.0264423 0.0961538 0.29248
1 0.14363 0.522302 0.0528846 0.0942842 0.385742
1 0.74399 0.17094 0.0264423 0.0982906 0.286865
1 0.144832 0.521902 0.0522837 0.0929487 0.341553
1 0.144081 0.521368 0.0519832 0.0950855 0.32251
1 0.745192 0.172676 0.0288462 0.0964209 0.250244
1 0.14348 0.524038 0.0501803 0.0876069 0.265869
1 0.155048 0.897436 0.0438702 0.0705128 0.250977
1 0.144381 0.525641 0.0504808 0.0929487 0.29834
1 0.74399 0.17094 0.0288461 0.0950855 0.265137
1 0.144081 0.525641 0.0510817 0.0918804 0.259766
1 0.144231 0.520299 0.0516827 0.0918803 0.279053
1 0.74399 0.172543 0.0252404 0.0897436 0.276611
1 0.144231 0.528312 0.0498798 0.0886752 0.304932
1 0.74399 0.171474 0.0288461 0.0956197 0.269043
1 0.14348 0.521234 0.0504808 0.0921474 0.294922
1 0.743389 0.171474 0.0288461 0.0988248 0.262207
1 0.14363 0.527778 0.0525841 0.0929487 0.294922
1 0.74399 0.173878 0.03125 0.0945513 0.256836
1 0.74399 0.173611 0.0264423 0.0940171 0.268066
1 0.74399 0.172009 0.0288461 0.096688 0.255371
1 0.743389 0.171741 0.0276442 0.0929487 0.268066
1 0.142127 0.520833 0.0498798 0.0929487 0.296631
1 0.74399 0.170807 0.0264423 0.0926816 0.274414
1 0.144231 0.527778 0.0507812 0.0897436 0.309814
1 0.744591 0.167869 0.0276442 0.0956197 0.253174
1 0.14363 0.525641 0.0510817 0.0886752 0.338867
1 0.74399 0.172276 0.0276442 0.096688 0.291748
1 0.14363 0.527778 0.0504808 0.090812 0.264404
1 0.142428 0.521368 0.0486779 0.0940171 0.314941
1 0.157752 0.894231 0.046274 0.0747863 0.293457
1 0.74399 0.172543 0.0288461 0.0972222 0.27832
1 0.157452 0.895833 0.0456731 0.0715812 0.265137
1 0.743389 0.172543 0.0288461 0.0961539 0.264404
1 0.14363 0.524573 0.0504808 0.0897436 0.255371
1 0.143029 0.523504 0.0528846 0.0961539 0.373779
1 0.15595 0.896368 0.0471755 0.0747863 0.295898
1 0.74399 0.173077 0.0288461 0.0961539 0.294189
1 0.142728 0.522436 0.0510817 0.0950854 0.325928
1 0.156851 0.895299 0.046274 0.073718 0.290283
1 0.74399 0.172943 0.0288461 0.0969551 0.260498
1 0.156851 0.894231 0.0459736 0.0726496 0.326904
1 0.14363 0.524573 0.0528846 0.0918803 0.305664
1 0.745192 0.172543 0.0288462 0.0945513 0.252441
1 0.157302 0.894765 0.0459736 0.0726496 0.281494
1 0.156851 0.894765 0.046274 0.0747864 0.32251
1 0.14393 0.525107 0.0528846 0.0961539 0.306641
1 0.15655 0.895299 0.0450721 0.0747863 0.411133
1 0.143029 0.521902 0.0522837 0.0897436 0.344238
1 0.743389 0.172943 0.030048 0.100427 0.279053
1 0.157151 0.893162 0.0459736 0.0758547 0.390381
1 0.14393 0.520833 0.0510817 0.090812 0.383057
1 0.74399 0.17321 0.0288461 0.0996261 0.288574
1 0.157151 0.894231 0.046875 0.0758547 0.430176
1 0.143029 0.520833 0.0510817 0.0929487 0.413086
1 0.74399 0.175347 0.03125 0.10016 0.289307
1 0.15655 0.895299 0.0453726 0.0726496 0.434082
1 0.144381 0.520299 0.0510817 0.0897436 0.410156
1 0.74399 0.176816 0.03125 0.0961539 0.327637
1 0.15655 0.893162 0.0456731 0.0747863 0.481445
1 0.742788 0.175881 0.0300481 0.0980235 0.362061
1 0.143329 0.520166 0.0516827 0.0921474 0.344238
1 0.157151 0.894231 0.0438702 0.0747863 0.436768
1 0.144231 0.520299 0.0522836 0.0897436 0.385742
1 0.742788 0.175214 0.0288461 0.0977564 0.338867
1 0.157151 0.894231 0.0444712 0.0726496 0.481445
1 0.14393 0.520166 0.0510817 0.0900107 0.455078
1 0.74399 0.174412 0.03125 0.0998932 0.390381
1 0.632212 0.375534 0.0288462 0.0416667 0.273682
1 0.156851 0.893162 0.0450721 0.0705128 0.459961
1 0.14363 0.519765 0.0510817 0.0886752 0.434082
1 0.74399 0.175481 0.0288461 0.096688 0.35498
1 0.0926983 0.378205 0.0255409 0.0662393 0.295898
1 0.632212 0.37687 0.03125 0.045406 0.268066
1 0.15655 0.894231 0.0456731 0.0726496 0.472656
1 0.143179 0.519231 0.0525841 0.0865384 0.435791
1 0.74399 0.177217 0.0288461 0.0980235 0.371094
1 0.0928486 0.378739 0.0261418 0.0662393 0.291016
1 0.632212 0.377404 0.03125 0.0411324 0.256104
1 0.157302 0.894765 0.0453726 0.0726496 0.484375
1 0.14363 0.520166 0.0510817 0.0878739 0.415771
1 0.74399 0.176549 0.03125 0.0988248 0.38208
1 0.157752 0.893697 0.0438702 0.0726496 0.494141
1 0.14393 0.518697 0.0507812 0.0897436 0.420654
1 0.745192 0.174947 0.03125 0.0972222 0.378418
1 0.632212 0.376068 0.03125 0.042735 0.253906
1 0.157452 0.895833 0.0456731 0.0747864 0.453369
1 0.744591 0.176282 0.0300481 0.0988248 0.384033
1 0.14393 0.520299 0.0522837 0.0876068 0.361084
1 0.157001 0.895299 0.0456731 0.0726496 0.483398
1 0.14363 0.520166 0.0516827 0.0857372 0.457031
1 0.744591 0.176683 0.0300481 0.0945513 0.374756
1 0.092473 0.380342 0.0258413 0.065171 0.260498
1 0.632212 0.376603 0.03125 0.042735 0.258301
1 0.14393 0.521902 0.0516827 0.0876069 0.536133
1 0.157151 0.895299 0.0456731 0.0747863 0.511719
1 0.744591 0.176416 0.0300481 0.0953526 0.386719
1 0.632212 0.377671 0.03125 0.0438034 0.253906
1 0.14393 0.521368 0.0510817 0.0865385 0.500977
1 0.157452 0.895299 0.0456731 0.0747863 0.476562
1 0.74399 0.176549 0.03125 0.0956197 0.368408
1 0.14378 0.520833 0.0513822 0.0886752 0.509766
1 0.157452 0.895299 0.0456731 0.0758547 0.5
1 0.74399 0.176683 0.03125 0.0969551 0.389648
1 0.0919471 0.380342 0.0258413 0.065171 0.259033
1 0.631611 0.376603 0.03125 0.042735 0.252441
1 0.14393 0.521368 0.0510817 0.0876069 0.504883
1 0.157452 0.895299 0.0450721 0.0747863 0.487305
1 0.744591 0.176683 0.0300481 0.0969551 0.371094
1 0.14393 0.521368 0.0516827 0.0865385 0.513672
1 0.157151 0.895299 0.0456731 0.0747863 0.499023
1 0.74399 0.176816 0.03125 0.0961539 0.377441
1 0.632212 0.377137 0.03125 0.0416667 0.254639
1 0.157151 0.894231 0.0438702 0.0747863 0.436768
1 0.144231 0.520299 0.0522836 0.0897436 0.386719
1 0.742788 0.175214 0.0288461 0.0977564 0.339844
