1 0.607572 0.96688 0.0276443 0.0491453 0.334473
1 0.644231 0.792735 0.0168269 0.0576923 0.26123
1 0.579327 0.455128 0.0360577 0.0731838 0.259033
1 0.57512 0.446047 0.0408654 0.0774573 0.373047
1 0.604567 0.983974 0.0336539 0.0320513 0.282959
1 0.577073 0.450321 0.0381611 0.0747863 0.295898
1 0.577524 0.458066 0.0408654 0.0785257 0.296631
1 0.431791 0.881944 0.0222356 0.0683761 0.263672
1 0.580679 0.45406 0.0405649 0.0790598 0.263672
1 0.577524 0.454594 0.0420673 0.082265 0.270508
1 0.576322 0.456731 0.0396635 0.0790599 0.296631
1 0.430589 0.873932 0.0258413 0.0747864 0.255371
1 0.579928 0.454594 0.0372596 0.0769231 0.297363
1 0.641827 0.815171 0.0264423 0.0662393 0.265137
1 0.606971 0.985577 0.0336538 0.0288461 0.297363
1 0.578726 0.453526 0.0396635 0.0769231 0.291016
1 0.576923 0.45406 0.0384615 0.0678419 0.267334
1 0.578125 0.459669 0.0420673 0.0849359 0.275146
1 0.577524 0.45406 0.0396635 0.0747863 0.262207
1 0.576322 0.452991 0.0408654 0.0785257 0.296631
1 0.577073 0.453526 0.0405649 0.073718 0.336426
1 0.577975 0.455128 0.038762 0.0678419 0.288574
1 0.576322 0.451923 0.0396635 0.0747863 0.313232
1 0.576322 0.455662 0.0408654 0.0747863 0.305664
1 0.575721 0.457799 0.0420673 0.0747863 0.262939
1 0.579327 0.452457 0.0372596 0.0705128 0.310791
1 0.577524 0.454327 0.0396635 0.0833333 0.266602
1 0.579928 0.455128 0.0372596 0.0715812 0.335449
1 0.604567 0.985844 0.0336539 0.0283119 0.288574
1 0.511118 0.647436 0.0276443 0.034188 0.252441
1 0.578125 0.455662 0.0384615 0.0731838 0.286133
1 0.605769 0.986111 0.0360577 0.0277778 0.260498
1 0.578125 0.454861 0.0384615 0.0721154 0.334473
1 0.575721 0.456197 0.0396635 0.0742522 0.367432
1 0.577975 0.456197 0.038762 0.0758547 0.317383
1 0.578125 0.456731 0.0408654 0.0758547 0.295898
1 0.605769 0.985043 0.0336538 0.0299145 0.254639
1 0.577073 0.455662 0.0429688 0.0801282 0.290283
1 0.605769 0.984509 0.0360577 0.0309829 0.274414
1 0.578125 0.455128 0.0408654 0.0801282 0.359375
1 0.576773 0.456197 0.0411659 0.0806624 0.33374
1 0.577524 0.456998 0.0408654 0.0806624 0.387695
1 0.578726 0.456197 0.0396635 0.0737179 0.297363
1 0.579327 0.456998 0.0384615 0.0715812 0.259033
1 0.577975 0.455929 0.038762 0.0774573 0.295898
1 0.580679 0.456731 0.038161 0.0737179 0.32251
1 0.577524 0.45219 0.0396635 0.0769231 0.296631
1 0.577975 0.45406 0.0363582 0.0726496 0.350342
1 0.578125 0.454594 0.0384615 0.0779914 0.378418
1 0.60637 0.984241 0.0360577 0.0315171 0.293457
1 0.512019 0.646902 0.0288462 0.0373931 0.262207
1 0.578275 0.454594 0.0357573 0.073718 0.313965
1 0.510817 0.646902 0.0288461 0.0363248 0.265869
1 0.605769 0.985577 0.0360577 0.0288461 0.263672
1 0.578125 0.454861 0.0384615 0.073718 0.315674
1 0.577524 0.452457 0.0384615 0.0758547 0.313965
1 0.576773 0.454594 0.038762 0.0705128 0.326904
1 0.577524 0.451122 0.0384615 0.0731837 0.273682
1 0.576923 0.453259 0.0396635 0.0742522 0.30249
1 0.576322 0.452457 0.0396635 0.0721154 0.33374
1 0.576923 0.451923 0.0396635 0.073718 0.299805
1 0.578125 0.45406 0.0360577 0.071047 0.291016
1 0.57512 0.453526 0.0396635 0.0731837 0.303955
1 0.575421 0.452991 0.0366586 0.0715812 0.300781
1 0.576322 0.452991 0.0396635 0.0785257 0.27832
1 0.576923 0.454327 0.0372596 0.0731838 0.299805
1 0.576322 0.453793 0.0384615 0.0763889 0.253174
1 0.578726 0.455662 0.0372596 0.0779914 0.275146
1 0.578275 0.455128 0.0381611 0.0758547 0.33374
1 0.578125 0.455128 0.0384615 0.0715812 0.317383
1 0.578125 0.454861 0.0372596 0.0731838 0.338867
1 0.576923 0.45406 0.0384615 0.0726496 0.33374
1 0.511118 0.648504 0.0282452 0.0384615 0.250244
1 0.576322 0.453526 0.0372596 0.0726496 0.374756
1 0.512019 0.64797 0.0276443 0.0373931 0.275879
1 0.60637 0.985844 0.0336538 0.0283119 0.273682
1 0.576022 0.45406 0.0390625 0.073718 0.294189
1 0.576623 0.455128 0.0390625 0.0758547 0.355713
1 0.576322 0.454594 0.0396635 0.0747863 0.338867
1 0.576322 0.455128 0.0396635 0.0769231 0.366699
1 0.577073 0.454594 0.0405649 0.0779914 0.332764
1 0.576923 0.452457 0.0384615 0.0726496 0.326904
1 0.576322 0.452991 0.0372596 0.0715812 0.271973
1 0.576322 0.452991 0.0384615 0.0747863 0.313965
1 0.616587 0.622863 0.0264423 0.0384616 0.252441
1 0.576322 0.45406 0.0384615 0.0758547 0.40918
1 0.617188 0.626603 0.0252404 0.0384615 0.267334
1 0.576923 0.453526 0.0384615 0.073718 0.388672
1 0.605769 0.982372 0.0348557 0.0352564 0.299072
1 0.511418 0.644231 0.0288462 0.0363248 0.293457
1 0.430889 0.879273 0.0276442 0.0694445 0.27124
1 0.578125 0.455662 0.0384615 0.0747863 0.425293
1 0.429688 0.879273 0.0276443 0.0705128 0.291748
1 0.605769 0.982372 0.0360577 0.0352564 0.264404
1 0.511118 0.644765 0.030649 0.0373932 0.26123
1 0.578275 0.456197 0.0381611 0.0747863 0.442627
1 0.429688 0.880342 0.0264423 0.0662393 0.306641
1 0.605769 0.98344 0.0348557 0.0331196 0.286133
1 0.61899 0.629274 0.0264423 0.0363248 0.276611
1 0.510817 0.645299 0.0300481 0.0352564 0.268066
1 0.577524 0.455662 0.0372596 0.0747863 0.491211
1 0.429988 0.878205 0.0264423 0.0673077 0.326904
1 0.60637 0.982372 0.0348557 0.0352564 0.294922
1 0.617788 0.630342 0.0240385 0.034188 0.29248
1 0.512019 0.643697 0.0288462 0.034188 0.259033
1 0.577975 0.455929 0.0363582 0.0742522 0.437744
1 0.605769 0.98344 0.0348557 0.0331196 0.311523
1 0.430289 0.878205 0.0252404 0.0662393 0.29834
1 0.511418 0.644231 0.0288462 0.0320513 0.276611
1 0.617188 0.63141 0.0252404 0.0384616 0.274414
1 0.576022 0.456731 0.0378605 0.0731838 0.494141
1 0.605769 0.983173 0.0348557 0.0336539 0.388672
1 0.430288 0.879273 0.0276443 0.0662393 0.335449
1 0.617788 0.629274 0.0264423 0.0373932 0.328613
1 0.511118 0.644231 0.0288462 0.034188 0.312256
1 0.641827 0.805556 0.0264423 0.0619658 0.275879
1 0.576022 0.455662 0.0378605 0.073718 0.475586
1 0.605769 0.98344 0.0336538 0.0331196 0.355713
1 0.430889 0.879273 0.0264423 0.0662393 0.325195
1 0.511418 0.644765 0.0276442 0.0352564 0.310791
1 0.617788 0.630342 0.0264423 0.0384616 0.300781
1 0.641827 0.806624 0.0264423 0.059829 0.262207
1 0.576322 0.457799 0.0384615 0.0737179 0.496094
1 0.605769 0.98344 0.0348557 0.0331196 0.390381
1 0.510817 0.644231 0.0276442 0.0320513 0.331055
1 0.617788 0.630342 0.0264423 0.0384616 0.321777
1 0.430289 0.878205 0.0252404 0.0651709 0.321777
1 0.641827 0.807692 0.0252404 0.059829 0.265869
1 0.578125 0.457265 0.0384615 0.0737179 0.505859
1 0.605769 0.98344 0.0348557 0.0331196 0.387695
1 0.510817 0.643697 0.0288461 0.0352564 0.356689
1 0.617788 0.630342 0.0264423 0.0384616 0.34082
1 0.430289 0.877137 0.0264423 0.0662393 0.329346
1 0.641226 0.807692 0.0264423 0.059829 0.312256
1 0.576322 0.455395 0.0396635 0.073718 0.518555
1 0.605769 0.983707 0.0336538 0.0325855 0.375732
1 0.617788 0.630342 0.0264423 0.0373932 0.345947
1 0.510517 0.644765 0.0282452 0.034188 0.33374
1 0.43149 0.878205 0.0264423 0.0662393 0.305664
1 0.576923 0.457532 0.0396635 0.0731837 0.501953
1 0.605769 0.98344 0.0348557 0.0331196 0.399902
1 0.510817 0.644231 0.0294471 0.0363248 0.361084
1 0.617788 0.630876 0.0264423 0.0373932 0.35498
1 0.430589 0.879273 0.0270432 0.0662393 0.321777
1 0.576322 0.456998 0.0384615 0.0721154 0.504883
1 0.605769 0.98344 0.0348557 0.0331196 0.416748
1 0.511118 0.644231 0.0288462 0.034188 0.368408
1 0.617788 0.63141 0.0264423 0.0384616 0.331055
1 0.430889 0.879273 0.0264423 0.0662393 0.318359
1 0.576773 0.457265 0.038762 0.0737179 0.526367
1 0.605769 0.98344 0.0336538 0.0331196 0.425293
1 0.510817 0.644231 0.0288461 0.034188 0.363037
1 0.617788 0.63141 0.0264423 0.0363248 0.34082
1 0.430589 0.880342 0.0270432 0.0662393 0.32251
1 0.579477 0.457265 0.0381611 0.0726496 0.506836
1 0.605769 0.983173 0.0360577 0.0336539 0.402588
1 0.511118 0.644231 0.0294471 0.034188 0.339844
1 0.617788 0.63141 0.0264423 0.0384616 0.32251
1 0.430288 0.880342 0.0276443 0.0662393 0.299805
1 0.578726 0.457799 0.0372596 0.0737179 0.521484
1 0.605769 0.983173 0.0360577 0.0336539 0.418701
1 0.510817 0.644231 0.0288461 0.0363248 0.381104
1 0.617788 0.630876 0.0264423 0.0373932 0.341553
1 0.430589 0.879273 0.0270432 0.0662393 0.324219
1 0.579477 0.458066 0.0381611 0.073718 0.510742
1 0.605769 0.983173 0.0360577 0.0336539 0.39502
1 0.511418 0.644231 0.0288462 0.0352564 0.352295
1 0.617788 0.63141 0.0264423 0.0373932 0.320068
1 0.430889 0.879808 0.0270433 0.0673077 0.307373
1 0.578726 0.458333 0.0372596 0.073718 0.524414
1 0.605769 0.983173 0.0360577 0.0336539 0.408203
1 0.510817 0.644231 0.0288461 0.034188 0.364746
1 0.617788 0.63141 0.0264423 0.0373932 0.338867
1 0.430589 0.879808 0.0270432 0.0673077 0.319092
1 0.577975 0.455929 0.0363582 0.0742522 0.437744
1 0.605769 0.98344 0.0348557 0.0331196 0.311523
1 0.430289 0.878205 0.0252404 0.0662393 0.29834
1 0.511418 0.644231 0.0288462 0.0320513 0.276611
1 0.617188 0.63141 0.0252404 0.0384616 0.274414
