1 0.0652043 0.413996 0.0294471 0.0534188 0.255371
1 0.862981 0.846154 0.0504807 0.0854701 0.26123
1 0.0692608 0.409722 0.0234375 0.0523504 0.260498
1 0.864183 0.860043 0.0456731 0.0769231 0.300781
1 0.611178 0.898504 0.0504808 0.0811966 0.264404
1 0.0688101 0.415064 0.0339543 0.0619658 0.313965
1 0.0663311 0.413194 0.0362079 0.0555556 0.369385
1 0.861779 0.850427 0.0456731 0.0790598 0.336426
1 0.608173 0.895299 0.0456731 0.0918804 0.282959
1 0.864183 0.852564 0.0456731 0.0747863 0.332031
1 0.0667067 0.41266 0.0333534 0.0566239 0.289307
1 0.950721 0.487714 0.0432692 0.0897436 0.271973
1 0.862981 0.861111 0.0516828 0.0811966 0.29834
1 0.0674579 0.412393 0.0362079 0.0491453 0.263672
1 0.862981 0.855769 0.0456731 0.0790599 0.328613
1 0.0667067 0.411592 0.0314002 0.0571582 0.263672
1 0.861779 0.854701 0.0480769 0.0790599 0.280518
1 0.0659555 0.413194 0.0347055 0.0555556 0.265137
1 0.0666316 0.415064 0.035607 0.0555556 0.262939
1 0.0648287 0.413462 0.0395132 0.0614316 0.275146
1 0.0670072 0.411859 0.0357572 0.0598291 0.276611
1 0.066857 0.413462 0.0347055 0.0459402 0.339844
1 0.0667819 0.415064 0.0345553 0.053953 0.331055
1 0.0670072 0.413996 0.0353065 0.0523504 0.29248
1 0.376502 0.312233 0.0444711 0.0491453 0.282959
1 0.951923 0.48985 0.0480769 0.100427 0.250977
1 0.950721 0.48985 0.0504808 0.0950855 0.288574
1 0.606971 0.903846 0.046875 0.0790599 0.250244
1 0.951923 0.486111 0.0504808 0.105769 0.259766
1 0.0682091 0.416667 0.0315505 0.0507479 0.297363
1 0.954327 0.485844 0.0492788 0.0998931 0.273682
1 0.865385 0.856303 0.0456731 0.076923 0.265869
1 0.862981 0.860577 0.0504807 0.0844017 0.276611
1 0.3747 0.308761 0.0438702 0.0502137 0.263672
1 0.949519 0.488248 0.0504808 0.0972223 0.342529
1 0.862981 0.857372 0.0480769 0.082265 0.288574
1 0.909856 0.339744 0.0384616 0.0844017 0.267334
1 0.0671575 0.416132 0.0351562 0.0544872 0.256836
1 0.950721 0.489049 0.048077 0.104167 0.332764
1 0.951322 0.489316 0.0504807 0.0982906 0.305664
1 0.066857 0.415064 0.0357572 0.0566239 0.273682
1 0.0671575 0.4164 0.034405 0.0523504 0.29248
1 0.95012 0.489583 0.0528846 0.0998932 0.288574
1 0.373197 0.313034 0.0414664 0.0502137 0.279785
1 0.952524 0.487714 0.0480769 0.0982906 0.332764
1 0.0683594 0.415865 0.0354567 0.0550214 0.253174
1 0.861779 0.85844 0.0504807 0.0897436 0.273682
1 0.375601 0.309829 0.0456731 0.0544872 0.265869
1 0.3747 0.311432 0.0426683 0.051282 0.289307
1 0.0665565 0.415865 0.0351562 0.056624 0.250244
1 0.861779 0.845086 0.0480769 0.0897436 0.269043
1 0.861779 0.860043 0.0444712 0.0747864 0.325928
1 0.606971 0.913462 0.0432693 0.0779914 0.286133
1 0.0669321 0.418269 0.035006 0.0566239 0.283691
1 0.375601 0.311966 0.0414664 0.0486111 0.264404
1 0.375 0.310897 0.0432692 0.0502137 0.337158
1 0.861779 0.858974 0.0456731 0.0747864 0.323486
1 0.0677584 0.416132 0.0366587 0.0544872 0.269043
1 0.86238 0.858974 0.0444712 0.0726496 0.311523
1 0.951923 0.48985 0.0456731 0.0929487 0.308105
1 0.376202 0.310363 0.0432692 0.0496795 0.2854
1 0.0671575 0.416132 0.0363582 0.0523504 0.281494
1 0.606971 0.913462 0.0432693 0.0769231 0.260498
1 0.861178 0.861111 0.0444712 0.0758547 0.341553
1 0.950721 0.490919 0.045673 0.0950855 0.304932
1 0.0673077 0.416667 0.0345553 0.0544872 0.273682
1 0.605769 0.911325 0.0432693 0.0705128 0.255371
1 0.86238 0.860043 0.0456731 0.0769231 0.262207
1 0.951923 0.490385 0.0480769 0.0961539 0.381104
1 0.862981 0.858974 0.0480769 0.0747864 0.313232
1 0.608173 0.905449 0.0456731 0.0811966 0.272705
1 0.862981 0.857372 0.0504807 0.0790598 0.272705
1 0.606971 0.911325 0.0480769 0.0811966 0.269043
1 0.376202 0.311432 0.046875 0.0491453 0.260498
1 0.0665565 0.415598 0.0357572 0.0555556 0.259766
1 0.951923 0.48531 0.0480769 0.0988248 0.391357
1 0.608173 0.903846 0.046875 0.0811966 0.30249
1 0.862981 0.856838 0.046875 0.0790599 0.294189
1 0.862981 0.858974 0.046875 0.0747864 0.276611
1 0.0665565 0.418269 0.0323017 0.0486111 0.269775
1 0.606971 0.905983 0.0456731 0.0790598 0.257568
1 0.953125 0.490118 0.0528847 0.0998931 0.315674
1 0.375 0.309829 0.0438702 0.0512821 0.314941
1 0.863582 0.857906 0.046875 0.0790599 0.306641
1 0.608173 0.905983 0.0480769 0.0844017 0.296631
1 0.375 0.309829 0.0450721 0.0534188 0.277588
1 0.861779 0.858974 0.0456731 0.0769231 0.272705
1 0.607572 0.903846 0.0480769 0.0811966 0.270508
1 0.376202 0.313301 0.0456731 0.0592949 0.253174
1 0.375 0.309829 0.0450721 0.0512821 0.290283
1 0.0671575 0.413462 0.0347055 0.051282 0.250977
1 0.951923 0.489316 0.0480769 0.0982906 0.283691
1 0.91226 0.33547 0.0384616 0.0913462 0.267334
1 0.608173 0.903846 0.0480769 0.0790599 0.300781
1 0.375 0.310096 0.0456731 0.0560898 0.294922
1 0.862981 0.85844 0.0456731 0.073718 0.280518
1 0.951923 0.488515 0.0504808 0.0988248 0.323486
1 0.862981 0.858974 0.0480769 0.0811966 0.323486
1 0.607572 0.903846 0.046875 0.0790599 0.29248
1 0.911058 0.336004 0.0384616 0.090812 0.253906
1 0.606971 0.905449 0.0480769 0.082265 0.332031
1 0.861779 0.858974 0.0480769 0.0769231 0.312256
1 0.862981 0.858974 0.0480769 0.0747864 0.269775
1 0.607572 0.904915 0.046875 0.0790599 0.266602
1 0.376502 0.311966 0.0450721 0.0544872 0.262939
1 0.952524 0.489316 0.046875 0.0940171 0.262939
1 0.862981 0.858974 0.0456731 0.0790599 0.279785
1 0.376202 0.312767 0.0444711 0.0587607 0.267334
1 0.951923 0.487714 0.0480769 0.0961539 0.252441
1 0.951322 0.48985 0.046875 0.0897436 0.26123
1 0.86238 0.860577 0.0444712 0.0705128 0.254639
1 0.374399 0.314904 0.0432692 0.0555556 0.252441
1 0.862981 0.856838 0.0480769 0.0790599 0.253174
1 0.862981 0.85844 0.0480769 0.0758547 0.282227
1 0.862981 0.857906 0.0480769 0.0790599 0.286133
1 0.374099 0.31063 0.0420673 0.0491453 0.281494
1 0.606971 0.90438 0.0456731 0.0801282 0.257568
1 0.862981 0.857906 0.0492788 0.0790599 0.303223
1 0.3747 0.308226 0.0420673 0.051282 0.273682
1 0.606971 0.903846 0.0480769 0.0854701 0.271973
1 0.606971 0.903312 0.0444712 0.0801282 0.270508
1 0.862981 0.857906 0.046875 0.0747864 0.26123
1 0.606971 0.90438 0.046875 0.0811966 0.299805
1 0.861779 0.861111 0.046875 0.0747864 0.266602
1 0.60637 0.904915 0.0480769 0.0811966 0.323486
1 0.951923 0.487981 0.0480769 0.0977565 0.29834
1 0.86238 0.85844 0.046875 0.0779915 0.293457
1 0.376202 0.313568 0.0444711 0.0619658 0.294922
1 0.862981 0.861111 0.0480769 0.0790599 0.280518
1 0.606971 0.912393 0.0456731 0.0833333 0.264404
1 0.951923 0.494925 0.0480769 0.0956196 0.253174
1 0.375601 0.311699 0.0432692 0.0518162 0.2854
1 0.862981 0.86218 0.0480769 0.0769231 0.275146
1 0.60637 0.905983 0.0456731 0.0811966 0.27124
1 0.86238 0.861645 0.0480769 0.0779915 0.297363
1 0.375901 0.311165 0.0450721 0.0598291 0.275879
1 0.862981 0.858974 0.0480769 0.0790599 0.262207
1 0.862981 0.860043 0.0456731 0.0747864 0.275146
1 0.373498 0.309829 0.0414663 0.0534188 0.270508
1 0.375 0.313568 0.0444711 0.0608974 0.29834
1 0.862981 0.858974 0.046875 0.0747864 0.294189
1 0.60637 0.904915 0.046875 0.0790599 0.269043
1 0.3747 0.310363 0.0438702 0.0571581 0.291748
1 0.606971 0.903846 0.046875 0.0811966 0.288574
1 0.374399 0.311165 0.0420673 0.0555556 0.335449
1 0.863582 0.858974 0.046875 0.0726496 0.321777
1 0.606971 0.905983 0.0456731 0.076923 0.281494
1 0.951923 0.490118 0.0480769 0.0956197 0.260498
1 0.862981 0.85844 0.046875 0.0747863 0.360352
1 0.60637 0.906517 0.0456731 0.0758547 0.324219
1 0.373798 0.311432 0.0420673 0.0523504 0.319092
1 0.373498 0.3125 0.0414663 0.0555556 0.274414
1 0.86238 0.861111 0.046875 0.0747864 0.252441
1 0.950721 0.489316 0.048077 0.099359 0.327637
1 0.374399 0.309829 0.0420673 0.053953 0.310791
1 0.861779 0.860043 0.0456731 0.0758547 0.303955
1 0.605769 0.904915 0.0456731 0.0811966 0.283691
1 0.86238 0.860043 0.046875 0.0726496 0.305664
1 0.606971 0.905449 0.0444712 0.0801282 0.266602
1 0.373798 0.308761 0.0384615 0.0480769 0.256104
1 0.950721 0.490385 0.0504808 0.099359 0.398926
1 0.606971 0.905983 0.0480769 0.0811966 0.344238
1 0.3747 0.313568 0.0450721 0.0598291 0.327637
1 0.86238 0.861111 0.046875 0.0747864 0.327637
1 0.950721 0.490118 0.0492788 0.0998931 0.344238
1 0.375 0.311432 0.0438702 0.0587607 0.329346
1 0.606971 0.904915 0.0480769 0.0833333 0.30249
1 0.862981 0.860043 0.0456731 0.0747864 0.300781
1 0.950721 0.487714 0.0504808 0.099359 0.362061
1 0.862981 0.858974 0.0456731 0.0737179 0.35498
1 0.374399 0.311165 0.0444712 0.0576923 0.33374
1 0.606971 0.903312 0.0480769 0.0801282 0.288574
1 0.374399 0.310096 0.0420673 0.0555556 0.301514
1 0.606971 0.904915 0.046875 0.0811966 0.260498
1 0.374399 0.307692 0.0432692 0.0555556 0.314941
1 0.606971 0.905449 0.0480769 0.082265 0.2854
1 0.862981 0.860043 0.0456731 0.0747864 0.264404
1 0.951923 0.492788 0.0504808 0.100962 0.256104
1 0.3747 0.30609 0.0426683 0.0544872 0.411133
1 0.861779 0.858974 0.0480769 0.0747864 0.402588
1 0.950721 0.487714 0.0516827 0.103632 0.380371
1 0.605769 0.905983 0.0480769 0.0833333 0.343262
1 0.911058 0.32906 0.0408654 0.0897436 0.27832
1 0.0667819 0.418803 0.0333534 0.0491453 0.265869
1 0.375 0.30609 0.0420673 0.0544872 0.432129
1 0.951923 0.489316 0.0480769 0.0950855 0.367432
1 0.863582 0.860043 0.0480769 0.0769231 0.348633
1 0.606971 0.905449 0.0456731 0.0790599 0.335449
1 0.91226 0.330128 0.0396634 0.0892094 0.279053
1 0.066857 0.417468 0.0339543 0.051282 0.265869
1 0.698918 0.575855 0.03125 0.0373932 0.258301
1 0.375 0.309562 0.0432692 0.0576923 0.437744
1 0.951322 0.487714 0.0480769 0.099359 0.394287
1 0.862981 0.860043 0.0480769 0.0747864 0.392334
1 0.606971 0.907051 0.0456731 0.0790598 0.371094
1 0.0669321 0.418269 0.035006 0.0523504 0.308105
1 0.911659 0.331998 0.0396635 0.0892094 0.290283
1 0.951923 0.487179 0.0480769 0.0950855 0.453369
1 0.3753 0.309829 0.0414664 0.0544872 0.414062
1 0.606971 0.905983 0.0456731 0.0790598 0.400635
1 0.862981 0.858974 0.0480769 0.0705129 0.373047
1 0.0667067 0.415598 0.0339543 0.0518162 0.350342
1 0.91226 0.331731 0.0384616 0.0876068 0.281494
1 0.699519 0.576389 0.03125 0.0331197 0.265137
1 0.606971 0.906517 0.0456731 0.0790599 0.445557
1 0.951322 0.487179 0.0480769 0.0982906 0.438721
1 0.374399 0.308226 0.0420673 0.051282 0.396973
1 0.0672326 0.416133 0.0332031 0.0491453 0.385742
1 0.863582 0.856838 0.046875 0.0705128 0.37207
1 0.91226 0.330662 0.0396634 0.0876068 0.369385
1 0.951923 0.486645 0.0480769 0.0982906 0.434082
1 0.375 0.309829 0.0408654 0.0544872 0.40918
1 0.606971 0.905983 0.0456731 0.0790598 0.383057
1 0.0667067 0.415598 0.0336539 0.0512821 0.348633
1 0.864183 0.857906 0.0456731 0.0726496 0.346924
1 0.91226 0.331731 0.0384616 0.0886752 0.318359
1 0.698918 0.575321 0.0288462 0.0320513 0.282959
1 0.375 0.31063 0.0420673 0.0566239 0.541992
1 0.951322 0.486645 0.046875 0.0972222 0.487305
1 0.606971 0.907051 0.0444712 0.0779915 0.456055
1 0.0667819 0.416132 0.0342548 0.0512821 0.404541
1 0.863582 0.857906 0.046875 0.0726496 0.377441
1 0.699519 0.575321 0.0300481 0.0331196 0.343262
1 0.91226 0.330395 0.0384616 0.090812 0.330322
1 0.204627 0.905983 0.0222356 0.0555556 0.263672
1 0.3747 0.310363 0.0414664 0.0560897 0.509766
1 0.951923 0.487179 0.0456731 0.0950855 0.469727
1 0.606971 0.907051 0.0444712 0.0790598 0.407227
1 0.91226 0.331197 0.0384616 0.0876068 0.38501
1 0.862981 0.858974 0.0444712 0.0726496 0.377441
1 0.0670072 0.415064 0.0333534 0.0523504 0.358398
1 0.699519 0.575855 0.0300481 0.034188 0.299072
1 0.374099 0.311699 0.0426683 0.0560897 0.488281
1 0.60637 0.90812 0.0456731 0.0790598 0.416748
1 0.950721 0.487179 0.048077 0.0982906 0.411133
1 0.862981 0.859509 0.0456731 0.073718 0.407227
1 0.0666316 0.416132 0.0338041 0.0502137 0.381104
1 0.91226 0.332532 0.0384616 0.0870726 0.335449
1 0.698918 0.575321 0.0300481 0.0320513 0.311523
1 0.204327 0.905983 0.0216346 0.0555556 0.253174
1 0.375 0.311966 0.0408654 0.0571581 0.506836
1 0.86238 0.858974 0.046875 0.0726496 0.44751
1 0.951322 0.488248 0.046875 0.0961538 0.425293
1 0.606971 0.907051 0.0456731 0.0790598 0.417725
1 0.0667067 0.416132 0.0342548 0.0512821 0.407227
1 0.698918 0.574786 0.0300481 0.034188 0.337158
1 0.91226 0.333333 0.0384616 0.0854701 0.297363
1 0.204026 0.905449 0.0228365 0.0544872 0.257568
1 0.375 0.311966 0.0420673 0.0582265 0.512695
1 0.951923 0.486378 0.0480769 0.096688 0.451416
1 0.862981 0.858974 0.046875 0.0737179 0.42627
1 0.0670072 0.416667 0.0333534 0.0512821 0.401611
1 0.607572 0.907051 0.0444712 0.0790598 0.399902
1 0.908654 0.330662 0.0408654 0.0918803 0.313232
1 0.698918 0.575321 0.0288462 0.0320513 0.290283
1 0.3753 0.3125 0.0426683 0.0587607 0.496094
1 0.608173 0.90812 0.0456731 0.0811966 0.42334
1 0.951923 0.488248 0.0480769 0.100427 0.402588
1 0.0670823 0.4164 0.0344051 0.0528846 0.397949
1 0.864183 0.858974 0.046875 0.0747864 0.383057
1 0.699519 0.575321 0.0300481 0.034188 0.335449
1 0.91226 0.331197 0.0384616 0.0897436 0.327637
1 0.375 0.313568 0.0420673 0.0587607 0.518555
1 0.951322 0.488782 0.0480769 0.0961539 0.482422
1 0.862981 0.860043 0.0456731 0.0747864 0.435791
1 0.607572 0.907051 0.0456731 0.0790598 0.429199
1 0.0672326 0.416934 0.0338041 0.0518163 0.393311
1 0.699519 0.574786 0.03125 0.034188 0.336426
1 0.908654 0.333868 0.0408654 0.090812 0.309814
1 0.375601 0.313568 0.0432692 0.0587607 0.524414
1 0.951923 0.489049 0.0480769 0.096688 0.519531
1 0.863582 0.860043 0.046875 0.0737179 0.463867
1 0.607572 0.907586 0.0456731 0.0801281 0.439697
1 0.0670072 0.417201 0.0339543 0.0523504 0.402588
1 0.699519 0.574786 0.0300481 0.034188 0.358398
1 0.91226 0.332265 0.0384616 0.088141 0.354004
1 0.3753 0.313568 0.0426683 0.0587607 0.495117
1 0.951923 0.48985 0.0480769 0.0961539 0.461914
1 0.607572 0.907586 0.0456731 0.0801281 0.415771
1 0.862981 0.860043 0.046875 0.0737179 0.393311
1 0.0670823 0.417201 0.0347055 0.0523504 0.390381
1 0.91226 0.333333 0.0384616 0.0876068 0.352295
1 0.699519 0.574786 0.03125 0.034188 0.335449
1 0.375 0.313034 0.0420673 0.0582265 0.518555
1 0.951322 0.48985 0.046875 0.0982906 0.46582
1 0.606971 0.907051 0.0456731 0.0811965 0.435059
1 0.0670072 0.416934 0.0339543 0.0518163 0.410156
1 0.862981 0.859509 0.046875 0.0747863 0.390381
1 0.91226 0.332799 0.0384616 0.0876068 0.371094
1 0.699519 0.574786 0.03125 0.034188 0.357666
1 0.375 0.313301 0.0420673 0.0576923 0.514648
1 0.951923 0.48985 0.0456731 0.0972222 0.457031
1 0.606971 0.907586 0.0456731 0.0801281 0.418701
1 0.0670823 0.417735 0.0339543 0.051282 0.395996
1 0.862981 0.860043 0.046875 0.0747864 0.38501
1 0.699519 0.575321 0.03125 0.034188 0.344238
1 0.91226 0.332799 0.0384616 0.0876068 0.336426
1 0.375 0.313568 0.0426683 0.0576923 0.53125
1 0.951923 0.489583 0.0480769 0.096688 0.474609
1 0.606971 0.907586 0.0456731 0.0801281 0.429199
1 0.0670072 0.417735 0.0339543 0.051282 0.414795
1 0.862981 0.860043 0.046875 0.0747864 0.398926
1 0.699519 0.574786 0.03125 0.034188 0.358398
1 0.91226 0.332799 0.0384616 0.0876068 0.353027
1 0.951923 0.486645 0.0480769 0.0982906 0.433105
1 0.375 0.309829 0.0408654 0.0544872 0.410156
1 0.606971 0.905983 0.0456731 0.0790598 0.383057
1 0.0667067 0.415598 0.0336539 0.0512821 0.348633
1 0.864183 0.857906 0.0456731 0.0726496 0.346924
1 0.91226 0.331731 0.0384616 0.0886752 0.318359
1 0.698918 0.575321 0.0288462 0.0320513 0.282959
