1 0.674279 0.549145 0.0528846 0.0502137 0.44165
1 0.24384 0.424145 0.0222356 0.0662393 0.283691
1 0.570312 0.146902 0.0444712 0.0534188 0.275879
1 0.522536 0.553953 0.03125 0.0897436 0.303223
1 0.245944 0.442041 0.030649 0.0726496 0.26123
1 0.676683 0.55235 0.0540865 0.051282 0.313965
1 0.243089 0.440438 0.0285457 0.0678419 0.312256
1 0.569712 0.167602 0.0480769 0.0547543 0.304932
1 0.24369 0.43937 0.0252404 0.0625 0.313965
1 0.673077 0.550214 0.0480769 0.0534188 0.268066
1 0.571815 0.1664 0.0498798 0.0587607 0.320801
1 0.242788 0.440705 0.0228365 0.0667735 0.29248
1 0.522837 0.555021 0.0252404 0.0833333 0.257568
1 0.56851 0.168269 0.0516827 0.0614316 0.277588
1 0.241887 0.442308 0.0261418 0.0662393 0.250977
1 0.671875 0.55235 0.0588943 0.0555556 0.271973
1 0.571815 0.168536 0.0546875 0.0731838 0.374756
1 0.676683 0.556624 0.0576923 0.0555556 0.287842
1 0.569411 0.168803 0.0498798 0.0587607 0.293457
1 0.67488 0.553419 0.0576923 0.059829 0.284668
1 0.570312 0.164797 0.0480769 0.0544872 0.309082
1 0.520433 0.560363 0.0300481 0.0897436 0.30249
1 0.676082 0.550214 0.0564904 0.051282 0.291016
1 0.929688 0.484509 0.0288462 0.0373932 0.253174
1 0.569712 0.173077 0.0504807 0.0603633 0.315674
1 0.674279 0.553419 0.0528846 0.0502137 0.270508
1 0.522837 0.556624 0.0258413 0.0790598 0.265137
1 0.675481 0.550214 0.0528846 0.0555556 0.362061
1 0.570913 0.168002 0.0516827 0.0619658 0.318359
1 0.24384 0.440171 0.0261418 0.0694444 0.283691
1 0.929087 0.487714 0.0288462 0.0363248 0.266602
1 0.570913 0.169605 0.0528846 0.0571581 0.312256
1 0.67488 0.555556 0.0540865 0.0555556 0.300781
1 0.243089 0.442842 0.0258414 0.0673077 0.255371
1 0.569411 0.169338 0.0534856 0.0673077 0.29834
1 0.675481 0.556624 0.0528846 0.0555556 0.2854
1 0.570913 0.1664 0.0528846 0.0630342 0.26123
1 0.676082 0.549145 0.0564904 0.0502137 0.254639
1 0.24399 0.439637 0.0258414 0.0715812 0.297363
1 0.676683 0.551282 0.0504807 0.0470086 0.2854
1 0.572716 0.165598 0.0504808 0.0518162 0.27832
1 0.522837 0.558761 0.0264423 0.0715812 0.259033
1 0.675481 0.553419 0.0552885 0.0566239 0.283691
1 0.570913 0.157853 0.0540865 0.0667735 0.257568
1 0.243389 0.441239 0.0264423 0.0753205 0.2854
1 0.676683 0.551816 0.0552885 0.0523504 0.27832
1 0.569712 0.169338 0.0528846 0.0614316 0.275879
1 0.521935 0.558761 0.030649 0.0811966 0.268066
1 0.570312 0.169872 0.0504807 0.0598291 0.29248
1 0.673678 0.549145 0.0516827 0.0491453 0.282227
1 0.244591 0.442842 0.0276442 0.0673077 0.256836
1 0.674279 0.557692 0.0552885 0.051282 0.275146
1 0.569111 0.168803 0.0516827 0.0576923 0.273682
1 0.244291 0.442308 0.0288461 0.0769231 0.306641
1 0.675481 0.551282 0.0516827 0.0534188 0.280518
1 0.24369 0.442041 0.0270433 0.0678419 0.306641
1 0.674279 0.558761 0.0528846 0.0491453 0.294189
1 0.568209 0.169872 0.0534855 0.0576923 0.275879
1 0.515625 0.559829 0.03125 0.0854701 0.259033
1 0.671875 0.554487 0.0504807 0.0491453 0.311523
1 0.571815 0.170673 0.0498798 0.0662393 0.319092
1 0.522236 0.560363 0.030649 0.0886752 0.286865
1 0.244591 0.440705 0.0276442 0.0715812 0.27124
1 0.676082 0.557692 0.0540865 0.0491453 0.270508
1 0.570312 0.166934 0.0516827 0.0603633 0.253906
1 0.569712 0.168536 0.0492788 0.0603632 0.365723
1 0.674279 0.555556 0.0528846 0.0534188 0.317383
1 0.243089 0.444444 0.0270433 0.0726496 0.281494
1 0.522236 0.569444 0.03125 0.0897436 0.277588
1 0.569111 0.169204 0.0504807 0.0590278 0.325195
1 0.675481 0.556624 0.0576923 0.0534188 0.318359
1 0.516827 0.559829 0.0324519 0.0876068 0.256836
1 0.244591 0.44391 0.0264423 0.0673077 0.255371
1 0.675481 0.557692 0.0552885 0.0470086 0.331055
1 0.569111 0.169071 0.0504807 0.0603633 0.31665
1 0.244742 0.440972 0.0276442 0.0694444 0.300781
1 0.516827 0.559829 0.03125 0.0833333 0.294922
1 0.567909 0.166533 0.0492788 0.0566239 0.338135
1 0.243239 0.441239 0.0270433 0.0699786 0.32251
1 0.516226 0.564637 0.0276443 0.0811966 0.321777
1 0.674279 0.559829 0.0552885 0.0534188 0.277588
1 0.675481 0.558761 0.0552885 0.0502137 0.272705
1 0.570012 0.170406 0.0522837 0.0587607 0.320068
1 0.674279 0.560897 0.0552885 0.0470085 0.274414
1 0.674279 0.557158 0.0564904 0.0534188 0.319092
1 0.569712 0.167468 0.0552885 0.0587607 0.294922
1 0.242788 0.442308 0.0294471 0.0694444 0.264404
1 0.675481 0.558761 0.0528846 0.0523504 0.310791
1 0.569712 0.169471 0.0540865 0.0614316 0.296631
1 0.24399 0.428686 0.0270433 0.0699786 0.291016
1 0.516526 0.556624 0.0294471 0.0854701 0.266602
1 0.569411 0.170005 0.0510817 0.0542201 0.283691
1 0.243239 0.442842 0.0264423 0.0694444 0.275146
1 0.674279 0.559829 0.0528846 0.0470086 0.265137
1 0.516526 0.561966 0.030649 0.0854701 0.260498
1 0.517127 0.561432 0.0324519 0.090812 0.325195
1 0.242188 0.432158 0.0252404 0.071047 0.315674
1 0.675481 0.551282 0.0552885 0.0470086 0.305664
1 0.569111 0.166934 0.0540865 0.0608974 0.294922
1 0.568209 0.167201 0.0510817 0.0566239 0.287842
1 0.674279 0.557692 0.0552885 0.0534188 0.265869
1 0.56851 0.1664 0.0504807 0.0576923 0.294922
1 0.67488 0.558227 0.0540865 0.0491453 0.294189
1 0.516226 0.559829 0.0324519 0.0886752 0.250244
1 0.675481 0.559829 0.0528846 0.0523504 0.277588
1 0.569111 0.168803 0.0504807 0.0641026 0.268066
1 0.243389 0.431624 0.0246394 0.0673077 0.270508
1 0.67488 0.558761 0.0540865 0.0502137 0.256104
1 0.56851 0.167201 0.0516827 0.0619658 0.31665
1 0.674279 0.559829 0.0552885 0.0491453 0.284668
1 0.244291 0.441774 0.0276442 0.0673077 0.275146
1 0.521034 0.559829 0.0300481 0.0833333 0.259033
1 0.570012 0.165064 0.0522837 0.0576923 0.335449
1 0.67488 0.558761 0.0552885 0.0491453 0.299072
1 0.520132 0.564103 0.0294471 0.0897436 0.276611
1 0.244291 0.432959 0.023137 0.0699787 0.273682
1 0.56881 0.1664 0.0510817 0.0582265 0.312256
1 0.242788 0.430556 0.0246394 0.0699786 0.30249
1 0.674279 0.55235 0.0552885 0.051282 0.269775
1 0.516827 0.561432 0.0300481 0.082265 0.253906
1 0.675481 0.554487 0.0552885 0.0502137 0.296631
1 0.569712 0.1664 0.0504807 0.059562 0.279053
1 0.243089 0.433761 0.0234375 0.0683761 0.250977
1 0.244291 0.432158 0.0264423 0.0673077 0.265869
1 0.676082 0.557692 0.0528846 0.051282 0.262207
1 0.675481 0.558761 0.0504808 0.0502137 0.266602
1 0.243389 0.432692 0.0258414 0.0657052 0.304932
1 0.517127 0.560363 0.030649 0.0833333 0.26123
1 0.673678 0.560897 0.0540865 0.0491453 0.258301
1 0.56851 0.166266 0.0528846 0.0622329 0.254639
1 0.674279 0.558227 0.0552885 0.0502137 0.280518
1 0.569712 0.169471 0.0528846 0.0600962 0.275879
1 0.24384 0.43109 0.0240385 0.0673077 0.264404
1 0.521034 0.567308 0.03125 0.0876068 0.272705
1 0.569111 0.169071 0.0504807 0.0592949 0.266602
1 0.24384 0.43109 0.0255409 0.0689103 0.293457
1 0.674279 0.559295 0.0528846 0.0502137 0.270508
1 0.569111 0.167602 0.0528846 0.0627671 0.255371
1 0.568209 0.168536 0.0498798 0.0555556 0.275879
1 0.243389 0.433761 0.0228365 0.0662393 0.267334
1 0.242788 0.430021 0.0258414 0.0673077 0.273682
1 0.56881 0.167468 0.0498798 0.056891 0.257568
1 0.24369 0.428953 0.0246394 0.0678419 0.271973
1 0.569111 0.166667 0.0516827 0.0603633 0.265137
1 0.67488 0.558227 0.0540865 0.0502137 0.262207
1 0.242788 0.429487 0.0261418 0.0683761 0.291748
1 0.568209 0.166934 0.0522836 0.0560897 0.289307
1 0.67488 0.557692 0.0528846 0.0491453 0.27124
1 0.516226 0.559829 0.030649 0.0833333 0.26123
1 0.56851 0.165999 0.0516827 0.059562 0.275879
1 0.675481 0.558761 0.0552885 0.051282 0.258301
1 0.56851 0.166667 0.0516827 0.0587607 0.268066
1 0.520733 0.566239 0.03125 0.0897436 0.254639
1 0.675481 0.558761 0.0540865 0.051282 0.252441
1 0.24399 0.440972 0.0252404 0.0683761 0.251709
1 0.569411 0.166934 0.0522836 0.0592949 0.29834
1 0.243389 0.432959 0.0258414 0.0689103 0.275146
1 0.516827 0.560897 0.0300481 0.0844017 0.250244
1 0.567909 0.165865 0.0528846 0.0566239 0.303955
1 0.24369 0.439904 0.0246394 0.0673077 0.30249
1 0.521034 0.564103 0.0300481 0.0897436 0.294922
1 0.244591 0.4375 0.0267428 0.0673077 0.280518
1 0.675481 0.558227 0.0540865 0.0480769 0.269043
1 0.521034 0.563034 0.031851 0.0865385 0.266602
1 0.56851 0.165865 0.0492788 0.0571581 0.255371
1 0.675481 0.558761 0.0528846 0.0459402 0.275146
1 0.56851 0.168536 0.0504807 0.0566239 0.272705
1 0.243389 0.440171 0.0270433 0.0683761 0.264404
1 0.516226 0.560897 0.03125 0.0844017 0.255371
1 0.674279 0.559829 0.0552885 0.0534188 0.320068
1 0.567909 0.169071 0.0516827 0.0608974 0.297363
1 0.24354 0.433227 0.0261418 0.0715812 0.284668
1 0.516827 0.563034 0.03125 0.0865385 0.262939
1 0.675481 0.559829 0.0552885 0.0512821 0.323486
1 0.568209 0.168803 0.0510817 0.0608974 0.291016
1 0.24399 0.441506 0.0264423 0.0689103 0.265137
1 0.568209 0.168536 0.0534855 0.0608974 0.311523
1 0.244892 0.441506 0.0258413 0.0689103 0.281494
1 0.675481 0.559829 0.0552885 0.0502137 0.280518
1 0.56851 0.167334 0.0516827 0.0582265 0.288574
1 0.675481 0.559829 0.0552885 0.0491453 0.259766
1 0.242939 0.432692 0.0255409 0.0715812 0.256836
1 0.56851 0.167067 0.0516827 0.0606303 0.299072
1 0.675481 0.559829 0.0552885 0.0512821 0.252441
1 0.56851 0.165598 0.0516827 0.0592949 0.36377
1 0.243239 0.438034 0.0267428 0.0683761 0.348633
1 0.516226 0.564103 0.0324519 0.0918803 0.32251
1 0.674279 0.559295 0.0540865 0.0470086 0.314941
1 0.56851 0.165064 0.0516827 0.0590278 0.434082
1 0.243389 0.439103 0.0267428 0.0705129 0.383057
1 0.674279 0.563034 0.0528846 0.0480769 0.331055
1 0.518029 0.563034 0.0288461 0.0854701 0.312256
1 0.56851 0.164263 0.0516827 0.0592949 0.413086
1 0.243389 0.438568 0.0273438 0.0726496 0.380371
1 0.674279 0.563034 0.0540865 0.0491453 0.361084
1 0.516827 0.565705 0.03125 0.0897436 0.321777
1 0.929087 0.492788 0.0288462 0.036859 0.274414
1 0.569411 0.165999 0.0510817 0.0555555 0.443604
1 0.243239 0.438568 0.0255409 0.0694444 0.403564
1 0.674279 0.558761 0.0528846 0.0491453 0.397949
1 0.520733 0.565171 0.030649 0.0876069 0.336426
1 0.929087 0.491453 0.0288462 0.034188 0.311523
1 0.255409 0.305021 0.0198317 0.0534188 0.288574
1 0.56851 0.163862 0.0516827 0.0574252 0.479492
1 0.674279 0.558761 0.0540865 0.0470086 0.446533
1 0.242788 0.435897 0.0255409 0.0683761 0.420654
1 0.515625 0.564103 0.03125 0.0897436 0.38501
1 0.929087 0.492521 0.0288462 0.0320513 0.342529
1 0.255108 0.30422 0.0198317 0.0560897 0.310791
1 0.532452 0.105502 0.0228365 0.0323184 0.271973
1 0.208684 0.860043 0.0243389 0.0277778 0.251709
1 0.569111 0.163729 0.0504807 0.0576923 0.439697
1 0.242338 0.436432 0.0255409 0.0705128 0.435791
1 0.674279 0.559295 0.0528846 0.0480769 0.365723
1 0.515926 0.564103 0.0294471 0.0876069 0.342529
1 0.928486 0.491987 0.0276442 0.0352564 0.320801
1 0.254808 0.305021 0.0198317 0.0555556 0.291016
1 0.531551 0.107105 0.0234375 0.0315171 0.259033
1 0.208233 0.860577 0.0246394 0.0277778 0.251709
1 0.56851 0.163862 0.0504807 0.0552885 0.517578
1 0.243389 0.436699 0.0258414 0.0705129 0.482422
1 0.674279 0.558761 0.0528846 0.0491453 0.472656
1 0.516526 0.564103 0.0300481 0.0876069 0.395996
1 0.929087 0.491987 0.0288462 0.0352564 0.361084
1 0.255108 0.305823 0.0210336 0.0555556 0.317383
1 0.531851 0.104701 0.0228365 0.0323184 0.269043
1 0.208534 0.858974 0.0240385 0.0277778 0.265869
1 0.313702 0.98985 0.0204327 0.0202991 0.256836
1 0.56851 0.163729 0.0504807 0.0555555 0.483398
1 0.243389 0.437233 0.0246394 0.0683761 0.445557
1 0.674279 0.557692 0.0528846 0.0491453 0.443604
1 0.516226 0.564103 0.0300481 0.0876069 0.370117
1 0.929087 0.492521 0.0288462 0.0352564 0.342529
1 0.255709 0.30609 0.0204327 0.0555556 0.331055
1 0.53125 0.105369 0.0228365 0.0323184 0.29248
1 0.207933 0.858974 0.0240384 0.0288462 0.252441
1 0.313702 0.990385 0.0204327 0.0192307 0.251709
1 0.56851 0.163462 0.0516827 0.0544872 0.512695
1 0.243089 0.437233 0.0246394 0.0683761 0.46875
1 0.674279 0.556624 0.0528846 0.0491453 0.452393
1 0.516827 0.565171 0.0300481 0.0876069 0.383057
1 0.929087 0.492521 0.0288462 0.0352564 0.368408
1 0.255709 0.308226 0.0204327 0.0544872 0.318359
1 0.53125 0.105769 0.0234375 0.0309829 0.288574
1 0.313702 0.990385 0.0210336 0.0192307 0.27124
1 0.208233 0.860043 0.0252404 0.0288461 0.255371
1 0.56881 0.163595 0.0498798 0.0552885 0.513672
1 0.243089 0.436432 0.0264423 0.0678419 0.477539
1 0.674279 0.556624 0.0528846 0.051282 0.466797
1 0.516827 0.561432 0.030649 0.0833333 0.407227
1 0.929087 0.492521 0.0288462 0.0363248 0.377441
1 0.255409 0.306624 0.0204327 0.0544872 0.332764
1 0.53125 0.105769 0.0240385 0.0328526 0.267334
1 0.313401 0.990118 0.0204327 0.019765 0.267334
1 0.207933 0.860043 0.0252404 0.0299145 0.265137
1 0.569111 0.164663 0.0504807 0.0558227 0.494141
1 0.674279 0.556624 0.0528846 0.051282 0.473633
1 0.243389 0.436966 0.0252404 0.0683761 0.464844
1 0.516827 0.563034 0.03125 0.0854701 0.401611
1 0.929087 0.492521 0.0288462 0.0352564 0.378418
1 0.255409 0.306891 0.0210336 0.0550214 0.320068
1 0.531851 0.106303 0.0228365 0.0325855 0.293457
1 0.313702 0.990919 0.0204327 0.0181624 0.277588
1 0.208534 0.861111 0.0240385 0.0299145 0.26123
1 0.569111 0.163729 0.0516827 0.0555555 0.482422
1 0.674279 0.556624 0.0540865 0.051282 0.479492
1 0.24369 0.437767 0.0258414 0.0678419 0.474609
1 0.516827 0.564103 0.03125 0.0876069 0.399902
1 0.929087 0.492788 0.0300481 0.0357906 0.366699
1 0.255108 0.307158 0.0204327 0.0566239 0.300781
1 0.208534 0.860577 0.0249399 0.0288461 0.280518
1 0.313702 0.991453 0.0204327 0.017094 0.277588
1 0.531851 0.106838 0.0240385 0.0320513 0.253174
1 0.56851 0.163194 0.0504807 0.0550214 0.494141
1 0.674279 0.558227 0.0528846 0.0502137 0.486328
1 0.24354 0.438836 0.0258413 0.0673077 0.478516
1 0.516827 0.563568 0.030649 0.0854701 0.406494
1 0.929688 0.493323 0.0300481 0.0357906 0.354004
1 0.255409 0.308494 0.0204327 0.0566239 0.312256
1 0.208684 0.859509 0.0246394 0.0277778 0.279785
1 0.314002 0.990919 0.0204327 0.0181624 0.263672
1 0.531851 0.105769 0.0234375 0.0309829 0.260498
1 0.56881 0.164931 0.0510817 0.0563568 0.519531
1 0.674279 0.558227 0.0528846 0.0502137 0.505859
1 0.24369 0.439904 0.0258414 0.0678419 0.491211
1 0.518029 0.561966 0.030048 0.0833333 0.431152
1 0.929087 0.493323 0.0300481 0.0357906 0.37207
1 0.255108 0.307959 0.0204327 0.0576923 0.34082
1 0.531851 0.107105 0.0240385 0.0317842 0.283691
1 0.208534 0.861111 0.0246394 0.0277778 0.275879
1 0.313702 0.990919 0.0204327 0.0181624 0.27124
1 0.56851 0.16453 0.0504807 0.0550214 0.487305
1 0.67488 0.558761 0.0528846 0.0491453 0.472656
1 0.24354 0.440171 0.0267428 0.0683761 0.47168
1 0.517428 0.561966 0.0300481 0.0833333 0.410156
1 0.929087 0.493056 0.0300481 0.0352564 0.346924
1 0.255108 0.308226 0.0204327 0.0576923 0.320801
1 0.531851 0.107238 0.0240385 0.0317842 0.272705
1 0.208233 0.860043 0.0252404 0.0277778 0.264404
1 0.313702 0.990652 0.0204327 0.0186966 0.256104
1 0.56851 0.163862 0.0504807 0.0552885 0.507812
1 0.243389 0.439904 0.0264423 0.0678419 0.495117
1 0.674279 0.557692 0.0528846 0.0491453 0.479492
1 0.517428 0.561966 0.0300481 0.0833333 0.425293
1 0.929087 0.493056 0.03125 0.0352564 0.359375
1 0.255258 0.307425 0.0204327 0.0582265 0.339844
1 0.208233 0.860577 0.0252404 0.0288461 0.296631
1 0.313702 0.990919 0.0204327 0.0181624 0.282227
1 0.531551 0.107639 0.0246394 0.0320513 0.281494
1 0.56851 0.16453 0.0504807 0.0550214 0.496094
1 0.243389 0.439637 0.0258414 0.068376 0.478516
1 0.674279 0.558761 0.0528846 0.0491453 0.460938
1 0.517428 0.561966 0.0300481 0.0833333 0.40918
1 0.929087 0.49359 0.0300481 0.0352564 0.347656
1 0.255409 0.307959 0.0204327 0.0576923 0.315674
1 0.531851 0.108173 0.0240385 0.0320513 0.267334
1 0.313702 0.991186 0.0204327 0.0176282 0.266602
1 0.208383 0.861111 0.0246394 0.0277778 0.258301
1 0.56881 0.164797 0.0510817 0.0550214 0.508789
1 0.243389 0.439904 0.0261418 0.0683761 0.489258
1 0.674279 0.558761 0.0528846 0.0491453 0.481445
1 0.517428 0.561966 0.0300481 0.0833333 0.424316
1 0.929087 0.49359 0.03125 0.0352564 0.363037
1 0.255409 0.307692 0.0198317 0.0576923 0.325195
1 0.531551 0.108307 0.0246394 0.0315171 0.275146
1 0.208233 0.861111 0.0249399 0.0277778 0.269775
1 0.313702 0.991186 0.0204327 0.0176282 0.266602
1 0.569111 0.163729 0.0504807 0.0576923 0.439697
1 0.242488 0.436432 0.0258414 0.0705128 0.435791
1 0.674279 0.559295 0.0528846 0.0480769 0.364746
1 0.515926 0.564103 0.0294471 0.0876069 0.342529
1 0.928486 0.491987 0.0276442 0.0352564 0.320801
1 0.254808 0.305021 0.0198317 0.0555556 0.291016
1 0.531551 0.107105 0.0234375 0.0315171 0.258301
1 0.208233 0.860577 0.0246394 0.0277778 0.251709
