1 0.975962 0.171741 0.0384616 0.0518162 0.348633
1 0.586538 0.792735 0.0168269 0.0576923 0.303223
1 0.359075 0.962607 0.0180289 0.0491453 0.276611
1 0.97476 0.174412 0.0384616 0.0667735 0.250977
1 0.107722 0.481303 0.0378606 0.0844017 0.32251
1 0.973558 0.172543 0.0384616 0.0608974 0.297363
1 0.109525 0.48344 0.0390625 0.0790599 0.314941
1 0.179688 0.821581 0.0228365 0.0544872 0.268066
1 0.855168 0.236378 0.0240384 0.0550214 0.267334
1 0.583083 0.813568 0.0213341 0.059829 0.26123
1 0.18119 0.824786 0.0204327 0.0555556 0.294189
1 0.182242 0.82265 0.0219351 0.0598291 0.275146
1 0.585337 0.815705 0.0204327 0.0630341 0.258301
1 0.180288 0.821581 0.0222356 0.0512821 0.252441
1 0.180288 0.821047 0.0216346 0.0587607 0.279053
1 0.381611 0.0646368 0.0360577 0.0426015 0.263672
1 0.204327 0.75641 0.0180289 0.0373931 0.259766
1 0.182091 0.824786 0.0204327 0.0534187 0.272705
1 0.108774 0.486111 0.0417668 0.0833333 0.275879
1 0.180288 0.823718 0.0207332 0.0619659 0.272705
1 0.18134 0.82265 0.0249399 0.0598291 0.265137
1 0.181641 0.823718 0.0210337 0.0598291 0.294189
1 0.109375 0.484241 0.0402644 0.0838675 0.259766
1 0.180889 0.824786 0.0228365 0.0576924 0.27124
1 0.10945 0.488782 0.0410156 0.0833333 0.263672
1 0.179838 0.82265 0.023137 0.0608974 0.301514
1 0.582782 0.815171 0.0219351 0.0662393 0.287842
1 0.18119 0.825855 0.0258414 0.0619659 0.29248
1 0.584135 0.816239 0.0228365 0.0662393 0.253174
1 0.18149 0.824252 0.0228365 0.059829 0.262939
1 0.18134 0.82265 0.023137 0.0576923 0.279785
1 0.180889 0.823718 0.0246394 0.0598291 0.303223
1 0.582933 0.813034 0.0216346 0.0619659 0.275879
1 0.974159 0.176816 0.0360577 0.0582265 0.258301
1 0.180288 0.82265 0.0243389 0.0576923 0.276611
1 0.109826 0.484509 0.0399639 0.082265 0.29248
1 0.181641 0.825855 0.023137 0.0598291 0.287842
1 0.109976 0.488782 0.0408654 0.0790598 0.286865
1 0.110427 0.485844 0.0405649 0.0817308 0.307373
1 0.180889 0.824252 0.0210337 0.0576923 0.301514
1 0.584135 0.805021 0.0192307 0.0651709 0.265869
1 0.18119 0.82265 0.0216346 0.0566239 0.262939
1 0.182091 0.825855 0.0252404 0.0598291 0.250244
1 0.180589 0.823718 0.0219351 0.0555556 0.275879
1 0.10945 0.484776 0.0392127 0.0753205 0.265137
1 0.180589 0.82265 0.0192308 0.051282 0.279785
1 0.109675 0.485043 0.0375601 0.082265 0.277588
1 0.583534 0.814637 0.0180288 0.0566239 0.272705
1 0.975962 0.174012 0.0372596 0.056891 0.252441
1 0.108924 0.485043 0.0411659 0.0811966 0.318359
1 0.180439 0.82265 0.0213341 0.0576923 0.269775
1 0.582782 0.813034 0.0195312 0.0619659 0.252441
1 0.10915 0.485043 0.0392127 0.0779915 0.250244
1 0.108474 0.483974 0.0366587 0.0758547 0.251709
1 0.18149 0.824252 0.0222356 0.056624 0.250977
1 0.108474 0.485043 0.038762 0.0779915 0.277588
1 0.107647 0.486111 0.0362079 0.0747863 0.27124
1 0.108248 0.486378 0.0383113 0.0785256 0.286133
1 0.108624 0.485577 0.0375601 0.0758547 0.26123
1 0.108173 0.486378 0.0372596 0.0731838 0.272705
1 0.974159 0.175748 0.0348558 0.0563568 0.252441
1 0.108248 0.486645 0.0380108 0.0769231 0.310791
1 0.974159 0.176683 0.0348558 0.0560898 0.290283
1 0.18119 0.823184 0.0228365 0.0576923 0.279785
1 0.108474 0.486645 0.0369591 0.0779914 0.279785
1 0.108699 0.487714 0.0389123 0.0769231 0.304932
1 0.97476 0.176015 0.0384616 0.0600962 0.258301
1 0.108323 0.486912 0.0375601 0.0763889 0.266602
1 0.109075 0.485577 0.0366587 0.0747863 0.293457
1 0.182091 0.824786 0.0240385 0.0598291 0.255371
1 0.97476 0.176282 0.0360578 0.0582265 0.250977
1 0.97476 0.17468 0.0360578 0.0571581 0.262939
1 0.108323 0.487714 0.0372596 0.0779914 0.251709
1 0.974159 0.174412 0.0372597 0.0566239 0.343262
1 0.108023 0.487714 0.0375601 0.0769231 0.326904
1 0.180288 0.824786 0.0228365 0.0576924 0.320068
1 0.582332 0.811966 0.0204327 0.0619659 0.305664
1 0.854567 0.237981 0.0252403 0.0571581 0.27124
1 0.356671 0.979434 0.0210336 0.0411324 0.259766
1 0.18119 0.823718 0.0222356 0.0576924 0.347656
1 0.974159 0.174947 0.0360577 0.0582265 0.33374
1 0.108173 0.487179 0.0366587 0.0769231 0.319092
1 0.583534 0.809829 0.0192307 0.0608974 0.318359
1 0.357272 0.978098 0.0210336 0.0438034 0.29248
1 0.804087 0.234041 0.0240384 0.0393964 0.2854
1 0.855769 0.236579 0.0252403 0.0556891 0.27832
1 0.205829 0.759615 0.0198317 0.0384616 0.274414
1 0.857572 0.963675 0.0288461 0.0491453 0.265869
1 0.180889 0.823718 0.023738 0.0576924 0.379395
1 0.108474 0.487714 0.0369591 0.0758547 0.371094
1 0.973558 0.176015 0.0360578 0.0587607 0.352295
1 0.582933 0.810898 0.0204327 0.0641026 0.338867
1 0.856971 0.964744 0.03125 0.0512821 0.282227
1 0.207031 0.760684 0.0210337 0.0395299 0.268066
1 0.855769 0.237714 0.0264423 0.0571581 0.265137
1 0.357272 0.975962 0.0216346 0.0480769 0.253906
1 0.18119 0.82265 0.0228365 0.0555556 0.417725
1 0.108323 0.487179 0.0363582 0.073718 0.385742
1 0.97476 0.174947 0.0360578 0.0576923 0.380371
1 0.582782 0.810898 0.0195312 0.0598291 0.373047
1 0.857572 0.963141 0.0288461 0.0491453 0.303223
1 0.356971 0.975962 0.0216346 0.0480769 0.294189
1 0.206731 0.758547 0.0195312 0.0384616 0.288574
1 0.855769 0.237981 0.0252403 0.0550214 0.279785
1 0.804087 0.236044 0.0240384 0.0375267 0.260498
1 0.18119 0.821047 0.0222356 0.0555556 0.449463
1 0.107873 0.486111 0.0363582 0.0758547 0.430176
1 0.974159 0.174145 0.0360577 0.0571581 0.419678
1 0.582933 0.808761 0.0192307 0.0608974 0.390381
1 0.855769 0.23551 0.0264423 0.0546207 0.331055
1 0.206731 0.757479 0.0198317 0.0363248 0.329346
1 0.858173 0.961539 0.0288462 0.0470085 0.325928
1 0.356671 0.97703 0.0210336 0.0459401 0.318359
1 0.804087 0.235043 0.0240384 0.0384615 0.279053
1 0.180589 0.822115 0.0219351 0.0566239 0.406494
1 0.108023 0.485577 0.0357572 0.0769231 0.397949
1 0.582332 0.809829 0.0192307 0.0598291 0.376709
1 0.97476 0.174947 0.0360578 0.0587607 0.374756
1 0.20598 0.758547 0.0189303 0.0363248 0.318359
1 0.854567 0.234976 0.0240385 0.0556891 0.317383
1 0.35607 0.976763 0.0210336 0.0464744 0.31665
1 0.802885 0.23531 0.0240384 0.036859 0.299805
1 0.857572 0.963675 0.0276443 0.0491453 0.29834
1 0.108248 0.486111 0.0365084 0.0769231 0.463867
1 0.18134 0.82265 0.0234375 0.0566239 0.454346
1 0.974159 0.17508 0.0360577 0.0584936 0.434082
1 0.583534 0.809829 0.0192307 0.0598291 0.430176
1 0.206731 0.757479 0.0192308 0.0384616 0.359375
1 0.855769 0.237113 0.0264423 0.0567575 0.351318
1 0.857572 0.962607 0.0288461 0.0491453 0.345215
1 0.356971 0.976496 0.0216346 0.0470085 0.342529
1 0.804087 0.23511 0.0240384 0.038328 0.324219
1 0.181641 0.82265 0.0228365 0.0576923 0.439697
1 0.108624 0.485844 0.0351562 0.0753205 0.42627
1 0.584135 0.811966 0.0192307 0.0587607 0.390381
1 0.974159 0.174412 0.0348558 0.0587607 0.389648
1 0.20643 0.757479 0.0192308 0.0384616 0.332031
1 0.85637 0.237981 0.0252404 0.0566239 0.326904
1 0.804087 0.235577 0.0252404 0.0395299 0.309814
1 0.357572 0.978632 0.0204327 0.042735 0.30249
1 0.857572 0.963675 0.0276443 0.0491453 0.296631
1 0.180889 0.822115 0.0228365 0.0566239 0.464844
1 0.108624 0.487447 0.0357572 0.0763889 0.42627
1 0.583534 0.808761 0.0192307 0.0598291 0.414795
1 0.974159 0.176015 0.0360577 0.0571581 0.414062
1 0.855769 0.236712 0.0252403 0.0543536 0.349609
1 0.804087 0.23531 0.0264422 0.0379274 0.346924
1 0.20643 0.757479 0.0198317 0.0384616 0.342529
1 0.35637 0.97703 0.0216346 0.0459401 0.325928
1 0.856971 0.964209 0.0288462 0.0491453 0.290283
1 0.180889 0.821581 0.0240385 0.0566239 0.473633
1 0.582933 0.808761 0.0204327 0.0598291 0.430176
1 0.973558 0.175481 0.0360578 0.0576923 0.42334
1 0.108248 0.486912 0.0362079 0.0753205 0.42334
1 0.35637 0.977564 0.0222356 0.0448718 0.366699
1 0.20643 0.75641 0.0204327 0.0384616 0.354004
1 0.855769 0.235844 0.0264423 0.0544872 0.351318
1 0.802885 0.235043 0.0264423 0.0389957 0.332031
1 0.856971 0.963141 0.030048 0.0502136 0.307373
1 0.180889 0.82265 0.0228365 0.0576923 0.452393
1 0.108774 0.486111 0.0357572 0.0758547 0.434082
1 0.97476 0.175881 0.0360578 0.059562 0.429199
1 0.582782 0.809829 0.0195312 0.0576924 0.415771
1 0.206731 0.757479 0.0192308 0.0384616 0.345215
1 0.356971 0.97703 0.0204327 0.0459401 0.342529
1 0.855769 0.236579 0.0252403 0.0556891 0.325195
1 0.803486 0.236645 0.0252403 0.0384615 0.32251
1 0.857572 0.964209 0.0276443 0.0502136 0.283691
1 0.180889 0.823184 0.0240385 0.0576923 0.449463
1 0.582782 0.809829 0.0195312 0.0598291 0.446533
1 0.97476 0.176816 0.0360578 0.0587607 0.431152
1 0.10915 0.487714 0.0368089 0.0779914 0.411133
1 0.356971 0.977297 0.0210336 0.045406 0.36377
1 0.804087 0.236579 0.0264422 0.0396635 0.353027
1 0.206731 0.758547 0.0198317 0.0363248 0.339844
1 0.855769 0.237246 0.0264423 0.0564904 0.33374
1 0.857572 0.964744 0.0288461 0.0502137 0.2854
1 0.18119 0.823718 0.0234375 0.0576924 0.448486
1 0.108924 0.487714 0.0360577 0.0758547 0.44165
1 0.583534 0.809829 0.0192307 0.0587607 0.436768
1 0.97476 0.178152 0.0360578 0.0582265 0.424316
1 0.357272 0.977297 0.0210336 0.045406 0.373779
1 0.207181 0.757479 0.0201322 0.0363248 0.353027
1 0.855769 0.237447 0.0264423 0.0555556 0.350342
1 0.804087 0.235844 0.0252404 0.0389957 0.343262
1 0.857572 0.964209 0.0288461 0.0491453 0.280518
1 0.180739 0.823718 0.023738 0.0576924 0.458984
1 0.582933 0.810898 0.0192307 0.0598291 0.451416
1 0.97476 0.177885 0.0360578 0.0582265 0.435791
1 0.108774 0.487714 0.0363582 0.0758547 0.427246
1 0.356971 0.977564 0.0204327 0.0448718 0.386719
1 0.207031 0.758547 0.0198317 0.0373932 0.360352
1 0.855769 0.23778 0.0264423 0.0564904 0.359375
1 0.804087 0.236378 0.0240384 0.0389957 0.357666
1 0.857572 0.964744 0.0288461 0.0491453 0.303955
1 0.180739 0.823718 0.0246394 0.0576924 0.438721
1 0.582933 0.810898 0.0192307 0.0598291 0.429199
1 0.973558 0.177618 0.0360578 0.0582265 0.40918
1 0.108474 0.487714 0.0366587 0.0758547 0.393311
1 0.356971 0.97703 0.0216346 0.0459401 0.352295
1 0.207031 0.758547 0.0207332 0.0384616 0.345215
1 0.855769 0.237447 0.0264423 0.0566239 0.341553
1 0.803486 0.235844 0.0252403 0.0389957 0.336426
1 0.857572 0.964744 0.0300481 0.0491453 0.290283
1 0.18119 0.82265 0.0246394 0.0576923 0.460938
1 0.582782 0.810363 0.0195312 0.059829 0.448486
1 0.974159 0.177217 0.0360577 0.0576923 0.433105
1 0.108549 0.487447 0.0362079 0.0774573 0.414062
1 0.356971 0.97703 0.0216346 0.0459401 0.380371
1 0.803486 0.235844 0.0252403 0.0395299 0.365723
1 0.207031 0.757479 0.0207332 0.0384616 0.36377
1 0.85637 0.236645 0.0264422 0.0560897 0.358398
1 0.856971 0.963675 0.0288462 0.0491453 0.297363
1 0.18119 0.82265 0.0240385 0.0576923 0.448486
1 0.582782 0.810363 0.0195312 0.059829 0.437744
1 0.974159 0.177885 0.0360577 0.0576923 0.416748
1 0.108474 0.487714 0.0360577 0.0769231 0.401611
1 0.357272 0.97703 0.0210336 0.0459401 0.356689
1 0.85637 0.237246 0.0264422 0.0564904 0.339844
1 0.803486 0.236178 0.0252403 0.0393964 0.337158
1 0.207031 0.758547 0.0201322 0.0373932 0.334473
1 0.857572 0.963675 0.0288461 0.0491453 0.277588
1 0.18104 0.823184 0.0243389 0.0576923 0.46582
1 0.583534 0.810363 0.0192307 0.0587608 0.457031
1 0.974159 0.178018 0.0360577 0.0576923 0.435791
1 0.108323 0.487714 0.0363582 0.0769231 0.412109
1 0.356971 0.97703 0.0216346 0.0459401 0.364746
1 0.803486 0.236044 0.0252403 0.0385951 0.359375
1 0.855769 0.237179 0.0264423 0.0560898 0.353027
1 0.207031 0.758547 0.0201322 0.0363248 0.342529
1 0.857572 0.964744 0.0288461 0.0491453 0.297363
1 0.180589 0.822115 0.0219351 0.0566239 0.406494
1 0.108023 0.485577 0.0357572 0.0769231 0.397949
1 0.582332 0.809829 0.0192307 0.0598291 0.376709
1 0.97476 0.174947 0.0360578 0.0587607 0.374756
1 0.20598 0.758547 0.0189303 0.0363248 0.318359
1 0.854567 0.23531 0.0240385 0.0555556 0.317383
1 0.35607 0.976763 0.0210336 0.0464744 0.317383
1 0.802885 0.23531 0.0240384 0.036859 0.299805
1 0.857572 0.963675 0.0276443 0.0491453 0.29834
