1 0.644832 0.964744 0.0252404 0.0512821 0.396973
1 0.570913 0.419338 0.0228365 0.0630342 0.265869
1 0.64363 0.980502 0.0288461 0.0389957 0.250244
1 0.848558 0.520433 0.0336539 0.0916133 0.299805
1 0.572115 0.419872 0.0288461 0.0747863 0.272705
1 0.641827 0.971688 0.0264423 0.0566239 0.262207
1 0.641827 0.98344 0.0288461 0.0331196 0.306641
1 0.570312 0.434829 0.0300481 0.0662393 0.286133
1 0.985276 0.512286 0.0294471 0.0405983 0.265137
1 0.879808 0.131677 0.0504807 0.0504808 0.253906
1 0.569712 0.419605 0.0264423 0.0689103 0.303223
1 0.643029 0.981571 0.0288461 0.036859 0.254639
1 0.643029 0.981838 0.0264423 0.0363247 0.250244
1 0.569712 0.419338 0.0216346 0.0641026 0.313232
1 0.643029 0.981303 0.0252404 0.0373931 0.273682
1 0.88101 0.130743 0.0552884 0.0571581 0.27124
1 0.877404 0.13328 0.0552884 0.0630342 0.281494
1 0.88101 0.132746 0.0576922 0.071047 0.370117
1 0.879207 0.132879 0.0540865 0.0592949 0.265869
1 0.88101 0.129274 0.0528846 0.0544872 0.295898
1 0.847356 0.526175 0.0288462 0.0886752 0.262939
1 0.985577 0.516026 0.0288462 0.0491453 0.282227
1 0.879808 0.137954 0.0552884 0.0592949 0.281494
1 0.643029 0.982906 0.03125 0.034188 0.267334
1 0.88101 0.132345 0.0552884 0.0590278 0.279053
1 0.986178 0.516026 0.0276443 0.0427351 0.266602
1 0.64363 0.98344 0.0288461 0.0331196 0.265869
1 0.573317 0.432692 0.0300481 0.0726496 0.253906
1 0.572115 0.424145 0.0276442 0.0641026 0.257568
1 0.849159 0.524706 0.0288462 0.0830663 0.271973
1 0.571514 0.425748 0.0276442 0.0662393 0.265869
1 0.879808 0.134348 0.0552884 0.0560898 0.262207
1 0.571514 0.434295 0.0276442 0.0715812 0.258301
1 0.570312 0.42735 0.0288462 0.0694444 0.270508
1 0.569111 0.424947 0.0276443 0.0625 0.26123
1 0.880409 0.128873 0.0576923 0.0635684 0.306641
1 0.849159 0.527244 0.030048 0.0897436 0.259766
1 0.571815 0.423611 0.0282452 0.0673077 0.255371
1 0.878606 0.13328 0.0552884 0.053953 0.296631
1 0.570312 0.424679 0.0276443 0.0651709 0.276611
1 0.0881911 0.27297 0.0255409 0.0544872 0.252441
1 0.878606 0.134882 0.0552884 0.0555556 0.282959
1 0.571514 0.424679 0.0288461 0.0683761 0.274414
1 0.84375 0.530983 0.03125 0.0854701 0.29248
1 0.879808 0.133814 0.0564904 0.0592949 0.279785
1 0.571514 0.423611 0.0300481 0.0662393 0.275146
1 0.571514 0.426282 0.0288461 0.0667735 0.300781
1 0.843149 0.531517 0.0276443 0.082265 0.299072
1 0.878005 0.136352 0.0564903 0.0579594 0.265869
1 0.0874399 0.270032 0.0249399 0.0544872 0.255371
1 0.879808 0.134749 0.0576922 0.0592949 0.288574
1 0.570312 0.435897 0.03125 0.0678419 0.277588
1 0.571514 0.423077 0.0288461 0.0694444 0.304932
1 0.84375 0.52297 0.0288462 0.0865385 0.269775
1 0.878606 0.134348 0.0576922 0.0592949 0.264404
1 0.570913 0.424145 0.0276442 0.0673077 0.275146
1 0.0880409 0.272436 0.0243389 0.0534188 0.253174
1 0.84375 0.528312 0.03125 0.090812 0.321777
1 0.570312 0.425481 0.0276443 0.0699787 0.309082
1 0.879207 0.131143 0.0576923 0.0571581 0.259033
1 0.878606 0.131811 0.0552884 0.0536859 0.268066
1 0.878005 0.132212 0.0564903 0.0603633 0.310791
1 0.571514 0.424947 0.03125 0.0662393 0.297363
1 0.847356 0.530849 0.03125 0.0921474 0.262939
1 0.879808 0.129808 0.0576922 0.0555556 0.33374
1 0.572115 0.425214 0.0276442 0.0705129 0.286133
1 0.846755 0.530449 0.0300481 0.0929487 0.281494
1 0.878606 0.130475 0.0552884 0.0563568 0.320801
1 0.570613 0.424947 0.0294471 0.0705128 0.301514
1 0.84375 0.527778 0.0300481 0.0844017 0.251709
1 0.88101 0.120994 0.0576922 0.0600961 0.256104
1 0.570613 0.424679 0.0282452 0.0673077 0.253906
1 0.571514 0.426282 0.0264423 0.0630342 0.282227
1 0.879808 0.131143 0.0564904 0.0587607 0.272705
1 0.847356 0.533253 0.03125 0.0894765 0.266602
1 0.571214 0.423878 0.0294471 0.0731838 0.281494
1 0.571514 0.426816 0.0264423 0.0694444 0.271973
1 0.879207 0.132212 0.0552885 0.0507479 0.255371
1 0.571214 0.424145 0.0294471 0.0715812 0.254639
1 0.878606 0.130342 0.0540866 0.053953 0.252441
1 0.572115 0.423077 0.0276442 0.0705128 0.251709
1 0.877404 0.126068 0.0552884 0.0683761 0.250977
1 0.570312 0.423077 0.0276443 0.0683761 0.290283
1 0.878606 0.130609 0.0552884 0.0560898 0.257568
1 0.571514 0.422543 0.0276442 0.0694444 0.271973
1 0.570913 0.424679 0.0276442 0.0673077 0.300781
1 0.879207 0.131677 0.0564903 0.0550214 0.270508
1 0.570913 0.425481 0.0264423 0.0646367 0.315674
1 0.847356 0.530449 0.03125 0.0940171 0.2854
1 0.876202 0.127537 0.0552885 0.0560898 0.251709
1 0.571514 0.425214 0.0288461 0.0694444 0.291016
1 0.847957 0.530048 0.0324519 0.0894765 0.250977
1 0.570913 0.424145 0.0276442 0.0683761 0.264404
1 0.878606 0.133013 0.0552884 0.0534188 0.253174
1 0.571514 0.425214 0.0288461 0.0705129 0.307373
1 0.878606 0.134081 0.0552884 0.0587607 0.282959
1 0.878606 0.133547 0.0552884 0.0592949 0.294189
1 0.571514 0.424679 0.0288461 0.0694444 0.281494
1 0.878005 0.13328 0.0576923 0.0598291 0.297363
1 0.572115 0.423077 0.0276442 0.0662393 0.291748
1 0.876202 0.126603 0.0552885 0.0608974 0.268066
1 0.571514 0.423611 0.0276442 0.0662393 0.253174
1 0.570913 0.423611 0.0288462 0.0694444 0.272705
1 0.879207 0.121528 0.0552885 0.0592949 0.263672
1 0.569712 0.426549 0.0288462 0.0667735 0.339844
1 0.875 0.124733 0.0576923 0.0587607 0.32251
1 0.842548 0.529915 0.0336538 0.0918803 0.312256
1 0.0881911 0.271902 0.0246394 0.0534188 0.301514
1 0.984976 0.51055 0.0300481 0.0408654 0.289307
1 0.236178 0.204594 0.0222356 0.0502137 0.265869
1 0.571214 0.427885 0.0294471 0.0662393 0.363037
1 0.878606 0.130609 0.0552884 0.0555556 0.358398
1 0.0889423 0.268964 0.0249399 0.0528846 0.356689
1 0.844952 0.529915 0.03125 0.0876069 0.319092
1 0.985276 0.511752 0.0294471 0.0395299 0.304932
1 0.236929 0.202724 0.0219351 0.0467415 0.29834
1 0.643029 0.981303 0.03125 0.0373931 0.250977
1 0.0885667 0.270833 0.0259916 0.0555556 0.35498
1 0.877404 0.123665 0.0564904 0.0608974 0.353027
1 0.570913 0.426282 0.0288462 0.0662393 0.345947
1 0.985276 0.513355 0.0294471 0.042735 0.311523
1 0.236478 0.204995 0.0222356 0.051015 0.308105
1 0.84375 0.532051 0.03125 0.0897436 0.307373
1 0.643029 0.981303 0.03125 0.0373931 0.269043
1 0.570613 0.426282 0.0270432 0.0662393 0.403564
1 0.0881911 0.270299 0.0240385 0.0523504 0.373047
1 0.985577 0.511752 0.0288462 0.0395299 0.354004
1 0.878606 0.130342 0.0552884 0.0518162 0.337158
1 0.847356 0.52938 0.03125 0.0865385 0.332764
1 0.236779 0.20446 0.0210336 0.048344 0.295898
1 0.643029 0.981838 0.03125 0.0363247 0.253174
1 0.570312 0.426816 0.0276443 0.0651709 0.435059
1 0.0884916 0.268697 0.0246394 0.0528846 0.411133
1 0.878606 0.126603 0.0552884 0.0560897 0.394287
1 0.846755 0.531517 0.03125 0.0886752 0.380371
1 0.985577 0.51055 0.0288462 0.0408654 0.365723
1 0.236779 0.203259 0.0210336 0.0486111 0.321777
1 0.643029 0.981036 0.03125 0.0379273 0.27832
1 0.570312 0.426816 0.0276443 0.0657052 0.413086
1 0.0878155 0.267895 0.0241887 0.0528846 0.393311
1 0.878606 0.127537 0.0528846 0.0547543 0.365723
1 0.984976 0.511218 0.0300481 0.0395299 0.35498
1 0.843149 0.530983 0.03125 0.0886752 0.332764
1 0.236478 0.203526 0.0216346 0.0480769 0.299805
1 0.0229868 0.268697 0.0246394 0.0405983 0.264404
1 0.642428 0.980769 0.030048 0.0384616 0.26123
1 0.833534 0.0735844 0.0264423 0.0315171 0.256104
1 0.584135 0.294071 0.0180288 0.0603633 0.254639
1 0.878005 0.127938 0.0540865 0.0528846 0.455078
1 0.570913 0.426816 0.0276442 0.0651709 0.455078
1 0.0884916 0.268429 0.0243389 0.0512821 0.443604
1 0.84375 0.528846 0.03125 0.0854701 0.381104
1 0.985577 0.511886 0.0288462 0.0403312 0.379395
1 0.237079 0.203259 0.0216346 0.0475427 0.31665
1 0.0235877 0.268697 0.0249399 0.0405983 0.281494
1 0.643029 0.981571 0.030048 0.036859 0.279785
1 0.585186 0.295139 0.0195312 0.0614316 0.274414
1 0.832933 0.0711138 0.0288461 0.0332532 0.268066
1 0.389123 0.934829 0.0240385 0.0384616 0.259766
1 0.570312 0.427083 0.0276443 0.0646367 0.431152
1 0.878005 0.127671 0.0552885 0.0534188 0.420654
1 0.0886418 0.269231 0.023738 0.0512821 0.392334
1 0.985577 0.511886 0.0288462 0.042468 0.360352
1 0.84375 0.530849 0.03125 0.0878739 0.357666
1 0.237079 0.204327 0.0216346 0.0486111 0.315674
1 0.832332 0.0713141 0.0300481 0.0336538 0.2854
1 0.585337 0.296474 0.0180288 0.0608974 0.279053
1 0.0237755 0.268697 0.025015 0.0416667 0.266602
1 0.64363 0.981303 0.0300481 0.0373931 0.254639
1 0.878606 0.127537 0.0552884 0.0515492 0.460938
1 0.570312 0.428419 0.0276443 0.065171 0.438721
1 0.0883413 0.269231 0.023738 0.0502137 0.40918
1 0.984976 0.511218 0.0300481 0.0395299 0.37207
1 0.844952 0.529915 0.03125 0.0844017 0.366699
1 0.236779 0.20406 0.0222356 0.0475427 0.331055
1 0.833534 0.0726496 0.0276442 0.0317842 0.286133
1 0.643029 0.981838 0.030048 0.0363247 0.282959
1 0.585337 0.296474 0.0180288 0.0608974 0.280518
1 0.0235126 0.268697 0.0253906 0.0400641 0.273682
1 0.540264 0.987714 0.0408654 0.0245727 0.27124
1 0.389123 0.935363 0.0246394 0.0405983 0.257568
1 0.570312 0.42735 0.0288462 0.0651709 0.480469
1 0.878606 0.127137 0.0540866 0.0528846 0.460938
1 0.0882662 0.268697 0.0252404 0.0502137 0.421631
1 0.84375 0.528846 0.0324519 0.0844017 0.394287
1 0.984976 0.510684 0.0300481 0.0405983 0.393311
1 0.236629 0.203392 0.0225361 0.048344 0.31665
1 0.0235502 0.268697 0.0248648 0.0411325 0.301514
1 0.643029 0.981571 0.030048 0.036859 0.293457
1 0.584135 0.295673 0.0192307 0.0608974 0.289307
1 0.540865 0.986645 0.0402645 0.0267094 0.262939
1 0.389123 0.935898 0.0240385 0.0405983 0.258301
1 0.878005 0.12313 0.0564903 0.0635684 0.460938
1 0.571214 0.426816 0.0270432 0.0641026 0.449463
1 0.0881911 0.268697 0.023738 0.0507479 0.406494
1 0.84375 0.530449 0.0324519 0.0865385 0.38501
1 0.985577 0.511619 0.0288462 0.0387286 0.345215
1 0.236779 0.203793 0.0222356 0.0486111 0.313232
1 0.0238882 0.268697 0.0244892 0.0395299 0.275146
1 0.832933 0.0725828 0.0288461 0.032719 0.273682
1 0.389423 0.935898 0.0240385 0.0405983 0.254639
1 0.571214 0.428953 0.0282452 0.0662393 0.450439
1 0.878606 0.12687 0.0552884 0.0534188 0.418701
1 0.0884916 0.268697 0.0249399 0.0523504 0.415771
1 0.847356 0.527644 0.0324519 0.087874 0.394287
1 0.985276 0.511619 0.0294471 0.0408654 0.391357
1 0.236779 0.204193 0.0228365 0.0499466 0.319092
1 0.0236629 0.268964 0.0250901 0.0422009 0.30249
1 0.643029 0.981571 0.03125 0.036859 0.262939
1 0.389123 0.935363 0.0240385 0.0395299 0.258301
1 0.877404 0.123665 0.0528846 0.0576923 0.460938
1 0.571514 0.426549 0.0300481 0.0657051 0.450439
1 0.0887169 0.268162 0.0249399 0.0502137 0.435059
1 0.84375 0.529915 0.03125 0.0865385 0.396973
1 0.985276 0.511886 0.0294471 0.0403312 0.371094
1 0.236929 0.204327 0.0225361 0.0486111 0.327637
1 0.0239258 0.269231 0.0251653 0.0411325 0.317383
1 0.64363 0.981838 0.0300481 0.0363247 0.27124
1 0.584736 0.296474 0.0192307 0.0608974 0.255371
1 0.571815 0.427083 0.0294471 0.0673077 0.481445
1 0.878606 0.128072 0.0552884 0.053953 0.480469
1 0.0886418 0.269231 0.0246394 0.0512821 0.435791
1 0.844952 0.528713 0.0324519 0.0857372 0.40918
1 0.984976 0.512286 0.0300481 0.0405983 0.392334
1 0.0235877 0.269498 0.0247897 0.0411325 0.332764
1 0.236629 0.205128 0.0228365 0.0502137 0.329346
1 0.584736 0.296474 0.0192307 0.0630342 0.279053
1 0.831731 0.073718 0.03125 0.0333868 0.275146
1 0.643029 0.981838 0.03125 0.0363247 0.270508
1 0.389123 0.935363 0.0240385 0.0395299 0.262207
1 0.878005 0.124466 0.0552885 0.0576923 0.462891
1 0.571514 0.42735 0.0300481 0.0662393 0.455078
1 0.0886418 0.268697 0.0258413 0.0518162 0.417725
1 0.84375 0.530449 0.0336538 0.0876069 0.392334
1 0.985276 0.511752 0.0294471 0.0405983 0.371094
1 0.0234751 0.269498 0.0250901 0.0416667 0.320068
1 0.236478 0.205128 0.0228365 0.0496795 0.310791
1 0.64363 0.981838 0.03125 0.0363247 0.265137
1 0.584736 0.297276 0.0192307 0.0630342 0.257568
1 0.832332 0.0741186 0.03125 0.0325855 0.253906
1 0.571514 0.427618 0.0300481 0.0662393 0.483398
1 0.876803 0.125935 0.0540865 0.0582265 0.475586
1 0.0886418 0.268429 0.0255409 0.0528846 0.431152
1 0.84375 0.530449 0.0324519 0.0876069 0.404541
1 0.984976 0.511619 0.0300481 0.0408654 0.388672
1 0.0235502 0.269498 0.0254657 0.042735 0.332764
1 0.236779 0.204594 0.0228365 0.0496795 0.324219
1 0.585186 0.297009 0.0195312 0.0641026 0.300781
1 0.643029 0.981838 0.03125 0.0363247 0.276611
1 0.389123 0.934829 0.0246394 0.0395298 0.258301
1 0.877404 0.125 0.0528846 0.0576923 0.472656
1 0.571514 0.42735 0.0288461 0.0662393 0.458984
1 0.0887921 0.268697 0.0249399 0.0523504 0.413086
1 0.84375 0.530983 0.0324519 0.0876069 0.389648
1 0.985276 0.512286 0.0294471 0.0405983 0.369385
1 0.0238131 0.269765 0.0253906 0.042735 0.314941
1 0.236779 0.204728 0.0225361 0.0499466 0.309814
1 0.585337 0.296474 0.0192307 0.0630342 0.275146
1 0.64363 0.981838 0.03125 0.0363247 0.253906
1 0.877404 0.124466 0.0552884 0.0576923 0.480469
1 0.571214 0.42735 0.0294471 0.0662393 0.476562
1 0.0886418 0.268697 0.0252404 0.0523504 0.429199
1 0.84375 0.530983 0.0324519 0.0876069 0.402588
1 0.984976 0.511752 0.0300481 0.0405983 0.401611
1 0.0237004 0.269231 0.0253906 0.0411325 0.331055
1 0.236779 0.204594 0.0228365 0.0496795 0.312256
1 0.584736 0.296474 0.0192307 0.0630342 0.273682
1 0.643029 0.981571 0.03125 0.036859 0.262939
1 0.388822 0.934829 0.0240384 0.0384616 0.254639
1 0.831731 0.0741854 0.03125 0.0329861 0.251709
1 0.570312 0.426816 0.0276443 0.0657052 0.413086
1 0.0878155 0.267895 0.0241887 0.0528846 0.393311
1 0.878606 0.127537 0.0528846 0.0547543 0.365723
1 0.984976 0.511218 0.0300481 0.0395299 0.35498
1 0.843149 0.530983 0.03125 0.0886752 0.332764
1 0.236478 0.203659 0.0216346 0.0478098 0.299805
1 0.0229868 0.268697 0.0246394 0.0405983 0.264404
1 0.642428 0.980769 0.030048 0.0384616 0.262207
1 0.833534 0.0736512 0.0264423 0.0313836 0.255371
1 0.584135 0.294071 0.0180288 0.0603633 0.254639
