1 0.389423 0.465812 0.0342548 0.0940171 0.313232
1 0.387921 0.482906 0.0330529 0.0865385 0.327637
1 0.227163 0.797009 0.0240385 0.051282 0.259033
1 0.382812 0.476229 0.0294471 0.0860043 0.266602
1 0.795673 0.559295 0.0240385 0.0726496 0.250244
1 0.794471 0.55609 0.0240385 0.073718 0.256836
1 0.79387 0.556624 0.0252404 0.0726496 0.279053
1 0.795072 0.565171 0.0240384 0.0747863 0.294922
1 0.794471 0.559829 0.0252404 0.0737179 0.313965
1 0.795072 0.559829 0.0240384 0.0705128 0.348633
1 0.385517 0.481571 0.0354568 0.0977565 0.283691
1 0.755409 0.690171 0.0180288 0.0416667 0.264404
1 0.794471 0.561966 0.0240385 0.0726496 0.369385
1 0.385216 0.480235 0.0348558 0.100427 0.320068
1 0.794471 0.561432 0.0240385 0.0715812 0.360352
1 0.385517 0.480235 0.0342548 0.0982906 0.27832
1 0.795072 0.561432 0.0252404 0.0715812 0.406494
1 0.385817 0.480235 0.0354567 0.100427 0.326904
1 0.755409 0.691239 0.0180288 0.0416667 0.277588
1 0.545072 0.721154 0.015625 0.0384615 0.264404
1 0.795072 0.560897 0.0240384 0.0726496 0.374756
1 0.385817 0.482105 0.0348558 0.0956197 0.31665
1 0.755409 0.692308 0.0180288 0.0427351 0.266602
1 0.795072 0.561432 0.0240384 0.0715812 0.385742
1 0.385517 0.481838 0.0360577 0.0961539 0.324219
1 0.755409 0.691239 0.0180288 0.042735 0.269775
1 0.544772 0.720086 0.0174279 0.0395299 0.250977
1 0.794471 0.561966 0.0240385 0.0726496 0.398926
1 0.385817 0.482372 0.0360577 0.099359 0.326904
1 0.754808 0.691239 0.0168269 0.042735 0.299072
1 0.795673 0.560897 0.0240385 0.0715812 0.397949
1 0.386719 0.480769 0.0348557 0.0961539 0.323486
1 0.755409 0.692308 0.0180288 0.0427351 0.301514
1 0.544772 0.720086 0.016827 0.0384615 0.251709
1 0.795072 0.564103 0.0240384 0.0747863 0.389648
1 0.386118 0.48344 0.0360577 0.099359 0.345947
1 0.755409 0.693376 0.0180288 0.0427351 0.288574
1 0.795072 0.563568 0.0240384 0.0715812 0.390381
1 0.386118 0.482372 0.0360577 0.0972222 0.332764
1 0.755409 0.693376 0.0180288 0.0427351 0.27124
1 0.794471 0.563034 0.0240385 0.0726496 0.392334
1 0.383413 0.482639 0.0360577 0.0988248 0.345215
1 0.754808 0.693376 0.0180288 0.0427351 0.275146
1 0.794471 0.564103 0.0252404 0.0726496 0.367432
1 0.382812 0.482906 0.0360577 0.0972222 0.320801
1 0.754808 0.693376 0.0192307 0.0438034 0.255371
1 0.794471 0.564637 0.0240385 0.073718 0.379395
1 0.383113 0.483974 0.0366587 0.099359 0.342529
1 0.754808 0.693376 0.0180288 0.0427351 0.266602
1 0.794471 0.564637 0.0240385 0.0726496 0.373047
1 0.383413 0.483974 0.0360577 0.099359 0.315674
1 0.794471 0.564637 0.0240385 0.0726496 0.38208
1 0.385817 0.483974 0.0360577 0.099359 0.327637
1 0.754808 0.693376 0.0168269 0.0427351 0.263672
1 0.794471 0.561432 0.0240385 0.0715812 0.360352
1 0.385517 0.480235 0.0342548 0.0982906 0.27832
