1 0.151142 0.898504 0.0402644 0.0534188 0.293457
1 0.72476 0.240318 0.0264423 0.0770566 0.266602
1 0.150841 0.917201 0.0402644 0.042735 0.291748
1 0.722356 0.23985 0.0240385 0.0646368 0.318359
1 0.722356 0.246528 0.0216346 0.0683761 0.301514
1 0.722957 0.239583 0.0216346 0.0683761 0.325928
1 0.722356 0.238315 0.0252404 0.0682425 0.294189
1 0.718149 0.0103833 0.03125 0.0207666 0.259033
1 0.71875 0.0129541 0.03125 0.0259081 0.272705
1 0.719351 0.0130208 0.0324519 0.0260417 0.284668
1 0.722356 0.239316 0.0276443 0.0742522 0.259033
1 0.722957 0.241987 0.0252404 0.0726496 0.276611
1 0.717548 0.01459 0.0300481 0.02918 0.250977
1 0.723558 0.242588 0.0264423 0.0682425 0.253906
1 0.717548 0.0116854 0.0336538 0.0233707 0.256104
1 0.722356 0.242254 0.0264423 0.0758547 0.290283
1 0.71875 0.0130542 0.0324519 0.0261084 0.259033
1 0.717548 0.0145232 0.0336538 0.0290465 0.296631
1 0.723558 0.242254 0.0264423 0.0657051 0.267334
1 0.723558 0.243056 0.0264423 0.0678419 0.275879
1 0.722356 0.24359 0.0264423 0.0625 0.290283
1 0.722356 0.240451 0.0240385 0.0671742 0.282959
1 0.717548 0.013722 0.03125 0.0274439 0.256836
1 0.71875 0.0157585 0.0336538 0.0315171 0.330322
1 0.722356 0.244591 0.0264423 0.0663728 0.266602
1 0.719351 0.0129207 0.0324519 0.0258413 0.307373
1 0.722957 0.242521 0.0252404 0.0651709 0.264404
1 0.723558 0.241987 0.0288462 0.0662393 0.287842
1 0.71875 0.012687 0.0360577 0.0253739 0.281494
1 0.722356 0.244124 0.0276443 0.0667735 0.329346
1 0.71875 0.01252 0.0336538 0.0250401 0.282227
1 0.717548 0.0132545 0.0360577 0.0265091 0.286133
1 0.722356 0.242521 0.0264423 0.0651709 0.258301
1 0.71875 0.0136218 0.0336538 0.0272436 0.273682
1 0.721755 0.241186 0.0252404 0.0673077 0.259766
1 0.722356 0.244591 0.0240385 0.0653045 0.264404
1 0.71875 0.0134215 0.0336538 0.0268429 0.252441
1 0.721755 0.24172 0.0228365 0.0683761 0.296631
1 0.717548 0.0141894 0.03125 0.0283787 0.284668
1 0.718149 0.0132212 0.0324519 0.0264423 0.252441
1 0.718149 0.0120192 0.0324519 0.0240385 0.273682
1 0.71875 0.0154247 0.0336538 0.0308494 0.295898
1 0.717548 0.0144899 0.0336538 0.0289797 0.314941
1 0.722356 0.240919 0.0264423 0.0662393 0.262939
1 0.719952 0.0131544 0.0360577 0.0263088 0.303955
1 0.722957 0.240318 0.0240385 0.0706464 0.275879
1 0.717548 0.0136218 0.0336538 0.0272436 0.320068
1 0.71875 0.0153579 0.0336538 0.0307158 0.250244
1 0.71875 0.0143563 0.0336538 0.0287126 0.288574
1 0.718149 0.013555 0.0336538 0.02711 0.272705
1 0.717548 0.0144565 0.0336538 0.0289129 0.281494
1 0.718149 0.0151242 0.0348557 0.0302484 0.268066
1 0.71875 0.0137553 0.0336538 0.0275107 0.264404
1 0.71875 0.0129207 0.0336538 0.0258413 0.264404
1 0.717548 0.0124199 0.0324519 0.0248397 0.286865
1 0.717548 0.0140558 0.0336538 0.0281116 0.27124
1 0.717548 0.0122196 0.0336538 0.0244391 0.303955
1 0.717548 0.0130876 0.0336538 0.0261752 0.274414
1 0.71875 0.0138889 0.0336538 0.0277778 0.282227
1 0.722957 0.243523 0.0252404 0.0674412 0.262207
1 0.718149 0.0140558 0.0336538 0.0281116 0.257568
1 0.71875 0.0122863 0.0360577 0.0245727 0.277588
1 0.71875 0.0122196 0.0336538 0.0244391 0.2854
1 0.718149 0.0139557 0.0348557 0.0279113 0.313232
1 0.71875 0.0140892 0.0336538 0.0281784 0.257568
1 0.71875 0.0146234 0.0336538 0.0292468 0.253906
1 0.718149 0.0115852 0.0348557 0.0231704 0.262939
1 0.717548 0.0121194 0.0336538 0.0242388 0.343262
1 0.722356 0.243657 0.0264423 0.0703793 0.303955
1 0.71875 0.0121528 0.0336538 0.0243056 0.349609
1 0.722957 0.24152 0.0264423 0.0693109 0.308105
1 0.160006 0.915598 0.0315505 0.0448719 0.254639
1 0.71875 0.0129874 0.0360577 0.0259749 0.324219
1 0.722957 0.243056 0.0276443 0.0699786 0.314941
1 0.71875 0.0122196 0.0336538 0.0244391 0.345215
1 0.722356 0.244658 0.0264423 0.0694444 0.345215
1 0.722356 0.243056 0.0264423 0.0683761 0.380371
1 0.71875 0.0118857 0.0336538 0.0237714 0.364746
1 0.158654 0.91453 0.0342548 0.0480769 0.283691
1 0.722356 0.242254 0.0264423 0.0699786 0.352295
1 0.71875 0.0119858 0.0336538 0.0239717 0.347656
1 0.71875 0.0119525 0.0348558 0.0239049 0.432129
1 0.722356 0.243056 0.0264423 0.0705128 0.402588
1 0.951322 0.699786 0.0336539 0.0662393 0.277588
1 0.159105 0.91453 0.0330529 0.0459401 0.277588
1 0.71875 0.0122196 0.0336538 0.0244391 0.42627
1 0.723558 0.24359 0.0264423 0.0689103 0.356689
1 0.951923 0.69765 0.0336538 0.0705128 0.291748
1 0.71875 0.012687 0.0360577 0.0253739 0.437744
1 0.722957 0.244057 0.0264423 0.0685096 0.362061
1 0.158203 0.91453 0.0336538 0.0448719 0.263672
1 0.951923 0.696581 0.0348558 0.0683761 0.259766
1 0.71875 0.0125868 0.0348558 0.0251736 0.44165
1 0.722356 0.243657 0.0276443 0.0682425 0.38208
1 0.951923 0.696581 0.0336538 0.0705128 0.32251
1 0.71875 0.013121 0.0336538 0.026242 0.428223
1 0.723558 0.243323 0.0264423 0.0689103 0.373047
1 0.71875 0.013555 0.0360577 0.02711 0.424316
1 0.723558 0.245459 0.0264423 0.0699786 0.363037
1 0.951923 0.69765 0.0360577 0.0705128 0.325928
1 0.158203 0.915064 0.0357572 0.048077 0.253906
1 0.71875 0.0131878 0.0360577 0.0263755 0.418701
1 0.723558 0.245994 0.0276443 0.0689103 0.369385
1 0.952524 0.696581 0.0348557 0.0705128 0.323486
1 0.159105 0.91453 0.0339543 0.0459401 0.269043
1 0.71875 0.0134882 0.0348558 0.0269765 0.435059
1 0.723558 0.245192 0.0264423 0.0683761 0.380371
1 0.952524 0.696581 0.0348557 0.0705128 0.341553
1 0.158804 0.91453 0.0339543 0.0470086 0.273682
1 0.719351 0.0134549 0.0360577 0.0269097 0.406494
1 0.723558 0.245994 0.0288462 0.0689103 0.358398
1 0.951923 0.696581 0.0360577 0.0694444 0.308105
1 0.159105 0.91453 0.0342548 0.0470086 0.26123
1 0.71875 0.0134549 0.0360577 0.0269097 0.427246
1 0.723558 0.245192 0.0264423 0.0689103 0.375732
1 0.951923 0.69765 0.0336538 0.0683761 0.332764
1 0.158954 0.91453 0.0348558 0.0470086 0.269775
1 0.71875 0.0138889 0.0360577 0.0277778 0.411133
1 0.723558 0.245459 0.0264423 0.0689103 0.360352
1 0.952524 0.697115 0.0348557 0.0694444 0.304932
1 0.71875 0.0136886 0.0360577 0.0273771 0.425293
1 0.722957 0.245793 0.0276443 0.0693109 0.373047
1 0.952524 0.696581 0.0348557 0.0694444 0.324219
1 0.158654 0.91453 0.0351562 0.0470086 0.258301
1 0.722356 0.242254 0.0264423 0.0699786 0.352295
1 0.71875 0.0119858 0.0336538 0.0239717 0.347656
