1 0.360577 0.611111 0.0444711 0.0726496 0.344238
1 0.36238 0.608974 0.0444712 0.0726496 0.297363
1 0.361178 0.614316 0.0504808 0.0683761 0.252441
1 0.361779 0.610043 0.0432692 0.0758547 0.308105
1 0.901442 0.863248 0.0432693 0.0886752 0.274414
1 0.361779 0.613248 0.0504808 0.0876069 0.253906
1 0.901442 0.864316 0.0456731 0.100427 0.266602
1 0.361779 0.608974 0.0426683 0.0758547 0.266602
1 0.362981 0.604701 0.0432692 0.0705128 0.253174
1 0.360877 0.61218 0.0516827 0.0769231 0.252441
1 0.361779 0.607906 0.0504808 0.0854701 0.309814
1 0.358774 0.611111 0.047476 0.0876069 0.293457
1 0.361478 0.609509 0.0432692 0.0790599 0.267334
1 0.361178 0.61218 0.0420673 0.0747863 0.29248
1 0.360577 0.613248 0.0426683 0.0726496 0.270508
1 0.359375 0.61218 0.0420673 0.0726496 0.323486
1 0.901442 0.867521 0.0456731 0.0897436 0.250977
1 0.361178 0.60844 0.0444711 0.0737179 0.275879
1 0.361178 0.611111 0.0438702 0.0662393 0.274414
1 0.362079 0.60203 0.0432693 0.0769231 0.299805
1 0.360577 0.608974 0.0426683 0.0747863 0.29248
1 0.359375 0.60844 0.0432692 0.0726496 0.291016
1 0.360276 0.611111 0.0420673 0.0705128 0.253174
1 0.360877 0.60844 0.046274 0.0715812 0.267334
1 0.359976 0.608974 0.0432692 0.0662393 0.26123
1 0.359976 0.611111 0.0432692 0.0705128 0.264404
1 0.360577 0.610043 0.0432692 0.0726496 0.253906
1 0.359976 0.613248 0.0438702 0.0705129 0.26123
1 0.359976 0.60844 0.0444711 0.0758547 0.282959
1 0.360877 0.611111 0.0456731 0.0747863 0.275879
1 0.360577 0.611111 0.0432692 0.0683761 0.263672
1 0.361178 0.608974 0.0432692 0.0747863 0.254639
1 0.360276 0.606838 0.0426683 0.0705128 0.294189
1 0.360577 0.605769 0.0432692 0.0705129 0.257568
1 0.360577 0.609509 0.0432692 0.0683761 0.271973
1 0.359976 0.611111 0.0456731 0.0747863 0.317383
1 0.360577 0.611111 0.0456731 0.0747863 0.286865
1 0.361178 0.610577 0.0432692 0.073718 0.293457
1 0.359976 0.608974 0.0444711 0.0769231 0.275879
1 0.359976 0.608974 0.0456731 0.0747863 0.361084
1 0.360276 0.608974 0.0450721 0.0769231 0.40918
1 0.899038 0.869124 0.0444712 0.0886752 0.270508
1 0.359976 0.607906 0.0444711 0.0779914 0.397949
1 0.90024 0.870727 0.0456731 0.0865385 0.315674
1 0.360577 0.608974 0.0444711 0.0726496 0.404541
1 0.90024 0.867521 0.0492788 0.0854701 0.27832
1 0.809495 0.550748 0.0276443 0.0352564 0.252441
1 0.360577 0.607906 0.0432692 0.0705128 0.449463
1 0.899038 0.866453 0.0456731 0.0897436 0.328613
1 0.805288 0.551282 0.0276442 0.0363248 0.27124
1 0.360577 0.606838 0.0420673 0.0726496 0.389648
1 0.805288 0.551282 0.0276442 0.0352564 0.274414
1 0.360577 0.607906 0.0432692 0.0726496 0.457031
1 0.805288 0.549145 0.0264423 0.034188 0.310791
1 0.898438 0.866453 0.0444712 0.0854702 0.279785
1 0.360577 0.609509 0.0420673 0.0715812 0.434082
1 0.805288 0.54968 0.0264423 0.0352564 0.286133
1 0.899038 0.867521 0.0456731 0.0844017 0.273682
1 0.360877 0.607906 0.0438702 0.0726496 0.414795
1 0.805288 0.550748 0.0288462 0.0352564 0.283691
1 0.360577 0.607906 0.0432692 0.0726496 0.449463
1 0.899038 0.869658 0.0456731 0.0854701 0.310791
1 0.805288 0.550214 0.0288462 0.0363248 0.307373
1 0.360877 0.609509 0.0438702 0.0715812 0.430176
1 0.90024 0.869658 0.0480769 0.0876068 0.304932
1 0.805288 0.551816 0.0264423 0.034188 0.287842
1 0.361178 0.610577 0.0444711 0.0726496 0.453369
1 0.80589 0.551816 0.0276443 0.0352564 0.310791
1 0.90024 0.867521 0.0456731 0.0918804 0.265137
1 0.361178 0.610577 0.0432692 0.0715812 0.458008
1 0.80589 0.551282 0.0276443 0.034188 0.307373
1 0.90024 0.86859 0.0480769 0.0854701 0.291748
1 0.361178 0.611111 0.0432692 0.0726496 0.46582
1 0.90024 0.86859 0.0480769 0.0876068 0.326904
1 0.80589 0.55235 0.0276443 0.034188 0.325195
1 0.360877 0.610577 0.0438702 0.0715812 0.442627
1 0.90024 0.86859 0.0480769 0.0876068 0.320068
1 0.805288 0.551282 0.0276442 0.034188 0.308105
1 0.360877 0.610043 0.0432692 0.0726496 0.470703
1 0.805288 0.551282 0.0276442 0.034188 0.34082
1 0.899639 0.869658 0.046875 0.0897436 0.324219
1 0.361178 0.610043 0.0432692 0.0715812 0.44165
1 0.805288 0.55235 0.0276442 0.034188 0.305664
1 0.90024 0.86859 0.0480769 0.0876068 0.300781
1 0.360877 0.610577 0.0438702 0.0715812 0.458008
1 0.805288 0.55235 0.0276442 0.034188 0.326904
1 0.89964 0.868056 0.0480769 0.0865384 0.314941
1 0.360577 0.606838 0.0420673 0.0726496 0.389648
1 0.805288 0.551282 0.0276442 0.0352564 0.274414
