1 0.6875 0.830128 0.0360577 0.0790599 0.307373
1 0.686298 0.82906 0.0408654 0.0876068 0.305664
1 0.0863882 0.691773 0.0366587 0.0833333 0.26123
1 0.685096 0.831197 0.0360577 0.0790599 0.275879
1 0.686298 0.851496 0.0432693 0.0779915 0.258301
1 0.688101 0.848291 0.0384615 0.0811966 0.253174
1 0.688101 0.842949 0.0432692 0.0769231 0.286865
1 0.686899 0.849893 0.0420673 0.0844017 0.27832
1 0.686899 0.845086 0.0420673 0.0854701 0.260498
1 0.6875 0.844551 0.0480769 0.0929487 0.279785
1 0.6875 0.843483 0.0432693 0.0886752 0.2854
1 0.6875 0.842949 0.0456731 0.0961539 0.35498
1 0.686298 0.84562 0.0444712 0.0876069 0.30249
1 0.686899 0.839744 0.0432693 0.0833333 0.259033
1 0.6875 0.846154 0.046875 0.0833333 0.359375
1 0.686298 0.848291 0.0420673 0.0833333 0.29248
1 0.686899 0.844551 0.0420673 0.0833333 0.276611
1 0.686298 0.84562 0.0408654 0.082265 0.36377
1 0.6875 0.842949 0.0420673 0.0854701 0.327637
1 0.688702 0.833868 0.0456731 0.0854701 0.293457
1 0.688702 0.84188 0.0456731 0.0897436 0.309082
1 0.686298 0.842949 0.0456731 0.0854701 0.283691
1 0.686298 0.842949 0.0432693 0.0876068 0.2854
1 0.686298 0.842415 0.0432693 0.0929487 0.29248
1 0.6875 0.842949 0.0480769 0.090812 0.297363
1 0.686298 0.843483 0.046875 0.0854701 0.271973
1 0.6875 0.844551 0.0456731 0.0844017 0.250244
1 0.686298 0.846154 0.0432693 0.0854701 0.260498
1 0.686298 0.844017 0.0432693 0.0897436 0.265869
1 0.686298 0.844017 0.0432693 0.0876068 0.264404
1 0.6875 0.842949 0.0456731 0.0897436 0.257568
1 0.686298 0.844017 0.0456731 0.0918803 0.29248
1 0.686899 0.845086 0.0456731 0.0897436 0.289307
1 0.686298 0.843483 0.0432693 0.0876069 0.290283
1 0.686298 0.846154 0.0456731 0.0918803 0.309814
1 0.686298 0.846154 0.0456731 0.0918803 0.294189
1 0.6875 0.848291 0.0456731 0.0897436 0.277588
1 0.686899 0.845086 0.0444712 0.0918803 0.270508
1 0.686298 0.843483 0.0432693 0.0897436 0.294922
1 0.686298 0.845086 0.0456731 0.0918803 0.282959
1 0.686298 0.84188 0.0444712 0.0918804 0.34082
1 0.686298 0.846688 0.0456731 0.0929487 0.250244
1 0.686298 0.842949 0.0456731 0.0897436 0.29248
1 0.686899 0.842949 0.0456731 0.0876068 0.270508
1 0.6875 0.846154 0.0456731 0.0897436 0.277588
1 0.686899 0.84562 0.0444712 0.0918804 0.267334
1 0.6875 0.845086 0.0432693 0.0918803 0.260498
1 0.686298 0.844017 0.0456731 0.0918803 0.274414
1 0.686298 0.842949 0.0456731 0.0897436 0.315674
1 0.686298 0.844017 0.0432693 0.0897436 0.374756
1 0.686298 0.844017 0.0432693 0.0918803 0.399902
1 0.686298 0.843483 0.0432693 0.0865384 0.390381
1 0.686298 0.839744 0.0432693 0.0897436 0.414795
1 0.686899 0.84188 0.0420673 0.0854701 0.347656
1 0.686899 0.84188 0.0432693 0.0876068 0.472656
1 0.686298 0.84188 0.0420673 0.0865384 0.431152
1 0.686298 0.84188 0.0432693 0.0886752 0.413086
1 0.686298 0.841346 0.0432693 0.0865384 0.437744
1 0.56851 0.54594 0.03125 0.034188 0.266602
1 0.0860877 0.69765 0.0378606 0.0726496 0.259033
1 0.686298 0.840812 0.0432693 0.0897436 0.383057
1 0.686899 0.84188 0.0444712 0.0897436 0.452393
1 0.686899 0.842415 0.0432693 0.0876068 0.442627
1 0.686899 0.842415 0.0432693 0.0876068 0.458008
1 0.686298 0.84188 0.0432693 0.0876068 0.414795
1 0.686899 0.84188 0.0432693 0.0876068 0.431152
1 0.686899 0.84188 0.0432693 0.0876068 0.414795
1 0.686899 0.842415 0.0432693 0.0876068 0.433105
1 0.686899 0.84188 0.0420673 0.0854701 0.348633
