1 0.0997596 0.726496 0.0501803 0.0790598 0.265137
1 0.36899 0.740385 0.0606971 0.104701 0.435791
1 0.100962 0.721154 0.0489784 0.0747863 0.286133
1 0.100361 0.723825 0.0510817 0.0769231 0.290283
1 0.0467999 0.550748 0.0249399 0.0576923 0.276611
1 0.0470065 0.554487 0.0231746 0.0587607 0.251709
1 0.371394 0.748398 0.0661058 0.0982906 0.282227
1 0.370793 0.752137 0.0643029 0.0961539 0.353027
1 0.370793 0.746261 0.0655048 0.0940171 0.29834
1 0.101412 0.72062 0.0516827 0.076923 0.284668
1 0.369892 0.751068 0.063101 0.0876068 0.291748
1 0.0994591 0.724893 0.0516827 0.0705128 0.256104
1 0.371394 0.751068 0.0661058 0.0918804 0.351318
1 0.100285 0.724359 0.0515325 0.0726496 0.263672
1 0.0495605 0.55609 0.024076 0.0534188 0.256836
1 0.371394 0.75641 0.0667067 0.0982906 0.274414
1 0.370793 0.747863 0.0637019 0.0940171 0.379395
1 0.0990084 0.721688 0.0531851 0.0779914 0.268066
1 0.0997596 0.725427 0.0498798 0.0715811 0.256836
1 0.370493 0.745727 0.0649038 0.0961538 0.324219
1 0.371995 0.746795 0.0649039 0.0940171 0.450439
1 0.370192 0.75 0.0637019 0.0940171 0.368408
1 0.0987079 0.72703 0.0531851 0.0801282 0.335449
1 0.371695 0.751068 0.0643029 0.0961539 0.303223
1 0.371995 0.748932 0.0600962 0.0876068 0.349609
1 0.101262 0.723291 0.0492789 0.0726496 0.256836
1 0.099384 0.72703 0.0509315 0.0779914 0.282959
1 0.371995 0.751603 0.061899 0.0876069 0.267334
1 0.212139 0.483974 0.129207 0.213675 0.266602
1 0.370793 0.751603 0.0612981 0.0929487 0.5
1 0.101337 0.724893 0.0467248 0.0747864 0.318359
1 0.369591 0.753205 0.0649039 0.08547 0.38208
1 0.371094 0.748932 0.0655048 0.0897436 0.352295
1 0.100811 0.725427 0.0510817 0.0726496 0.325928
1 0.36899 0.751068 0.0637019 0.0918804 0.546875
1 0.0996845 0.726496 0.051232 0.0747863 0.349609
1 0.370793 0.749466 0.0637019 0.0854701 0.303223
1 0.101187 0.724359 0.0500301 0.0726496 0.273682
1 0.370793 0.753205 0.0661058 0.08547 0.393311
1 0.0997596 0.726496 0.0498798 0.0705128 0.288574
1 0.370493 0.75 0.0649038 0.090812 0.370117
1 0.371394 0.75 0.063101 0.0854701 0.366699
1 0.0991587 0.724359 0.0504808 0.0747863 0.299072
1 0.0994591 0.727564 0.0492789 0.0715812 0.264404
1 0.371995 0.750534 0.0649039 0.0886752 0.38501
1 0.0993089 0.725427 0.0540865 0.0833333 0.320801
1 0.369892 0.751603 0.0643029 0.0854701 0.35498
1 0.0991587 0.724359 0.0525841 0.0769231 0.269775
1 0.209435 0.488515 0.135216 0.198184 0.257568
1 0.371394 0.751068 0.0637019 0.0918804 0.31665
1 0.100736 0.725962 0.0497296 0.0726496 0.265137
1 0.369892 0.752137 0.061899 0.0865385 0.313232
1 0.100586 0.725962 0.0497296 0.0758547 0.291016
1 0.369892 0.750534 0.0643029 0.0886752 0.303955
1 0.101262 0.725962 0.0489784 0.0758547 0.277588
1 0.20613 0.481838 0.134014 0.208333 0.27124
1 0.0997596 0.725962 0.0516827 0.0801282 0.309814
1 0.369591 0.749466 0.0697115 0.0972223 0.267334
1 0.369892 0.751068 0.063101 0.0844017 0.299805
1 0.10021 0.724359 0.0489784 0.0726496 0.259766
1 0.371995 0.748932 0.0643029 0.0897436 0.397949
1 0.0997596 0.723291 0.0510817 0.0779915 0.318359
1 0.371695 0.748932 0.0618991 0.0876068 0.384033
1 0.0989333 0.724893 0.0500301 0.0715812 0.307373
1 0.370793 0.748932 0.0637019 0.0876068 0.348633
1 0.0997596 0.723291 0.0504808 0.0705129 0.330322
1 0.371995 0.753205 0.0625 0.0918804 0.343262
1 0.100661 0.723291 0.0480769 0.0747863 0.299072
1 0.371394 0.75 0.0600962 0.0854701 0.325928
1 0.100436 0.726496 0.0479267 0.0662393 0.323486
1 0.371094 0.751068 0.0655048 0.0876068 0.309814
1 0.100811 0.724893 0.0483774 0.0726496 0.286865
1 0.371394 0.751603 0.0625 0.0865384 0.365723
1 0.100886 0.725427 0.0470252 0.0726496 0.295898
1 0.370793 0.75 0.0649039 0.0886752 0.335449
1 0.0981821 0.725962 0.0524339 0.0737179 0.259766
1 0.10006 0.724359 0.0495793 0.0769231 0.317383
1 0.371695 0.748932 0.0643029 0.0876068 0.318359
1 0.100361 0.722756 0.0480769 0.073718 0.294189
1 0.371695 0.753205 0.0637019 0.0876069 0.400635
1 0.10021 0.725427 0.0498798 0.0726496 0.305664
1 0.371394 0.751603 0.0625 0.090812 0.381104
1 0.101337 0.724359 0.0503305 0.0769231 0.331055
1 0.370793 0.754808 0.0661058 0.090812 0.361084
1 0.0999099 0.726496 0.0522837 0.0790598 0.272705
1 0.373197 0.75641 0.0612981 0.0897436 0.36377
1 0.100361 0.726496 0.0495793 0.0726496 0.344238
1 0.371394 0.753739 0.063101 0.0886753 0.361084
1 0.100361 0.725427 0.0510817 0.0758547 0.279053
1 0.371394 0.753739 0.0637019 0.0886753 0.291016
1 0.370793 0.753205 0.0625 0.0833333 0.360352
1 0.0999099 0.725427 0.0495793 0.0726496 0.300781
1 0.10021 0.723291 0.0510817 0.0747863 0.358398
1 0.371094 0.753205 0.0637019 0.0811966 0.349609
1 0.371394 0.753205 0.0625 0.0876069 0.365723
1 0.100135 0.723825 0.0518329 0.0758547 0.329346
1 0.371995 0.752671 0.0637019 0.0865384 0.383057
1 0.100511 0.724359 0.0498798 0.0705128 0.324219
1 0.371995 0.751068 0.0625 0.0897436 0.429199
1 0.0993089 0.724359 0.0510817 0.0758547 0.392334
1 0.371695 0.754808 0.063101 0.0854701 0.341553
1 0.099384 0.724359 0.0500301 0.0747863 0.283691
1 0.100135 0.722222 0.0515325 0.0769231 0.373779
1 0.371394 0.751068 0.0637019 0.0897436 0.366699
1 0.370793 0.752137 0.0612981 0.0854701 0.440674
1 0.100285 0.725427 0.0494291 0.073718 0.309814
1 0.371995 0.751603 0.0649039 0.0897436 0.44751
1 0.0994591 0.725427 0.0510817 0.0747863 0.352295
1 0.371995 0.752137 0.0625 0.0876068 0.418701
1 0.10006 0.723825 0.0507812 0.0758547 0.352295
1 0.371995 0.751068 0.0637019 0.0854701 0.403564
1 0.0999099 0.723825 0.0510817 0.073718 0.330322
1 0.371394 0.751068 0.0637019 0.0865385 0.344238
1 0.0999099 0.724359 0.0507812 0.0726496 0.307373
1 0.371995 0.751068 0.0612981 0.090812 0.354004
1 0.371094 0.75 0.0612981 0.0876068 0.449463
1 0.0999099 0.722756 0.0507812 0.0758547 0.375732
1 0.0609976 0.827991 0.0243389 0.0502137 0.279053
1 0.371394 0.75 0.0612981 0.0876068 0.492188
1 0.0999099 0.721688 0.0498798 0.0747863 0.351318
1 0.0616737 0.827457 0.0228365 0.0470085 0.296631
1 0.0999099 0.723291 0.0498798 0.0726496 0.492188
1 0.371394 0.752137 0.0612981 0.0897436 0.485352
1 0.0608474 0.827991 0.0253906 0.0491453 0.309814
1 0.0467248 0.559829 0.0271935 0.0534188 0.276611
1 0.371394 0.752671 0.0625 0.0886753 0.542969
1 0.0992338 0.722756 0.0503305 0.0726496 0.387695
1 0.0614483 0.826389 0.0225361 0.0448718 0.336426
1 0.0464994 0.557692 0.0267428 0.0555556 0.314941
1 0.370793 0.751068 0.0637019 0.0854701 0.615234
1 0.0995343 0.721154 0.05003 0.0726496 0.52832
1 0.0612981 0.826923 0.0216346 0.042735 0.351318
1 0.0466496 0.557692 0.0259916 0.0544871 0.339844
1 0.370793 0.752137 0.0625 0.0897436 0.523438
1 0.100361 0.721154 0.0486779 0.0726496 0.408203
1 0.0606971 0.827457 0.0222356 0.0448718 0.327637
1 0.0458233 0.557158 0.0259916 0.0555556 0.318359
1 0.371094 0.754273 0.0618991 0.0833333 0.629883
1 0.0996094 0.722222 0.0495793 0.0726496 0.481445
1 0.061223 0.826923 0.0229868 0.0448718 0.388672
1 0.0465745 0.557692 0.0276442 0.0555556 0.354004
1 0.495793 0.0836672 0.0204327 0.0500801 0.250244
1 0.371995 0.752671 0.0600962 0.0811966 0.591797
1 0.0996845 0.721154 0.0494291 0.0726496 0.511719
1 0.0612981 0.827991 0.023137 0.0470085 0.352295
1 0.046875 0.557158 0.0267428 0.0544871 0.317383
1 0.495192 0.0842682 0.0198317 0.0491453 0.252441
1 0.371394 0.752137 0.0612981 0.0833333 0.620605
1 0.099384 0.722222 0.0500301 0.0705129 0.521484
1 0.0611478 0.826389 0.0246394 0.0480769 0.364746
1 0.046274 0.557692 0.026893 0.0555556 0.33374
1 0.371695 0.753739 0.0637019 0.0811966 0.608398
1 0.099985 0.722222 0.0488281 0.0705129 0.499023
1 0.0609976 0.827457 0.023738 0.0480769 0.368408
1 0.0463492 0.557692 0.0270433 0.0555556 0.352295
1 0.495192 0.0847356 0.0216346 0.0511485 0.27124
1 0.371394 0.751068 0.0625 0.0833333 0.633301
1 0.100511 0.721154 0.0486779 0.0715812 0.52832
1 0.0614483 0.827991 0.0234375 0.0470085 0.383057
1 0.0467248 0.556624 0.0261418 0.0555556 0.352295
1 0.372596 0.753205 0.0637019 0.0811966 0.608398
1 0.10021 0.722222 0.0495793 0.0726496 0.513672
1 0.0611478 0.827991 0.0234375 0.0470085 0.379395
1 0.046706 0.557692 0.0270808 0.0555556 0.347656
1 0.373197 0.753205 0.0637019 0.0833333 0.625977
1 0.10006 0.723291 0.0495793 0.0705129 0.509766
1 0.0611478 0.82906 0.0240385 0.0470086 0.364746
1 0.0470252 0.558761 0.0273437 0.0555556 0.338867
1 0.372596 0.753205 0.0637019 0.0865384 0.652344
1 0.10006 0.722756 0.0492789 0.0715812 0.549805
1 0.0609976 0.828526 0.023738 0.048077 0.374756
1 0.046706 0.557692 0.0273813 0.0555556 0.345947
1 0.495793 0.0862714 0.0216346 0.0504808 0.250244
1 0.372596 0.753205 0.0637019 0.0833333 0.621582
1 0.100586 0.723291 0.0488281 0.0705129 0.535156
1 0.0606971 0.82906 0.0243389 0.0491453 0.357666
1 0.0465745 0.558227 0.0283954 0.0555556 0.330322
1 0.372596 0.753205 0.0637019 0.0833333 0.632324
1 0.10021 0.722222 0.0486779 0.0726496 0.526367
1 0.0608474 0.827991 0.0246394 0.0491453 0.37207
1 0.0465745 0.557692 0.0276442 0.0555556 0.342529
1 0.495793 0.0870726 0.0228365 0.0507479 0.250977
1 0.371995 0.752137 0.0612981 0.0876068 0.620605
1 0.10006 0.722756 0.0489784 0.0715812 0.512695
1 0.0609976 0.827991 0.0238882 0.0470085 0.356689
1 0.0466496 0.558761 0.027494 0.0555556 0.332764
1 0.371995 0.753205 0.0637019 0.0833333 0.626953
1 0.099985 0.722756 0.0491286 0.0715812 0.537109
1 0.0609976 0.827991 0.023738 0.0470085 0.377441
1 0.0465745 0.558227 0.027494 0.0555556 0.346924
1 0.370793 0.752137 0.0625 0.0897436 0.523438
1 0.100361 0.721154 0.0486779 0.0726496 0.407227
1 0.0606971 0.827457 0.0222356 0.0448718 0.327637
1 0.0458233 0.557158 0.0259916 0.0555556 0.319092
