1 0.510817 0.588675 0.0372596 0.0534188 0.565918
1 0.877404 0.825321 0.0216346 0.0491453 0.354004
1 0.510817 0.608974 0.0420673 0.0544872 0.327637
1 0.316707 0.0260083 0.0432692 0.0520166 0.312256
1 0.639423 0.926282 0.0264423 0.059829 0.279053
1 0.108624 0.123531 0.0276442 0.0870727 0.255371
1 0.545974 0.490118 0.0715145 0.0827992 0.263672
1 0.793269 0.512687 0.0288462 0.0857372 0.309082
1 0.639423 0.930556 0.0240385 0.0619658 0.30249
1 0.873798 0.834402 0.0336538 0.0576923 0.29248
1 0.754808 0.655983 0.0240385 0.051282 0.253906
1 0.508714 0.595086 0.0444712 0.059829 0.250977
1 0.547476 0.485043 0.0697115 0.0982906 0.350342
1 0.3125 0.0293803 0.0480769 0.0587607 0.320801
1 0.509014 0.592415 0.0408654 0.051282 0.318359
1 0.873197 0.837607 0.0372596 0.0576924 0.303223
1 0.10607 0.134215 0.0321514 0.0857372 0.259033
1 0.792067 0.516026 0.0240385 0.0769231 0.281494
1 0.754207 0.652244 0.0264423 0.0395299 0.263672
1 0.792668 0.521368 0.0264423 0.0811966 0.250977
1 0.106821 0.13555 0.023137 0.0819979 0.309082
1 0.793269 0.512821 0.0264423 0.0790599 0.275879
1 0.314303 0.0318176 0.0438702 0.0636352 0.260498
1 0.541767 0.49359 0.0739182 0.0886752 0.251709
1 0.547476 0.503739 0.0745193 0.0929487 0.368408
1 0.547476 0.497329 0.0721154 0.0844017 0.325928
1 0.789663 0.518029 0.03125 0.0878739 0.30249
1 0.830529 0.0665064 0.0336538 0.0459402 0.279053
1 0.752404 0.652778 0.0240385 0.0405983 0.279053
1 0.148137 0.0499466 0.0246394 0.0703793 0.262939
1 0.510817 0.592949 0.0372596 0.0534188 0.259033
1 0.545974 0.505876 0.0715145 0.0897436 0.346924
1 0.792067 0.515892 0.0264423 0.0814637 0.27832
1 0.831731 0.0709802 0.0336538 0.0492788 0.259033
1 0.831731 0.0703793 0.0336538 0.0480769 0.325195
1 0.547776 0.497329 0.0727163 0.0972222 0.277588
1 0.147837 0.0562901 0.0240385 0.0717147 0.272705
1 0.754808 0.654915 0.0240385 0.0405983 0.265137
1 0.546575 0.503339 0.0715144 0.085203 0.311523
1 0.313101 0.03125 0.046875 0.0625 0.26123
1 0.509615 0.595086 0.0384615 0.0534188 0.255371
1 0.547776 0.503205 0.0751202 0.0876069 0.305664
1 0.109375 0.136485 0.0294471 0.0913462 0.270508
1 0.792067 0.517094 0.0288462 0.0833333 0.26123
1 0.830529 0.0707799 0.0348557 0.0544872 0.254639
1 0.313702 0.0303152 0.046875 0.0606303 0.253906
1 0.108774 0.132746 0.0264423 0.0876068 0.305664
1 0.79387 0.513889 0.0264423 0.0801282 0.27832
1 0.512019 0.594017 0.0360577 0.0470086 0.273682
1 0.148137 0.0584936 0.0246394 0.0611645 0.269043
1 0.755409 0.655983 0.0228365 0.0405983 0.250977
1 0.509615 0.595086 0.0432692 0.059829 0.265869
1 0.107873 0.134649 0.0291466 0.0928819 0.286133
1 0.510216 0.595086 0.0408654 0.0502137 0.277588
1 0.791466 0.514957 0.0300481 0.0833333 0.264404
1 0.314002 0.0329193 0.0528846 0.0658387 0.259033
1 0.545373 0.502137 0.0751202 0.0854701 0.332031
1 0.108023 0.135951 0.0279447 0.0876068 0.267334
1 0.546575 0.502137 0.0739183 0.0854701 0.262939
1 0.753606 0.655449 0.0264423 0.0470086 0.260498
1 0.149038 0.0494792 0.0240385 0.0642361 0.254639
1 0.546274 0.496261 0.078125 0.0961539 0.276611
1 0.107948 0.134615 0.0289964 0.0886752 0.259033
1 0.107347 0.136752 0.0292969 0.0817308 0.306641
1 0.146935 0.0608307 0.0252404 0.0663729 0.27124
1 0.544471 0.496261 0.0697115 0.0844017 0.262207
1 0.509615 0.594017 0.0396635 0.0555556 0.255371
1 0.548377 0.497863 0.0739182 0.0961539 0.400635
1 0.107572 0.133681 0.0294471 0.0833333 0.317383
1 0.792067 0.515091 0.0288462 0.0809295 0.309814
1 0.148287 0.0473925 0.0243389 0.0689436 0.271973
1 0.511719 0.592949 0.0414663 0.051282 0.252441
1 0.544471 0.499199 0.0709135 0.0913462 0.266602
1 0.54357 0.497863 0.0739183 0.0918804 0.2854
1 0.548077 0.488248 0.0709135 0.099359 0.255371
1 0.510817 0.594551 0.0384615 0.0512821 0.313965
1 0.831731 0.0718483 0.0336538 0.0502137 0.286133
1 0.753606 0.658654 0.0264423 0.0448718 0.273682
1 0.107873 0.13742 0.0300481 0.0841346 0.265137
1 0.792067 0.518697 0.0288462 0.0769231 0.262207
1 0.510817 0.594017 0.0420673 0.0555556 0.332031
1 0.108849 0.136352 0.027494 0.0827992 0.255371
1 0.545974 0.502003 0.0763221 0.0878739 0.321777
1 0.108173 0.134348 0.03125 0.088141 0.318359
1 0.510817 0.592949 0.0414664 0.051282 0.291016
1 0.148738 0.0463408 0.0246394 0.0642361 0.275879
1 0.107497 0.136218 0.0310998 0.0902778 0.339844
1 0.510216 0.594017 0.0384615 0.0534188 0.308105
1 0.148287 0.0489951 0.0234375 0.0660056 0.303955
1 0.792067 0.525641 0.0264423 0.0769231 0.270508
1 0.894832 0.657586 0.0288462 0.0512821 0.267334
1 0.832933 0.0685096 0.0336539 0.051015 0.259033
1 0.313101 0.0350895 0.046274 0.070179 0.250977
1 0.753606 0.655983 0.0264423 0.0438034 0.250244
1 0.545974 0.496528 0.0751202 0.0892094 0.288574
1 0.107046 0.137019 0.0329026 0.0870726 0.262939
1 0.544471 0.501603 0.0757212 0.0876069 0.501953
1 0.510517 0.594551 0.0384615 0.0502137 0.250244
1 0.544471 0.496795 0.0793269 0.0918803 0.361084
1 0.83113 0.0699786 0.0348557 0.0496795 0.283691
1 0.145883 0.0578926 0.0258414 0.0685096 0.282227
1 0.510817 0.592949 0.0414664 0.0555556 0.279785
1 0.752404 0.654915 0.0264423 0.0405983 0.253174
1 0.545373 0.497596 0.0715145 0.0945513 0.414062
1 0.510817 0.594017 0.0396635 0.0534188 0.305664
1 0.148137 0.0449386 0.0234375 0.0709135 0.30249
1 0.106596 0.133514 0.0310998 0.0924813 0.296631
1 0.830529 0.071648 0.0360577 0.0506143 0.264404
1 0.791466 0.514423 0.0264423 0.0865385 0.254639
1 0.545673 0.498932 0.0721154 0.0876068 0.427246
1 0.107272 0.132245 0.0300481 0.0966213 0.301514
1 0.793269 0.518162 0.0288462 0.0844017 0.268066
1 0.510216 0.594551 0.0408654 0.0512821 0.26123
1 0.147987 0.0469418 0.0234375 0.0651709 0.250244
1 0.545072 0.495727 0.0769231 0.0897436 0.334473
1 0.107722 0.134482 0.0276442 0.0916133 0.311523
1 0.147536 0.0467581 0.0222356 0.0731504 0.303223
1 0.753606 0.657051 0.0252404 0.0405983 0.264404
1 0.786659 0.515491 0.0276442 0.0844017 0.258301
1 0.510517 0.593483 0.0402644 0.0470086 0.256104
1 0.54387 0.496528 0.0721154 0.0827992 0.331055
1 0.107572 0.136752 0.030649 0.0897436 0.275146
1 0.542969 0.497863 0.0739182 0.0854701 0.267334
1 0.830529 0.0702457 0.0360577 0.0478098 0.265869
1 0.509615 0.592949 0.0396635 0.051282 0.265869
1 0.146785 0.0576255 0.0228365 0.0669071 0.265137
1 0.545072 0.501068 0.0757212 0.0876069 0.328613
1 0.510517 0.594017 0.0390625 0.0534188 0.265869
1 0.754808 0.65812 0.0264423 0.0448718 0.264404
1 0.792067 0.516026 0.0288462 0.0801282 0.259033
1 0.108248 0.133781 0.0320012 0.0919471 0.253174
1 0.832933 0.0726496 0.0360578 0.0520833 0.251709
1 0.107797 0.132512 0.0323017 0.0923478 0.262207
1 0.545072 0.497062 0.0745193 0.0902778 0.345215
1 0.509014 0.595086 0.0408654 0.0512821 0.27832
1 0.107722 0.130342 0.030649 0.0884081 0.275146
1 0.83113 0.0693109 0.0372597 0.0515492 0.260498
1 0.790865 0.515091 0.0288462 0.076656 0.259766
1 0.147837 0.0586271 0.0246394 0.0649039 0.253906
1 0.10915 0.135283 0.0304988 0.0932158 0.309082
1 0.546875 0.497329 0.0769231 0.0854701 0.303955
1 0.790865 0.514957 0.0288462 0.0844017 0.300781
1 0.831731 0.0698451 0.0360578 0.0491453 0.283691
1 0.753606 0.655983 0.0264423 0.0405983 0.279053
1 0.510517 0.594017 0.0414663 0.0555556 0.27832
1 0.149339 0.0462073 0.0222356 0.0734509 0.259766
1 0.895433 0.655983 0.0288461 0.0523504 0.256836
1 0.545072 0.497596 0.0757212 0.088141 0.345947
1 0.108323 0.128239 0.030649 0.0928819 0.29834
1 0.509615 0.592949 0.0408654 0.0555556 0.297363
1 0.148438 0.0474092 0.0234375 0.073985 0.291016
1 0.830529 0.0709135 0.0348557 0.0504808 0.260498
1 0.894832 0.656517 0.0288462 0.0544872 0.257568
1 0.790865 0.512821 0.0264423 0.0769231 0.256104
1 0.545673 0.499466 0.0769231 0.0844017 0.332764
1 0.546875 0.500534 0.0745193 0.0844017 0.297363
1 0.108849 0.132212 0.0307993 0.0926816 0.265137
1 0.510817 0.594017 0.0396635 0.0555556 0.253906
1 0.792668 0.513889 0.0276443 0.0801282 0.250977
1 0.544171 0.496795 0.0715144 0.0886752 0.303223
1 0.108173 0.134081 0.03125 0.0868056 0.270508
1 0.108398 0.134615 0.0310998 0.0902778 0.267334
1 0.509615 0.594551 0.0396635 0.0523504 0.254639
1 0.107873 0.13111 0.031851 0.0914129 0.299072
1 0.544471 0.498665 0.0769231 0.088141 0.294189
1 0.148438 0.0476095 0.0222356 0.0634348 0.269043
1 0.830529 0.0729834 0.0360577 0.0479434 0.253174
1 0.510216 0.594017 0.0396635 0.051282 0.252441
1 0.545072 0.49813 0.0769231 0.0860043 0.369385
1 0.107948 0.133814 0.0320012 0.0886752 0.258301
1 0.54387 0.496795 0.0793269 0.0876069 0.358398
1 0.107647 0.134749 0.0307993 0.087874 0.271973
1 0.54387 0.501202 0.0745193 0.0830662 0.396973
1 0.107873 0.133146 0.031851 0.0905449 0.269043
1 0.792067 0.51656 0.0288462 0.0769231 0.253174
1 0.544471 0.498397 0.0757212 0.0811966 0.29834
1 0.107647 0.12914 0.0307993 0.0934829 0.284668
1 0.509315 0.594017 0.0402644 0.051282 0.264404
1 0.790865 0.513889 0.0288462 0.082265 0.255371
1 0.544772 0.501068 0.0763221 0.0854701 0.38208
1 0.107948 0.134215 0.0317007 0.0902778 0.265869
1 0.791466 0.51656 0.0300481 0.0801282 0.259766
1 0.545373 0.501603 0.0739183 0.0811966 0.314941
1 0.108398 0.13515 0.0292969 0.0892094 0.275879
1 0.544471 0.501068 0.0721154 0.082265 0.353027
1 0.790865 0.516159 0.0288462 0.0809295 0.262939
1 0.106971 0.12717 0.031851 0.0891426 0.26123
1 0.545072 0.500134 0.0757212 0.0894765 0.291748
1 0.792067 0.515892 0.0288462 0.0814637 0.250244
1 0.544471 0.499466 0.0709135 0.0811966 0.332764
1 0.791466 0.514824 0.0276443 0.0814637 0.294922
1 0.107347 0.133514 0.0310998 0.0898104 0.279785
1 0.509615 0.594017 0.0396635 0.0555556 0.262207
1 0.545072 0.5 0.0733173 0.0833333 0.394287
1 0.108023 0.132345 0.0303486 0.0878739 0.256836
1 0.791466 0.514423 0.0288461 0.0811966 0.250977
1 0.545072 0.5 0.0733173 0.0876069 0.339844
1 0.792067 0.514824 0.0288462 0.0793269 0.279053
1 0.108323 0.131644 0.0300481 0.0892762 0.268066
1 0.509615 0.594017 0.0420673 0.0555556 0.259033
1 0.831731 0.072516 0.0372596 0.0518162 0.256104
1 0.544171 0.500134 0.0727164 0.085203 0.392334
1 0.510216 0.593483 0.0402645 0.0523504 0.294922
1 0.108173 0.132479 0.0303486 0.0894765 0.263672
1 0.792067 0.515091 0.0288462 0.0809295 0.259033
1 0.544471 0.498397 0.0745193 0.082265 0.37207
1 0.509615 0.595086 0.0396635 0.0512821 0.325195
1 0.792668 0.514957 0.0276443 0.0801282 0.308105
1 0.108098 0.132212 0.0298978 0.0926816 0.304932
1 0.830529 0.0735176 0.0360577 0.0479434 0.282959
1 0.148137 0.0570913 0.0249399 0.0719818 0.263672
1 0.753606 0.65812 0.0240385 0.042735 0.253906
1 0.544471 0.502137 0.0745193 0.0886752 0.33374
1 0.545373 0.498397 0.0751202 0.0833333 0.358398
1 0.108549 0.131377 0.0317007 0.0908787 0.297363
1 0.509916 0.594017 0.0414663 0.0555556 0.27832
1 0.792067 0.514423 0.0288462 0.0833333 0.271973
1 0.832933 0.0705128 0.0360578 0.0494124 0.253174
1 0.544471 0.498932 0.0745193 0.0833333 0.281494
1 0.107647 0.131944 0.0310998 0.0918803 0.274414
1 0.510216 0.594017 0.0396635 0.051282 0.269043
1 0.107873 0.132178 0.0303486 0.0935497 0.309814
1 0.544471 0.50227 0.0745193 0.0894765 0.286865
1 0.509615 0.595086 0.0420673 0.0534188 0.283691
1 0.792067 0.517628 0.0288462 0.0811966 0.27832
1 0.830529 0.072516 0.0360577 0.0507479 0.254639
1 0.544772 0.5 0.0739183 0.090812 0.449463
1 0.108248 0.133046 0.0317007 0.0934161 0.270508
1 0.792067 0.517094 0.0288462 0.0811966 0.264404
1 0.509615 0.595086 0.0408654 0.0512821 0.26123
1 0.54387 0.500534 0.0757212 0.0876069 0.366699
1 0.109225 0.133547 0.0303486 0.090812 0.2854
1 0.792067 0.515892 0.0288462 0.0793269 0.2854
1 0.510216 0.595086 0.0408654 0.0512821 0.279053
1 0.831731 0.0725828 0.0360578 0.0514156 0.262939
1 0.54387 0.501068 0.0733173 0.0854701 0.385742
1 0.107722 0.129006 0.0321514 0.0945513 0.282959
1 0.509615 0.595086 0.0408654 0.0512821 0.251709
1 0.545072 0.5 0.0745193 0.0886752 0.345947
1 0.107873 0.127137 0.0315505 0.0934829 0.314941
1 0.509615 0.595086 0.0408654 0.0555556 0.282959
1 0.830529 0.0703793 0.0360577 0.0488782 0.26123
1 0.148738 0.0460737 0.0249399 0.0734509 0.259766
1 0.791466 0.515892 0.0288461 0.0836004 0.258301
1 0.54387 0.498665 0.0733173 0.0860043 0.421631
1 0.509315 0.597222 0.0408654 0.0491453 0.363037
1 0.107722 0.130309 0.0321514 0.0946181 0.358398
1 0.830529 0.070179 0.0360577 0.0495459 0.348633
1 0.790865 0.518162 0.0288462 0.0844017 0.286133
1 0.147837 0.0571581 0.0252404 0.0683761 0.284668
1 0.752404 0.65812 0.0240385 0.042735 0.27832
1 0.019381 0.17281 0.0324519 0.0475427 0.250244
1 0.108173 0.130208 0.03125 0.0940171 0.406494
1 0.831731 0.0694444 0.0348557 0.0475427 0.367432
1 0.509615 0.597756 0.0396635 0.0502137 0.354004
1 0.148287 0.056891 0.0246394 0.0662393 0.295898
1 0.792067 0.517628 0.0288462 0.082265 0.290283
1 0.753606 0.65812 0.0240385 0.042735 0.281494
1 0.0201322 0.173611 0.0326022 0.0464744 0.272705
1 0.873197 0.846688 0.0324519 0.0523504 0.265869
1 0.894832 0.662393 0.0276442 0.0480769 0.256104
1 0.107722 0.130609 0.0324519 0.0948184 0.42627
1 0.831731 0.0690438 0.0360578 0.0496795 0.38501
1 0.510216 0.597222 0.0408654 0.051282 0.366699
1 0.790865 0.519765 0.0288462 0.0833333 0.327637
1 0.753606 0.659722 0.0264423 0.0438034 0.314941
1 0.0200195 0.174412 0.0329778 0.0486111 0.301514
1 0.894832 0.661859 0.0288462 0.0502137 0.300781
1 0.148287 0.0550881 0.0264423 0.0714476 0.288574
1 0.873197 0.846154 0.0324519 0.0534188 0.277588
1 0.54387 0.495727 0.0721154 0.0876069 0.269775
1 0.107797 0.131978 0.0323017 0.0923477 0.449463
1 0.832332 0.0686432 0.0348558 0.0478098 0.398926
1 0.510216 0.596154 0.0408654 0.0512821 0.396973
1 0.791466 0.519231 0.0276443 0.082265 0.381104
1 0.753606 0.656517 0.0240385 0.0405983 0.345947
1 0.894832 0.659188 0.0288462 0.0512821 0.335449
1 0.0200571 0.172676 0.0322266 0.0462073 0.31665
1 0.147686 0.0558227 0.0252404 0.0675748 0.301514
1 0.54387 0.494391 0.0733173 0.0860043 0.286133
1 0.638221 0.936966 0.0240385 0.0576923 0.269775
1 0.107121 0.130609 0.0321514 0.0918803 0.501953
1 0.831731 0.0677751 0.0360578 0.0492788 0.431152
1 0.510216 0.598291 0.0408654 0.0491453 0.427246
1 0.543269 0.494124 0.0745193 0.0876069 0.403564
1 0.790865 0.519097 0.0264423 0.0814637 0.400635
1 0.894832 0.660256 0.0276442 0.0491453 0.370117
1 0.753606 0.659188 0.0240385 0.0384616 0.359375
1 0.147837 0.0516159 0.0240385 0.0650374 0.325928
1 0.0191556 0.172543 0.0330529 0.0470086 0.323486
1 0.3125 0.0314503 0.046875 0.0629006 0.289307
1 0.63762 0.936966 0.0228365 0.0534188 0.289307
1 0.873798 0.845086 0.03125 0.0512821 0.271973
1 0.106821 0.132345 0.030649 0.0905449 0.452393
1 0.790865 0.518162 0.0276442 0.0833333 0.399902
1 0.831731 0.0671074 0.0348557 0.0484776 0.386719
1 0.510517 0.598291 0.0408654 0.0491453 0.373047
1 0.54387 0.495459 0.0733173 0.0849359 0.351318
1 0.894231 0.660256 0.0276443 0.0491453 0.342529
1 0.147686 0.048945 0.023137 0.0647703 0.338135
1 0.752404 0.658654 0.0240385 0.0405983 0.329346
1 0.0194937 0.172676 0.0321514 0.0464744 0.318359
1 0.637019 0.938034 0.0240385 0.0555556 0.266602
1 0.0929988 0.508681 0.0270433 0.0531517 0.250244
1 0.107422 0.131377 0.0321514 0.0940839 0.50293
1 0.543269 0.495192 0.0721154 0.0844017 0.491211
1 0.792067 0.518162 0.0288462 0.0833333 0.452393
1 0.509916 0.598291 0.0420673 0.051282 0.446533
1 0.831731 0.0671074 0.0360578 0.0479434 0.44165
1 0.895433 0.660256 0.0288461 0.051282 0.393311
1 0.148438 0.0485443 0.0234375 0.0661058 0.388672
1 0.753606 0.657051 0.0240385 0.0405983 0.387695
1 0.0196064 0.172009 0.0332031 0.0464744 0.360352
1 0.638221 0.938034 0.0240385 0.0555556 0.306641
1 0.873798 0.844551 0.0324519 0.051282 0.291016
1 0.696514 0.0214343 0.0204327 0.0428686 0.258301
1 0.733173 0.864316 0.0264423 0.0331196 0.257568
1 0.54387 0.495192 0.0721154 0.0844017 0.480469
1 0.108173 0.131811 0.030649 0.0910791 0.449463
1 0.792067 0.519364 0.0276442 0.0809295 0.434082
1 0.509615 0.598291 0.0408654 0.051282 0.432129
1 0.831731 0.0669738 0.0360578 0.0495459 0.404541
1 0.895433 0.659722 0.0288461 0.051282 0.376709
1 0.753606 0.65812 0.0240385 0.0405983 0.355713
1 0.148137 0.0500134 0.0234375 0.0653045 0.354004
1 0.0194561 0.172543 0.0338041 0.0486111 0.33374
1 0.63762 0.938034 0.0240385 0.0555556 0.273682
1 0.696514 0.0217682 0.0204327 0.0435363 0.258301
1 0.873798 0.845086 0.03125 0.0512821 0.256104
1 0.108173 0.132212 0.0303486 0.0913462 0.473633
1 0.83113 0.0674412 0.0360577 0.0472757 0.442627
1 0.792067 0.519231 0.0288462 0.0811966 0.439697
1 0.509315 0.598291 0.0414663 0.0502137 0.438721
1 0.54387 0.494925 0.0733173 0.0838676 0.395996
1 0.753005 0.658654 0.0252404 0.0416667 0.389648
1 0.894832 0.660256 0.0276442 0.0491453 0.380371
1 0.147686 0.0553552 0.0246394 0.063969 0.360352
1 0.0194561 0.173344 0.0341046 0.0472756 0.348633
1 0.638221 0.938034 0.0240385 0.0555556 0.299805
1 0.873798 0.844017 0.03125 0.0491453 0.277588
1 0.311899 0.0321181 0.0456731 0.0642361 0.274414
1 0.696514 0.0215011 0.0216346 0.0430021 0.26123
1 0.733173 0.865919 0.0276443 0.034188 0.256104
1 0.107873 0.13101 0.031851 0.0924145 0.484375
1 0.544171 0.495727 0.0727164 0.0844017 0.460938
1 0.509615 0.598291 0.0408654 0.051282 0.458984
1 0.831731 0.06664 0.0360578 0.048344 0.446533
1 0.791466 0.519231 0.0276443 0.082265 0.417725
1 0.894231 0.659188 0.0288462 0.0512821 0.393311
1 0.753005 0.657051 0.0240385 0.0405983 0.391357
1 0.147837 0.0514156 0.0258414 0.0641026 0.37207
1 0.0197566 0.17281 0.0335036 0.0475427 0.341553
1 0.873798 0.843483 0.03125 0.0502137 0.299072
1 0.63762 0.938568 0.0240385 0.0555556 0.294922
1 0.696514 0.0215678 0.0204327 0.0431357 0.269043
1 0.3125 0.0309161 0.0456731 0.0618323 0.268066
1 0.108474 0.131811 0.03125 0.0905449 0.476562
1 0.510216 0.598291 0.0408654 0.0502137 0.455078
1 0.831731 0.068109 0.0336538 0.0486111 0.44751
1 0.54387 0.495192 0.0721154 0.0854701 0.445557
1 0.792067 0.519097 0.0264423 0.0814637 0.443604
1 0.753606 0.659188 0.0240385 0.0405983 0.406494
1 0.895433 0.659188 0.0288461 0.0512821 0.394287
1 0.147987 0.0572249 0.0258414 0.0623665 0.378418
1 0.0203576 0.173077 0.0321514 0.0459402 0.334473
1 0.638221 0.938034 0.0240385 0.0555556 0.306641
1 0.873798 0.841346 0.03125 0.0470085 0.271973
1 0.733173 0.865385 0.0264423 0.0320513 0.262939
1 0.811298 0.869124 0.0192308 0.0470085 0.256104
1 0.697115 0.0219685 0.0204327 0.043937 0.253174
1 0.313101 0.0328526 0.0450721 0.0657051 0.250977
1 0.108323 0.133013 0.031851 0.0913462 0.475586
1 0.510216 0.599359 0.0420673 0.0523504 0.450439
1 0.831731 0.0689103 0.0360578 0.0499466 0.439697
1 0.792067 0.520833 0.0264423 0.0844017 0.436768
1 0.54387 0.495192 0.0733173 0.0833334 0.42334
1 0.753005 0.660256 0.0240385 0.0405983 0.405518
1 0.895433 0.660256 0.0288461 0.051282 0.387695
1 0.147837 0.0572249 0.0267428 0.0642361 0.374756
1 0.0197942 0.17321 0.0334285 0.0480769 0.370117
1 0.638221 0.940171 0.0240385 0.0555556 0.313232
1 0.873798 0.845086 0.03125 0.0512821 0.297363
1 0.313101 0.0333868 0.046274 0.0667735 0.2854
1 0.732572 0.866453 0.0276443 0.0341881 0.259766
1 0.811298 0.869658 0.0180288 0.0480769 0.256104
1 0.108098 0.134081 0.0314002 0.0889423 0.474609
1 0.544471 0.495459 0.0709135 0.0838676 0.469727
1 0.831731 0.0690438 0.0360578 0.048344 0.44165
1 0.509615 0.599359 0.0408654 0.051282 0.44165
1 0.792067 0.520299 0.0276442 0.0811966 0.440674
1 0.147837 0.0576923 0.0261418 0.0622329 0.400635
1 0.753606 0.660256 0.0240385 0.0405983 0.384033
1 0.895433 0.661325 0.0288461 0.051282 0.373779
1 0.0194561 0.173878 0.034405 0.0480769 0.349609
1 0.873798 0.844551 0.03125 0.0491453 0.319092
1 0.638221 0.940171 0.0240385 0.0544872 0.291016
1 0.3125 0.0333534 0.046875 0.0667067 0.251709
1 0.54387 0.496795 0.0733173 0.0854701 0.536133
1 0.108023 0.134115 0.03125 0.0891426 0.492188
1 0.509916 0.599893 0.0408654 0.0502137 0.462891
1 0.831731 0.0691774 0.0360578 0.0491453 0.458984
1 0.792067 0.520433 0.0264423 0.0809295 0.443604
1 0.147837 0.0587607 0.0258414 0.0635684 0.408203
1 0.753005 0.660791 0.0240385 0.0405983 0.401611
1 0.895433 0.660256 0.0288461 0.051282 0.39502
1 0.0196064 0.173878 0.0339543 0.0491453 0.364746
1 0.873798 0.845086 0.03125 0.0491453 0.332031
1 0.638221 0.939637 0.0240385 0.0544872 0.296631
1 0.733173 0.866453 0.0276443 0.0331196 0.269043
1 0.3125 0.0339209 0.046875 0.0678419 0.263672
1 0.0938251 0.510817 0.027494 0.0552885 0.255371
1 0.544471 0.496528 0.0721154 0.0838675 0.526367
1 0.108173 0.133814 0.0321514 0.0892094 0.466797
1 0.509615 0.599893 0.0414664 0.051282 0.442627
1 0.832332 0.0693777 0.0360577 0.0490118 0.438721
1 0.791466 0.520833 0.0276443 0.0811966 0.414062
1 0.147837 0.0588942 0.0270433 0.0635684 0.385742
1 0.752404 0.660256 0.0240385 0.0405983 0.376709
1 0.894832 0.660256 0.0300481 0.051282 0.371094
1 0.0196815 0.173745 0.0335036 0.0486111 0.339844
1 0.873798 0.844551 0.0324519 0.0502137 0.320801
1 0.637019 0.940171 0.0240385 0.0555556 0.271973
1 0.313101 0.033754 0.046875 0.067508 0.260498
1 0.54387 0.496795 0.0721154 0.0844017 0.524414
1 0.108023 0.133847 0.03125 0.0896768 0.478516
1 0.509615 0.599893 0.0408654 0.0502137 0.458008
1 0.832332 0.0694444 0.0360577 0.0494124 0.452393
1 0.791466 0.520833 0.0276443 0.0844017 0.432129
1 0.147536 0.0596955 0.0264423 0.0633013 0.397949
1 0.752404 0.659722 0.0240385 0.0405983 0.392334
1 0.895433 0.660256 0.0288461 0.051282 0.389648
1 0.0195312 0.173077 0.0342548 0.0486111 0.359375
1 0.873798 0.844017 0.03125 0.0512821 0.336426
1 0.637019 0.940171 0.0240385 0.0555556 0.282959
1 0.0933744 0.509749 0.0279447 0.0552885 0.259033
1 0.544171 0.496795 0.0727164 0.0844017 0.53418
1 0.108023 0.133948 0.03125 0.0897436 0.46582
1 0.832332 0.0698451 0.0360577 0.0494124 0.442627
1 0.509615 0.600427 0.0408654 0.0491453 0.442627
1 0.792067 0.520433 0.0264423 0.0830662 0.435059
1 0.147837 0.0594284 0.0261418 0.0630342 0.387695
1 0.753005 0.660256 0.0240385 0.0395299 0.378418
1 0.895433 0.660791 0.0288461 0.0502137 0.355713
1 0.0198317 0.173878 0.0336538 0.0480769 0.350342
1 0.873798 0.844017 0.03125 0.0491453 0.299805
1 0.63762 0.940171 0.0240385 0.0555556 0.280518
1 0.54387 0.496795 0.0721154 0.0844017 0.522461
1 0.107873 0.134315 0.0315505 0.0892762 0.481445
1 0.509615 0.600427 0.0408654 0.0491453 0.459961
1 0.831731 0.0695112 0.0360578 0.0492788 0.457031
1 0.792067 0.520433 0.0264423 0.0830662 0.443604
1 0.147536 0.0596955 0.0264423 0.0627671 0.398926
1 0.753005 0.660256 0.0240385 0.0395299 0.398926
1 0.0195312 0.173745 0.0342548 0.048344 0.374756
1 0.894832 0.660791 0.0288462 0.0502137 0.373779
1 0.873798 0.844017 0.03125 0.0491453 0.310791
1 0.63762 0.940171 0.0240385 0.0555556 0.29248
1 0.3125 0.0337874 0.046875 0.0675748 0.252441
1 0.732572 0.866453 0.0276443 0.0320513 0.250977
1 0.106896 0.132345 0.0304988 0.0905449 0.452393
1 0.790865 0.518162 0.0276442 0.0833333 0.399902
1 0.831731 0.0671074 0.0348557 0.0484776 0.386719
1 0.510517 0.598291 0.0408654 0.0491453 0.373047
1 0.54387 0.495727 0.0733173 0.0854701 0.351318
1 0.894231 0.660256 0.0276443 0.0491453 0.341553
1 0.147686 0.048945 0.023137 0.0647703 0.338135
1 0.752404 0.658654 0.0240385 0.0405983 0.329346
1 0.0194937 0.17281 0.0321514 0.0464744 0.318359
1 0.637019 0.938034 0.0240385 0.0555556 0.266602
1 0.0929988 0.509081 0.0270433 0.0534188 0.250244
