1 0.258714 0.153312 0.0414664 0.0758547 0.385742
1 0.508413 0.629274 0.0360577 0.059829 0.375732
1 0.665865 0.92735 0.0192308 0.059829 0.332764
1 0.506911 0.64797 0.0360577 0.0598291 0.283691
1 0.0913462 0.0194979 0.047476 0.0389957 0.275146
1 0.888221 0.75641 0.0264423 0.0534188 0.270508
1 0.0911208 0.0319344 0.0482272 0.0536525 0.255371
1 0.50601 0.653312 0.0336538 0.0566239 0.275146
1 0.746394 0.625 0.0228365 0.051282 0.331055
1 0.769231 0.478632 0.0384615 0.0854701 0.327637
1 0.0728666 0.339209 0.0368089 0.0897436 0.320068
1 0.883413 0.586538 0.0264423 0.0576923 0.312256
1 0.665264 0.930556 0.0216346 0.0705128 0.275146
1 0.883413 0.764957 0.0408654 0.0608974 0.263672
1 0.763221 0.0329193 0.0360577 0.0372596 0.363037
1 0.089393 0.0316506 0.0471755 0.0600962 0.348633
1 0.88101 0.763889 0.0372596 0.0534188 0.309082
1 0.530649 0.532051 0.0745193 0.0876068 0.291016
1 0.501202 0.646368 0.0396635 0.0576923 0.286865
1 0.766226 0.480502 0.0300481 0.079594 0.277588
1 0.258413 0.148638 0.0438702 0.0846688 0.269043
1 0.0688101 0.331197 0.0285457 0.0801282 0.265869
1 0.885216 0.781517 0.0360577 0.0587608 0.252441
1 0.103065 0.235043 0.0226863 0.0614316 0.330322
1 0.0907452 0.031851 0.0480769 0.0637019 0.313965
1 0.50601 0.651175 0.0384615 0.065171 0.312256
1 0.663462 0.931624 0.0240385 0.0683761 0.296631
1 0.0697115 0.31891 0.0264423 0.0801282 0.291016
1 0.623798 0.0304821 0.0228365 0.0609642 0.280518
1 0.760817 0.0351396 0.03125 0.0459068 0.262939
1 0.104492 0.240118 0.019982 0.0625 0.286865
1 0.664062 0.938034 0.0204327 0.0662393 0.279053
1 0.505409 0.651709 0.0408654 0.059829 0.27832
1 0.091271 0.0331864 0.0542368 0.0572917 0.269043
1 0.623798 0.0344551 0.0216346 0.0642361 0.267334
1 0.625 0.0329861 0.0216346 0.0659722 0.313232
1 0.105544 0.238515 0.0211839 0.0673077 0.299805
1 0.665865 0.930556 0.0192308 0.0587607 0.296631
1 0.0692608 0.321848 0.0219351 0.0790598 0.286865
1 0.506611 0.649573 0.0342548 0.0619658 0.267334
1 0.103666 0.238782 0.0243389 0.0651709 0.287842
1 0.50601 0.650641 0.0372596 0.059829 0.2854
1 0.624399 0.0327858 0.0240385 0.0655716 0.254639
1 0.50601 0.652244 0.0378606 0.0673077 0.294922
1 0.0911208 0.0349893 0.0542368 0.0699786 0.273682
1 0.105018 0.240385 0.0228365 0.0678419 0.256104
1 0.0703125 0.321314 0.0264423 0.0913462 0.282227
1 0.0884916 0.0324519 0.0483774 0.0578259 0.275879
1 0.102464 0.240118 0.023137 0.0657051 0.259766
1 0.66226 0.930556 0.0216346 0.0641026 0.253906
1 0.50601 0.650107 0.0390625 0.0566239 0.368408
1 0.102464 0.236044 0.0243389 0.0642361 0.315674
1 0.769832 0.485577 0.0324519 0.0844017 0.291016
1 0.663462 0.935363 0.0192307 0.0630342 0.275146
1 0.622596 0.0298144 0.0252404 0.0596287 0.268066
1 0.0709135 0.327457 0.0262921 0.0860043 0.256836
1 0.0904447 0.037727 0.0492788 0.0615652 0.353027
1 0.50601 0.653846 0.0396635 0.0608974 0.350342
1 0.103215 0.23985 0.0241887 0.0667735 0.304932
1 0.259014 0.167201 0.0420673 0.0798611 0.281494
1 0.530048 0.542735 0.0739182 0.0886752 0.271973
1 0.772837 0.497329 0.0288462 0.0844017 0.26123
1 0.623798 0.034188 0.0264423 0.0683761 0.252441
1 0.506911 0.649573 0.0390625 0.0598291 0.361084
1 0.103441 0.239316 0.0216346 0.0635684 0.32251
1 0.764423 0.0335203 0.0360577 0.0446047 0.297363
1 0.50631 0.653846 0.0408654 0.0641026 0.294189
1 0.101713 0.24172 0.0228365 0.0630342 0.271973
1 0.0901442 0.0351062 0.0498798 0.0603966 0.253906
1 0.621995 0.0345887 0.0228365 0.0689103 0.253906
1 0.505108 0.652778 0.0390625 0.0651709 0.312256
1 0.10329 0.240919 0.0232873 0.0678419 0.282959
1 0.0903696 0.0341213 0.0521334 0.063969 0.258301
1 0.102163 0.239583 0.023738 0.0635684 0.253906
1 0.505409 0.651175 0.0402644 0.0673077 0.250244
1 0.506911 0.653846 0.0372596 0.0576923 0.317383
1 0.104868 0.23985 0.0207332 0.0608974 0.310791
1 0.0715144 0.325321 0.0267428 0.079594 0.30249
1 0.0905198 0.0323017 0.0488281 0.0555889 0.2854
1 0.664663 0.934829 0.0216346 0.0555556 0.276611
1 0.626202 0.0326522 0.0240385 0.0653045 0.275879
1 0.764423 0.034188 0.0324519 0.0367254 0.252441
1 0.0698618 0.327991 0.0291466 0.0961538 0.272705
1 0.0897686 0.0337206 0.0515324 0.0623665 0.329346
1 0.504808 0.652778 0.0420673 0.0641026 0.309082
1 0.102915 0.239784 0.0225361 0.0653045 0.30249
1 0.623798 0.0334201 0.0216346 0.0668403 0.291016
1 0.0713642 0.329861 0.0270433 0.0913462 0.287842
1 0.762019 0.0366587 0.0336538 0.0418002 0.279053
1 0.257212 0.166266 0.0486779 0.0798611 0.254639
1 0.0905198 0.0341213 0.0489784 0.0642361 0.271973
1 0.0712891 0.324252 0.028095 0.0897436 0.332031
1 0.505409 0.652778 0.0372596 0.0598291 0.31665
1 0.103966 0.239583 0.0258413 0.0662393 0.291748
1 0.0899189 0.0342548 0.0497296 0.0578259 0.274414
1 0.623197 0.0274439 0.0252404 0.0548878 0.266602
1 0.0719652 0.32265 0.0264423 0.0876068 0.268066
1 0.505409 0.653846 0.0390625 0.0576923 0.262207
1 0.505709 0.653846 0.0420673 0.0619658 0.321777
1 0.104417 0.240451 0.0228365 0.0661058 0.290283
1 0.625 0.0338542 0.0216346 0.0677083 0.268066
1 0.765625 0.481303 0.0336538 0.0801282 0.264404
1 0.070613 0.324519 0.0276442 0.0897436 0.256836
1 0.503906 0.653846 0.0420673 0.0619658 0.332031
1 0.070613 0.326122 0.0291466 0.0876068 0.321777
1 0.103741 0.241453 0.0235877 0.0619658 0.293457
1 0.623798 0.0331364 0.0240385 0.0662059 0.250977
1 0.0695613 0.326122 0.0294471 0.0817308 0.301514
1 0.0890925 0.0351896 0.0492788 0.0622329 0.260498
1 0.0712891 0.323451 0.028095 0.0902778 0.357666
1 0.102689 0.238715 0.0238882 0.0674412 0.313232
1 0.622596 0.0330863 0.0228365 0.0661725 0.309082
1 0.50601 0.653846 0.0396635 0.0641026 0.29834
1 0.0916466 0.0355235 0.0477764 0.0650374 0.27832
1 0.663462 0.932692 0.0192307 0.0598291 0.275879
1 0.771034 0.482105 0.0324519 0.0742522 0.271973
1 0.0707632 0.322115 0.028095 0.0886752 0.263672
1 0.506611 0.651709 0.0396635 0.0641026 0.263672
1 0.505409 0.652778 0.0396635 0.0619658 0.26123
1 0.103065 0.240986 0.0258413 0.063969 0.257568
1 0.089393 0.0322015 0.0489784 0.063535 0.250244
1 0.0695613 0.32265 0.0276442 0.0929487 0.27832
1 0.622596 0.0292802 0.0264423 0.0585604 0.252441
1 0.50631 0.655449 0.0390625 0.0651709 0.38208
1 0.0904447 0.0348558 0.0480769 0.0622329 0.347656
1 0.103215 0.242588 0.0267428 0.0671742 0.308105
1 0.623197 0.0351062 0.0264423 0.0694778 0.295898
1 0.0703876 0.323718 0.0276442 0.0886752 0.290283
1 0.762019 0.0363916 0.0384615 0.0502137 0.289307
1 0.765024 0.485043 0.03125 0.0747863 0.254639
1 0.50601 0.652778 0.0408654 0.0608974 0.331055
1 0.0712891 0.323718 0.0276442 0.0886752 0.294922
1 0.104417 0.241453 0.023738 0.0641026 0.291016
1 0.763221 0.0366587 0.0384615 0.0460737 0.286133
1 0.0896935 0.0343884 0.0471755 0.0596955 0.275879
1 0.623798 0.0344551 0.0240385 0.0663729 0.256104
1 0.505409 0.652244 0.0408654 0.0587607 0.338135
1 0.0712139 0.323718 0.0289964 0.0854701 0.312256
1 0.103741 0.240385 0.0253906 0.0657051 0.293457
1 0.0908954 0.0336372 0.0489784 0.0601295 0.290283
1 0.662861 0.934829 0.0204327 0.0576924 0.286865
1 0.763221 0.033537 0.0384615 0.0448384 0.275879
1 0.624399 0.0327858 0.0240385 0.0655716 0.274414
1 0.766226 0.482105 0.0324519 0.0742522 0.262939
1 0.259766 0.1664 0.0453726 0.0763889 0.253174
1 0.505108 0.652778 0.0396635 0.0619658 0.358398
1 0.0707632 0.325855 0.0294471 0.0929487 0.336426
1 0.662861 0.938034 0.0228365 0.059829 0.332764
1 0.103065 0.242054 0.0261418 0.0661058 0.320801
1 0.0887921 0.0329193 0.046875 0.0623665 0.317383
1 0.623798 0.0339209 0.0240385 0.0663729 0.306641
1 0.764423 0.48531 0.03125 0.0742521 0.290283
1 0.0709135 0.324786 0.0282452 0.0886752 0.306641
1 0.504207 0.653846 0.0384615 0.0598291 0.265137
1 0.0910457 0.0349893 0.0504808 0.0599626 0.331055
1 0.50601 0.653846 0.0390625 0.0598291 0.309814
1 0.0710637 0.324252 0.0282452 0.0876068 0.270508
1 0.103966 0.241453 0.0225361 0.0625 0.256836
1 0.504207 0.651709 0.0414663 0.0641026 0.315674
1 0.102464 0.240385 0.0249399 0.0651709 0.29834
1 0.0714393 0.323184 0.0285457 0.0897436 0.291748
1 0.763221 0.0346555 0.0384615 0.0435363 0.286865
1 0.622596 0.0325187 0.0240385 0.0650374 0.259033
1 0.0707632 0.319177 0.0285457 0.0886752 0.354004
1 0.503906 0.652244 0.0378606 0.0619658 0.295898
1 0.102614 0.239383 0.0234375 0.0693109 0.287842
1 0.766226 0.482105 0.03125 0.079594 0.2854
1 0.663462 0.935898 0.0192307 0.0598291 0.27124
1 0.0916466 0.0329861 0.0492789 0.0618323 0.258301
1 0.0704627 0.325321 0.028095 0.0918804 0.350342
1 0.0913462 0.0351229 0.0501803 0.0582265 0.309814
1 0.504507 0.654915 0.0390625 0.0608974 0.294922
1 0.104342 0.242254 0.0235877 0.0667735 0.291748
1 0.663462 0.936966 0.0216346 0.0619659 0.27832
1 0.625 0.0343216 0.0216346 0.0657051 0.277588
1 0.766827 0.48531 0.0348558 0.0785257 0.275879
1 0.0703125 0.325588 0.0261418 0.0913462 0.381104
1 0.0901442 0.0314503 0.0525841 0.0627671 0.312256
1 0.66226 0.936966 0.0192307 0.0641026 0.309082
1 0.623197 0.032886 0.0204327 0.0657719 0.308105
1 0.103215 0.240318 0.0219351 0.0685096 0.305664
1 0.503606 0.652778 0.0390625 0.0662393 0.299805
1 0.765625 0.483707 0.0336538 0.0827992 0.289307
1 0.763822 0.034572 0.0384615 0.0438368 0.256104
1 0.0896935 0.0307158 0.047476 0.0556891 0.284668
1 0.0698618 0.32265 0.0297476 0.0860043 0.27832
1 0.0693359 0.325321 0.0298978 0.0897436 0.265137
1 0.0703876 0.323718 0.0291466 0.0929487 0.318359
1 0.0890174 0.0309829 0.0479267 0.0566239 0.296631
1 0.505409 0.651709 0.0384615 0.0576923 0.29248
1 0.103065 0.23985 0.0225361 0.0657051 0.288574
1 0.622596 0.0316506 0.0216346 0.0633013 0.265137
1 0.50601 0.653846 0.0372596 0.0630342 0.296631
1 0.0702374 0.330128 0.0297476 0.0934829 0.290283
1 0.103666 0.241987 0.0261418 0.0683761 0.265869
1 0.089994 0.0334535 0.0471755 0.0653045 0.262939
1 0.623798 0.0343216 0.0264423 0.0686432 0.257568
1 0.505409 0.652778 0.0408654 0.0619658 0.280518
1 0.0713642 0.324252 0.0276442 0.0897436 0.277588
1 0.0897686 0.0313168 0.0494291 0.0625 0.250977
1 0.505108 0.652778 0.0396635 0.0619658 0.332031
1 0.0715144 0.323985 0.0300481 0.0902778 0.323486
1 0.0889423 0.031851 0.0480769 0.0596955 0.286865
1 0.102764 0.240118 0.0234375 0.0646368 0.286133
1 0.621995 0.0284455 0.0252404 0.056891 0.267334
1 0.763221 0.0328359 0.0384615 0.0475761 0.262939
1 0.766827 0.48344 0.03125 0.0758547 0.257568
1 0.66226 0.934829 0.0204327 0.0576924 0.251709
1 0.0722656 0.323718 0.0261418 0.0918803 0.344238
1 0.505409 0.651709 0.0384615 0.059829 0.323486
1 0.0904447 0.0291299 0.0498798 0.0576589 0.314941
1 0.102915 0.238782 0.0216346 0.0651709 0.291016
1 0.622596 0.0324185 0.0216346 0.0648371 0.286133
1 0.766827 0.485043 0.03125 0.0801282 0.282959
1 0.811298 0.553419 0.0276442 0.0320513 0.268066
1 0.763822 0.0327858 0.0384615 0.0419338 0.265869
1 0.0717398 0.323451 0.0265925 0.0886752 0.338135
1 0.089393 0.0309662 0.0498798 0.0593283 0.301514
1 0.622596 0.0287126 0.0240385 0.0574252 0.300781
1 0.504207 0.651709 0.0384615 0.0587607 0.284668
1 0.766226 0.48344 0.0324519 0.0758547 0.282227
1 0.762019 0.034572 0.0372596 0.0446381 0.269775
1 0.102013 0.239049 0.0234375 0.0678419 0.269775
1 0.0901442 0.0314503 0.0471755 0.0611645 0.291748
1 0.504207 0.651709 0.0396635 0.0619658 0.2854
1 0.0707632 0.324252 0.0273438 0.0876068 0.272705
1 0.623798 0.0322516 0.0216346 0.0645032 0.256104
1 0.07189 0.323451 0.0283954 0.0934829 0.282227
1 0.0908954 0.0260417 0.0495793 0.0520833 0.264404
1 0.0711388 0.326389 0.0277945 0.082265 0.294189
1 0.0894682 0.0323852 0.0497296 0.0631677 0.253906
1 0.0714393 0.325321 0.0286959 0.0886752 0.305664
1 0.50601 0.653312 0.0384615 0.0630342 0.280518
1 0.0900691 0.0327357 0.0489784 0.0646034 0.265137
1 0.0714393 0.324786 0.0289964 0.0870727 0.338135
1 0.504808 0.652244 0.0396635 0.0587607 0.282959
1 0.623798 0.0267762 0.0240385 0.0535524 0.275879
1 0.0896935 0.0309829 0.0489784 0.0619658 0.257568
1 0.811298 0.555556 0.0264423 0.034188 0.256104
1 0.505409 0.650641 0.0396635 0.059829 0.30249
1 0.0904447 0.0309161 0.0483774 0.0612981 0.262939
1 0.0711388 0.322115 0.0303486 0.0865385 0.250977
1 0.0713642 0.324252 0.0288462 0.0854701 0.2854
1 0.0704627 0.323985 0.0300481 0.0870726 0.290283
1 0.0714393 0.324252 0.0292969 0.0908119 0.294189
1 0.0892428 0.0309161 0.0498798 0.0618323 0.282227
1 0.089994 0.0334535 0.0504808 0.0669071 0.284668
1 0.0710637 0.32906 0.0309495 0.0918803 0.256104
1 0.07189 0.325588 0.0276442 0.0897436 0.290283
1 0.0892428 0.0335203 0.0495793 0.0611645 0.26123
1 0.766827 0.484509 0.0336539 0.0790599 0.259766
1 0.0710637 0.323184 0.0297476 0.0876068 0.258301
1 0.0896935 0.0325187 0.0504808 0.0647703 0.256104
1 0.0719652 0.321047 0.0288462 0.088141 0.265869
1 0.0709135 0.32265 0.0294471 0.0844017 0.295898
1 0.503906 0.651175 0.0390625 0.0608974 0.29248
1 0.0892428 0.0316506 0.0501803 0.0611645 0.273682
1 0.765625 0.485043 0.0336538 0.0758547 0.262939
1 0.0889423 0.0323184 0.0504808 0.0646368 0.264404
1 0.0713642 0.323184 0.0303486 0.0897436 0.264404
1 0.504808 0.651709 0.0396635 0.0619658 0.257568
1 0.0713642 0.32265 0.0291466 0.0886752 0.295898
1 0.505108 0.651709 0.0396635 0.0619658 0.283691
1 0.770433 0.483707 0.0336538 0.0742522 0.263672
1 0.0896935 0.0323851 0.0504808 0.063969 0.305664
1 0.504507 0.652778 0.0384615 0.0598291 0.288574
1 0.0716647 0.323985 0.0303486 0.088141 0.272705
1 0.763221 0.0370092 0.0384615 0.0467081 0.264404
1 0.766827 0.485577 0.03125 0.0737179 0.262207
1 0.0892428 0.03125 0.0501803 0.0625 0.365723
1 0.504808 0.652244 0.0372596 0.0576923 0.321777
1 0.0715144 0.324786 0.0291466 0.0897436 0.317383
1 0.623798 0.0322516 0.0240385 0.0645032 0.2854
1 0.770433 0.483974 0.0336538 0.0747863 0.2854
1 0.103516 0.239049 0.0243389 0.0694444 0.27832
1 0.763221 0.0373765 0.0360577 0.0441039 0.26123
1 0.811899 0.555556 0.0252404 0.0320513 0.26123
1 0.663462 0.945513 0.0216346 0.059829 0.250244
1 0.0889423 0.0308494 0.0489784 0.0616987 0.2854
1 0.505409 0.650641 0.0402644 0.059829 0.273682
1 0.0715144 0.325321 0.030649 0.0876068 0.27124
1 0.624399 0.0313168 0.0252404 0.0626335 0.254639
1 0.765625 0.483974 0.0324519 0.0801282 0.250977
1 0.505409 0.651709 0.0390625 0.059829 0.294189
1 0.0897686 0.0335203 0.0488281 0.0607639 0.283691
1 0.0709135 0.324252 0.030649 0.0876068 0.281494
1 0.764423 0.485577 0.03125 0.0769231 0.250977
1 0.503906 0.653846 0.0402644 0.0619658 0.317383
1 0.0890926 0.0343216 0.0501803 0.0662393 0.314941
1 0.0715144 0.325321 0.0300481 0.0913462 0.300781
1 0.766226 0.486645 0.0336539 0.0769231 0.26123
1 0.623798 0.0280449 0.0240385 0.0560897 0.260498
1 0.811298 0.554487 0.0264423 0.0352564 0.259033
1 0.763221 0.0363916 0.0384615 0.0480769 0.256836
1 0.103816 0.240852 0.0243389 0.0685096 0.253906
1 0.258113 0.166667 0.0456731 0.0811966 0.250244
1 0.0893179 0.0347222 0.0497296 0.0650374 0.310791
1 0.504207 0.653312 0.0408654 0.0608974 0.293457
1 0.0713642 0.324786 0.030649 0.0924145 0.275146
1 0.623798 0.0330529 0.0240385 0.0659722 0.250977
1 0.0895433 0.0339209 0.0501803 0.0657051 0.332031
1 0.504207 0.652778 0.0396635 0.0598291 0.31665
1 0.0722656 0.324252 0.0294471 0.0897436 0.2854
1 0.625 0.0328192 0.0228365 0.0656384 0.269043
1 0.763822 0.0380609 0.0372596 0.0467415 0.262207
1 0.766827 0.484776 0.032452 0.0763889 0.260498
1 0.8125 0.554487 0.0264423 0.0320513 0.258301
1 0.0889423 0.0323852 0.0495793 0.0647703 0.259766
1 0.504207 0.652778 0.0396635 0.0598291 0.253906
1 0.0712139 0.325053 0.0304988 0.0929487 0.253174
1 0.0892428 0.0322182 0.0501803 0.0644364 0.30249
1 0.811298 0.54968 0.0264423 0.0309829 0.272705
1 0.503906 0.650107 0.0402644 0.0619658 0.272705
1 0.071214 0.326122 0.0303486 0.0929487 0.265869
1 0.622596 0.0272436 0.0240385 0.0544872 0.26123
1 0.76262 0.0339376 0.0372596 0.0448384 0.256836
1 0.0887921 0.0314503 0.0510817 0.0629006 0.379395
1 0.503005 0.647436 0.0384615 0.0619658 0.376709
1 0.811298 0.553953 0.0252403 0.0299145 0.320068
1 0.621995 0.0310497 0.0240385 0.0620994 0.313965
1 0.071214 0.326923 0.0303486 0.0929487 0.312256
1 0.661058 0.94391 0.0216346 0.0619659 0.309814
1 0.102389 0.238782 0.0246394 0.0689103 0.300781
1 0.76262 0.0333701 0.0372596 0.0419671 0.297363
1 0.765625 0.486645 0.0336538 0.0769231 0.286865
1 0.820913 0.820513 0.0168269 0.0405983 0.270508
1 0.88101 0.590812 0.0264422 0.0544872 0.251709
1 0.257812 0.164129 0.046875 0.0806624 0.250244
1 0.0892428 0.0307826 0.0494291 0.0615652 0.433105
1 0.505108 0.646902 0.0384615 0.0608974 0.380371
1 0.0715144 0.326923 0.0294471 0.0940171 0.366699
1 0.76262 0.0343884 0.0360577 0.0418002 0.341553
1 0.66226 0.942308 0.0204327 0.059829 0.33374
1 0.622596 0.0309829 0.0240385 0.0619658 0.32251
1 0.820913 0.819444 0.0180288 0.0405983 0.320801
1 0.103215 0.237113 0.0240385 0.069578 0.314941
1 0.258714 0.163729 0.0444711 0.0785256 0.313965
1 0.8125 0.553419 0.0240385 0.0309829 0.309814
1 0.765625 0.486111 0.0336538 0.0779914 0.2854
1 0.883413 0.777778 0.0336538 0.0555556 0.258301
1 0.0889423 0.0309495 0.0492788 0.061899 0.437744
1 0.505108 0.646368 0.0384615 0.0619658 0.373047
1 0.622596 0.0307158 0.0240385 0.0614316 0.35498
1 0.102539 0.239316 0.0246394 0.0705128 0.353027
1 0.0715144 0.326923 0.03125 0.0950855 0.353027
1 0.76262 0.0347222 0.0372596 0.0464744 0.33374
1 0.811899 0.554487 0.0264422 0.0320513 0.332031
1 0.258714 0.16453 0.0438702 0.0779915 0.330322
1 0.663462 0.941239 0.0192307 0.059829 0.32251
1 0.820913 0.819444 0.0192307 0.042735 0.318359
1 0.766226 0.487714 0.0324519 0.0769231 0.309814
1 0.882212 0.778846 0.0336538 0.0566239 0.269775
1 0.882212 0.593483 0.0264422 0.0544872 0.264404
1 0.0896935 0.0300481 0.0489784 0.0600962 0.466797
1 0.504808 0.647436 0.0366587 0.0576923 0.433105
1 0.0715144 0.327991 0.0309495 0.0918804 0.389648
1 0.102764 0.239049 0.0240385 0.0678419 0.377441
1 0.662861 0.940171 0.0204327 0.059829 0.373779
1 0.259165 0.163996 0.0447716 0.0758547 0.373047
1 0.8125 0.553419 0.0240385 0.0299145 0.359375
1 0.622596 0.0304487 0.0240385 0.0608974 0.354004
1 0.766226 0.487179 0.0324519 0.0758547 0.332764
1 0.820913 0.819444 0.0180288 0.0405983 0.329346
1 0.76262 0.0347055 0.0360577 0.0430355 0.328613
1 0.882212 0.59188 0.0264422 0.0544871 0.281494
1 0.699519 0.0135216 0.0240385 0.0270433 0.252441
1 0.0890926 0.0295473 0.0486779 0.0590946 0.511719
1 0.504507 0.646368 0.0384615 0.0598291 0.47168
1 0.070613 0.326389 0.030649 0.0918804 0.429199
1 0.102614 0.237714 0.0234375 0.0683761 0.421631
1 0.258864 0.16266 0.0447716 0.0774573 0.419678
1 0.66226 0.941239 0.0192307 0.0576923 0.414795
1 0.622596 0.0292802 0.0240385 0.0585604 0.379395
1 0.765625 0.486111 0.0324519 0.0758547 0.37207
1 0.8125 0.553419 0.0240385 0.0277778 0.367432
1 0.821514 0.818376 0.0180288 0.0384615 0.356689
1 0.76262 0.0332532 0.0348557 0.0436699 0.355713
1 0.881611 0.59188 0.0252403 0.0523504 0.309082
1 0.882212 0.777244 0.0336538 0.0555556 0.275879
1 0.641827 0.376068 0.0192308 0.0416666 0.258301
1 0.0892428 0.0291132 0.0486779 0.0582265 0.435059
1 0.504808 0.648504 0.0372596 0.0598291 0.419678
1 0.0707632 0.326656 0.0291466 0.0924145 0.407227
1 0.102088 0.237714 0.0235877 0.0689103 0.392334
1 0.66226 0.941239 0.0192307 0.0576923 0.380371
1 0.621394 0.0295139 0.0240385 0.0590278 0.378418
1 0.765625 0.485577 0.0324519 0.0779915 0.376709
1 0.811298 0.553419 0.0240385 0.0299145 0.367432
1 0.820913 0.818376 0.0168269 0.0384615 0.349609
1 0.259014 0.163194 0.0438702 0.0763889 0.346924
1 0.76262 0.0323184 0.0348557 0.0411325 0.337158
1 0.881611 0.59188 0.0252403 0.0544871 0.299805
1 0.0886418 0.0295139 0.0486779 0.0590278 0.5
1 0.504808 0.649573 0.0384615 0.0598291 0.483398
1 0.258864 0.164263 0.0447716 0.0777244 0.44751
1 0.0711388 0.326389 0.0307993 0.0929487 0.443604
1 0.102614 0.238515 0.0249399 0.0694444 0.44165
1 0.622596 0.0300815 0.0240385 0.0601629 0.422607
1 0.663462 0.941239 0.0216346 0.0576923 0.421631
1 0.765625 0.485577 0.03125 0.0779915 0.420654
1 0.811899 0.55235 0.0240384 0.0299145 0.411133
1 0.76262 0.0319344 0.0360577 0.0429688 0.392334
1 0.820913 0.817842 0.0168269 0.0395298 0.381104
1 0.882212 0.59188 0.0264422 0.0555556 0.343262
1 0.882812 0.775641 0.0336538 0.0555556 0.297363
1 0.745192 0.629808 0.0240385 0.042735 0.266602
1 0.641827 0.375 0.0192308 0.042735 0.265869
1 0.0887169 0.0290799 0.0482272 0.0581597 0.466797
1 0.504507 0.649573 0.0390625 0.0598291 0.434082
1 0.258564 0.163729 0.0435697 0.076656 0.407227
1 0.10329 0.239316 0.0241887 0.0689103 0.406494
1 0.623798 0.0303152 0.0240385 0.0606303 0.401611
1 0.0717398 0.326389 0.0295974 0.0918804 0.400635
1 0.766827 0.48531 0.03125 0.0753205 0.398926
1 0.663462 0.942308 0.0216346 0.0555556 0.390381
1 0.811899 0.553419 0.0240384 0.0299145 0.383057
1 0.762019 0.0323851 0.0360577 0.0450053 0.367432
1 0.820913 0.817308 0.0168269 0.0405982 0.336426
1 0.882212 0.590812 0.0264422 0.0544872 0.310791
1 0.882812 0.775641 0.0336538 0.0555556 0.262207
1 0.641827 0.375534 0.0180289 0.042735 0.252441
1 0.0884165 0.02918 0.0503305 0.05836 0.479492
1 0.504207 0.650641 0.0384615 0.0576923 0.467773
1 0.663462 0.942308 0.0192307 0.0555556 0.435791
1 0.623197 0.0297476 0.0228365 0.0594952 0.435059
1 0.102764 0.239383 0.0240385 0.0682425 0.434082
1 0.0717398 0.326923 0.0295974 0.0897436 0.42627
1 0.766827 0.486111 0.03125 0.0758547 0.420654
1 0.258263 0.163328 0.0447716 0.076656 0.416748
1 0.811298 0.553419 0.0240385 0.0299145 0.408203
1 0.76262 0.0334535 0.0360577 0.0420673 0.404541
1 0.820913 0.818376 0.0168269 0.0384615 0.358398
1 0.882212 0.59188 0.0264422 0.0534188 0.326904
1 0.883413 0.774573 0.0336538 0.0555556 0.277588
1 0.641827 0.374466 0.0192308 0.042735 0.256104
1 0.0889423 0.0287794 0.0489784 0.0575588 0.480469
1 0.504808 0.649573 0.0384615 0.0576923 0.473633
1 0.0713642 0.326389 0.0309495 0.0897436 0.448486
1 0.66226 0.942308 0.0216346 0.0555556 0.443604
1 0.102614 0.239049 0.0243389 0.0673077 0.442627
1 0.621995 0.0287794 0.0264423 0.0575588 0.42334
1 0.258864 0.162393 0.0435697 0.0763889 0.42334
1 0.811899 0.553419 0.0240384 0.0299145 0.40918
1 0.765625 0.485577 0.0336538 0.0747863 0.403564
1 0.762019 0.0328693 0.0360577 0.0432358 0.39502
1 0.820913 0.816773 0.0192307 0.0395298 0.357666
1 0.881611 0.590812 0.0264423 0.0534188 0.329346
1 0.882212 0.774039 0.0348557 0.0566239 0.294189
1 0.74399 0.63141 0.0240385 0.042735 0.276611
1 0.641827 0.372863 0.0192308 0.0448718 0.265137
1 0.0895433 0.0299813 0.0492789 0.0599626 0.498047
1 0.505108 0.650641 0.0372596 0.059829 0.479492
1 0.0720403 0.326122 0.0300481 0.0913462 0.44458
1 0.663462 0.941774 0.0204327 0.0555556 0.44165
1 0.102764 0.238248 0.0243389 0.0683761 0.440674
1 0.811899 0.553419 0.0240384 0.0299145 0.422607
1 0.766827 0.485043 0.03125 0.0747863 0.415771
1 0.259315 0.16453 0.0432692 0.0758547 0.408203
1 0.762019 0.0348558 0.0360577 0.0432692 0.395996
1 0.622596 0.0305155 0.0240385 0.061031 0.383057
1 0.820913 0.817842 0.0168269 0.0395298 0.363037
1 0.882212 0.590812 0.0264422 0.0555556 0.345215
1 0.882812 0.772436 0.0336538 0.0512821 0.286133
1 0.745192 0.63141 0.0228365 0.042735 0.256104
1 0.641827 0.373665 0.0192308 0.0443376 0.253906
1 0.699519 0.0147236 0.0228365 0.0294471 0.251709
1 0.0895433 0.030215 0.0498798 0.06043 0.516602
1 0.504808 0.651709 0.0384615 0.059829 0.476562
1 0.102689 0.239383 0.0247897 0.0693109 0.439697
1 0.259014 0.16453 0.0450721 0.0769231 0.434082
1 0.663462 0.943376 0.0204327 0.0576923 0.432129
1 0.0718149 0.326923 0.0303486 0.090812 0.429199
1 0.811899 0.555021 0.0240384 0.0299145 0.411133
1 0.76262 0.0360744 0.0360577 0.0451055 0.400635
1 0.766827 0.486912 0.03125 0.0774573 0.385742
1 0.623197 0.0314169 0.0240385 0.0628339 0.381104
1 0.820913 0.818376 0.0180288 0.0405983 0.356689
1 0.882212 0.591346 0.0264422 0.0544872 0.339844
1 0.883413 0.775107 0.0360577 0.0566239 0.303955
1 0.745192 0.632479 0.0240385 0.042735 0.26123
1 0.641226 0.375 0.0192308 0.0459401 0.253906
1 0.0891677 0.0300147 0.0494291 0.0600294 0.511719
1 0.504808 0.651175 0.0384615 0.0587607 0.481445
1 0.102915 0.240385 0.0246394 0.0683761 0.44165
1 0.0717398 0.327724 0.0301983 0.0892094 0.440674
1 0.258864 0.164129 0.0447716 0.076656 0.430176
1 0.663462 0.943376 0.0204327 0.0555556 0.427246
1 0.76262 0.0359241 0.0348557 0.0438034 0.405518
1 0.766827 0.486645 0.03125 0.0758547 0.404541
1 0.623197 0.03125 0.0240385 0.0625 0.401611
1 0.8125 0.554487 0.0240385 0.0277778 0.395996
1 0.820913 0.817842 0.0168269 0.0384616 0.367432
1 0.882212 0.59188 0.0252404 0.0534188 0.332764
1 0.883413 0.775107 0.0336538 0.0555556 0.323486
1 0.641827 0.375 0.0192308 0.0443376 0.260498
1 0.0896184 0.0307158 0.0500301 0.0614316 0.530273
1 0.504507 0.652244 0.0384615 0.0598291 0.5
1 0.0718149 0.327457 0.0297476 0.0892094 0.453369
1 0.663462 0.942308 0.0192307 0.0555556 0.450439
1 0.102614 0.240318 0.0246394 0.0685096 0.446533
1 0.259014 0.164931 0.0444711 0.0771902 0.443604
1 0.76262 0.0370593 0.0360577 0.0442041 0.428223
1 0.622596 0.031851 0.0240385 0.0637019 0.420654
1 0.811899 0.555556 0.0240384 0.0299145 0.418701
1 0.766827 0.486645 0.03125 0.0758547 0.416748
1 0.820913 0.818376 0.0168269 0.0395299 0.381104
1 0.882212 0.59188 0.0252404 0.0534188 0.337158
1 0.883413 0.775641 0.0336538 0.0555556 0.329346
1 0.641827 0.375534 0.0192308 0.0448718 0.269043
1 0.745192 0.632479 0.0240385 0.0416667 0.253906
1 0.0892428 0.0305823 0.0495793 0.0611645 0.505859
1 0.505108 0.651709 0.0384615 0.0587607 0.47168
1 0.0717398 0.327991 0.0304988 0.0897436 0.430176
1 0.102464 0.240385 0.0252404 0.0689103 0.427246
1 0.662861 0.943376 0.0204327 0.0555556 0.42627
1 0.259014 0.164396 0.0450721 0.0771902 0.420654
1 0.762019 0.0369257 0.0360577 0.0443376 0.407227
1 0.811298 0.555556 0.0240385 0.0299145 0.400635
1 0.766226 0.486645 0.0324519 0.0758547 0.394287
1 0.622596 0.0319845 0.0252404 0.063969 0.380371
1 0.820913 0.818376 0.0180288 0.0405983 0.365723
1 0.881611 0.59188 0.0264423 0.0544871 0.326904
1 0.882212 0.775107 0.0336538 0.0555556 0.309814
1 0.641226 0.376068 0.0192308 0.0459402 0.257568
1 0.0892428 0.0305823 0.0492788 0.0611645 0.526367
1 0.505108 0.650641 0.0378606 0.059829 0.489258
1 0.259014 0.16453 0.0444711 0.0769231 0.442627
1 0.102614 0.23985 0.0249399 0.0694444 0.442627
1 0.0717398 0.327991 0.0298978 0.0892094 0.44165
1 0.663462 0.943376 0.0216346 0.0576923 0.440674
1 0.762019 0.0369925 0.0360577 0.0448718 0.42627
1 0.811899 0.555021 0.0252404 0.0299145 0.421631
1 0.766226 0.486645 0.0324519 0.0769231 0.410156
1 0.622596 0.0321181 0.0240385 0.0642361 0.396973
1 0.820913 0.818376 0.0192307 0.0405983 0.384033
1 0.882212 0.591346 0.0264422 0.0544872 0.339844
1 0.882812 0.775641 0.0348557 0.0555556 0.327637
1 0.641827 0.376068 0.0192308 0.0470086 0.279785
1 0.745192 0.632479 0.0240385 0.042735 0.265869
1 0.089393 0.0305155 0.0492789 0.061031 0.504883
1 0.505409 0.650641 0.0384615 0.059829 0.478516
1 0.102689 0.23985 0.0249399 0.0694444 0.432129
1 0.0718149 0.327991 0.0297476 0.0897436 0.431152
1 0.663462 0.943376 0.0192307 0.0566239 0.429199
1 0.259165 0.16453 0.0441707 0.0763889 0.424316
1 0.762019 0.0371928 0.0360577 0.0448718 0.412109
1 0.8125 0.555556 0.0240385 0.0299145 0.404541
1 0.766827 0.486378 0.03125 0.0763889 0.403564
1 0.622596 0.0320513 0.0240385 0.0641026 0.38208
1 0.820913 0.818376 0.0168269 0.0405983 0.358398
1 0.881611 0.59188 0.0252403 0.0534188 0.319092
1 0.882812 0.774573 0.0348557 0.0555556 0.299072
1 0.0892428 0.030649 0.0498798 0.0612981 0.52832
1 0.504808 0.651709 0.0384615 0.059829 0.499023
1 0.102614 0.240118 0.0249399 0.0694444 0.446533
1 0.258714 0.164663 0.0450721 0.076656 0.442627
1 0.0715144 0.328526 0.0300481 0.0897436 0.440674
1 0.662861 0.943376 0.0204327 0.0576923 0.435791
1 0.76262 0.0371928 0.0360577 0.0442041 0.431152
1 0.811899 0.555556 0.0240384 0.0288461 0.414795
1 0.766226 0.486645 0.0324519 0.0758547 0.410156
1 0.622596 0.0320513 0.0240385 0.0641026 0.397949
1 0.820913 0.818376 0.0180288 0.0395299 0.373047
1 0.881611 0.59188 0.0252403 0.0534188 0.332031
1 0.882812 0.774573 0.0348557 0.0555556 0.324219
1 0.641827 0.376336 0.0192308 0.0443376 0.252441
1 0.0892428 0.0291132 0.0486779 0.0582265 0.434082
1 0.504808 0.648504 0.0372596 0.0598291 0.418701
1 0.0707632 0.326656 0.0291466 0.0924145 0.407227
1 0.102088 0.237714 0.0235877 0.0689103 0.392334
1 0.66226 0.941239 0.0192307 0.0576923 0.380371
1 0.621394 0.0295139 0.0240385 0.0590278 0.379395
1 0.765625 0.485577 0.0324519 0.0779915 0.376709
1 0.811298 0.553419 0.0240385 0.0299145 0.367432
1 0.820913 0.818376 0.0168269 0.0384615 0.349609
1 0.259014 0.163194 0.0438702 0.0763889 0.346924
1 0.76262 0.0323184 0.0348557 0.0411325 0.336426
1 0.881611 0.59188 0.0252403 0.0544871 0.299805
