1 0.0163011 0.276709 0.0326022 0.0448718 0.445557
1 0.514423 0.490385 0.0204327 0.0641026 0.339844
1 0.0166016 0.280983 0.0332031 0.0512821 0.371094
1 0.513221 0.510684 0.0252404 0.0705128 0.336426
1 0.0163574 0.278312 0.0327148 0.0373932 0.320801
1 0.509916 0.508547 0.0264423 0.0651709 0.30249
1 0.567308 0.61218 0.0252404 0.0320513 0.256836
1 0.510817 0.508413 0.0240385 0.0622329 0.328613
1 0.0154372 0.278846 0.0308744 0.0448718 0.314941
1 0.510216 0.514824 0.0204327 0.0600961 0.33374
1 0.0186674 0.276175 0.0373347 0.0448718 0.29248
1 0.511418 0.511752 0.0216346 0.0619658 0.350342
1 0.184195 0.481838 0.0270433 0.0715812 0.259766
1 0.889423 0.0497463 0.0324519 0.0994925 0.258301
1 0.510817 0.511752 0.0240385 0.0630342 0.273682
1 0.510216 0.511752 0.0228365 0.0641026 0.268066
1 0.0170898 0.276175 0.0341797 0.0416667 0.319092
1 0.511418 0.508013 0.0240385 0.0587607 0.312256
1 0.512019 0.512687 0.0228365 0.0622329 0.264404
1 0.0204327 0.280983 0.0333534 0.0438034 0.255371
1 0.019982 0.280983 0.0329026 0.0395299 0.332764
1 0.511418 0.51015 0.0216346 0.0608974 0.308105
1 0.56851 0.615385 0.0264423 0.0363248 0.294189
1 0.0198317 0.28312 0.0338041 0.042735 0.257568
1 0.51232 0.513355 0.0222356 0.0662393 0.272705
1 0.512019 0.511752 0.0240385 0.0630342 0.2854
1 0.891226 0.0504808 0.0348557 0.100962 0.252441
1 0.0164889 0.280983 0.0328275 0.0384615 0.252441
1 0.0184796 0.27938 0.0369591 0.0470085 0.262207
1 0.888221 0.0538194 0.0408653 0.107639 0.301514
1 0.511118 0.511752 0.0222356 0.0662393 0.295898
1 0.0158879 0.280716 0.0317758 0.036859 0.269043
1 0.890024 0.0516827 0.0384616 0.103365 0.328613
1 0.51262 0.512286 0.0240385 0.0619658 0.299805
1 0.51232 0.514423 0.0216346 0.0619658 0.304932
1 0.0171462 0.280449 0.0342924 0.0448718 0.282227
1 0.511418 0.514957 0.0228365 0.0555556 0.336426
1 0.0182542 0.27938 0.0365084 0.0400641 0.301514
1 0.56851 0.616453 0.0264423 0.034188 0.275879
1 0.0169396 0.282853 0.0338792 0.0438034 0.313232
1 0.510817 0.511619 0.0216346 0.0643697 0.306641
1 0.0184983 0.284455 0.0369967 0.0470086 0.29834
1 0.0172213 0.280983 0.0344426 0.0448718 0.279053
1 0.0176532 0.280983 0.0353065 0.0459402 0.258301
1 0.0184796 0.286325 0.036884 0.0448718 0.324219
1 0.511418 0.515892 0.0240385 0.0643697 0.303223
1 0.567308 0.615919 0.0252404 0.0331196 0.286865
1 0.51262 0.513889 0.0228365 0.0619658 0.282227
1 0.0181415 0.283387 0.0362831 0.0411325 0.272705
1 0.017503 0.282586 0.035006 0.0363248 0.318359
1 0.512019 0.512687 0.0252404 0.0622329 0.29834
1 0.510817 0.513889 0.0240385 0.0630342 0.354004
1 0.016226 0.281517 0.0324519 0.042735 0.306641
1 0.183293 0.490118 0.0366587 0.0731838 0.253906
1 0.510216 0.512687 0.0240385 0.0600961 0.293457
1 0.0183293 0.27938 0.0366587 0.0416667 0.286133
1 0.0179162 0.279915 0.0358323 0.0438034 0.29834
1 0.510216 0.513355 0.0222355 0.0608974 0.282959
1 0.511118 0.516026 0.0216346 0.0587607 0.301514
1 0.0179162 0.280449 0.0358323 0.0416667 0.272705
1 0.509916 0.513355 0.0210337 0.0630342 0.311523
1 0.0177847 0.279915 0.0355694 0.0405983 0.303223
1 0.510817 0.511619 0.0216346 0.0579594 0.27832
1 0.0179913 0.28125 0.0359826 0.0459402 0.279053
1 0.511118 0.515491 0.0246394 0.0630342 0.250244
1 0.0180664 0.278846 0.0361328 0.0416667 0.257568
1 0.511418 0.512821 0.0240385 0.0608974 0.294189
1 0.0176157 0.280449 0.0352314 0.0438034 0.282959
1 0.511719 0.511218 0.0216346 0.0630342 0.291748
1 0.0176908 0.279647 0.0353816 0.0411325 0.280518
1 0.56851 0.615385 0.0264423 0.0331197 0.27124
1 0.184195 0.486645 0.0372596 0.0790598 0.256104
1 0.511418 0.512954 0.0216346 0.0638355 0.286865
1 0.0176908 0.279915 0.0353816 0.0438034 0.282227
1 0.567308 0.615919 0.0264423 0.0352564 0.267334
1 0.0175406 0.281517 0.0350811 0.0416667 0.256104
1 0.511418 0.514423 0.0216346 0.0576923 0.253906
1 0.510216 0.515491 0.0228365 0.0587607 0.252441
1 0.511418 0.514423 0.0240385 0.0641026 0.269043
1 0.0176908 0.282051 0.0353816 0.0448718 0.253174
1 0.511418 0.513355 0.0216346 0.0619658 0.286865
1 0.0172213 0.282051 0.0344426 0.0438034 0.276611
1 0.56881 0.617521 0.0246395 0.034188 0.263672
1 0.511118 0.514824 0.0222356 0.0600961 0.264404
1 0.017165 0.282051 0.0343299 0.0427351 0.256104
1 0.510817 0.515491 0.0204327 0.056624 0.279053
1 0.510817 0.514022 0.0228365 0.059562 0.250977
1 0.510817 0.512821 0.0222356 0.059829 0.280518
1 0.511118 0.513889 0.0210337 0.0587607 0.266602
1 0.511418 0.513355 0.0228365 0.059829 0.288574
1 0.567909 0.616453 0.0252404 0.0363248 0.26123
1 0.511719 0.512821 0.0222356 0.059829 0.315674
1 0.56851 0.616453 0.0240385 0.034188 0.279053
1 0.183594 0.488782 0.0342548 0.0758547 0.267334
1 0.51262 0.509482 0.0234375 0.0600961 0.27832
1 0.511418 0.512286 0.0228365 0.059829 0.253906
1 0.511719 0.513355 0.0216346 0.0608974 0.300781
1 0.182692 0.490385 0.0354567 0.0769231 0.253906
1 0.56851 0.61485 0.0240385 0.0352564 0.250244
1 0.511719 0.513355 0.0228365 0.059829 0.284668
1 0.51262 0.513889 0.0222356 0.0598291 0.294189
1 0.0185171 0.285791 0.0370343 0.0438034 0.253174
1 0.512019 0.512821 0.0228365 0.0587607 0.26123
1 0.512019 0.511218 0.0228365 0.0587607 0.280518
1 0.567608 0.615385 0.0258414 0.034188 0.27832
1 0.510817 0.511752 0.0222356 0.059829 0.381104
1 0.567007 0.616987 0.0258413 0.0320513 0.313965
1 0.0177847 0.286859 0.0355694 0.0384615 0.290283
1 0.511418 0.51015 0.0222356 0.0598291 0.38208
1 0.567909 0.614316 0.0264423 0.034188 0.351318
1 0.0183669 0.286325 0.0367338 0.0405983 0.295898
1 0.510817 0.511619 0.0228365 0.0622329 0.407227
1 0.567608 0.613248 0.0270433 0.0352564 0.320801
1 0.183293 0.488782 0.0360577 0.0758547 0.303955
1 0.0184044 0.288194 0.0368089 0.0416667 0.289307
1 0.510817 0.511886 0.0216346 0.059562 0.427246
1 0.567308 0.613248 0.0264423 0.0320513 0.347656
1 0.182993 0.488782 0.0360577 0.0726496 0.309082
1 0.0181791 0.285791 0.0363582 0.0395299 0.295898
1 0.510817 0.51015 0.0216346 0.0587607 0.481445
1 0.56851 0.61218 0.0252404 0.0320513 0.374756
1 0.182993 0.487179 0.0360577 0.0715812 0.345215
1 0.0176157 0.286325 0.0352314 0.0384615 0.310791
1 0.510216 0.51015 0.0216346 0.0598291 0.44165
1 0.567308 0.613248 0.0252404 0.0299146 0.345215
1 0.182993 0.487447 0.0351562 0.0721154 0.296631
1 0.0175781 0.286325 0.0351562 0.0405983 0.284668
1 0.511418 0.509615 0.0222356 0.0598291 0.492188
1 0.567909 0.611111 0.0264423 0.0320513 0.404541
1 0.182993 0.487447 0.0360577 0.0721154 0.363037
1 0.0179537 0.285256 0.0359075 0.0405983 0.354004
1 0.0679838 0.395566 0.035607 0.0432692 0.256104
1 0.511418 0.511886 0.0216346 0.059562 0.448486
1 0.567909 0.61218 0.0252404 0.034188 0.391357
1 0.183293 0.487447 0.0348558 0.0731838 0.386719
1 0.0179162 0.286058 0.0358323 0.0411325 0.331055
1 0.0680589 0.396368 0.0360577 0.0438034 0.271973
1 0.511118 0.511752 0.0216346 0.0576923 0.483398
1 0.567308 0.613248 0.0252404 0.0320513 0.413086
1 0.182993 0.488782 0.0348558 0.0715812 0.360352
1 0.0181979 0.285256 0.0363957 0.0411325 0.352295
1 0.510817 0.510684 0.0228365 0.0576923 0.50293
1 0.567308 0.61218 0.0264423 0.0331197 0.458984
1 0.182993 0.488515 0.0354567 0.0721154 0.356689
1 0.0181979 0.285791 0.0363957 0.0416667 0.323486
1 0.84375 0.384615 0.0432693 0.0427351 0.277588
1 0.0679087 0.396902 0.0366587 0.0438034 0.253174
1 0.511118 0.510684 0.0222356 0.0576923 0.485352
1 0.567308 0.613248 0.0252404 0.0320513 0.427246
1 0.183293 0.487179 0.0351562 0.0726496 0.360352
1 0.0182166 0.284989 0.0364333 0.0411325 0.357666
1 0.0680589 0.396368 0.0359075 0.0438034 0.253906
1 0.511418 0.510684 0.0228365 0.0576923 0.482422
1 0.567308 0.613248 0.0264423 0.0320513 0.457031
1 0.0181603 0.285256 0.0363206 0.0416667 0.365723
1 0.183293 0.488782 0.0354567 0.0747863 0.364746
1 0.844351 0.385417 0.0432693 0.0416667 0.254639
1 0.511418 0.510684 0.0228365 0.0576923 0.479492
1 0.567608 0.612714 0.0258414 0.0320513 0.458984
1 0.183293 0.488515 0.0351562 0.0721154 0.363037
1 0.0183293 0.286325 0.0366587 0.0405983 0.339844
1 0.511418 0.511619 0.0228365 0.0579594 0.490234
1 0.567608 0.613248 0.0258414 0.0320513 0.481445
1 0.182993 0.488515 0.0354567 0.0731838 0.393311
1 0.0182166 0.286058 0.0364333 0.0411325 0.366699
1 0.844351 0.387286 0.0432693 0.0416667 0.281494
1 0.511418 0.511619 0.0240385 0.0579594 0.470703
1 0.567909 0.613248 0.0264423 0.0320513 0.458984
1 0.183293 0.489583 0.0360577 0.0731838 0.37207
1 0.0181791 0.287393 0.0363582 0.0411325 0.319092
1 0.511418 0.511619 0.0228365 0.0579594 0.487305
1 0.567909 0.613782 0.0264423 0.0331197 0.485352
1 0.183293 0.48985 0.0348558 0.073718 0.38208
1 0.0182542 0.286859 0.0365084 0.0405983 0.323486
1 0.511418 0.511752 0.0228365 0.0587607 0.477539
1 0.567909 0.614316 0.0264423 0.0320513 0.46875
1 0.183293 0.48985 0.0348558 0.073718 0.362061
1 0.018273 0.287393 0.036546 0.0395299 0.317383
1 0.511418 0.512286 0.0228365 0.0576923 0.491211
1 0.567909 0.613782 0.0264423 0.0320513 0.481445
1 0.182993 0.490118 0.0354567 0.0731838 0.374756
1 0.0181979 0.286859 0.0363957 0.0400641 0.343262
1 0.84375 0.387821 0.0432693 0.0416667 0.265869
1 0.510216 0.51015 0.0216346 0.0598291 0.44165
1 0.567308 0.613248 0.0252404 0.0299146 0.345215
1 0.182993 0.487447 0.0351562 0.0721154 0.297363
1 0.0175781 0.286325 0.0351562 0.0405983 0.284668
