1 0.475962 0.490919 0.0204327 0.0630342 0.392334
1 0.474459 0.512286 0.0246394 0.0705128 0.353027
1 0.471454 0.510684 0.0246394 0.0630342 0.31665
1 0.533053 0.610043 0.0336539 0.034188 0.279785
1 0.472356 0.510817 0.0240385 0.0616987 0.373779
1 0.471755 0.517628 0.0204327 0.0619658 0.380371
1 0.472957 0.512821 0.0216346 0.0630342 0.371094
1 0.842548 0.0348892 0.03125 0.0697783 0.281494
1 0.471755 0.514022 0.0240385 0.0638355 0.286133
1 0.472957 0.514423 0.0216346 0.0651709 0.263672
1 0.471154 0.513355 0.0228365 0.065171 0.269775
1 0.472356 0.51015 0.0240385 0.0587607 0.332764
1 0.472957 0.513889 0.0222356 0.0630342 0.280518
1 0.472656 0.512954 0.0222356 0.0616987 0.314941
1 0.533654 0.61218 0.0294471 0.034188 0.294922
1 0.471755 0.51656 0.0234375 0.0619658 0.256104
1 0.473558 0.514957 0.0228365 0.0673077 0.299072
1 0.473558 0.514824 0.0240385 0.0600961 0.313232
1 0.472356 0.515491 0.0222356 0.0641026 0.301514
1 0.473558 0.514423 0.0240385 0.0608974 0.309082
1 0.473558 0.51656 0.0216346 0.0608974 0.310791
1 0.472356 0.51656 0.0228365 0.0555556 0.327637
1 0.532452 0.613782 0.0276442 0.0320513 0.265869
1 0.471755 0.519231 0.0222355 0.0576923 0.252441
1 0.472356 0.514423 0.0204327 0.0619658 0.309082
1 0.472656 0.517628 0.0234375 0.0630342 0.313232
1 0.53125 0.614316 0.0264423 0.0309829 0.269043
1 0.474159 0.516026 0.0228365 0.0598291 0.291016
1 0.473257 0.514824 0.0240385 0.0622329 0.288574
1 0.472356 0.517094 0.0240385 0.0619658 0.357666
1 0.471755 0.517094 0.0228365 0.0608974 0.253174
1 0.471154 0.514957 0.0240385 0.0608974 0.304932
1 0.53125 0.613248 0.0300481 0.0331197 0.253906
1 0.471755 0.514423 0.0216346 0.0630342 0.282227
1 0.472356 0.517628 0.0216346 0.0598291 0.299805
1 0.471154 0.516159 0.0204327 0.0638355 0.319092
1 0.471755 0.513889 0.0216346 0.0598291 0.289307
1 0.472356 0.517094 0.0240385 0.0630342 0.262207
1 0.472656 0.513889 0.0222356 0.0619658 0.253906
1 0.472356 0.515091 0.0240385 0.0616987 0.30249
1 0.472356 0.513889 0.0216346 0.0630342 0.294189
1 0.533053 0.613248 0.0276442 0.0320513 0.262939
1 0.472356 0.515491 0.0216346 0.0619658 0.282959
1 0.531551 0.613248 0.0276443 0.034188 0.265137
1 0.472356 0.516159 0.0216346 0.0574252 0.253174
1 0.471755 0.517228 0.0216346 0.0574252 0.255371
1 0.472356 0.515491 0.0240385 0.0630342 0.275146
1 0.472356 0.514957 0.0216346 0.0608974 0.303223
1 0.532452 0.614316 0.0264423 0.0320513 0.258301
1 0.472356 0.515491 0.0216346 0.0608974 0.254639
1 0.472356 0.51656 0.0228365 0.0608974 0.262939
1 0.472957 0.513889 0.0216346 0.0608974 0.251709
1 0.472356 0.517094 0.0216346 0.0576923 0.2854
1 0.471755 0.515491 0.0228365 0.0608974 0.251709
1 0.472356 0.514423 0.0216346 0.0608974 0.264404
1 0.471755 0.514957 0.0228365 0.0608974 0.287842
1 0.472055 0.514423 0.0228365 0.0630342 0.250244
1 0.472356 0.515491 0.0216346 0.0598291 0.266602
1 0.472356 0.514957 0.0228365 0.0608974 0.282227
1 0.531851 0.614316 0.0264423 0.0363248 0.253174
1 0.472656 0.514824 0.0222356 0.0600961 0.325928
1 0.532752 0.613782 0.0264423 0.0331197 0.287842
1 0.473257 0.512821 0.0234375 0.059829 0.282227
1 0.472356 0.514957 0.0234375 0.0598291 0.256836
1 0.472656 0.515491 0.0216346 0.0608974 0.303955
1 0.532151 0.61218 0.0270432 0.034188 0.253906
1 0.472356 0.514824 0.0228365 0.0600961 0.288574
1 0.473257 0.515491 0.0222356 0.0608974 0.299805
1 0.532752 0.613248 0.0270432 0.034188 0.250244
1 0.472356 0.514957 0.0228365 0.0587607 0.263672
1 0.531851 0.613248 0.0288462 0.034188 0.2854
1 0.472356 0.514022 0.0228365 0.059562 0.281494
1 0.471755 0.511752 0.0228365 0.0608974 0.385742
1 0.53125 0.613248 0.0288462 0.0331197 0.339844
1 0.13131 0.517628 0.0354567 0.0769231 0.264404
1 0.472356 0.512821 0.0228365 0.0619658 0.39502
1 0.531851 0.61218 0.0288462 0.034188 0.373779
1 0.471454 0.513889 0.0234375 0.0641026 0.428223
1 0.531851 0.611111 0.0300481 0.034188 0.348633
1 0.130859 0.517094 0.0351562 0.0758547 0.255371
1 0.471454 0.513889 0.0222356 0.0608974 0.450439
1 0.53125 0.61218 0.0288462 0.0320513 0.381104
1 0.471454 0.511752 0.0222356 0.0608974 0.505859
1 0.532452 0.610043 0.0282452 0.0331196 0.397949
1 0.130446 0.517094 0.0347806 0.0747863 0.27832
1 0.471154 0.512821 0.0216346 0.0619658 0.469727
1 0.531851 0.611111 0.0276442 0.0320513 0.383057
1 0.472356 0.511886 0.0228365 0.0616987 0.525391
1 0.531851 0.610043 0.0282452 0.0331196 0.440674
1 0.472356 0.513355 0.0216346 0.0608974 0.479492
1 0.531851 0.610043 0.0276442 0.0331196 0.393311
1 0.13131 0.51656 0.0330529 0.073718 0.270508
1 0.472055 0.513889 0.0216346 0.0598291 0.515625
1 0.531851 0.611111 0.0276442 0.0320513 0.435059
1 0.131761 0.518029 0.0336538 0.0729167 0.280518
1 0.471755 0.512954 0.0234375 0.059562 0.526367
1 0.53125 0.610043 0.0294471 0.034188 0.47168
1 0.130859 0.517628 0.0342548 0.073718 0.260498
1 0.801683 0.360577 0.0432693 0.0395299 0.252441
1 0.472055 0.512821 0.0222356 0.0608974 0.519531
1 0.531551 0.611111 0.0282452 0.0320513 0.446533
1 0.131648 0.517228 0.0341797 0.0745192 0.277588
1 0.472356 0.512687 0.0234375 0.0600961 0.506836
1 0.531851 0.611111 0.0288462 0.0331197 0.462891
1 0.131761 0.516961 0.0345553 0.0750534 0.269775
1 0.472356 0.513355 0.0228365 0.059829 0.503906
1 0.531851 0.610577 0.0288462 0.0320513 0.475586
1 0.13146 0.518296 0.0336538 0.0745192 0.275146
1 0.472356 0.514423 0.0228365 0.0598291 0.513672
1 0.531851 0.611645 0.0282452 0.0320513 0.491211
1 0.131611 0.517628 0.0345553 0.0758547 0.29248
1 0.472356 0.514423 0.0240385 0.0608974 0.495117
1 0.531851 0.611111 0.0288462 0.0320513 0.46582
1 0.13116 0.518029 0.0342548 0.0750534 0.275879
1 0.472356 0.513755 0.0228365 0.0600962 0.509766
1 0.531851 0.611111 0.0288462 0.0331197 0.483398
1 0.13116 0.517628 0.0339543 0.0758547 0.272705
1 0.472356 0.513889 0.0228365 0.0608974 0.499023
1 0.531851 0.611111 0.0288462 0.0320513 0.467773
1 0.131273 0.518029 0.033729 0.0750534 0.253906
1 0.471755 0.514423 0.0228365 0.0598291 0.511719
1 0.531851 0.611645 0.0288462 0.0320513 0.484375
1 0.13116 0.518029 0.0342548 0.0750534 0.269775
1 0.471154 0.512821 0.0216346 0.0619658 0.469727
1 0.531851 0.611111 0.0276442 0.0320513 0.383057
