1 0.628606 0.449252 0.0360577 0.0502137 0.583984
1 0.629207 0.469017 0.0408654 0.0496795 0.29248
1 0.903846 0.601496 0.0576923 0.119658 0.376709
1 0.626202 0.455128 0.0384615 0.0534188 0.414062
1 0.746995 0.441506 0.0372596 0.10203 0.297363
1 0.261418 0.451923 0.0324519 0.0566239 0.282227
1 0.627404 0.452991 0.0384615 0.0432692 0.339844
1 0.260817 0.450588 0.0348558 0.0416667 0.2854
1 0.744591 0.441239 0.0300481 0.103632 0.307373
1 0.625601 0.452457 0.0348558 0.0470086 0.30249
1 0.628606 0.449252 0.0396635 0.0470086 0.274414
1 0.902644 0.59562 0.0516827 0.112179 0.256836
1 0.261118 0.448184 0.0288462 0.042735 0.255371
1 0.626202 0.451923 0.0384615 0.0555556 0.269775
1 0.745192 0.435897 0.0264423 0.105235 0.258301
1 0.627404 0.450321 0.0372596 0.0502137 0.279053
1 0.904447 0.597222 0.0540866 0.119658 0.374756
1 0.626202 0.452457 0.0360577 0.0491453 0.314941
1 0.745793 0.440972 0.0300481 0.100427 0.254639
1 0.627404 0.452991 0.0336539 0.0459402 0.253906
1 0.628606 0.453793 0.0384615 0.0480769 0.27124
1 0.903846 0.598825 0.0540865 0.116453 0.253174
1 0.903846 0.60203 0.0576923 0.122863 0.307373
1 0.626202 0.455662 0.0336539 0.0502137 0.250977
1 0.903245 0.596154 0.0588943 0.126068 0.256836
1 0.264423 0.451122 0.0288462 0.0384615 0.277588
1 0.629207 0.455662 0.03125 0.0422009 0.268066
1 0.745793 0.438568 0.0276443 0.0950855 0.251709
1 0.626202 0.453793 0.0384615 0.0518162 0.265869
1 0.902644 0.60203 0.0625 0.122863 0.265137
1 0.74399 0.447917 0.0288461 0.106303 0.253174
1 0.746394 0.439904 0.0288462 0.104167 0.317383
1 0.627404 0.456197 0.0336539 0.0459401 0.254639
1 0.745793 0.433761 0.0264423 0.0886752 0.29248
1 0.626202 0.453259 0.0348558 0.0486111 0.264404
1 0.628005 0.454594 0.0336539 0.0491453 0.273682
1 0.74399 0.443109 0.03125 0.100962 0.348633
1 0.903846 0.596154 0.0528847 0.114316 0.303955
1 0.626202 0.455662 0.0360577 0.0475427 0.291748
1 0.625601 0.456998 0.0360577 0.051282 0.259033
1 0.74399 0.441774 0.030048 0.10203 0.257568
1 0.746394 0.435363 0.03125 0.0982906 0.294189
1 0.626202 0.456197 0.0360577 0.0534188 0.253906
1 0.74399 0.428419 0.0228365 0.0950855 0.250977
1 0.261118 0.455128 0.0336538 0.0416667 0.284668
1 0.625 0.457265 0.0360577 0.0491453 0.271973
1 0.745192 0.433761 0.0264423 0.0950855 0.260498
1 0.746394 0.435363 0.0276443 0.0929487 0.288574
1 0.627404 0.455929 0.0384615 0.0528846 0.286133
1 0.26232 0.451923 0.0354567 0.0405983 0.275146
1 0.627404 0.454594 0.0384615 0.0491453 0.310791
1 0.746394 0.417735 0.0252404 0.0651709 0.2854
1 0.261418 0.450855 0.0360577 0.0405983 0.27832
1 0.745192 0.436699 0.0288462 0.103632 0.361084
1 0.261118 0.451389 0.0330529 0.0384616 0.286133
1 0.626202 0.455662 0.0360577 0.0502137 0.279785
1 0.745793 0.438836 0.0288462 0.0982906 0.267334
1 0.903846 0.600427 0.0576923 0.117521 0.37207
1 0.626202 0.45406 0.0384615 0.051282 0.255371
1 0.260817 0.449786 0.0354568 0.042735 0.254639
1 0.903245 0.596154 0.0564904 0.119658 0.318359
1 0.745192 0.43563 0.0252404 0.096688 0.256836
1 0.626202 0.455128 0.0360577 0.051282 0.255371
1 0.744591 0.436966 0.0288461 0.101496 0.331055
1 0.626202 0.455395 0.0360577 0.0475427 0.260498
1 0.745192 0.436699 0.0288462 0.100962 0.388672
1 0.905048 0.598291 0.0600962 0.119658 0.289307
1 0.737981 0.825321 0.0204327 0.0683761 0.259766
1 0.261118 0.451389 0.0336538 0.0373932 0.250977
1 0.901442 0.598291 0.0552885 0.117521 0.325928
1 0.74399 0.436966 0.03125 0.0972222 0.271973
1 0.745192 0.438836 0.0288462 0.0988248 0.294189
1 0.260817 0.448985 0.0330529 0.0379274 0.272705
1 0.902644 0.596154 0.0552885 0.119658 0.267334
1 0.902043 0.598291 0.0588943 0.117521 0.284668
1 0.745192 0.436966 0.0288462 0.102564 0.27124
1 0.745192 0.436699 0.03125 0.103098 0.29834
1 0.746394 0.435363 0.0288462 0.101496 0.337158
1 0.261719 0.451656 0.0336539 0.0400641 0.273682
1 0.626202 0.456197 0.0384615 0.0512821 0.270508
1 0.746394 0.435897 0.0276443 0.105769 0.365723
1 0.26277 0.450855 0.0339543 0.0395299 0.27124
1 0.628005 0.455662 0.0384615 0.0507479 0.256104
1 0.902644 0.600427 0.0576923 0.119658 0.251709
1 0.745793 0.433761 0.0264423 0.0972222 0.335449
1 0.260817 0.451389 0.0336538 0.0411325 0.256104
1 0.626202 0.454594 0.0360577 0.0502137 0.251709
1 0.745192 0.436699 0.0276442 0.0988248 0.299072
1 0.746394 0.437233 0.0288462 0.100427 0.30249
1 0.903846 0.601496 0.0576923 0.119658 0.269043
1 0.745192 0.436966 0.03125 0.0982906 0.300781
1 0.903245 0.596154 0.0564904 0.123932 0.270508
1 0.745192 0.437233 0.0288462 0.0977564 0.269043
1 0.745192 0.435363 0.0288462 0.101496 0.308105
1 0.745192 0.435897 0.0288462 0.100427 0.330322
1 0.261569 0.452724 0.0327524 0.0416667 0.271973
1 0.745192 0.436432 0.0300481 0.099359 0.318359
1 0.745192 0.437767 0.0276442 0.0972222 0.349609
1 0.902644 0.600427 0.0588942 0.121795 0.308105
1 0.902644 0.600962 0.0576923 0.11859 0.310791
1 0.745192 0.436432 0.03125 0.100427 0.291016
1 0.745192 0.436432 0.0288462 0.10203 0.315674
1 0.902644 0.597222 0.0576923 0.121795 0.299072
1 0.260817 0.452724 0.0348558 0.0416667 0.257568
1 0.902043 0.600962 0.0576922 0.11859 0.362061
1 0.745192 0.438034 0.03125 0.102564 0.320801
1 0.903245 0.601496 0.0576922 0.123932 0.378418
1 0.745793 0.439103 0.0288462 0.099359 0.325195
1 0.903245 0.602564 0.0564904 0.120727 0.309814
1 0.745192 0.438301 0.0300481 0.10203 0.308105
1 0.745793 0.436966 0.0288462 0.0982906 0.293457
1 0.903846 0.601496 0.0576923 0.121795 0.250244
1 0.745192 0.4375 0.0288462 0.100427 0.343262
1 0.902644 0.598291 0.0552885 0.117521 0.269043
1 0.745793 0.436966 0.0288462 0.0982906 0.271973
1 0.902644 0.600427 0.0552885 0.113248 0.259766
1 0.745793 0.435096 0.0276443 0.0988248 0.329346
1 0.746394 0.435897 0.0288462 0.099359 0.318359
1 0.902644 0.599359 0.0552885 0.117521 0.284668
1 0.902644 0.598291 0.0552885 0.117521 0.42627
1 0.746394 0.435363 0.0288462 0.103098 0.31665
1 0.626803 0.457265 0.0360577 0.0502137 0.251709
1 0.744591 0.439103 0.0276442 0.0972222 0.274414
1 0.745793 0.4375 0.0276443 0.100427 0.32251
1 0.903245 0.598291 0.0576922 0.123932 0.306641
1 0.745192 0.436432 0.0288462 0.103632 0.331055
1 0.745192 0.438034 0.0288462 0.103098 0.359375
1 0.902644 0.600427 0.0576923 0.119658 0.268066
1 0.902644 0.599359 0.0576923 0.11859 0.381104
1 0.745793 0.438568 0.0300481 0.102564 0.313232
1 0.902043 0.599359 0.0576922 0.117521 0.350342
1 0.746394 0.437767 0.0288462 0.10203 0.284668
1 0.902644 0.600962 0.0576923 0.119658 0.279785
1 0.903846 0.599359 0.0576923 0.123932 0.356689
1 0.744591 0.438568 0.03125 0.103632 0.253174
1 0.902043 0.594551 0.0576922 0.121795 0.428223
1 0.744591 0.437233 0.03125 0.105769 0.365723
1 0.626803 0.458333 0.0384615 0.0480769 0.276611
1 0.260517 0.45406 0.0342548 0.0363248 0.273682
1 0.745192 0.438568 0.0288462 0.103632 0.37207
1 0.902043 0.597222 0.0576922 0.119658 0.345215
1 0.627404 0.467415 0.0384615 0.0544871 0.306641
1 0.261118 0.455662 0.0336538 0.0395299 0.284668
1 0.902644 0.598291 0.0576923 0.121795 0.397949
1 0.745192 0.438836 0.03125 0.105235 0.383057
1 0.627404 0.461271 0.0384615 0.0491453 0.284668
1 0.261418 0.455395 0.0348558 0.0411325 0.269043
1 0.73738 0.828526 0.0228365 0.0673077 0.250977
1 0.902043 0.597222 0.0564904 0.120726 0.458984
1 0.745192 0.440705 0.03125 0.101496 0.433105
1 0.627404 0.461004 0.0372596 0.0480769 0.315674
1 0.261268 0.455128 0.0339543 0.0395299 0.308105
1 0.737981 0.82906 0.0216346 0.0662393 0.297363
1 0.902644 0.597222 0.0576923 0.11859 0.513672
1 0.74399 0.439103 0.03125 0.101496 0.424316
1 0.627404 0.461538 0.0360577 0.0459402 0.341553
1 0.736779 0.82906 0.0216346 0.0662393 0.331055
1 0.262019 0.456464 0.0330529 0.036859 0.309814
1 0.74399 0.440705 0.0288461 0.0982906 0.433105
1 0.902644 0.599359 0.0564903 0.119658 0.414795
1 0.627404 0.461271 0.0372596 0.0475427 0.315674
1 0.261418 0.456998 0.0330529 0.0384615 0.295898
1 0.736779 0.82906 0.0216346 0.0662393 0.290283
1 0.744591 0.43937 0.0300481 0.103098 0.513672
1 0.902644 0.598291 0.0576923 0.121795 0.449463
1 0.627404 0.460737 0.0384615 0.0480769 0.38501
1 0.261418 0.455395 0.0342548 0.0389957 0.369385
1 0.737981 0.829594 0.0240385 0.0673077 0.339844
1 0.745192 0.438836 0.0288462 0.100962 0.496094
1 0.902644 0.598291 0.0564903 0.116453 0.414795
1 0.626803 0.46047 0.0360577 0.0470086 0.355713
1 0.737981 0.82906 0.0228365 0.0662393 0.355713
1 0.261118 0.455128 0.0330529 0.0373931 0.347656
1 0.745192 0.440705 0.0288462 0.101496 0.50293
1 0.902043 0.602564 0.0564904 0.119658 0.413086
1 0.626202 0.460737 0.0360577 0.0464744 0.371094
1 0.737981 0.82906 0.0216346 0.0641025 0.358398
1 0.261118 0.456197 0.0336538 0.0373932 0.345947
1 0.744591 0.439904 0.0300481 0.100427 0.509766
1 0.902644 0.602564 0.0564903 0.119658 0.44165
1 0.626202 0.461004 0.0372596 0.0470086 0.397949
1 0.260817 0.456197 0.0342548 0.0395299 0.380371
1 0.73738 0.82906 0.0228365 0.0662393 0.370117
1 0.745793 0.437767 0.0300481 0.100427 0.50293
1 0.902644 0.60203 0.0576923 0.120727 0.47168
1 0.627404 0.459402 0.0360577 0.0470086 0.40918
1 0.261268 0.456731 0.0339543 0.0384616 0.346924
1 0.737981 0.827991 0.0240385 0.0662393 0.341553
1 0.745192 0.439637 0.03125 0.102564 0.508789
1 0.902644 0.603633 0.0576923 0.123932 0.506836
1 0.627404 0.46047 0.0360577 0.0480769 0.406494
1 0.261418 0.456464 0.0342548 0.0389957 0.371094
1 0.737981 0.82906 0.0240385 0.0673077 0.339844
1 0.745192 0.440171 0.0300481 0.100427 0.516602
1 0.902644 0.603633 0.0552885 0.121795 0.463867
1 0.627404 0.461806 0.0360577 0.0475427 0.395996
1 0.261569 0.456998 0.0339543 0.0389957 0.366699
1 0.737981 0.82906 0.0240385 0.0662393 0.332031
1 0.902644 0.604701 0.0552885 0.121795 0.538086
1 0.745793 0.440171 0.0300481 0.101496 0.537109
1 0.627404 0.461538 0.0372596 0.0470086 0.406494
1 0.261418 0.457532 0.0342548 0.0389957 0.373779
1 0.737981 0.82906 0.0240385 0.0662393 0.354004
1 0.745192 0.440705 0.03125 0.100962 0.516602
1 0.903245 0.603633 0.0564904 0.119658 0.493164
1 0.626803 0.461538 0.0372596 0.0470086 0.384033
1 0.261118 0.456731 0.0348558 0.0395299 0.356689
1 0.736779 0.82906 0.0240385 0.0662393 0.338867
1 0.745192 0.441239 0.0300481 0.101496 0.537109
1 0.902644 0.605235 0.0564903 0.122863 0.474609
1 0.626202 0.461538 0.0360577 0.0470086 0.395996
1 0.261118 0.457265 0.0342548 0.0384616 0.377441
1 0.73738 0.82906 0.0228365 0.0673077 0.352295
1 0.745192 0.441239 0.0300481 0.101496 0.515625
1 0.902644 0.605235 0.0564903 0.121795 0.467773
1 0.626803 0.462073 0.0360577 0.0459402 0.378418
1 0.261118 0.457799 0.0342548 0.0384616 0.347656
1 0.73738 0.82906 0.0228365 0.0662393 0.324219
1 0.745192 0.441506 0.0300481 0.100962 0.523438
1 0.902644 0.603633 0.0552885 0.119658 0.489258
1 0.626803 0.462073 0.0372596 0.0459402 0.395996
1 0.261118 0.457799 0.0342548 0.0384616 0.357666
1 0.73738 0.82906 0.0228365 0.0662393 0.336426
1 0.74399 0.440705 0.0288461 0.0982906 0.433105
1 0.902644 0.599359 0.0576923 0.119658 0.414062
1 0.627404 0.461271 0.0372596 0.0475427 0.315674
1 0.261418 0.456998 0.0330529 0.0384615 0.295898
1 0.736779 0.82906 0.0216346 0.0662393 0.291016
