1 0.891827 0.383013 0.0336538 0.051282 0.325195
1 0.835337 0.280449 0.0360578 0.051282 0.300781
1 0.479567 0.625534 0.030048 0.0502137 0.265137
1 0.590144 0.141159 0.0264423 0.0448718 0.253906
1 0.0469501 0.510684 0.0347055 0.090812 0.355713
1 0.220553 0.65438 0.047476 0.0940171 0.270508
1 0.833534 0.286058 0.0420673 0.0507479 0.2854
1 0.0486028 0.493857 0.0252404 0.0945513 0.334473
1 0.547476 0.830128 0.0438702 0.0448719 0.297363
1 0.219651 0.649573 0.0447716 0.100427 0.286133
1 0.479567 0.642628 0.0396635 0.0459402 0.272705
1 0.219351 0.651709 0.0426683 0.102564 0.305664
1 0.0466496 0.482906 0.0270433 0.0683761 0.294922
1 0.0465745 0.508013 0.0279447 0.0929487 0.29248
1 0.047476 0.503205 0.0243389 0.100427 0.366699
1 0.219501 0.65438 0.0447716 0.111111 0.293457
1 0.0477764 0.493056 0.0273438 0.0876069 0.250244
1 0.21905 0.646368 0.0486779 0.113248 0.255371
1 0.217548 0.649573 0.0486779 0.112179 0.34082
1 0.0476074 0.498397 0.0294847 0.0982906 0.303955
1 0.0479079 0.486645 0.0279823 0.0758547 0.276611
1 0.0480769 0.496261 0.0289964 0.101496 0.309082
1 0.478966 0.644765 0.0336539 0.0502137 0.256104
1 0.835337 0.284455 0.0408654 0.0432692 0.254639
1 0.548678 0.830128 0.0432692 0.0491453 0.254639
1 0.0483023 0.494658 0.0314002 0.102564 0.271973
1 0.0498798 0.496528 0.0276442 0.0870727 0.320068
1 0.0474572 0.483707 0.0291842 0.0678419 0.252441
1 0.0457482 0.503339 0.0291466 0.104434 0.314941
1 0.833534 0.285791 0.0432692 0.0422009 0.254639
1 0.0471755 0.498397 0.0324519 0.0982906 0.262939
1 0.218149 0.648504 0.0456731 0.111111 0.26123
1 0.0476262 0.497863 0.0301983 0.0972222 0.380371
1 0.218149 0.648504 0.0477764 0.111111 0.300781
1 0.0491286 0.497329 0.0283954 0.0940171 0.294922
1 0.0479267 0.498397 0.0270433 0.101496 0.303955
1 0.0479455 0.501202 0.0288086 0.0958867 0.336426
1 0.216346 0.650641 0.0516827 0.111111 0.266602
1 0.047476 0.500935 0.0297476 0.0942842 0.268066
1 0.0465933 0.496261 0.0300105 0.0982906 0.34082
1 0.21875 0.651709 0.0516827 0.106838 0.291748
1 0.0471943 0.494124 0.0294096 0.0940171 0.254639
1 0.0476262 0.498665 0.0298978 0.0977564 0.253906
1 0.0468562 0.497863 0.0291842 0.0982906 0.252441
1 0.0467248 0.498932 0.0298978 0.0940171 0.274414
1 0.833534 0.288996 0.0396635 0.0427351 0.269775
1 0.890024 0.405449 0.0348557 0.0448718 0.259766
1 0.589543 0.147169 0.0348558 0.0413996 0.253906
1 0.834736 0.286058 0.0432692 0.0438034 0.27832
1 0.0477764 0.492521 0.0285457 0.0833333 0.259766
1 0.0476262 0.50227 0.03125 0.0958867 0.307373
1 0.590745 0.143563 0.0372596 0.0373932 0.290283
1 0.21905 0.651709 0.0501803 0.106838 0.283691
1 0.833534 0.286859 0.0444712 0.042735 0.280518
1 0.0479079 0.500534 0.03279 0.102564 0.326904
1 0.217398 0.652244 0.0495793 0.110043 0.286865
1 0.832933 0.287927 0.0408654 0.0416667 0.258301
1 0.0473257 0.500935 0.03125 0.100694 0.294189
1 0.21845 0.649038 0.0498798 0.113248 0.250244
1 0.216947 0.652778 0.0492788 0.117521 0.324219
1 0.0485276 0.497062 0.0279447 0.0945513 0.296631
1 0.832933 0.303686 0.0420672 0.0475427 0.253174
1 0.0477013 0.495727 0.0310998 0.099359 0.306641
1 0.832933 0.286058 0.0444711 0.0427351 0.259766
1 0.0471567 0.495192 0.0306866 0.101496 0.347656
1 0.21875 0.643697 0.0504808 0.110043 0.315674
1 0.833534 0.287927 0.0408653 0.0416667 0.252441
1 0.0471004 0.498932 0.0291466 0.101496 0.355713
1 0.0470252 0.499466 0.0246394 0.101496 0.405518
1 0.0465745 0.501068 0.031851 0.100427 0.304932
1 0.0461989 0.500534 0.0300481 0.102564 0.266602
1 0.0474008 0.497863 0.0300481 0.103632 0.363037
1 0.2189 0.652778 0.0465745 0.106838 0.319092
1 0.833534 0.286058 0.0420673 0.0400641 0.252441
1 0.0479455 0.497863 0.0318134 0.104701 0.327637
1 0.218299 0.649573 0.0495793 0.113248 0.308105
1 0.834135 0.287393 0.0408654 0.0438034 0.250977
1 0.047476 0.498932 0.0285457 0.104701 0.283691
1 0.047476 0.499733 0.0294471 0.10203 0.366699
1 0.590144 0.143162 0.0384615 0.0389957 0.273682
1 0.832332 0.287927 0.0444712 0.0443376 0.267334
1 0.0483962 0.5 0.0294096 0.107906 0.365723
1 0.218149 0.650641 0.0489784 0.111111 0.294189
1 0.590745 0.142094 0.0372596 0.036859 0.284668
1 0.834135 0.286325 0.0432693 0.0438034 0.280518
1 0.0467248 0.499466 0.0294471 0.101496 0.332031
1 0.588942 0.143162 0.0372596 0.0384615 0.268066
1 0.832332 0.287126 0.0420673 0.0416667 0.257568
1 0.0471567 0.5 0.0294847 0.107906 0.338135
1 0.0483774 0.498397 0.03125 0.106838 0.335449
1 0.21875 0.647436 0.046274 0.111111 0.27124
1 0.0475511 0.500534 0.0271935 0.0961539 0.318359
1 0.0474008 0.5 0.0301983 0.105769 0.323486
1 0.0483962 0.501068 0.0306115 0.101496 0.334473
1 0.048152 0.500534 0.0297476 0.100427 0.317383
1 0.588942 0.146234 0.0348558 0.0413996 0.256836
1 0.830529 0.284188 0.0444712 0.0475427 0.256104
1 0.0477013 0.497863 0.0310998 0.099359 0.33374
1 0.0480957 0.5 0.0291091 0.099359 0.346924
1 0.0475511 0.499466 0.0301983 0.099359 0.354004
1 0.21845 0.651709 0.046875 0.105769 0.27124
1 0.0471755 0.499466 0.0283954 0.105769 0.343262
1 0.21845 0.652244 0.046274 0.110043 0.260498
1 0.0470252 0.5 0.03125 0.102564 0.301514
1 0.220853 0.655983 0.0456731 0.110043 0.274414
1 0.0477577 0.499466 0.0291842 0.101496 0.36377
1 0.0464055 0.5 0.0297852 0.100427 0.303223
1 0.0475511 0.49813 0.030649 0.10203 0.309814
1 0.220403 0.652778 0.0480769 0.115385 0.268066
1 0.0464994 0.498932 0.0301983 0.102564 0.348633
1 0.0469501 0.499466 0.0307993 0.101496 0.325195
1 0.046875 0.499466 0.0292969 0.100427 0.363037
1 0.218149 0.654915 0.0486779 0.104701 0.269775
1 0.589543 0.144765 0.0360577 0.0376603 0.253906
1 0.0470065 0.499866 0.0294847 0.0985577 0.33374
1 0.589543 0.145299 0.0348558 0.0389957 0.258301
1 0.0474008 0.498932 0.0277945 0.0982906 0.379395
1 0.218149 0.651709 0.047476 0.111111 0.305664
1 0.589543 0.145833 0.0360577 0.0384615 0.293457
1 0.0470252 0.501068 0.0301983 0.0972222 0.259766
1 0.0478516 0.501068 0.0292969 0.0982906 0.338867
1 0.220252 0.651709 0.0492789 0.110043 0.274414
1 0.589543 0.143429 0.0360577 0.0389957 0.256104
1 0.046706 0.501068 0.0294847 0.0972222 0.311523
1 0.0476074 0.50227 0.0297852 0.10016 0.38501
1 0.217548 0.653846 0.0492788 0.111111 0.279053
1 0.589543 0.145833 0.0372596 0.0416667 0.27124
1 0.0476262 0.501603 0.0304988 0.101496 0.338867
1 0.217248 0.653846 0.0492788 0.111111 0.286133
1 0.589543 0.145833 0.0360577 0.0389957 0.258301
1 0.0478516 0.502003 0.0289964 0.104968 0.338135
1 0.216496 0.651709 0.0498798 0.110043 0.282227
1 0.590745 0.145566 0.0360577 0.0400641 0.277588
1 0.0473069 0.501603 0.0291842 0.101496 0.291748
1 0.0473445 0.501202 0.0294096 0.10016 0.294922
1 0.588792 0.142361 0.0363582 0.0395299 0.259033
1 0.58774 0.144231 0.0360577 0.0363248 0.344238
1 0.0462928 0.502671 0.0306115 0.100427 0.341553
1 0.889423 0.392361 0.0336538 0.0416667 0.281494
1 0.48107 0.643162 0.0348557 0.0512821 0.280518
1 0.549579 0.833333 0.046274 0.0491453 0.275146
1 0.0466496 0.500534 0.0303486 0.103632 0.33374
1 0.588942 0.145967 0.0348558 0.0389957 0.331055
1 0.481671 0.642094 0.0354567 0.0502137 0.313232
1 0.548678 0.845086 0.046875 0.0555556 0.307373
1 0.217849 0.653846 0.0486779 0.108974 0.290283
1 0.0467248 0.503072 0.0307993 0.102831 0.37207
1 0.589543 0.1461 0.0360577 0.0405983 0.349609
1 0.218149 0.655983 0.0498798 0.106838 0.334473
1 0.481971 0.643162 0.0348557 0.0491453 0.324219
1 0.549279 0.837607 0.0444711 0.0491453 0.27124
1 0.0467248 0.504808 0.0304988 0.104701 0.435059
1 0.588942 0.1461 0.0348558 0.0389957 0.359375
1 0.481971 0.642094 0.0348557 0.0470086 0.34082
1 0.217548 0.650641 0.0486779 0.111111 0.318359
1 0.54988 0.836004 0.0444711 0.0491453 0.318359
1 0.890625 0.393697 0.0336538 0.0422009 0.291748
1 0.830529 0.286859 0.0432693 0.0443376 0.269775
1 0.0461426 0.502671 0.0300105 0.104701 0.494141
1 0.588792 0.145566 0.0339543 0.0363248 0.391357
1 0.48137 0.641026 0.0360577 0.0491453 0.363037
1 0.549279 0.836539 0.0444711 0.0470085 0.351318
1 0.890625 0.394231 0.0348557 0.0416667 0.330322
1 0.830529 0.287393 0.0456731 0.0416667 0.313232
1 0.217097 0.650107 0.0492789 0.114316 0.305664
1 0.0464243 0.502671 0.0300481 0.103632 0.439697
1 0.588341 0.1457 0.0336539 0.0384615 0.371094
1 0.481971 0.640491 0.0336538 0.0470086 0.351318
1 0.54988 0.836539 0.0450721 0.048077 0.308105
1 0.890625 0.394765 0.0348557 0.0438034 0.291748
1 0.830529 0.287126 0.0432693 0.042735 0.275879
1 0.217548 0.652778 0.0480769 0.111111 0.275879
1 0.0467999 0.503739 0.0307993 0.101496 0.491211
1 0.588341 0.144899 0.0348558 0.0384615 0.44165
1 0.481971 0.641026 0.0348557 0.0470086 0.407227
1 0.549279 0.837073 0.045673 0.0491453 0.385742
1 0.890625 0.394231 0.0360577 0.042735 0.337158
1 0.830529 0.286859 0.0432693 0.042735 0.309814
1 0.216947 0.652778 0.047476 0.113248 0.309814
1 0.0471755 0.503072 0.0291466 0.100694 0.486328
1 0.588341 0.145032 0.0348558 0.0387286 0.408203
1 0.481971 0.641026 0.0348557 0.0470086 0.366699
1 0.549279 0.83547 0.0444711 0.0491453 0.355713
1 0.830529 0.285256 0.0432693 0.0427351 0.334473
1 0.890625 0.394765 0.0360577 0.042735 0.314941
1 0.216797 0.652778 0.0471755 0.111111 0.303955
1 0.0466496 0.504274 0.0289964 0.099359 0.495117
1 0.588341 0.145833 0.0360577 0.0387286 0.418701
1 0.481971 0.639957 0.0348557 0.0448718 0.391357
1 0.548978 0.836539 0.0450721 0.0470085 0.357666
1 0.217097 0.654915 0.0489784 0.102564 0.338135
1 0.890625 0.394498 0.0360577 0.0427351 0.315674
1 0.830529 0.286859 0.0432693 0.0416667 0.30249
1 0.046274 0.502003 0.0298978 0.100694 0.508789
1 0.587891 0.1461 0.0357572 0.0400641 0.419678
1 0.481971 0.639957 0.0348557 0.0459402 0.414795
1 0.549279 0.837073 0.0444711 0.0480769 0.370117
1 0.890625 0.394765 0.0360577 0.0443376 0.348633
1 0.2186 0.653312 0.0498798 0.103632 0.335449
1 0.829928 0.287393 0.0444712 0.0432692 0.328613
1 0.102163 0.871795 0.023137 0.0534188 0.253906
1 0.0471004 0.503072 0.0292969 0.100694 0.511719
1 0.588942 0.1461 0.0348558 0.039797 0.44165
1 0.54988 0.83547 0.0444711 0.048077 0.387695
1 0.21875 0.65438 0.0510817 0.106838 0.378418
1 0.482272 0.639957 0.0342548 0.0459402 0.376709
1 0.890625 0.394231 0.0348557 0.042735 0.335449
1 0.830529 0.28766 0.0432693 0.042735 0.30249
1 0.0467248 0.502671 0.0300481 0.102564 0.505859
1 0.588942 0.146635 0.0360577 0.0389957 0.421631
1 0.481971 0.640491 0.0354568 0.0480769 0.414795
1 0.549579 0.83547 0.0456731 0.0491453 0.391357
1 0.217398 0.654915 0.0489784 0.115385 0.351318
1 0.890625 0.395299 0.0360577 0.0448718 0.336426
1 0.830529 0.287927 0.0444712 0.042735 0.295898
1 0.0467999 0.503072 0.0298978 0.100694 0.493164
1 0.481971 0.640491 0.0360577 0.0470086 0.427246
1 0.589093 0.148504 0.0357572 0.0384615 0.413086
1 0.217097 0.653846 0.0486779 0.111111 0.379395
1 0.549579 0.837607 0.0450721 0.0491453 0.376709
1 0.890625 0.395566 0.0360577 0.0438034 0.31665
1 0.830529 0.288996 0.0432693 0.0432692 0.299072
1 0.046875 0.504808 0.0301983 0.102564 0.510742
1 0.481971 0.640491 0.0360577 0.0470086 0.437744
1 0.588942 0.148237 0.0360577 0.0387286 0.421631
1 0.217849 0.65438 0.0498798 0.107906 0.420654
1 0.54988 0.837607 0.0456731 0.0491453 0.384033
1 0.890625 0.395299 0.0360577 0.042735 0.345947
1 0.830529 0.288996 0.0432693 0.0422009 0.297363
1 0.0466496 0.503072 0.0304988 0.100694 0.499023
1 0.218149 0.654915 0.0492788 0.106838 0.420654
1 0.482272 0.639957 0.0354567 0.0470086 0.417725
1 0.588792 0.148237 0.0363582 0.0389957 0.395996
1 0.54988 0.836539 0.0456731 0.0491453 0.365723
1 0.890625 0.395299 0.0360577 0.0438034 0.321777
1 0.830529 0.288996 0.0456731 0.0438034 0.294189
1 0.0466496 0.503739 0.0295974 0.101496 0.516602
1 0.481971 0.639957 0.0360577 0.0470086 0.438721
1 0.588341 0.148237 0.0360577 0.0384615 0.415771
1 0.217849 0.655449 0.0486779 0.105769 0.402588
1 0.549279 0.836539 0.0444711 0.0491453 0.380371
1 0.890625 0.395299 0.0360577 0.0438034 0.335449
1 0.829928 0.288729 0.0444712 0.0432692 0.310791
1 0.0466496 0.504407 0.0297476 0.102297 0.507812
1 0.481971 0.640491 0.0360577 0.0470086 0.425293
1 0.588341 0.149172 0.0360577 0.0379274 0.400635
1 0.217849 0.653846 0.0486779 0.104701 0.388672
1 0.54988 0.837607 0.0444711 0.0470085 0.369385
1 0.890625 0.395566 0.0360577 0.0432692 0.315674
1 0.829928 0.28953 0.0444712 0.0427351 0.286865
1 0.0464994 0.503739 0.0301983 0.101496 0.506836
1 0.481971 0.639957 0.0360577 0.0470086 0.435791
1 0.588341 0.149172 0.0360577 0.0381944 0.415771
1 0.217849 0.653312 0.0498798 0.103632 0.401611
1 0.549279 0.837607 0.045673 0.0491453 0.388672
1 0.890625 0.395299 0.0360577 0.0438034 0.33374
1 0.829928 0.28953 0.0444712 0.0427351 0.301514
1 0.0464243 0.502671 0.0300481 0.103632 0.439697
1 0.588341 0.1457 0.0336539 0.0384615 0.371094
1 0.481971 0.640491 0.0336538 0.0470086 0.352295
1 0.54988 0.836539 0.0450721 0.048077 0.308105
1 0.890625 0.394765 0.0348557 0.0438034 0.291748
1 0.830529 0.287393 0.0432693 0.042735 0.275879
1 0.217548 0.652778 0.0480769 0.111111 0.275879
