1 0.901442 0.444979 0.0480769 0.0555556 0.259033
1 0.901442 0.44391 0.0456731 0.0512821 0.273682
1 0.901442 0.444979 0.0480769 0.0576923 0.300781
1 0.902644 0.444979 0.0456731 0.0534188 0.250977
1 0.902043 0.444979 0.0456731 0.0502137 0.311523
1 0.901442 0.448184 0.0456731 0.051282 0.305664
1 0.0845853 0.61218 0.0486779 0.0705129 0.270508
1 0.901442 0.446047 0.046875 0.0502137 0.318359
1 0.901442 0.446047 0.0456731 0.0502137 0.345215
1 0.0853365 0.607906 0.0507812 0.0705128 0.26123
1 0.902043 0.446581 0.0456731 0.0475427 0.306641
1 0.901442 0.446047 0.0456731 0.0496795 0.368408
1 0.901442 0.445513 0.0456731 0.051282 0.391357
1 0.901442 0.446047 0.046875 0.0502137 0.374756
1 0.901442 0.44578 0.046875 0.0496795 0.349609
1 0.901442 0.446047 0.046875 0.0523504 0.374756
1 0.901442 0.445513 0.0480769 0.0523504 0.413086
1 0.901442 0.446314 0.0456731 0.0528846 0.406494
1 0.901442 0.447115 0.0480769 0.0534188 0.427246
1 0.901442 0.446314 0.046875 0.0518162 0.379395
1 0.901442 0.446047 0.0456731 0.051282 0.410156
1 0.901442 0.446581 0.0456731 0.051282 0.370117
1 0.901442 0.446581 0.046875 0.051282 0.387695
1 0.902043 0.446581 0.0456731 0.0475427 0.307373
