1 0.801683 0.448184 0.0480769 0.0523504 0.265869
1 0.805288 0.454327 0.0444712 0.0491453 0.274414
1 0.804087 0.452991 0.0432693 0.0470086 0.252441
1 0.804087 0.451389 0.0456731 0.0512821 0.276611
1 0.804688 0.451923 0.048077 0.051282 0.255371
1 0.804688 0.449786 0.046875 0.0448718 0.257568
1 0.803486 0.448718 0.0444712 0.0470086 0.258301
1 0.802885 0.451923 0.0456731 0.0571581 0.272705
1 0.802885 0.450855 0.046875 0.0502137 0.268066
1 0.802885 0.449519 0.0504807 0.0550214 0.288574
1 0.802284 0.450321 0.0492788 0.0512821 0.291748
1 0.803486 0.452724 0.048077 0.0502137 0.274414
1 0.804087 0.449786 0.0456731 0.0534188 0.259033
1 0.802885 0.451656 0.046875 0.0528846 0.282959
1 0.802885 0.452991 0.0480769 0.0523504 0.259766
1 0.802885 0.452457 0.0480769 0.0491453 0.289307
1 0.802885 0.45219 0.0444711 0.0480769 0.273682
1 0.802885 0.451122 0.0480769 0.0502137 0.274414
1 0.802885 0.451389 0.046875 0.0523504 0.276611
1 0.802885 0.450855 0.0480769 0.0544872 0.2854
1 0.804087 0.451389 0.046875 0.0512821 0.270508
1 0.804087 0.451389 0.0480769 0.0502137 0.300781
1 0.802885 0.452724 0.0480769 0.0502137 0.320801
1 0.802885 0.45219 0.0456731 0.0507479 0.273682
1 0.802885 0.452724 0.0480769 0.053953 0.300781
1 0.802885 0.452991 0.0480769 0.051282 0.282959
1 0.803486 0.453526 0.048077 0.0523504 0.284668
1 0.802885 0.453526 0.0480769 0.0491453 0.256836
1 0.802885 0.453526 0.0480769 0.0534188 0.288574
1 0.802885 0.454861 0.0480769 0.0486111 0.339844
1 0.803486 0.4586 0.0456731 0.0480769 0.27832
1 0.802885 0.458868 0.046875 0.0480769 0.287842
1 0.802885 0.456197 0.0480769 0.0512821 0.321777
1 0.802885 0.457265 0.046875 0.0480769 0.332764
1 0.803486 0.457532 0.046875 0.0470086 0.290283
1 0.278846 0.747863 0.0264423 0.0705129 0.251709
1 0.802885 0.456731 0.046875 0.0491453 0.390381
1 0.279522 0.748398 0.027494 0.0705128 0.267334
1 0.802885 0.456731 0.046875 0.0486111 0.368408
1 0.280349 0.75 0.0252404 0.0683761 0.250244
1 0.802885 0.456998 0.046875 0.0475427 0.369385
1 0.802885 0.456197 0.046875 0.0470086 0.348633
1 0.803486 0.456464 0.046875 0.0486111 0.380371
1 0.804087 0.456731 0.0480769 0.0491453 0.379395
1 0.803486 0.457265 0.046875 0.0491453 0.374756
1 0.804087 0.457532 0.0480769 0.0491453 0.407227
1 0.803486 0.457265 0.046875 0.0491453 0.375732
1 0.802885 0.456731 0.0456731 0.0480769 0.386719
1 0.803486 0.457532 0.0456731 0.0470086 0.36377
1 0.802885 0.457799 0.0456731 0.0470086 0.381104
1 0.803486 0.457799 0.046875 0.0470086 0.290283
1 0.278846 0.747863 0.0264423 0.0705129 0.252441
