1 0.428486 0.722222 0.0258413 0.0491453 0.286865
1 0.282151 0.555556 0.031851 0.0790598 0.318359
1 0.426082 0.729701 0.03125 0.0534188 0.291748
1 0.280349 0.551816 0.0354568 0.0769231 0.269775
1 0.105319 0.374466 0.0249399 0.059829 0.273682
1 0.106971 0.377137 0.0216346 0.0608974 0.256104
1 0.105093 0.374199 0.0241887 0.0598291 0.256836
1 0.558293 0.816239 0.0360577 0.0512821 0.253906
1 0.560096 0.820513 0.0372596 0.0619658 0.256836
1 0.107422 0.379006 0.0258413 0.0651709 0.279785
1 0.10607 0.379274 0.0264423 0.0614316 0.306641
1 0.105769 0.381677 0.0258413 0.0598291 0.255371
1 0.105469 0.376603 0.0252404 0.0662393 0.291016
1 0.557692 0.815705 0.0408654 0.0673077 0.284668
1 0.558594 0.817842 0.0414663 0.0608974 0.259033
1 0.10607 0.379808 0.0279447 0.0662393 0.287842
1 0.559495 0.818376 0.0384615 0.059829 0.269775
1 0.107572 0.378205 0.0273438 0.0619658 0.256836
1 0.107722 0.376603 0.0279447 0.0641026 0.275146
1 0.105769 0.378472 0.0279447 0.0641026 0.29248
1 0.558894 0.816239 0.0408654 0.0534188 0.259766
1 0.280724 0.558227 0.0310997 0.0608974 0.252441
1 0.105469 0.376068 0.0276442 0.0630342 0.290283
1 0.558293 0.816239 0.0408654 0.0566239 0.274414
1 0.105168 0.375534 0.0249399 0.0619658 0.264404
1 0.10622 0.378739 0.0264423 0.0630342 0.262939
1 0.557091 0.817308 0.0396635 0.059829 0.277588
1 0.105168 0.376068 0.0243389 0.0635684 0.271973
1 0.10607 0.375 0.0234375 0.0566239 0.258301
1 0.10652 0.376603 0.0270433 0.0619658 0.293457
1 0.557993 0.815705 0.0414663 0.0587607 0.281494
1 0.106671 0.375 0.0243389 0.0619658 0.27832
1 0.105319 0.364316 0.0255409 0.0641026 0.304932
1 0.279748 0.555021 0.0294471 0.0630342 0.262939
1 0.105093 0.365652 0.0253906 0.0619658 0.272705
1 0.106746 0.365652 0.027494 0.0608974 0.259766
1 0.10622 0.377137 0.0273438 0.0641026 0.256104
1 0.106971 0.377404 0.0249399 0.0614316 0.273682
1 0.105544 0.365385 0.0262921 0.0630342 0.281494
1 0.558293 0.817308 0.0420673 0.0587608 0.254639
1 0.106445 0.377137 0.0244892 0.0587607 0.26123
1 0.557692 0.816239 0.0396635 0.0555556 0.258301
1 0.558594 0.816239 0.0402644 0.0587608 0.26123
1 0.105619 0.375267 0.0264423 0.0603633 0.253906
1 0.10637 0.376068 0.0243389 0.0603632 0.263672
1 0.558894 0.816239 0.0408654 0.0576923 0.27832
1 0.10607 0.376068 0.0255409 0.0608974 0.265869
1 0.106671 0.375801 0.0243389 0.0603633 0.293457
1 0.558293 0.815171 0.0396635 0.0534188 0.259033
1 0.559495 0.814103 0.0420673 0.0587607 0.286133
1 0.107572 0.373665 0.0264423 0.0592949 0.269043
1 0.559495 0.817308 0.0420673 0.0576923 0.276611
1 0.557091 0.816239 0.0408654 0.0587608 0.289307
1 0.106671 0.37687 0.0246394 0.0598291 0.280518
1 0.558594 0.817308 0.0402644 0.0576923 0.293457
1 0.106971 0.376603 0.0249399 0.0598291 0.250244
1 0.557692 0.816773 0.0396635 0.0555556 0.284668
1 0.107422 0.376603 0.0246394 0.0608974 0.282959
1 0.558293 0.815171 0.0408654 0.0555556 0.254639
1 0.105319 0.37313 0.0261418 0.0603632 0.346924
1 0.557692 0.814103 0.0384615 0.0544872 0.287842
1 0.279147 0.557692 0.030649 0.0619658 0.252441
1 0.10652 0.373932 0.0252404 0.0598291 0.344238
1 0.558894 0.815171 0.0396635 0.0534188 0.320068
1 0.106295 0.374733 0.0271935 0.0625 0.346924
1 0.558894 0.815171 0.0396635 0.0555556 0.314941
1 0.280349 0.560897 0.03125 0.0619658 0.268066
1 0.10622 0.374466 0.0255409 0.0592949 0.388672
1 0.559195 0.813034 0.0390625 0.0534188 0.299805
1 0.427584 0.732906 0.0282452 0.0405983 0.288574
1 0.280123 0.560363 0.0310998 0.0630342 0.2854
1 0.105919 0.372863 0.0255409 0.0598291 0.425293
1 0.558293 0.811966 0.0408654 0.0555556 0.365723
1 0.279522 0.560897 0.0310998 0.0619658 0.310791
1 0.426683 0.733974 0.0276443 0.0384615 0.286133
1 0.606971 0.837607 0.0228365 0.0373931 0.263672
1 0.105319 0.374466 0.0246394 0.059829 0.400635
1 0.558594 0.813034 0.0378606 0.0534188 0.338867
1 0.279447 0.560363 0.0294471 0.0587607 0.288574
1 0.426683 0.734509 0.0276443 0.0405983 0.272705
1 0.88101 0.725962 0.0216346 0.0352564 0.253174
1 0.105844 0.375 0.0256911 0.0608974 0.436768
1 0.558894 0.8125 0.0396635 0.0534188 0.386719
1 0.279748 0.561966 0.03125 0.0619658 0.313232
1 0.950721 0.012086 0.0336538 0.024172 0.291016
1 0.426983 0.733974 0.0288462 0.0405982 0.283691
1 0.88101 0.724359 0.0216346 0.0363248 0.253174
1 0.10652 0.376068 0.0243389 0.0598291 0.407227
1 0.558594 0.813034 0.0402644 0.0534188 0.36377
1 0.950721 0.0122863 0.032452 0.0245727 0.314941
1 0.280048 0.560897 0.0300481 0.0619658 0.313232
1 0.427284 0.735043 0.0288462 0.0405983 0.279053
1 0.105995 0.376068 0.0241887 0.0592949 0.42627
1 0.558293 0.811966 0.0396635 0.051282 0.394287
1 0.279973 0.560897 0.0289964 0.059829 0.320068
1 0.427284 0.733974 0.0288462 0.0405982 0.294189
1 0.950721 0.0128873 0.032452 0.0257746 0.282959
1 0.88101 0.724359 0.0216346 0.0363248 0.256104
1 0.105844 0.375534 0.0262921 0.0598291 0.428223
1 0.558894 0.811966 0.0396635 0.0534188 0.407227
1 0.279447 0.561432 0.03125 0.0619658 0.324219
1 0.950721 0.0129874 0.0336538 0.0259749 0.318359
1 0.426983 0.734509 0.0282452 0.0405983 0.308105
1 0.880409 0.725427 0.0216347 0.0384616 0.265137
1 0.105844 0.375267 0.0247897 0.0603633 0.436768
1 0.559195 0.813034 0.0390625 0.0534188 0.393311
1 0.427284 0.733974 0.0276443 0.0405982 0.301514
1 0.951322 0.013555 0.0324519 0.02711 0.300781
1 0.279973 0.561432 0.0301983 0.0619658 0.299805
1 0.88101 0.725427 0.0216346 0.0384616 0.266602
1 0.106145 0.375534 0.0262921 0.0608974 0.431152
1 0.558894 0.8125 0.0396635 0.0544872 0.359375
1 0.426983 0.733974 0.0288462 0.0405982 0.318359
1 0.280048 0.561966 0.03125 0.0641026 0.313232
1 0.950721 0.0134215 0.0336538 0.0268429 0.299072
1 0.88101 0.724893 0.0216346 0.0363248 0.263672
1 0.106295 0.376068 0.0262921 0.0608974 0.42334
1 0.558894 0.811966 0.0396635 0.0534188 0.387695
1 0.280048 0.561966 0.03125 0.0619658 0.320801
1 0.427284 0.734509 0.0288462 0.0405983 0.307373
1 0.951322 0.0137887 0.0336539 0.0275775 0.293457
1 0.88101 0.724359 0.0216346 0.0363248 0.279785
1 0.106145 0.376603 0.0262921 0.0608974 0.433105
1 0.558894 0.813034 0.0396635 0.0523504 0.40918
1 0.280048 0.561966 0.030649 0.0619658 0.34082
1 0.427284 0.734509 0.0288462 0.0395298 0.309082
1 0.950721 0.0141226 0.0336538 0.0282452 0.303955
1 0.88101 0.725427 0.0216346 0.0363248 0.265869
1 0.106445 0.37687 0.027494 0.0619658 0.412109
1 0.558894 0.8125 0.0396635 0.0523504 0.393311
1 0.280048 0.561966 0.031851 0.0619658 0.324219
1 0.951322 0.0142561 0.0348557 0.0285123 0.282227
1 0.426983 0.734509 0.0288462 0.0405983 0.282227
1 0.88101 0.724359 0.0216346 0.0363248 0.257568
1 0.10652 0.376336 0.0264423 0.0614316 0.439697
1 0.558894 0.811966 0.0396635 0.0534188 0.408203
1 0.280048 0.561966 0.030649 0.0619658 0.349609
1 0.426983 0.734509 0.0288462 0.0395298 0.306641
1 0.950721 0.0143563 0.0336538 0.0287126 0.289307
1 0.88101 0.724893 0.0216346 0.0363248 0.283691
1 0.10637 0.37687 0.0261418 0.0614316 0.42334
1 0.559195 0.813034 0.0402644 0.0534188 0.392334
1 0.280048 0.561966 0.030649 0.0619658 0.32251
1 0.426983 0.735043 0.0288462 0.0395299 0.284668
1 0.950721 0.0144565 0.0336538 0.0289129 0.263672
1 0.88101 0.725427 0.0216346 0.0363248 0.256104
1 0.106295 0.377137 0.0265925 0.0608974 0.436768
1 0.558894 0.813034 0.0396635 0.0534188 0.407227
1 0.279748 0.5625 0.030649 0.0619658 0.330322
1 0.426683 0.735043 0.0288462 0.0405983 0.296631
1 0.88101 0.725427 0.0216346 0.0363248 0.258301
1 0.950721 0.0142228 0.0336538 0.0284455 0.256836
1 0.105319 0.374466 0.0246394 0.059829 0.400635
1 0.558594 0.813034 0.0378606 0.0534188 0.338867
1 0.279447 0.560363 0.0294471 0.0587607 0.288574
1 0.426683 0.734509 0.0276443 0.0405983 0.272705
1 0.88101 0.725427 0.0216346 0.0341881 0.253174
