1 0.398137 0.688034 0.0264423 0.0534188 0.358398
1 0.370192 0.181624 0.0246394 0.0486111 0.272705
1 0.396034 0.684829 0.0348558 0.0405983 0.300781
1 0.396034 0.683761 0.0288462 0.0384616 0.264404
1 0.396334 0.688034 0.0288461 0.0395299 0.296631
1 0.397236 0.689637 0.0288462 0.0395299 0.257568
1 0.396635 0.688568 0.0288462 0.0427351 0.262939
1 0.396334 0.690171 0.0288461 0.0405983 0.299072
1 0.397236 0.690171 0.03125 0.0416667 0.26123
1 0.395132 0.692308 0.0294471 0.0427351 0.294189
1 0.396635 0.690705 0.0300481 0.0405983 0.276611
1 0.396635 0.689103 0.0300481 0.0384615 0.282959
1 0.396034 0.690171 0.0288462 0.0405983 0.279053
1 0.395433 0.688034 0.0300481 0.0405983 0.270508
1 0.396034 0.689103 0.0276443 0.0405983 0.276611
1 0.396334 0.690171 0.0264423 0.0395299 0.282959
1 0.395433 0.690171 0.0264423 0.0405983 0.2854
1 0.396635 0.686966 0.0276443 0.0395299 0.262939
1 0.396034 0.689103 0.0294471 0.0405983 0.291748
1 0.397837 0.688034 0.0288462 0.0405983 0.299072
1 0.396034 0.690171 0.0276443 0.042735 0.289307
1 0.396034 0.692308 0.0270433 0.0405983 0.259033
1 0.396334 0.690705 0.0282452 0.0416666 0.26123
1 0.395433 0.690171 0.0276443 0.0416667 0.259033
1 0.396034 0.690171 0.0288462 0.0448718 0.256104
1 0.396334 0.692308 0.0276442 0.0427351 0.271973
1 0.396034 0.690171 0.0276443 0.0448718 0.274414
1 0.397236 0.692308 0.0282452 0.0427351 0.259033
1 0.396334 0.689103 0.0282452 0.0395299 0.291016
1 0.396034 0.692308 0.0276443 0.0363248 0.365723
1 0.396635 0.692308 0.0276443 0.0384615 0.363037
1 0.602163 0.68109 0.0180288 0.0405983 0.251709
1 0.396635 0.694444 0.0288462 0.0405983 0.370117
1 0.396034 0.691239 0.0282452 0.0405983 0.406494
1 0.370493 0.185096 0.0276442 0.0384615 0.279053
1 0.602163 0.680021 0.0192308 0.0384616 0.269775
1 0.396635 0.691239 0.0276443 0.0384616 0.454346
1 0.370192 0.186165 0.0264423 0.0363248 0.262939
1 0.602163 0.678419 0.0168269 0.0384616 0.259033
1 0.396034 0.691774 0.0276443 0.0384616 0.420654
1 0.602163 0.678419 0.0168269 0.0384616 0.274414
1 0.369591 0.186432 0.0264423 0.0384615 0.250977
1 0.396034 0.690705 0.0282452 0.0395299 0.494141
1 0.370192 0.184829 0.0276443 0.0384615 0.305664
1 0.602163 0.678419 0.0192308 0.0384616 0.303955
1 0.395733 0.691239 0.0276442 0.0384616 0.456055
1 0.370192 0.184829 0.0276443 0.0381944 0.307373
1 0.602764 0.679487 0.0180289 0.0405983 0.283691
1 0.395733 0.691239 0.0276442 0.0384616 0.488281
1 0.370192 0.18563 0.0276443 0.0389957 0.293457
1 0.602163 0.678419 0.0192308 0.0384616 0.283691
1 0.395433 0.690705 0.0288462 0.0395299 0.508789
1 0.370192 0.185764 0.0276443 0.0392628 0.339844
1 0.602163 0.677885 0.0180288 0.0384616 0.290283
1 0.396034 0.691239 0.0276443 0.0384616 0.501953
1 0.370192 0.18563 0.0270433 0.0379274 0.317383
1 0.602163 0.678419 0.0180288 0.0384616 0.275879
1 0.396034 0.690705 0.0288462 0.0395299 0.49707
1 0.370192 0.186565 0.0282452 0.0400641 0.320801
1 0.602163 0.678953 0.0192308 0.0405983 0.315674
1 0.396635 0.690171 0.0276443 0.0384615 0.493164
1 0.602163 0.678419 0.0192308 0.0384616 0.314941
1 0.370192 0.187767 0.0288462 0.039797 0.29834
1 0.396034 0.691239 0.0276443 0.0405983 0.500977
1 0.602163 0.679487 0.0180288 0.0384616 0.32251
1 0.369892 0.187099 0.0276443 0.0387286 0.310791
1 0.396034 0.691239 0.0288462 0.0405983 0.477539
1 0.602163 0.679487 0.0180288 0.0395299 0.309082
1 0.369591 0.187233 0.0288462 0.0395299 0.2854
1 0.396034 0.690705 0.0288462 0.0395299 0.500977
1 0.602163 0.678953 0.0180288 0.0405983 0.341553
1 0.369892 0.187233 0.0288462 0.0395299 0.294922
1 0.396334 0.691773 0.0282452 0.0395299 0.483398
1 0.602163 0.679487 0.0180288 0.0405983 0.321777
1 0.370192 0.1875 0.0288462 0.0389957 0.274414
1 0.396034 0.692308 0.0288462 0.0384615 0.50293
1 0.602163 0.678953 0.0180288 0.0384616 0.327637
1 0.369892 0.187233 0.0282452 0.0389957 0.299072
1 0.396034 0.691774 0.0276443 0.0384616 0.420654
1 0.602163 0.678419 0.0168269 0.0384616 0.274414
1 0.369591 0.186432 0.0264423 0.0384615 0.250977
