1 0.454627 0.691239 0.0336538 0.0555556 0.373047
1 0.454327 0.689637 0.0348558 0.0448718 0.282227
1 0.453726 0.6875 0.03125 0.0416667 0.267334
1 0.455529 0.690171 0.03125 0.0405983 0.254639
1 0.454627 0.690171 0.0324519 0.0470086 0.250244
1 0.454327 0.691239 0.0300481 0.0416667 0.27832
1 0.453726 0.694444 0.03125 0.0459401 0.250977
1 0.454026 0.694979 0.0294471 0.0448718 0.264404
1 0.455529 0.692308 0.03125 0.0427351 0.257568
1 0.455228 0.691773 0.031851 0.0416666 0.294922
1 0.454928 0.692308 0.0300481 0.0448718 0.290283
1 0.454327 0.690171 0.0300481 0.042735 0.26123
1 0.454627 0.690171 0.0282452 0.0416667 0.266602
1 0.454928 0.691239 0.0276442 0.0405983 0.258301
1 0.454327 0.691239 0.0276442 0.0384616 0.272705
1 0.454928 0.689103 0.0288461 0.0405983 0.259033
1 0.454928 0.692308 0.0300481 0.0416667 0.273682
1 0.45643 0.690705 0.0294471 0.0416666 0.282959
1 0.454928 0.691239 0.0288461 0.0448718 0.287842
1 0.454928 0.692842 0.0276442 0.0416667 0.271973
1 0.455529 0.692308 0.0288461 0.0427351 0.264404
1 0.455529 0.691774 0.0294471 0.0438034 0.269775
1 0.455529 0.693376 0.0276442 0.0416667 0.275879
1 0.455529 0.691239 0.030048 0.042735 0.251709
1 0.454928 0.692842 0.0288461 0.0448718 0.284668
1 0.455529 0.693376 0.0288461 0.0405983 0.253906
1 0.455529 0.692842 0.0294471 0.0416667 0.266602
1 0.454928 0.695513 0.0288461 0.0384616 0.330322
1 0.455529 0.697115 0.0276442 0.0395299 0.296631
1 0.658654 0.67735 0.0216346 0.0438034 0.253906
1 0.455529 0.698718 0.030048 0.0405983 0.318359
1 0.455228 0.696581 0.0288462 0.0405983 0.348633
1 0.658654 0.678419 0.0216346 0.042735 0.276611
1 0.455529 0.696581 0.0276442 0.0384616 0.380371
1 0.658654 0.676282 0.0204327 0.042735 0.257568
1 0.455228 0.697115 0.0282452 0.0395299 0.364746
1 0.657452 0.676282 0.0192308 0.042735 0.274414
1 0.455529 0.696047 0.0288461 0.0405983 0.432129
1 0.658654 0.676282 0.0216346 0.042735 0.313965
1 0.454928 0.696047 0.0288461 0.0395299 0.394287
1 0.658654 0.67735 0.0204327 0.042735 0.294922
1 0.454928 0.696581 0.0288461 0.0405983 0.413086
1 0.658654 0.676282 0.0216346 0.042735 0.29248
1 0.454627 0.696581 0.0300481 0.0405983 0.450439
1 0.658654 0.676282 0.0204327 0.042735 0.294922
1 0.455529 0.696581 0.0288461 0.0405983 0.435791
1 0.658654 0.676282 0.0204327 0.0416667 0.279053
1 0.455529 0.696581 0.0294471 0.0405983 0.435059
1 0.658654 0.676282 0.0216346 0.0448718 0.332764
1 0.455529 0.69765 0.0288461 0.0405983 0.428223
1 0.658654 0.676282 0.0216346 0.042735 0.331055
1 0.455529 0.69765 0.0294471 0.0405983 0.442627
1 0.658654 0.676816 0.0216346 0.042735 0.332764
1 0.455228 0.69765 0.0300481 0.0405983 0.419678
1 0.658654 0.676816 0.0216346 0.042735 0.317383
1 0.454928 0.696581 0.0300481 0.0405983 0.439697
1 0.658654 0.676282 0.0216346 0.0448718 0.347656
1 0.455228 0.69765 0.0294471 0.0395299 0.424316
1 0.658654 0.67735 0.0216346 0.042735 0.332031
1 0.454928 0.69765 0.0300481 0.0405983 0.44458
1 0.658654 0.67735 0.0204327 0.042735 0.339844
1 0.455228 0.697115 0.0282452 0.0395299 0.364746
1 0.657452 0.676282 0.0192308 0.042735 0.274414
