1 0.768029 0.787393 0.0396635 0.0448718 0.267334
1 0.495192 0.671474 0.0612981 0.0950855 0.371094
1 0.310998 0.177484 0.0300481 0.0787927 0.29834
1 0.710337 0.691239 0.0264423 0.0534188 0.27832
1 0.770433 0.793269 0.0504807 0.0544872 0.275879
1 0.774038 0.790598 0.0432692 0.0448719 0.33374
1 0.304087 0.171074 0.0330529 0.0803953 0.277588
1 0.30619 0.173611 0.030649 0.0833333 0.280518
1 0.772837 0.791132 0.0408654 0.0544872 0.276611
1 0.310096 0.180556 0.03125 0.0849359 0.256104
1 0.774038 0.792201 0.0432692 0.0555556 0.254639
1 0.772236 0.78953 0.0456731 0.0576923 0.265869
1 0.772837 0.791132 0.0456731 0.048077 0.352295
1 0.774038 0.792735 0.0408654 0.0480769 0.286133
1 0.8125 0.58547 0.0240385 0.0427351 0.252441
1 0.774038 0.791132 0.0432692 0.0502137 0.33374
1 0.8125 0.58547 0.0240385 0.0416667 0.255371
1 0.772236 0.793269 0.0456731 0.0566239 0.305664
1 0.771635 0.793803 0.0432693 0.0534188 0.308105
1 0.774038 0.793269 0.0408654 0.0470085 0.280518
1 0.814303 0.58547 0.0204327 0.0405983 0.266602
1 0.841346 0.0397803 0.0240385 0.0649372 0.253906
1 0.771635 0.792201 0.0480769 0.0555556 0.311523
1 0.772236 0.793803 0.0480769 0.0534188 0.293457
1 0.841346 0.0393296 0.0240385 0.0703793 0.254639
1 0.774038 0.792735 0.0408654 0.0523504 0.283691
1 0.772837 0.793803 0.0432693 0.0512821 0.289307
1 0.772837 0.794872 0.0456731 0.0534188 0.300781
1 0.772236 0.793803 0.0444712 0.0491453 0.341553
1 0.840745 0.0396635 0.0240384 0.0669071 0.258301
1 0.770433 0.792735 0.0432693 0.0534188 0.284668
1 0.774639 0.793803 0.0444711 0.0491453 0.320068
1 0.310697 0.174145 0.0300481 0.0838675 0.282227
1 0.98738 0.479167 0.0252403 0.0502137 0.250977
1 0.813101 0.586538 0.0228366 0.0448718 0.250977
1 0.77524 0.791132 0.0432692 0.051282 0.263672
1 0.772837 0.794872 0.0432693 0.0534188 0.303955
1 0.771635 0.791133 0.0432693 0.0576923 0.257568
1 0.774038 0.796474 0.0408654 0.0544871 0.354004
1 0.8125 0.587607 0.0240385 0.0470086 0.275879
1 0.774038 0.794872 0.0444711 0.0491453 0.326904
1 0.774038 0.793803 0.0456731 0.0512821 0.342529
1 0.772236 0.797009 0.0444712 0.0534187 0.33374
1 0.304688 0.184829 0.03125 0.082265 0.287842
1 0.840745 0.0383948 0.0216346 0.0657051 0.275879
1 0.771635 0.79594 0.0444712 0.0448718 0.276611
1 0.772236 0.797009 0.0456731 0.0470085 0.293457
1 0.771635 0.793803 0.0456731 0.0534188 0.306641
1 0.811899 0.58547 0.0240384 0.0427351 0.253174
1 0.771635 0.797009 0.0456731 0.0534187 0.370117
1 0.771635 0.797543 0.0456731 0.0480769 0.320068
1 0.772837 0.790064 0.0456731 0.0459402 0.317383
1 0.840144 0.0370593 0.0216347 0.06664 0.279053
1 0.772236 0.794872 0.0444712 0.0491453 0.282227
1 0.771635 0.798077 0.0456731 0.0534188 0.260498
1 0.771635 0.794338 0.0432693 0.0459401 0.29248
1 0.772837 0.797543 0.0432693 0.0544872 0.312256
1 0.772837 0.797009 0.0444712 0.0566239 0.280518
1 0.772236 0.794872 0.0444712 0.0534188 0.325928
1 0.772837 0.794872 0.0456731 0.051282 0.366699
1 0.308894 0.178152 0.0324519 0.0934829 0.270508
1 0.41256 0.41453 0.0228365 0.045406 0.254639
1 0.772837 0.790598 0.0456731 0.0534188 0.344238
1 0.832933 0.65812 0.0336539 0.0555556 0.253906
1 0.305288 0.178953 0.031851 0.088141 0.251709
1 0.411659 0.415598 0.0228365 0.0470085 0.250977
1 0.771635 0.796474 0.0432693 0.0470086 0.315674
1 0.774038 0.793803 0.0432692 0.0534188 0.309814
1 0.771635 0.791667 0.0456731 0.0534188 0.323486
1 0.773438 0.794872 0.0444712 0.0534188 0.269775
1 0.772236 0.791667 0.0456731 0.0544872 0.30249
1 0.771635 0.792735 0.0456731 0.0491453 0.33374
1 0.8125 0.588141 0.0216347 0.042735 0.274414
1 0.412861 0.417468 0.0216346 0.0422009 0.252441
1 0.772837 0.794872 0.0456731 0.0491453 0.313232
1 0.772837 0.793803 0.0432693 0.0491453 0.272705
1 0.770433 0.792735 0.0456731 0.0534188 0.269043
1 0.772837 0.790598 0.0456731 0.0534188 0.320801
1 0.834135 0.657586 0.0360578 0.0576923 0.265137
1 0.771635 0.790598 0.0456731 0.0576923 0.301514
1 0.772837 0.790598 0.0432693 0.0512821 0.320801
1 0.771635 0.790598 0.0444712 0.0512821 0.288574
1 0.772837 0.790598 0.0456731 0.0512821 0.274414
1 0.771635 0.790598 0.0456731 0.0491453 0.313965
1 0.771635 0.791667 0.0456731 0.0534188 0.305664
1 0.772837 0.794872 0.0456731 0.0534188 0.303223
1 0.773438 0.794338 0.0444712 0.0523504 0.303223
1 0.771635 0.796474 0.0456731 0.0523504 0.332764
1 0.413462 0.4164 0.0228365 0.0475427 0.272705
1 0.8125 0.588675 0.0216347 0.0448718 0.266602
1 0.310998 0.176282 0.0294471 0.0849359 0.255371
1 0.771635 0.792735 0.0456731 0.0555556 0.291016
1 0.772236 0.791132 0.0456731 0.0523504 0.324219
1 0.772236 0.790598 0.0456731 0.0491453 0.313965
1 0.771635 0.792735 0.0456731 0.0576923 0.334473
1 0.413161 0.415598 0.0234375 0.0491453 0.256104
1 0.771635 0.791133 0.0456731 0.0555556 0.335449
1 0.772236 0.792735 0.0444712 0.0534188 0.332031
1 0.413462 0.416667 0.0240385 0.0470086 0.258301
1 0.813101 0.588675 0.0240384 0.0459401 0.255371
1 0.771635 0.791667 0.0456731 0.0470086 0.304932
1 0.771635 0.791667 0.0432693 0.0512821 0.314941
1 0.41256 0.413462 0.0234375 0.0448718 0.259766
1 0.8125 0.586538 0.0228365 0.042735 0.259033
1 0.771635 0.797009 0.0444712 0.0448718 0.339844
1 0.411659 0.417201 0.0228365 0.0438034 0.331055
1 0.811899 0.590278 0.0216346 0.042735 0.307373
1 0.987981 0.47703 0.0240384 0.042735 0.283691
1 0.043119 0.57906 0.0258413 0.0470086 0.281494
1 0.834135 0.65812 0.0324519 0.0576923 0.274414
1 0.709135 0.694444 0.0288462 0.0470086 0.265869
1 0.772837 0.797543 0.0432693 0.0470086 0.341553
1 0.41256 0.416667 0.0222355 0.0438034 0.338135
1 0.988281 0.475427 0.0234375 0.0405983 0.327637
1 0.8125 0.588675 0.0216347 0.0416667 0.308105
1 0.0437951 0.576389 0.0255409 0.0459402 0.286865
1 0.835337 0.660256 0.0336538 0.0555556 0.262939
1 0.841346 0.038328 0.0216347 0.0655716 0.259033
1 0.304087 0.191106 0.0264423 0.0633013 0.250244
1 0.772837 0.797009 0.0456731 0.051282 0.403564
1 0.8125 0.590812 0.0240385 0.0438034 0.337158
1 0.411959 0.416667 0.0234375 0.0459401 0.335449
1 0.98738 0.475694 0.0252403 0.0438034 0.320068
1 0.835337 0.659722 0.0336538 0.0566239 0.30249
1 0.043119 0.576923 0.0270433 0.0470086 0.296631
1 0.841947 0.0378105 0.0228366 0.0680756 0.279053
1 0.71274 0.69765 0.03125 0.0491453 0.250977
1 0.771635 0.795406 0.0456731 0.0512821 0.415771
1 0.8125 0.588675 0.0216347 0.042735 0.380371
1 0.41226 0.413996 0.0228365 0.0438034 0.360352
1 0.834736 0.65812 0.0324519 0.0566239 0.357666
1 0.987981 0.475427 0.0240384 0.0405983 0.344238
1 0.0435885 0.575855 0.0255033 0.0448718 0.300781
1 0.71274 0.695513 0.0288461 0.0491453 0.286133
1 0.841947 0.0380609 0.0204328 0.0659722 0.2854
1 0.772236 0.79594 0.0456731 0.0491453 0.473633
1 0.8125 0.589209 0.0216347 0.0416667 0.413086
1 0.41256 0.415598 0.0210336 0.0416667 0.398926
1 0.835337 0.658654 0.0336538 0.0555556 0.373047
1 0.988281 0.474626 0.0234375 0.0416667 0.37207
1 0.0437387 0.574786 0.0252028 0.0448718 0.306641
1 0.712139 0.696581 0.0288461 0.0459401 0.30249
1 0.841346 0.036859 0.0216347 0.0655716 0.295898
1 0.310697 0.170807 0.0258414 0.0702457 0.252441
1 0.772837 0.797009 0.0432693 0.0470085 0.401611
1 0.811298 0.590278 0.0216347 0.0416667 0.38501
1 0.411659 0.416667 0.0204327 0.0422009 0.376709
1 0.987981 0.474893 0.0240384 0.0395299 0.345215
1 0.834736 0.658654 0.0324519 0.0566239 0.345215
1 0.841346 0.0372596 0.0192308 0.0662393 0.327637
1 0.0428373 0.573718 0.0249023 0.0448718 0.290283
1 0.709135 0.69765 0.0288462 0.0470086 0.2854
1 0.772837 0.795406 0.0432693 0.0491453 0.490234
1 0.8125 0.588675 0.0216347 0.042735 0.446533
1 0.41256 0.415331 0.0222355 0.0438034 0.422607
1 0.835337 0.65812 0.0336538 0.0576923 0.402588
1 0.987981 0.475427 0.0240384 0.0405983 0.388672
1 0.842548 0.0373765 0.0192308 0.0662727 0.344238
1 0.709736 0.696047 0.0288462 0.0470085 0.338867
1 0.0434383 0.574252 0.0261043 0.0438034 0.325928
1 0.771635 0.794872 0.0456731 0.051282 0.474609
1 0.8125 0.589744 0.0216347 0.042735 0.421631
1 0.41256 0.415064 0.0222355 0.0448718 0.388672
1 0.835337 0.65812 0.0336538 0.0576923 0.371094
1 0.988582 0.475694 0.0228365 0.0422009 0.355713
1 0.842548 0.0375434 0.0192308 0.0656717 0.325928
1 0.0436448 0.574786 0.0255409 0.0448718 0.295898
1 0.709135 0.696047 0.0288462 0.0459402 0.293457
1 0.310697 0.175748 0.0288461 0.0758547 0.273682
1 0.771635 0.79594 0.0456731 0.0491453 0.496094
1 0.8125 0.588675 0.0240385 0.042735 0.448486
1 0.41226 0.415598 0.0216346 0.0438034 0.429199
1 0.987981 0.475694 0.0240384 0.0395299 0.373047
1 0.834736 0.659188 0.0336538 0.0555556 0.354004
1 0.841947 0.0385283 0.0204328 0.0662393 0.346924
1 0.0434195 0.573718 0.0258413 0.042735 0.320068
1 0.709736 0.69765 0.0300481 0.0470086 0.311523
1 0.311298 0.172009 0.0264423 0.0667735 0.251709
1 0.772837 0.794872 0.0456731 0.051282 0.496094
1 0.811899 0.588675 0.0228366 0.042735 0.455078
1 0.411659 0.415064 0.0228365 0.0438034 0.44165
1 0.987981 0.475427 0.0240384 0.0395299 0.375732
1 0.835337 0.659188 0.0336538 0.0576923 0.36377
1 0.841947 0.0375935 0.0228366 0.06664 0.338867
1 0.0435697 0.574252 0.0247897 0.042735 0.328613
1 0.709135 0.696581 0.0300481 0.0470086 0.317383
1 0.772837 0.795406 0.0444712 0.0502136 0.499023
1 0.8125 0.588675 0.0216347 0.042735 0.449463
1 0.41226 0.415064 0.0216346 0.0448718 0.44165
1 0.835337 0.658654 0.0324519 0.0566239 0.358398
1 0.987981 0.475694 0.0240384 0.0400641 0.35498
1 0.842548 0.038929 0.0216347 0.0662393 0.338135
1 0.713341 0.696581 0.0288461 0.0470086 0.328613
1 0.0437387 0.574786 0.0252028 0.042735 0.31665
1 0.311599 0.17281 0.0264423 0.0705128 0.274414
1 0.772236 0.796474 0.0456731 0.0512821 0.506836
1 0.8125 0.589744 0.0216347 0.042735 0.456055
1 0.41226 0.415331 0.0228365 0.0448718 0.422607
1 0.98738 0.477297 0.0252403 0.0416667 0.378418
1 0.0436448 0.575855 0.0264423 0.0448718 0.362061
1 0.835337 0.658654 0.0336538 0.0587607 0.338135
1 0.841947 0.0394631 0.0216346 0.0671741 0.336426
1 0.71274 0.69765 0.0288461 0.0470086 0.334473
1 0.310697 0.17695 0.0288461 0.0785256 0.29834
1 0.772236 0.797009 0.0456731 0.051282 0.501953
1 0.8125 0.589744 0.0216347 0.0416667 0.442627
1 0.41226 0.416132 0.0228365 0.0438034 0.422607
1 0.987981 0.477564 0.0240384 0.0405983 0.389648
1 0.0438702 0.575321 0.0261418 0.0438034 0.352295
1 0.835337 0.659188 0.0336538 0.0576923 0.345947
1 0.842548 0.0395299 0.0216347 0.0663729 0.342529
1 0.710337 0.69765 0.0288462 0.0470086 0.324219
1 0.311298 0.174412 0.0276442 0.0731838 0.276611
1 0.772236 0.797009 0.0456731 0.051282 0.520508
1 0.811899 0.590278 0.0228366 0.042735 0.467773
1 0.41226 0.416667 0.0222356 0.0448718 0.431152
1 0.98768 0.478098 0.0246394 0.0416667 0.410156
1 0.835337 0.659188 0.0336538 0.0576923 0.360352
1 0.0434007 0.575855 0.0258789 0.0448718 0.359375
1 0.842548 0.0398638 0.0204327 0.0663729 0.350342
1 0.71274 0.69765 0.0288461 0.0470086 0.331055
1 0.310697 0.176282 0.0276442 0.0758547 0.30249
1 0.772837 0.797009 0.0456731 0.051282 0.499023
1 0.811899 0.589744 0.0228366 0.042735 0.443604
1 0.41226 0.416667 0.0228365 0.0448718 0.413086
1 0.98738 0.478098 0.0252403 0.0416667 0.388672
1 0.0434195 0.575855 0.0262921 0.0448718 0.34082
1 0.835337 0.659188 0.0336538 0.0576923 0.337158
1 0.842548 0.040398 0.0216347 0.06664 0.325928
1 0.709135 0.69765 0.0300481 0.0470086 0.313965
1 0.310697 0.176549 0.0288461 0.0774573 0.290283
1 0.772837 0.796474 0.0456731 0.0502136 0.509766
1 0.811899 0.589209 0.0228366 0.042735 0.463867
1 0.41226 0.416667 0.0228365 0.0448718 0.429199
1 0.98738 0.478098 0.0252403 0.0422009 0.401611
1 0.0435697 0.574786 0.0264423 0.0448718 0.357666
1 0.835337 0.659188 0.0336538 0.0576923 0.346924
1 0.842548 0.0404647 0.0216347 0.0667735 0.339844
1 0.709135 0.69765 0.0300481 0.0459402 0.332031
1 0.310998 0.176015 0.0276442 0.0763889 0.30249
1 0.304087 0.186699 0.0300481 0.0731838 0.288574
1 0.772837 0.797009 0.0456731 0.0502137 0.493164
1 0.811899 0.589744 0.0228366 0.042735 0.452393
1 0.41226 0.416934 0.0228365 0.0443376 0.421631
1 0.987981 0.478098 0.0240384 0.0416667 0.385742
1 0.04372 0.575855 0.0261418 0.0448718 0.345947
1 0.835337 0.659722 0.0336538 0.0566239 0.330322
1 0.842548 0.0402644 0.0216347 0.0661058 0.319092
1 0.709135 0.69765 0.0288462 0.0448718 0.313965
1 0.311298 0.174546 0.0264423 0.0726496 0.273682
1 0.304087 0.188301 0.0288462 0.0697115 0.252441
1 0.772236 0.797009 0.0456731 0.0491453 0.512695
1 0.811899 0.590278 0.0228366 0.0416667 0.469727
1 0.41226 0.416934 0.0222356 0.0438034 0.435059
1 0.987981 0.478098 0.0240384 0.0405983 0.408203
1 0.0436448 0.575321 0.0261418 0.0448718 0.355713
1 0.834736 0.659722 0.0336538 0.0566239 0.347656
1 0.709135 0.698718 0.0288462 0.0448718 0.33374
1 0.842548 0.0405816 0.0216347 0.0660056 0.329346
1 0.311298 0.173745 0.0264423 0.0702457 0.269043
1 0.303486 0.189904 0.0288462 0.0662393 0.254639
1 0.772837 0.797009 0.0432693 0.0470085 0.401611
1 0.811298 0.590278 0.0216347 0.0416667 0.38501
1 0.411659 0.416667 0.0204327 0.0422009 0.376709
1 0.987981 0.474893 0.0240384 0.0395299 0.345215
1 0.834736 0.658654 0.0324519 0.0566239 0.345215
1 0.841346 0.0372596 0.0192308 0.0662393 0.328613
1 0.0428373 0.573718 0.0249023 0.0448718 0.290283
1 0.709135 0.69765 0.0288462 0.0470086 0.2854
