1 0.933894 0.566239 0.0432692 0.0705128 0.347656
1 0.709135 0.793269 0.0456731 0.0950855 0.408203
1 0.706731 0.787393 0.0576923 0.102564 0.271973
1 0.705529 0.776709 0.048077 0.104701 0.510742
1 0.932692 0.580128 0.0444712 0.0726496 0.311523
1 0.707933 0.782586 0.0528846 0.094017 0.342529
1 0.707933 0.790598 0.0552885 0.106838 0.287842
1 0.708534 0.78312 0.0492788 0.0908119 0.320068
1 0.935096 0.579594 0.0432692 0.0726496 0.315674
1 0.932692 0.57906 0.0432693 0.0694444 0.250977
1 0.709135 0.786325 0.0552885 0.102564 0.351318
1 0.935096 0.582799 0.0504808 0.0811966 0.280518
1 0.706731 0.786859 0.0564904 0.0886752 0.304932
1 0.93149 0.582265 0.0480769 0.0683761 0.251709
1 0.706731 0.786325 0.0552885 0.100427 0.256104
1 0.707332 0.787927 0.0504807 0.105769 0.434082
1 0.933293 0.581731 0.0420672 0.0758547 0.256836
1 0.707933 0.788462 0.0552885 0.100427 0.404541
1 0.932692 0.584402 0.0408653 0.0694444 0.273682
1 0.707933 0.785256 0.0528846 0.106838 0.343262
1 0.935096 0.579594 0.0432692 0.0715812 0.275879
1 0.709135 0.787393 0.0516827 0.0940171 0.300781
1 0.709135 0.788462 0.0576923 0.100427 0.331055
1 0.934495 0.582265 0.0456731 0.0747863 0.266602
1 0.934495 0.583333 0.0432693 0.0726496 0.312256
1 0.708534 0.780983 0.0504807 0.0982906 0.311523
1 0.707332 0.794872 0.0576923 0.108974 0.33374
1 0.70613 0.78312 0.0588942 0.104701 0.478516
1 0.933293 0.581197 0.0480769 0.0769231 0.325195
1 0.705529 0.787393 0.0528846 0.100427 0.271973
1 0.932692 0.584936 0.0456731 0.0747863 0.250244
1 0.708534 0.779915 0.0492788 0.0982906 0.338135
1 0.706731 0.78312 0.0552885 0.102564 0.38501
1 0.707933 0.788462 0.0528846 0.0982906 0.373047
1 0.932692 0.584402 0.0456731 0.073718 0.309082
1 0.708534 0.788462 0.0540865 0.106838 0.303955
1 0.709135 0.785256 0.0528846 0.0918804 0.378418
1 0.934495 0.581197 0.0444711 0.0705128 0.271973
1 0.706731 0.786859 0.0552885 0.103633 0.350342
1 0.707933 0.791667 0.0528846 0.102564 0.37207
1 0.707933 0.785256 0.0528846 0.0982906 0.290283
1 0.933293 0.570513 0.0420672 0.0790598 0.259766
1 0.707933 0.786325 0.0516827 0.0961539 0.473633
1 0.933894 0.58547 0.0408653 0.0705129 0.31665
1 0.706731 0.788462 0.0528846 0.094017 0.44458
1 0.933894 0.583868 0.0432692 0.0673077 0.294189
1 0.709135 0.780983 0.0480769 0.0961539 0.457031
1 0.934495 0.583868 0.0432693 0.0683761 0.27124
1 0.707933 0.792735 0.0552885 0.104701 0.483398
1 0.933894 0.583868 0.0408653 0.0694444 0.297363
1 0.707933 0.792201 0.0528846 0.103633 0.393311
1 0.709135 0.788996 0.0528846 0.101496 0.39502
1 0.933894 0.58547 0.0432692 0.068376 0.275879
1 0.707933 0.787393 0.0552885 0.0982906 0.325928
1 0.707933 0.778312 0.0528846 0.0950855 0.360352
1 0.707933 0.785256 0.0540865 0.102564 0.383057
1 0.706731 0.792735 0.0504808 0.104701 0.38501
1 0.935096 0.581731 0.045673 0.0726496 0.269775
1 0.707933 0.787393 0.0528846 0.0972222 0.296631
1 0.707933 0.784188 0.0504807 0.0972222 0.318359
1 0.706731 0.791667 0.0528846 0.0982906 0.362061
1 0.933894 0.582265 0.0432692 0.0694444 0.262939
1 0.707933 0.779915 0.0528846 0.0982906 0.323486
1 0.706731 0.782051 0.0552885 0.102564 0.280518
1 0.706731 0.780983 0.0492788 0.0961539 0.37207
1 0.933894 0.583333 0.0432692 0.0683761 0.258301
1 0.706731 0.782051 0.0528846 0.103633 0.406494
1 0.935096 0.580662 0.0444712 0.0694444 0.294922
1 0.707933 0.78953 0.0504807 0.102564 0.42334
1 0.933894 0.582799 0.0432692 0.0683761 0.262207
1 0.70613 0.782051 0.0540865 0.0961539 0.327637
1 0.707933 0.784722 0.0552885 0.099359 0.355713
1 0.70613 0.783654 0.0552885 0.099359 0.321777
1 0.706731 0.784188 0.0528846 0.103633 0.34082
1 0.707332 0.790064 0.0528846 0.0993591 0.354004
1 0.706731 0.783654 0.0516827 0.0961539 0.373047
1 0.707933 0.78953 0.0552885 0.102564 0.348633
1 0.707933 0.781517 0.0504807 0.0961539 0.417725
1 0.709135 0.788462 0.0528846 0.094017 0.411133
1 0.935096 0.584402 0.0432692 0.0683761 0.256104
1 0.706731 0.786325 0.0504808 0.0961539 0.373047
1 0.933894 0.582265 0.0456731 0.0705128 0.267334
1 0.706731 0.787393 0.0552885 0.0940171 0.320801
1 0.707933 0.78312 0.0528846 0.0940171 0.320801
1 0.933894 0.584936 0.0432692 0.068376 0.277588
1 0.706731 0.787927 0.0528846 0.100427 0.310791
1 0.707933 0.781517 0.0528846 0.0982906 0.34082
1 0.709135 0.779915 0.0504807 0.0982906 0.438721
1 0.708534 0.78312 0.0516827 0.0940171 0.352295
1 0.708534 0.782051 0.0504807 0.0950854 0.371094
1 0.709135 0.782051 0.0492788 0.0918804 0.400635
1 0.933894 0.582265 0.0432692 0.0683761 0.251709
1 0.707933 0.782051 0.0504807 0.0918804 0.466797
1 0.933894 0.582265 0.0432692 0.0683761 0.320801
1 0.707332 0.782051 0.0540865 0.0940171 0.362061
1 0.706731 0.780983 0.0552885 0.0961539 0.369385
1 0.933894 0.581731 0.0420673 0.0683761 0.27832
1 0.708534 0.782051 0.0516827 0.0940171 0.421631
1 0.708534 0.78312 0.0516827 0.0940171 0.442627
1 0.707933 0.782051 0.0528846 0.0961539 0.420654
1 0.707332 0.784188 0.0516827 0.0961539 0.365723
1 0.706731 0.78312 0.0528846 0.0961539 0.351318
1 0.709135 0.781517 0.0528846 0.0950855 0.379395
1 0.705529 0.783654 0.0552885 0.0961539 0.387695
1 0.933894 0.583333 0.0432692 0.0705128 0.319092
1 0.707332 0.787393 0.0540865 0.0982906 0.435059
1 0.933894 0.582265 0.0408653 0.0683761 0.337158
1 0.706731 0.788462 0.0528846 0.100427 0.448486
1 0.933894 0.582799 0.0420673 0.0673077 0.397949
1 0.706731 0.787927 0.0528846 0.099359 0.539062
1 0.933894 0.583333 0.0432692 0.0662393 0.389648
1 0.706731 0.786325 0.0528846 0.0982906 0.572754
1 0.933894 0.582265 0.0420673 0.0662393 0.461914
1 0.706731 0.787393 0.0528846 0.0961539 0.491211
1 0.934495 0.582265 0.0420672 0.0683761 0.369385
1 0.706731 0.786859 0.0528846 0.0972222 0.582031
1 0.933894 0.583333 0.0432692 0.0683761 0.397949
1 0.706731 0.785791 0.0528846 0.0929487 0.518555
1 0.933894 0.581731 0.0408653 0.0673077 0.416748
1 0.706731 0.786859 0.0528846 0.0950855 0.543945
1 0.933894 0.582265 0.0432692 0.0673077 0.402588
1 0.706731 0.787393 0.0528846 0.0961539 0.562988
1 0.933894 0.582265 0.0408653 0.0662393 0.403564
1 0.951322 0.462073 0.0288461 0.0416667 0.274414
1 0.706731 0.785256 0.0540865 0.0940171 0.587891
1 0.933894 0.582799 0.0420673 0.0673077 0.395996
1 0.951923 0.461004 0.0264423 0.0405983 0.256104
1 0.706731 0.787927 0.0540865 0.0972222 0.563965
1 0.933894 0.583333 0.0432692 0.0683761 0.432129
1 0.707332 0.786325 0.0540865 0.0940171 0.578613
1 0.933894 0.583333 0.0420673 0.0683761 0.414795
1 0.706731 0.786859 0.0552885 0.0950855 0.592773
1 0.933894 0.583333 0.0432692 0.0683761 0.431152
1 0.707332 0.786325 0.0540865 0.0940171 0.562012
1 0.933894 0.583333 0.0420673 0.0683761 0.419678
1 0.707332 0.786325 0.0540865 0.0950855 0.580566
1 0.933894 0.582265 0.0408653 0.0683761 0.429199
1 0.707332 0.786325 0.0540865 0.0961539 0.57666
1 0.933894 0.583333 0.0408653 0.0683761 0.393311
1 0.706731 0.786859 0.0528846 0.0950855 0.580566
1 0.933894 0.583333 0.0420673 0.0683761 0.417725
1 0.706731 0.787393 0.0528846 0.0961539 0.490234
1 0.934495 0.582799 0.0420672 0.0683761 0.369385
