1 0.913462 0.904915 0.0336538 0.0747863 0.256104
1 0.913462 0.916667 0.0336538 0.0705128 0.2854
1 0.562801 0.479701 0.0390625 0.0619658 0.250977
1 0.736779 0.897436 0.078125 0.130342 0.266602
1 0.74399 0.900107 0.0625001 0.128205 0.337158
1 0.563101 0.482906 0.0384615 0.0587607 0.254639
1 0.738582 0.894231 0.0709135 0.129274 0.399902
1 0.735577 0.899573 0.078125 0.126068 0.270508
1 0.744591 0.897436 0.0588942 0.121795 0.383057
1 0.566406 0.4789 0.0378606 0.0560897 0.256836
1 0.564904 0.479701 0.0372596 0.0566239 0.271973
1 0.565505 0.478365 0.0384615 0.0571581 0.32251
1 0.565505 0.47703 0.0372596 0.0576923 0.331055
1 0.914663 0.924145 0.0372596 0.0747863 0.268066
1 0.565204 0.4789 0.0366587 0.0560897 0.345215
1 0.565505 0.477831 0.0384615 0.0571581 0.401611
1 0.914663 0.922009 0.0360577 0.0726496 0.27124
1 0.565505 0.477564 0.0372596 0.0576923 0.336426
1 0.565505 0.479701 0.0384615 0.0576923 0.386719
1 0.914663 0.923077 0.0360577 0.0726496 0.265137
1 0.566106 0.480769 0.0372596 0.0587607 0.373047
1 0.565505 0.480769 0.0384615 0.056624 0.337158
1 0.565505 0.479167 0.0372596 0.0555556 0.408203
1 0.565505 0.479701 0.0372596 0.0566239 0.310791
1 0.565505 0.481036 0.0372596 0.0571582 0.373779
1 0.565805 0.480769 0.0378606 0.056624 0.347656
1 0.565505 0.481303 0.0384615 0.0576923 0.362061
1 0.566106 0.480502 0.0384615 0.0560897 0.360352
1 0.565805 0.479968 0.0378606 0.0560897 0.390381
1 0.565805 0.480235 0.0378606 0.0566239 0.36377
1 0.565505 0.480769 0.0384615 0.056624 0.381104
1 0.565505 0.477564 0.0372596 0.0576923 0.335449
