1 0.0160006 0.281517 0.0320012 0.0598291 0.282959
1 0.579477 0.1043 0.0381611 0.0830662 0.391357
1 0.689303 0.42094 0.104567 0.205128 0.307373
1 0.575721 0.0841346 0.0504807 0.100427 0.273682
1 0.57512 0.0941507 0.0420673 0.0777244 0.345947
1 0.578125 0.0933494 0.0384615 0.0779914 0.320801
1 0.580529 0.0977564 0.0408654 0.0849359 0.251709
1 0.579177 0.0959201 0.038762 0.0763221 0.280518
1 0.58113 0.0989583 0.0408654 0.0833333 0.301514
1 0.579327 0.0873398 0.0420673 0.0833333 0.262939
1 0.578726 0.0928152 0.0420673 0.0902778 0.255371
1 0.579327 0.0920139 0.0456731 0.0889423 0.329346
1 0.686298 0.415331 0.110577 0.199252 0.307373
1 0.579327 0.0868723 0.0396635 0.0757212 0.303955
1 0.579177 0.097723 0.0435697 0.0855369 0.332764
1 0.577524 0.092281 0.0420673 0.0787927 0.263672
1 0.579928 0.0982572 0.0372596 0.080195 0.303955
1 0.580679 0.0878739 0.0405649 0.0747863 0.256836
1 0.581581 0.101997 0.038762 0.0860711 0.301514
1 0.580679 0.101095 0.0405649 0.0803953 0.275146
1 0.580529 0.0885417 0.0420673 0.0787927 0.343262
1 0.581731 0.0994925 0.0420673 0.0846688 0.344238
1 0.580529 0.0905783 0.0420673 0.0789931 0.270508
1 0.579928 0.101529 0.0408654 0.0821982 0.287842
1 0.578726 0.0982906 0.0432692 0.0860043 0.268066
1 0.579327 0.0880075 0.0432692 0.0777244 0.325195
1 0.579928 0.0914797 0.0408654 0.0868056 0.282227
1 0.578125 0.0935163 0.0420673 0.0859375 0.334473
1 0.578726 0.0996261 0.0432692 0.0844017 0.276611
1 0.579327 0.0909455 0.0408654 0.0833333 0.269043
1 0.579177 0.0994925 0.0411659 0.0846688 0.286133
1 0.58113 0.0974893 0.0396635 0.0897436 0.269043
1 0.579928 0.0901442 0.0408654 0.0846688 0.290283
1 0.579327 0.0953192 0.0408654 0.0898104 0.308105
1 0.579327 0.0892094 0.0396635 0.0854701 0.321777
1 0.579327 0.0901442 0.0420673 0.0838675 0.293457
1 0.58113 0.0895433 0.0420673 0.0848024 0.279053
1 0.577524 0.0915799 0.0444712 0.0839343 0.289307
1 0.579327 0.0890759 0.0432692 0.0862714 0.260498
1 0.579928 0.08961 0.0408654 0.0830662 0.27124
1 0.579327 0.0905115 0.0408654 0.0844685 0.267334
1 0.579928 0.092281 0.0420673 0.0830662 0.259033
1 0.579928 0.0905449 0.0408654 0.0830662 0.256104
1 0.579327 0.0885417 0.0408654 0.0814637 0.288574
1 0.579177 0.0900107 0.0411659 0.0811966 0.256836
1 0.579928 0.0910791 0.0420673 0.0811966 0.259766
1 0.579928 0.0921474 0.0408654 0.0798611 0.328613
1 0.579327 0.0928152 0.0432692 0.0836004 0.258301
1 0.579928 0.0904113 0.0432692 0.0841346 0.286865
1 0.580529 0.0900441 0.0408654 0.0811298 0.266602
1 0.579177 0.0913795 0.0435697 0.0854033 0.336426
1 0.579327 0.0910791 0.0444711 0.0865385 0.289307
1 0.579327 0.0906784 0.0420673 0.0819979 0.250244
1 0.579327 0.0905783 0.0420673 0.0843349 0.317383
1 0.575721 0.0909455 0.0432693 0.0865385 0.384033
1 0.579928 0.0944177 0.0432692 0.0857372 0.332764
1 0.579477 0.0929487 0.0429688 0.0876068 0.381104
1 0.578726 0.0942842 0.0432692 0.0884081 0.401611
1 0.578275 0.0924145 0.0429688 0.0860043 0.452393
1 0.579928 0.0936165 0.0408654 0.0857372 0.381104
1 0.579477 0.0939837 0.0429688 0.0866052 0.437744
1 0.579327 0.0946848 0.0420673 0.0862714 0.397949
1 0.579477 0.0958868 0.0429688 0.0836004 0.410156
1 0.579327 0.0936165 0.0420673 0.0838675 0.42334
1 0.579928 0.0946848 0.0420673 0.0836004 0.445557
1 0.580529 0.0962874 0.0420673 0.0827992 0.439697
1 0.579327 0.0970887 0.0432692 0.0825321 0.435059
1 0.579327 0.0960203 0.0432692 0.0841346 0.451416
1 0.579928 0.0961539 0.0432692 0.0836004 0.439697
1 0.579477 0.096688 0.0429688 0.0833333 0.448486
1 0.579477 0.0965545 0.0429688 0.0830662 0.428223
1 0.579327 0.0964543 0.0432692 0.0832666 0.44165
1 0.579928 0.0936165 0.0408654 0.0857372 0.381104
