1 0.229267 0.30235 0.0913462 0.16453 0.318359
1 0.477464 0.626603 0.0246394 0.0544871 0.255371
1 0.233173 0.298878 0.0817308 0.137821 0.483398
1 0.232873 0.307692 0.0841346 0.135684 0.299805
1 0.936899 0.256878 0.0504807 0.11445 0.268066
1 0.9375 0.249733 0.0528847 0.110577 0.311523
1 0.23137 0.285524 0.0877404 0.160256 0.27832
1 0.232873 0.290532 0.0859375 0.15398 0.303955
1 0.933293 0.256143 0.0552884 0.110043 0.311523
1 0.936298 0.246862 0.0576923 0.109909 0.264404
1 0.9375 0.250534 0.0528847 0.113782 0.338867
1 0.231971 0.298077 0.0859375 0.133547 0.565918
1 0.933894 0.257545 0.0600962 0.108841 0.29834
1 0.234375 0.294605 0.0883414 0.155449 0.391357
1 0.935096 0.251536 0.0564903 0.110176 0.344238
1 0.936298 0.25187 0.0552885 0.105235 0.341553
1 0.934495 0.248998 0.0564904 0.109909 0.270508
1 0.933894 0.249466 0.0600962 0.120192 0.421631
1 0.232873 0.294939 0.09375 0.152644 0.254639
1 0.233774 0.288395 0.094351 0.137954 0.34082
1 0.933894 0.250534 0.0576923 0.112714 0.284668
1 0.935697 0.257946 0.0504807 0.101629 0.342529
1 0.936298 0.253272 0.0552885 0.118456 0.376709
1 0.234675 0.284121 0.0901442 0.155048 0.319092
1 0.936298 0.255075 0.0552885 0.11485 0.290283
1 0.935096 0.258547 0.0552885 0.11859 0.276611
1 0.935096 0.257479 0.0504808 0.113248 0.411133
1 0.935096 0.253739 0.0528847 0.10844 0.341553
1 0.936298 0.254741 0.0528847 0.106971 0.437744
1 0.933894 0.257479 0.0528847 0.110043 0.388672
1 0.935096 0.255342 0.0552885 0.113782 0.378418
1 0.933894 0.257011 0.0540865 0.108841 0.422607
1 0.232572 0.280449 0.0901442 0.166667 0.370117
1 0.935096 0.254874 0.0552885 0.112046 0.42627
1 0.933894 0.249933 0.0576923 0.110176 0.435059
1 0.231671 0.287861 0.0883414 0.143296 0.336426
1 0.933894 0.254808 0.0552885 0.113248 0.380371
1 0.932692 0.255075 0.0600962 0.116987 0.370117
1 0.932692 0.252404 0.0576923 0.113782 0.376709
1 0.933894 0.255943 0.0552885 0.114183 0.30249
1 0.933894 0.253739 0.0528847 0.107906 0.370117
1 0.933894 0.254207 0.0528847 0.10804 0.350342
1 0.229267 0.275174 0.0889423 0.16867 0.277588
1 0.933894 0.257212 0.0552885 0.109509 0.354004
1 0.933894 0.25641 0.0588942 0.117521 0.412109
1 0.933293 0.255275 0.0576922 0.115518 0.342529
1 0.232272 0.28125 0.0859375 0.156517 0.273682
1 0.935096 0.255943 0.0552885 0.114183 0.352295
1 0.232873 0.283053 0.0901442 0.161458 0.263672
1 0.933894 0.253472 0.0552885 0.112714 0.327637
1 0.932091 0.255075 0.0552884 0.10844 0.35498
1 0.935096 0.254541 0.0576923 0.118056 0.336426
1 0.932692 0.255876 0.0576923 0.111645 0.349609
1 0.932692 0.254207 0.0576923 0.113381 0.373047
1 0.935096 0.253138 0.0564903 0.113381 0.345947
1 0.935096 0.254741 0.0540865 0.111245 0.40918
1 0.935096 0.255342 0.0576923 0.112179 0.29834
1 0.932091 0.253739 0.0564904 0.116987 0.397949
1 0.933894 0.256143 0.0576923 0.113782 0.367432
1 0.232572 0.28125 0.0907452 0.153312 0.259033
1 0.933894 0.256944 0.0552885 0.113782 0.415771
1 0.933894 0.25641 0.0540865 0.115385 0.369385
1 0.933293 0.255275 0.0540866 0.115518 0.358398
1 0.933894 0.255409 0.0564903 0.114183 0.376709
1 0.933894 0.255075 0.0552885 0.112714 0.363037
1 0.935096 0.25641 0.0552885 0.111111 0.421631
1 0.935096 0.256143 0.0528847 0.110043 0.438721
1 0.23137 0.280449 0.0883414 0.157051 0.309814
1 0.935096 0.252938 0.0540865 0.112179 0.421631
1 0.230769 0.277845 0.0889423 0.154781 0.275879
1 0.933894 0.256944 0.0552885 0.114316 0.418701
1 0.933894 0.251336 0.0576923 0.11485 0.39502
1 0.232873 0.279113 0.0883413 0.162393 0.326904
1 0.933894 0.255609 0.0552885 0.109509 0.401611
1 0.933894 0.256677 0.0552885 0.11485 0.432129
1 0.933894 0.255609 0.0552885 0.112714 0.454346
1 0.230919 0.283921 0.0874399 0.155449 0.31665
1 0.933894 0.256143 0.0576923 0.118056 0.406494
1 0.933894 0.257545 0.0564903 0.120593 0.383057
1 0.933894 0.255342 0.0564903 0.119658 0.364746
1 0.932692 0.254808 0.0576923 0.119658 0.390381
1 0.918269 0.645299 0.0348558 0.0491453 0.269775
1 0.933894 0.255943 0.0552885 0.114183 0.434082
1 0.91887 0.644231 0.0336539 0.0480769 0.294189
1 0.933894 0.25808 0.0576923 0.116319 0.46875
1 0.918269 0.644765 0.0348558 0.0502137 0.294922
1 0.792067 0.486111 0.0240385 0.065171 0.254639
1 0.230469 0.288194 0.0865385 0.151175 0.250244
1 0.933894 0.25828 0.0576923 0.115385 0.525391
1 0.918269 0.645299 0.0336538 0.0470086 0.282959
1 0.793269 0.485577 0.0228365 0.0619658 0.277588
1 0.933894 0.25641 0.0576923 0.115385 0.571777
1 0.228966 0.288194 0.0877404 0.155449 0.335449
1 0.918269 0.643162 0.0336538 0.0480769 0.312256
1 0.792668 0.485043 0.0240385 0.065171 0.270508
1 0.933894 0.256878 0.0576923 0.115518 0.503906
1 0.792668 0.484509 0.0228366 0.065171 0.291748
1 0.918269 0.643162 0.0336538 0.0470086 0.272705
1 0.933293 0.257479 0.0552884 0.114316 0.588867
1 0.229117 0.2916 0.0874399 0.151843 0.343262
1 0.793269 0.485577 0.0240385 0.0641026 0.337158
1 0.918269 0.644231 0.0336538 0.0470085 0.320068
1 0.647837 0.347756 0.0192307 0.0448718 0.272705
1 0.933894 0.257545 0.0552885 0.112046 0.568848
1 0.229567 0.293269 0.0883413 0.154915 0.34082
1 0.79387 0.485844 0.0240385 0.0657052 0.314941
1 0.91887 0.644231 0.0324519 0.0480769 0.279785
1 0.646635 0.348291 0.0192307 0.0459402 0.264404
1 0.933293 0.257011 0.0576922 0.112046 0.581543
1 0.228516 0.291132 0.086238 0.151175 0.317383
1 0.793269 0.486645 0.0240385 0.0651709 0.311523
1 0.91887 0.644231 0.0336539 0.0448718 0.301514
1 0.933894 0.256944 0.0552885 0.110043 0.551758
1 0.230469 0.289797 0.0877404 0.157585 0.326904
1 0.793269 0.486111 0.0228365 0.0641026 0.311523
1 0.918269 0.644231 0.0336538 0.0470085 0.30249
1 0.646635 0.348024 0.0204327 0.0464744 0.266602
1 0.933894 0.256477 0.0552885 0.110978 0.586914
1 0.229567 0.290532 0.0853365 0.15398 0.326904
1 0.918269 0.643162 0.0336538 0.0448718 0.313965
1 0.793269 0.484509 0.0240385 0.065171 0.296631
1 0.933894 0.257212 0.0564903 0.112714 0.567871
1 0.91887 0.644231 0.0348557 0.0491453 0.308105
1 0.793269 0.485577 0.0240385 0.065171 0.297363
1 0.230168 0.291667 0.0883413 0.159188 0.269043
1 0.647236 0.348291 0.0192307 0.0459402 0.252441
1 0.933894 0.257412 0.0552885 0.111245 0.583984
1 0.91887 0.644231 0.0336539 0.0470085 0.320068
1 0.793269 0.486111 0.0240385 0.065171 0.296631
1 0.230769 0.293002 0.0877404 0.157585 0.268066
1 0.647837 0.348291 0.0192307 0.0448718 0.258301
1 0.933894 0.258013 0.0564903 0.111645 0.586914
1 0.229868 0.293269 0.0877404 0.155983 0.377441
1 0.91887 0.644231 0.0336539 0.0470085 0.314941
1 0.793269 0.485844 0.0240385 0.0657052 0.312256
1 0.647837 0.348825 0.0192307 0.0448718 0.257568
1 0.933894 0.257479 0.0552885 0.110577 0.583008
1 0.230469 0.291667 0.0877404 0.152244 0.375732
1 0.918269 0.644231 0.0336538 0.0470085 0.315674
1 0.792668 0.486111 0.0240385 0.065171 0.311523
1 0.933894 0.258614 0.0552885 0.113114 0.592773
1 0.918269 0.644231 0.0336538 0.0470085 0.334473
1 0.793269 0.486111 0.0240385 0.0662393 0.318359
1 0.230469 0.293002 0.0889423 0.158654 0.286865
1 0.647837 0.348024 0.0192307 0.0464744 0.269775
1 0.933894 0.258547 0.0552885 0.11218 0.57959
1 0.91887 0.644231 0.0336539 0.0470085 0.313965
1 0.230018 0.294071 0.0886418 0.157051 0.310791
1 0.793269 0.486111 0.0240385 0.0662393 0.308105
1 0.933894 0.257946 0.0564903 0.111245 0.567871
1 0.918269 0.643697 0.0336538 0.0470085 0.320068
1 0.793269 0.485844 0.0240385 0.0657052 0.318359
1 0.229868 0.292268 0.0883413 0.155849 0.315674
1 0.933894 0.256878 0.0576923 0.115518 0.503906
1 0.792668 0.484509 0.0228366 0.065171 0.291016
1 0.918269 0.643162 0.0336538 0.0470086 0.272705
