1 0.964543 0.554487 0.0576922 0.0619658 0.331055
1 0.416466 0.346955 0.0192308 0.0480769 0.297363
1 0.416767 0.179754 0.03125 0.051282 0.269043
1 0.416466 0.178686 0.031851 0.0387286 0.269775
1 0.415865 0.175748 0.0252404 0.0422009 0.253174
1 0.965745 0.569444 0.0552884 0.0619658 0.256104
1 0.963942 0.563034 0.0576923 0.0619658 0.256104
1 0.418269 0.180021 0.03125 0.045406 0.250244
1 0.965144 0.563034 0.0576923 0.0576923 0.280518
1 0.963942 0.565171 0.0552885 0.0598291 0.251709
1 0.963942 0.576923 0.0540865 0.0608974 0.299072
1 0.965144 0.560897 0.0576923 0.0619658 0.266602
1 0.965144 0.564103 0.0576923 0.0587607 0.273682
1 0.963942 0.559829 0.0576923 0.0641026 0.268066
1 0.963942 0.559829 0.0576923 0.0619658 0.266602
1 0.964543 0.560363 0.0552884 0.059829 0.265137
1 0.964543 0.560897 0.0564904 0.065171 0.270508
1 0.963942 0.559829 0.0552885 0.0619658 0.259766
1 0.412861 0.348291 0.0300481 0.0555555 0.250977
1 0.417067 0.181357 0.03125 0.0416667 0.331055
1 0.41226 0.349359 0.0300481 0.0534188 0.301514
1 0.417368 0.185363 0.0300481 0.0443376 0.260498
1 0.412861 0.355235 0.030649 0.0512821 0.253174
1 0.963942 0.571581 0.0564903 0.0576923 0.305664
1 0.417668 0.185096 0.03125 0.045406 0.283691
1 0.413462 0.354701 0.03125 0.0534188 0.279785
1 0.417368 0.184295 0.0300481 0.0440705 0.318359
1 0.413462 0.355769 0.0300481 0.0512821 0.306641
1 0.963942 0.573718 0.0564903 0.0555556 0.287842
1 0.963942 0.572115 0.0576923 0.0619658 0.356689
1 0.417668 0.185497 0.0288461 0.0413996 0.338135
1 0.413462 0.357906 0.0288462 0.0480769 0.306641
1 0.417067 0.18563 0.030048 0.0432692 0.329346
1 0.412861 0.357372 0.0288462 0.0491453 0.313232
1 0.964543 0.568376 0.0552884 0.0555556 0.284668
1 0.417668 0.184963 0.0300481 0.0432692 0.373779
1 0.963942 0.569444 0.0552885 0.0555556 0.363037
1 0.413462 0.356303 0.0300481 0.0502137 0.360352
1 0.965144 0.569444 0.0552885 0.0576923 0.341553
1 0.417067 0.185363 0.030048 0.042735 0.320801
1 0.413462 0.356303 0.0300481 0.0502137 0.31665
1 0.963942 0.571581 0.0540865 0.0555556 0.358398
1 0.417668 0.185497 0.0300481 0.042468 0.343262
1 0.413161 0.356838 0.0288461 0.0491453 0.306641
1 0.963942 0.571581 0.0552885 0.056624 0.39502
1 0.417067 0.18563 0.03125 0.0432692 0.36377
1 0.413161 0.356838 0.030649 0.0502137 0.337158
1 0.963942 0.571047 0.0552885 0.0576923 0.381104
1 0.417969 0.18563 0.0294471 0.0432692 0.360352
1 0.413462 0.356838 0.0288462 0.0491453 0.320801
1 0.964543 0.570513 0.0564904 0.0576923 0.371094
1 0.417969 0.186165 0.0300481 0.0432692 0.362061
1 0.413762 0.357906 0.0300481 0.0502137 0.313232
1 0.964543 0.571581 0.0552884 0.0555556 0.402588
1 0.417969 0.186699 0.0294471 0.0432692 0.350342
1 0.413762 0.358707 0.0300481 0.0491453 0.308105
1 0.964543 0.572115 0.0552884 0.0576923 0.451416
1 0.417668 0.186699 0.0300481 0.0422009 0.36377
1 0.413462 0.35844 0.0300481 0.0486111 0.323486
1 0.964543 0.571581 0.0564904 0.0576923 0.411133
1 0.417668 0.186298 0.0300481 0.0430021 0.345947
1 0.413462 0.358173 0.03125 0.0491453 0.307373
1 0.963942 0.571581 0.0552885 0.056624 0.407227
1 0.417368 0.186165 0.0300481 0.0422009 0.369385
1 0.413462 0.358173 0.03125 0.0491453 0.331055
1 0.963942 0.571581 0.0552885 0.056624 0.422607
1 0.417668 0.186832 0.0300481 0.0419338 0.351318
1 0.413462 0.35844 0.0300481 0.0480769 0.313232
1 0.963942 0.571581 0.0552885 0.0555556 0.434082
1 0.417368 0.186966 0.0300481 0.0419338 0.365723
1 0.413462 0.358974 0.0300481 0.0480769 0.324219
1 0.417368 0.18563 0.0294471 0.0432692 0.329346
1 0.412861 0.357372 0.0288462 0.0491453 0.313232
1 0.964543 0.568376 0.0552884 0.0555556 0.284668
