1 0.936298 0.242989 0.0192308 0.0492788 0.275879
1 0.517428 0.0436699 0.048077 0.0873398 0.299805
1 0.217698 0.0679754 0.023738 0.0448718 0.266602
1 0.942909 0.699252 0.0492788 0.0972222 0.294189
1 0.936899 0.250601 0.0264422 0.0650374 0.281494
1 0.512921 0.0423344 0.047476 0.0846688 0.319092
1 0.932692 0.26656 0.0288462 0.0523504 0.277588
1 0.71875 0.501603 0.0528846 0.108974 0.267334
1 0.94351 0.711004 0.0384616 0.0844017 0.307373
1 0.720553 0.511218 0.046875 0.0982906 0.275146
1 0.515024 0.0451389 0.0516827 0.0902778 0.257568
1 0.942909 0.717949 0.046875 0.0897436 0.268066
1 0.220102 0.0687767 0.0219351 0.0480769 0.255371
1 0.514423 0.0477431 0.0522837 0.0954861 0.254639
1 0.514724 0.0478766 0.0516827 0.0957532 0.332764
1 0.947115 0.714744 0.0360577 0.0897436 0.327637
1 0.945913 0.714744 0.0408654 0.0940171 0.291016
1 0.861779 0.622329 0.0709134 0.0876068 0.311523
1 0.466046 0.321581 0.0402644 0.0988248 0.282227
1 0.945913 0.71047 0.0396634 0.0844017 0.274414
1 0.933894 0.256143 0.0288462 0.0657051 0.258301
1 0.468149 0.330128 0.0372596 0.0988248 0.306641
1 0.947716 0.714744 0.0396634 0.0865384 0.301514
1 0.520733 0.0534188 0.0378606 0.0958868 0.255371
1 0.859375 0.617521 0.0697115 0.0811966 0.317383
1 0.946514 0.71047 0.0420673 0.0929487 0.272705
1 0.947115 0.713675 0.0384615 0.0876069 0.311523
1 0.942308 0.11859 0.0528846 0.0924145 0.283691
1 0.944712 0.715812 0.0432693 0.0876069 0.335449
1 0.511719 0.0486779 0.0540865 0.0973558 0.265869
1 0.514423 0.0467415 0.0552885 0.0934829 0.299805
1 0.947716 0.71047 0.0396634 0.090812 0.30249
1 0.46875 0.32265 0.0384615 0.0956197 0.277588
1 0.936298 0.252604 0.0264423 0.052484 0.252441
1 0.944712 0.719551 0.0456731 0.0972222 0.265137
1 0.466947 0.326923 0.0444712 0.108974 0.257568
1 0.51262 0.0463408 0.0588943 0.0926816 0.405518
1 0.944712 0.712607 0.0432693 0.0940171 0.37207
1 0.860577 0.615919 0.0709135 0.090812 0.317383
1 0.716346 0.508547 0.0528846 0.115385 0.315674
1 0.463942 0.327724 0.0420673 0.101496 0.297363
1 0.939904 0.115418 0.0564904 0.0976896 0.255371
1 0.945913 0.712607 0.0384616 0.0897436 0.297363
1 0.465144 0.325321 0.0384615 0.106838 0.280518
1 0.717548 0.511218 0.0504807 0.111111 0.275879
1 0.511118 0.048945 0.0522837 0.09789 0.265137
1 0.946514 0.714744 0.0396635 0.0833334 0.319092
1 0.466346 0.323451 0.0384615 0.0945513 0.279785
1 0.513221 0.0441373 0.0516827 0.0882746 0.265137
1 0.466947 0.321314 0.0396635 0.100962 0.260498
1 0.464243 0.319177 0.0426682 0.101496 0.336426
1 0.94351 0.715812 0.0432693 0.0897436 0.332764
1 0.939904 0.113248 0.0504807 0.100427 0.30249
1 0.509916 0.0485443 0.0594952 0.0970887 0.2854
1 0.512019 0.0490785 0.0516827 0.0981571 0.268066
1 0.94351 0.713675 0.0420672 0.0876069 0.256104
1 0.946514 0.712607 0.0396635 0.0865384 0.345215
1 0.465745 0.319979 0.0444712 0.100427 0.268066
1 0.944111 0.713675 0.0408653 0.0876069 0.288574
1 0.513522 0.0434362 0.0528846 0.0868723 0.253906
1 0.51262 0.0450053 0.0552885 0.0900107 0.259766
1 0.942308 0.714209 0.0384616 0.0865385 0.291748
1 0.513221 0.046875 0.0516827 0.09375 0.280518
1 0.21875 0.0719818 0.0282452 0.0526175 0.254639
1 0.510817 0.0462073 0.0564904 0.0924145 0.303223
1 0.942909 0.706197 0.0408653 0.0876068 0.274414
1 0.935697 0.253472 0.0288461 0.0587607 0.262939
1 0.512921 0.0455395 0.0546875 0.0910791 0.331055
1 0.947115 0.714744 0.0432693 0.0865384 0.329346
1 0.935697 0.252671 0.0300481 0.0566239 0.264404
1 0.945913 0.715812 0.0408654 0.0865384 0.339844
1 0.467548 0.32719 0.0408654 0.0982906 0.277588
1 0.510216 0.0500801 0.0576923 0.10016 0.272705
1 0.935096 0.255342 0.0288462 0.0566239 0.265137
1 0.512019 0.0467415 0.0534856 0.0934829 0.293457
1 0.945913 0.709402 0.0432693 0.0876068 0.263672
1 0.861178 0.620727 0.0661057 0.0758547 0.252441
1 0.859976 0.623932 0.0673077 0.0790599 0.357666
1 0.944111 0.711539 0.0432692 0.0876069 0.35498
1 0.941106 0.115652 0.0528846 0.0958868 0.318359
1 0.716346 0.510684 0.0528846 0.113248 0.318359
1 0.468149 0.323985 0.0396635 0.0988248 0.259766
1 0.511418 0.0492788 0.0588942 0.0985577 0.250244
1 0.945312 0.713675 0.0420673 0.0876069 0.284668
1 0.933894 0.265224 0.03125 0.0571581 0.257568
1 0.94351 0.703526 0.0444711 0.0897436 0.356689
1 0.938702 0.111378 0.0540865 0.0974893 0.325195
1 0.933894 0.252137 0.0288462 0.0592949 0.289307
1 0.466346 0.319444 0.0408654 0.100427 0.27832
1 0.511719 0.0462073 0.0588943 0.0924145 0.271973
1 0.94351 0.711539 0.0432693 0.0918804 0.337158
1 0.934495 0.253472 0.0276443 0.0592949 0.277588
1 0.94351 0.708868 0.0420672 0.0897436 0.352295
1 0.939904 0.115952 0.0528846 0.0998264 0.306641
1 0.512019 0.0493456 0.0576923 0.0986912 0.286865
1 0.465745 0.324252 0.0396635 0.104701 0.269775
1 0.934495 0.253739 0.0264422 0.0619658 0.262207
1 0.510817 0.0480769 0.0540865 0.0961539 0.286133
1 0.945913 0.714744 0.0384616 0.0876069 0.272705
1 0.466947 0.323184 0.0414663 0.101496 0.26123
1 0.938101 0.114016 0.0516827 0.0962206 0.254639
1 0.939904 0.114984 0.0504807 0.0974893 0.253906
1 0.938101 0.114717 0.0492788 0.09375 0.284668
1 0.511418 0.0428686 0.0540865 0.0857372 0.275879
1 0.512019 0.0494792 0.0576923 0.0989583 0.341553
1 0.945312 0.714744 0.0396635 0.0886752 0.307373
1 0.938702 0.11485 0.0552885 0.104434 0.257568
1 0.510817 0.0438702 0.0564904 0.0877404 0.343262
1 0.938101 0.115652 0.0540866 0.100427 0.338867
1 0.861178 0.619658 0.0673077 0.0790598 0.280518
1 0.942308 0.707265 0.0372596 0.0897436 0.269775
1 0.933894 0.252738 0.0288462 0.0607639 0.253174
1 0.513822 0.0448718 0.0552885 0.0897436 0.299072
1 0.861779 0.619658 0.0685096 0.0801282 0.274414
1 0.938702 0.115251 0.0528846 0.0974893 0.265869
1 0.512921 0.0447383 0.0570914 0.0894765 0.338867
1 0.862981 0.61859 0.0673078 0.0833333 0.264404
1 0.939303 0.113381 0.0516827 0.0977564 0.250977
1 0.510216 0.0433026 0.0582933 0.0866052 0.26123
1 0.511418 0.0475427 0.0564904 0.0950855 0.313232
1 0.94351 0.712607 0.0408654 0.0897436 0.253906
1 0.861779 0.61859 0.0661057 0.0801282 0.270508
1 0.51262 0.0465411 0.0564904 0.0930823 0.269775
1 0.511418 0.0435363 0.0552885 0.0870727 0.256104
1 0.9375 0.113749 0.0528847 0.0994257 0.255371
1 0.938101 0.115518 0.0516827 0.0945513 0.266602
1 0.51262 0.049813 0.0540865 0.0996261 0.251709
1 0.938702 0.115118 0.0504807 0.0956197 0.252441
1 0.466046 0.321581 0.0396635 0.099359 0.251709
1 0.938101 0.114817 0.0528846 0.0983574 0.31665
1 0.861178 0.619658 0.0685096 0.0790598 0.27832
1 0.938702 0.116987 0.0528846 0.0958868 0.332031
1 0.861779 0.619658 0.0673077 0.0747863 0.291748
1 0.51262 0.045406 0.0564904 0.090812 0.275879
1 0.511418 0.0484776 0.0552885 0.0969551 0.324219
1 0.938702 0.116319 0.0528846 0.0985577 0.311523
1 0.466346 0.322917 0.0384615 0.0977564 0.311523
1 0.945312 0.713675 0.0396635 0.0918804 0.306641
1 0.860577 0.61859 0.0685096 0.0758547 0.29834
1 0.861178 0.621795 0.0685096 0.0811966 0.259033
1 0.938702 0.115652 0.0528846 0.0996261 0.281494
1 0.510817 0.0495459 0.0552885 0.0990919 0.280518
1 0.861779 0.617521 0.0673077 0.0779914 0.272705
1 0.946515 0.711004 0.0408654 0.090812 0.265869
1 0.512019 0.0488782 0.0552885 0.0977564 0.252441
1 0.938702 0.117388 0.0528846 0.0974893 0.325928
1 0.510817 0.0499466 0.0564904 0.0998932 0.299805
1 0.945913 0.709936 0.0408654 0.090812 0.275879
1 0.861178 0.623397 0.0673077 0.0811966 0.273682
1 0.466346 0.323184 0.0408654 0.0982906 0.263672
1 0.938702 0.115618 0.0528846 0.0988916 0.351318
1 0.511719 0.0436031 0.0558894 0.0872062 0.348633
1 0.861779 0.61859 0.0673077 0.0790598 0.327637
1 0.466046 0.327991 0.0414663 0.102564 0.269043
1 0.938702 0.114049 0.0540865 0.0988248 0.34082
1 0.860577 0.616453 0.0673077 0.0747863 0.328613
1 0.511418 0.0446715 0.0576923 0.089343 0.297363
1 0.466346 0.326923 0.0408654 0.102564 0.269043
1 0.945312 0.713675 0.0420673 0.0918804 0.267334
1 0.511719 0.0434696 0.0558894 0.0869391 0.299805
1 0.864183 0.615385 0.0673078 0.0705128 0.27832
1 0.51262 0.0440705 0.0540865 0.088141 0.291016
1 0.861779 0.618056 0.0685096 0.0779914 0.287842
1 0.860577 0.617521 0.0673077 0.0769231 0.338867
1 0.938101 0.116854 0.0540866 0.101496 0.324219
1 0.511118 0.0444044 0.0570913 0.0888088 0.320068
1 0.942308 0.713675 0.0408654 0.0854701 0.291748
1 0.218149 0.0667067 0.0264423 0.049813 0.277588
1 0.464543 0.324252 0.0396635 0.100427 0.274414
1 0.933894 0.262286 0.0288462 0.0576923 0.250977
1 0.934495 0.262821 0.0288461 0.0576923 0.324219
1 0.860577 0.61859 0.0673077 0.0769231 0.312256
1 0.945312 0.71047 0.0396635 0.0876068 0.309082
1 0.511418 0.0476763 0.0564904 0.0953526 0.305664
1 0.219051 0.06664 0.0270433 0.048344 0.29248
1 0.524038 0.329594 0.0228365 0.0566239 0.257568
1 0.466346 0.326122 0.0384615 0.099359 0.256104
1 0.512019 0.0444044 0.0552885 0.0888088 0.368408
1 0.944712 0.711538 0.0408654 0.0886752 0.356689
1 0.860577 0.622863 0.0673077 0.0790599 0.343262
1 0.933894 0.261485 0.03125 0.0598291 0.334473
1 0.466046 0.325588 0.0390625 0.100962 0.330322
1 0.219051 0.0651042 0.0276442 0.0506143 0.297363
1 0.938702 0.117922 0.0528846 0.101229 0.268066
1 0.945312 0.712607 0.0384615 0.0865384 0.430176
1 0.860577 0.620727 0.0673077 0.0758547 0.380371
1 0.466346 0.325321 0.0378606 0.0972222 0.361084
1 0.219201 0.0657719 0.0267428 0.0475427 0.343262
1 0.933894 0.261218 0.0288462 0.0582265 0.341553
1 0.511418 0.0466747 0.0564904 0.0933494 0.308105
1 0.524038 0.324519 0.0222356 0.0544872 0.277588
1 0.939303 0.117288 0.0516827 0.0966213 0.264404
1 0.859976 0.61859 0.0685096 0.0790598 0.488281
1 0.944712 0.709402 0.0408654 0.0886752 0.450439
1 0.466647 0.323184 0.0378606 0.099359 0.390381
1 0.510817 0.0460737 0.0564904 0.0921474 0.383057
1 0.219651 0.0643029 0.0270433 0.0488782 0.359375
1 0.934495 0.26015 0.0288461 0.0587607 0.349609
1 0.938702 0.115785 0.0528846 0.10016 0.282959
1 0.523438 0.326389 0.0210337 0.0512821 0.268066
1 0.945312 0.71047 0.0384615 0.0876068 0.390381
1 0.21875 0.0646368 0.0258413 0.0472756 0.338867
1 0.860577 0.617521 0.0673077 0.0758547 0.335449
1 0.933894 0.259081 0.0288462 0.0576923 0.325928
1 0.466346 0.323718 0.0384615 0.0972222 0.318359
1 0.511418 0.0464076 0.0552885 0.0928152 0.295898
1 0.522837 0.324786 0.0228365 0.0534188 0.264404
1 0.860577 0.620727 0.0673077 0.0747863 0.469727
1 0.945312 0.711004 0.0396635 0.0897436 0.442627
1 0.933894 0.259615 0.03125 0.0576923 0.399902
1 0.510817 0.0461405 0.0540865 0.092281 0.392334
1 0.466647 0.323184 0.0378606 0.100427 0.390381
1 0.219351 0.0650374 0.0270433 0.0472756 0.378418
1 0.523738 0.324786 0.0228365 0.0523504 0.306641
1 0.9375 0.115251 0.0504807 0.0985577 0.283691
1 0.860577 0.619658 0.0649038 0.0747863 0.454346
1 0.945312 0.711539 0.0408653 0.0876069 0.40918
1 0.935096 0.26015 0.0288462 0.0587607 0.36377
1 0.466947 0.323985 0.0384615 0.0972222 0.362061
1 0.510817 0.0454728 0.0540865 0.0909455 0.349609
1 0.219952 0.0651709 0.0261418 0.048344 0.338135
1 0.938702 0.115785 0.0504807 0.0974893 0.296631
1 0.523438 0.325855 0.0228365 0.0523504 0.281494
1 0.944712 0.71047 0.0408654 0.0876068 0.44458
1 0.860577 0.61859 0.0673077 0.0747863 0.435791
1 0.935096 0.258013 0.0288462 0.0587607 0.373779
1 0.219201 0.0651709 0.0261418 0.0462073 0.367432
1 0.466046 0.323718 0.0396635 0.0972222 0.361084
1 0.509916 0.0468082 0.0564904 0.0936165 0.329346
1 0.523738 0.324252 0.0234375 0.0534188 0.306641
1 0.938101 0.115518 0.0528846 0.0985577 0.273682
1 0.860577 0.619658 0.0649038 0.0747863 0.458984
1 0.945913 0.71047 0.0408654 0.0876068 0.446533
1 0.512019 0.0441707 0.0552885 0.0883413 0.430176
1 0.933894 0.257746 0.03125 0.0592949 0.404541
1 0.466346 0.324252 0.0384615 0.0961539 0.378418
1 0.21905 0.0647035 0.0273438 0.0474092 0.374756
1 0.938702 0.115685 0.0504807 0.0960871 0.336426
1 0.523438 0.324786 0.0240385 0.0544872 0.32251
1 0.721154 0.254808 0.0288461 0.0347222 0.254639
1 0.864183 0.619124 0.0673078 0.0747863 0.473633
1 0.945913 0.711539 0.0396634 0.0876069 0.445557
1 0.511418 0.0465411 0.0540865 0.0930823 0.381104
1 0.933894 0.259081 0.0300481 0.0571581 0.379395
1 0.219201 0.0665064 0.0261418 0.0475427 0.367432
1 0.466647 0.324786 0.0384615 0.0982906 0.347656
1 0.524038 0.324786 0.0228365 0.0534188 0.320801
1 0.938702 0.114183 0.0516827 0.0961539 0.288574
1 0.860577 0.619658 0.0673077 0.0769231 0.481445
1 0.945913 0.712607 0.0408654 0.0897436 0.464844
1 0.933894 0.259615 0.03125 0.0587607 0.416748
1 0.466947 0.326389 0.0402644 0.0988248 0.38501
1 0.219351 0.067508 0.0276442 0.0484776 0.37207
1 0.51262 0.0463408 0.0558894 0.0926816 0.367432
1 0.939303 0.117388 0.0528846 0.0998932 0.303955
1 0.523738 0.326122 0.0234375 0.0544872 0.30249
1 0.945312 0.713675 0.0408653 0.0876069 0.457031
1 0.860577 0.620192 0.0661057 0.0758547 0.440674
1 0.935096 0.260684 0.03125 0.0566239 0.421631
1 0.51262 0.0446381 0.0552885 0.0892762 0.388672
1 0.466947 0.326656 0.0396635 0.0977564 0.385742
1 0.219802 0.0677083 0.0270433 0.0472756 0.373779
1 0.938702 0.116587 0.0504807 0.0964209 0.305664
1 0.524038 0.326122 0.0240385 0.0528846 0.293457
1 0.860577 0.619658 0.0673077 0.0769231 0.489258
1 0.94351 0.712607 0.0396634 0.0886752 0.455078
1 0.51262 0.0458066 0.0558894 0.0916133 0.436768
1 0.466947 0.325855 0.0396635 0.0972222 0.436768
1 0.934495 0.26015 0.0300481 0.0576923 0.424316
1 0.219351 0.0685096 0.0270433 0.0486111 0.38501
1 0.941106 0.106971 0.0552884 0.103365 0.368408
1 0.523438 0.325855 0.0228365 0.0523504 0.303223
1 0.863582 0.619658 0.0685097 0.0726496 0.491211
1 0.94351 0.712073 0.0408654 0.0886753 0.436768
1 0.51262 0.0447383 0.0546875 0.0894765 0.413086
1 0.934495 0.259615 0.03125 0.0576923 0.403564
1 0.466947 0.326389 0.0402644 0.0972222 0.401611
1 0.941106 0.10804 0.0552884 0.1039 0.374756
1 0.219501 0.068109 0.0282452 0.048344 0.369385
1 0.523137 0.325855 0.0234375 0.0534188 0.284668
1 0.862981 0.620192 0.0673078 0.073718 0.475586
1 0.94351 0.712607 0.0408654 0.0897436 0.458008
1 0.935096 0.26015 0.03125 0.0576923 0.428223
1 0.51262 0.0469418 0.0552885 0.0938836 0.411133
1 0.466947 0.326389 0.0396635 0.0977564 0.403564
1 0.219651 0.0682425 0.0276442 0.0488782 0.38501
1 0.941106 0.109241 0.0552884 0.104701 0.339844
1 0.523137 0.325855 0.0240385 0.0534188 0.294922
1 0.862981 0.619658 0.0673078 0.0726496 0.475586
1 0.94351 0.712073 0.0396634 0.0886753 0.44165
1 0.935096 0.259615 0.03125 0.0576923 0.404541
1 0.511418 0.0482105 0.0552885 0.0964209 0.378418
1 0.466947 0.326389 0.0396635 0.0972222 0.378418
1 0.219651 0.0681758 0.0276442 0.0490118 0.373047
1 0.941106 0.107238 0.0552884 0.102831 0.335449
1 0.523438 0.326389 0.0234375 0.0523504 0.27832
1 0.862981 0.619124 0.0673078 0.0715812 0.479492
1 0.94351 0.712073 0.0408654 0.0886753 0.457031
1 0.935096 0.259615 0.03125 0.0576923 0.42334
1 0.466947 0.326656 0.0396635 0.096688 0.396973
1 0.219651 0.068109 0.0276442 0.0486111 0.388672
1 0.511418 0.0476095 0.0540865 0.095219 0.373779
1 0.941106 0.107405 0.0552884 0.101429 0.346924
1 0.523438 0.326389 0.0234375 0.0523504 0.282959
1 0.945312 0.71047 0.0384615 0.0876068 0.390381
1 0.21875 0.0646368 0.0258413 0.0472756 0.338867
1 0.860577 0.617521 0.0673077 0.0758547 0.335449
1 0.933894 0.259081 0.0288462 0.0576923 0.325928
1 0.466346 0.323718 0.0384615 0.0972222 0.319092
1 0.511418 0.0464076 0.0552885 0.0928152 0.296631
1 0.522837 0.325053 0.0228365 0.0528846 0.264404
