1 0.97476 0.141293 0.0504807 0.0982906 0.260498
1 0.975361 0.136185 0.0492788 0.0994258 0.364746
1 0.417368 0.0934829 0.03125 0.0627671 0.270508
1 0.977163 0.140759 0.0456731 0.0972222 0.255371
1 0.976562 0.152244 0.046875 0.106838 0.253174
1 0.97476 0.144498 0.0492789 0.0985577 0.275146
1 0.890625 0.461538 0.0661057 0.138889 0.425293
1 0.976262 0.138121 0.0474759 0.109976 0.303955
1 0.891827 0.460737 0.0673077 0.131944 0.384033
1 0.97476 0.142094 0.0504807 0.104701 0.321777
1 0.975361 0.138221 0.0492788 0.109509 0.31665
1 0.417668 0.0916133 0.0348558 0.073985 0.253174
1 0.975962 0.143563 0.0480769 0.107372 0.273682
1 0.975962 0.14797 0.0480769 0.0945513 0.262207
1 0.975962 0.147837 0.0480769 0.110844 0.373047
1 0.975361 0.144097 0.0492788 0.108707 0.296631
1 0.974159 0.143964 0.048077 0.101763 0.29248
1 0.975962 0.145566 0.0480769 0.0998932 0.351318
1 0.417668 0.0944177 0.0324519 0.0678419 0.265869
1 0.975962 0.151442 0.0480769 0.103632 0.257568
1 0.976562 0.144498 0.046875 0.0985577 0.330322
1 0.975962 0.145299 0.0480769 0.100962 0.309814
1 0.417067 0.0928152 0.0336539 0.0641026 0.274414
1 0.976562 0.1461 0.046875 0.104167 0.342529
1 0.97476 0.148237 0.0504807 0.106303 0.308105
1 0.417067 0.0916133 0.0372596 0.0678419 0.269775
1 0.975661 0.142762 0.0486778 0.102297 0.393311
1 0.418269 0.0825321 0.0348558 0.0694444 0.314941
1 0.894832 0.457265 0.0612981 0.126068 0.307373
1 0.417067 0.0841346 0.0348558 0.0694444 0.259766
1 0.975361 0.146635 0.0492788 0.0998932 0.257568
1 0.975962 0.147436 0.0480769 0.104167 0.358398
1 0.895433 0.461271 0.0661057 0.128739 0.309082
1 0.417668 0.0849359 0.0330529 0.0729167 0.269043
1 0.975661 0.146368 0.0486778 0.0982906 0.29248
1 0.975962 0.144765 0.0480769 0.0980235 0.294189
1 0.975962 0.146501 0.0480769 0.10203 0.339844
1 0.975962 0.145566 0.0480769 0.0977564 0.347656
1 0.419471 0.0829327 0.0360577 0.0705128 0.265137
1 0.975962 0.145833 0.0480769 0.103632 0.350342
1 0.896034 0.461538 0.0649038 0.13141 0.323486
1 0.419471 0.0826656 0.0324519 0.0686432 0.250244
1 0.97476 0.146768 0.0504807 0.1039 0.42334
1 0.417668 0.0829327 0.0336539 0.0691774 0.269043
1 0.975962 0.144498 0.0480769 0.104968 0.320068
1 0.975962 0.142495 0.0480769 0.103632 0.269775
1 0.975962 0.147302 0.0480769 0.0926816 0.275146
1 0.975962 0.144231 0.0480769 0.1039 0.27832
1 0.976262 0.144765 0.0474759 0.099359 0.280518
1 0.975962 0.144097 0.0480769 0.0996261 0.284668
1 0.975361 0.142361 0.0492788 0.102564 0.323486
1 0.894832 0.460203 0.0649038 0.133013 0.318359
1 0.896034 0.461538 0.061298 0.126068 0.344238
1 0.975962 0.144899 0.0480769 0.0990919 0.328613
1 0.975962 0.146902 0.0480769 0.0988248 0.338135
1 0.41887 0.0945513 0.0336538 0.0699786 0.252441
1 0.895433 0.460203 0.0625 0.131944 0.386719
1 0.975361 0.142628 0.0492788 0.105235 0.357666
1 0.895433 0.462073 0.0649039 0.125 0.354004
1 0.975361 0.145967 0.0492788 0.102831 0.321777
1 0.97476 0.145833 0.0480769 0.10203 0.312256
1 0.895433 0.463141 0.0625 0.134615 0.269775
1 0.418269 0.0932158 0.03125 0.0673077 0.253174
1 0.975661 0.144498 0.0486778 0.100427 0.338867
1 0.895433 0.465545 0.0625 0.127671 0.255371
1 0.975962 0.142361 0.0480769 0.100427 0.329346
1 0.976262 0.142628 0.0474759 0.103632 0.358398
1 0.894231 0.459669 0.0637019 0.131944 0.291748
1 0.975361 0.143162 0.0492788 0.100427 0.387695
1 0.896034 0.460203 0.0625 0.125534 0.346924
1 0.975962 0.142628 0.0480769 0.100427 0.361084
1 0.894231 0.459936 0.0625 0.129274 0.291016
1 0.976562 0.143697 0.046875 0.105235 0.347656
1 0.895433 0.463942 0.0600961 0.127671 0.2854
1 0.417668 0.0928152 0.0336539 0.0723825 0.253906
1 0.975361 0.145032 0.0492788 0.100962 0.47168
1 0.896034 0.459936 0.063702 0.128205 0.304932
1 0.418269 0.0912126 0.0324519 0.0667735 0.270508
1 0.975361 0.147837 0.0492788 0.100694 0.380371
1 0.895433 0.46047 0.0649039 0.138889 0.275146
1 0.975361 0.145032 0.0492788 0.102564 0.400635
1 0.895433 0.460203 0.0637019 0.139423 0.32251
1 0.418269 0.0827992 0.031851 0.068109 0.252441
1 0.975962 0.145032 0.0480769 0.103632 0.358398
1 0.417368 0.0931824 0.0330529 0.0668403 0.259033
1 0.975361 0.145833 0.0492788 0.10203 0.481445
1 0.896034 0.46234 0.0625 0.133013 0.282227
1 0.41887 0.0834001 0.0336538 0.0706464 0.274414
1 0.975361 0.143697 0.0492788 0.10203 0.419678
1 0.896635 0.462607 0.0625 0.133547 0.342529
1 0.41857 0.0815305 0.0330529 0.0709135 0.255371
1 0.975661 0.141159 0.0486778 0.101763 0.405518
1 0.896034 0.462607 0.063702 0.13141 0.339844
1 0.419171 0.0928152 0.0330529 0.0673077 0.252441
1 0.975962 0.141526 0.0480769 0.10637 0.343262
1 0.975962 0.141426 0.0480769 0.104968 0.341553
1 0.41887 0.0786592 0.03125 0.0686432 0.300781
1 0.975361 0.138622 0.0492788 0.104701 0.431152
1 0.417668 0.0813301 0.0324519 0.0665064 0.338867
1 0.369591 0.098324 0.0216346 0.0394631 0.270508
1 0.975962 0.140091 0.0480769 0.0998932 0.380371
1 0.370192 0.100728 0.0210337 0.0367922 0.305664
1 0.41887 0.0870059 0.0324519 0.063969 0.27832
1 0.975962 0.141426 0.0480769 0.102297 0.452393
1 0.41857 0.0831998 0.031851 0.0657051 0.306641
1 0.369591 0.101997 0.0228365 0.0395967 0.279785
1 0.975962 0.143697 0.0480769 0.0998932 0.49707
1 0.370192 0.102431 0.0216346 0.0371261 0.338135
1 0.418269 0.0844017 0.03125 0.0646368 0.313965
1 0.975361 0.140892 0.0492788 0.104167 0.548828
1 0.417668 0.0853365 0.03125 0.0641026 0.368408
1 0.895433 0.46047 0.0649039 0.127137 0.325195
1 0.370192 0.101763 0.0204327 0.036859 0.31665
1 0.975962 0.142895 0.0480769 0.1039 0.47168
1 0.417668 0.0865385 0.03125 0.0643697 0.342529
1 0.369591 0.104701 0.0204327 0.0365919 0.331055
1 0.896635 0.461806 0.0637019 0.128739 0.256104
1 0.975962 0.142094 0.0480769 0.10203 0.547852
1 0.418269 0.0868056 0.0330529 0.0673077 0.381104
1 0.370192 0.103365 0.0216346 0.0365919 0.359375
1 0.572716 0.0102497 0.0228365 0.0204995 0.253174
1 0.976562 0.144364 0.046875 0.100694 0.517578
1 0.41857 0.089343 0.0324519 0.0667735 0.356689
1 0.370192 0.105469 0.0210337 0.0369258 0.343262
1 0.975962 0.144364 0.0480769 0.102831 0.510742
1 0.41857 0.0895433 0.0330529 0.0663729 0.392334
1 0.370192 0.10607 0.0216346 0.0367922 0.357666
1 0.975962 0.143162 0.0480769 0.102831 0.487305
1 0.418269 0.0882746 0.0336538 0.0667735 0.395996
1 0.370192 0.105102 0.0216346 0.0363248 0.36377
1 0.975962 0.142361 0.0480769 0.10203 0.542969
1 0.41857 0.0909455 0.0330529 0.0649038 0.387695
1 0.370192 0.106838 0.0210337 0.0349893 0.36377
1 0.897236 0.461538 0.0612981 0.126068 0.259766
1 0.975962 0.144231 0.0480769 0.104701 0.514648
1 0.41887 0.090812 0.0336538 0.0657051 0.390381
1 0.370192 0.107405 0.0216346 0.0367922 0.380371
1 0.896635 0.463141 0.0625 0.129273 0.293457
1 0.573017 0.0117521 0.0234375 0.0235043 0.250244
1 0.976262 0.145032 0.0474759 0.100962 0.522461
1 0.41887 0.0906784 0.0330529 0.0646368 0.428223
1 0.370192 0.107105 0.0210337 0.0352564 0.355713
1 0.975962 0.144631 0.0480769 0.102831 0.536133
1 0.41887 0.0919137 0.0324519 0.0656384 0.439697
1 0.369892 0.108173 0.0210337 0.036859 0.37207
1 0.896635 0.462073 0.0625 0.129274 0.309082
1 0.975962 0.144498 0.0480769 0.102297 0.506836
1 0.41857 0.0914797 0.0330529 0.0649039 0.407227
1 0.369591 0.107639 0.0216346 0.0371261 0.352295
1 0.896635 0.463141 0.0600961 0.126068 0.284668
1 0.975962 0.145833 0.0480769 0.1039 0.518555
1 0.41857 0.0917468 0.0330529 0.0651709 0.429199
1 0.369892 0.107772 0.0216346 0.0373932 0.376709
1 0.896635 0.462607 0.0600961 0.128205 0.265137
1 0.975962 0.145566 0.0480769 0.102564 0.512695
1 0.418269 0.0918803 0.0324519 0.0649038 0.411133
1 0.369892 0.108707 0.0216346 0.036859 0.354004
1 0.897236 0.463141 0.0612981 0.127137 0.269043
1 0.975962 0.145833 0.0480769 0.102297 0.508789
1 0.418269 0.0918803 0.0336538 0.0646368 0.424316
1 0.369892 0.10844 0.0216346 0.0365919 0.37207
1 0.896635 0.463408 0.0600961 0.126603 0.29248
1 0.975962 0.142895 0.0480769 0.1039 0.47168
1 0.417668 0.0865385 0.03125 0.0643697 0.342529
1 0.369591 0.104834 0.0204327 0.0365919 0.331055
1 0.896635 0.461806 0.0637019 0.128739 0.256104
