1 0.65024 0.236378 0.0600961 0.105769 0.262207
1 0.558894 0.419071 0.0444712 0.0592949 0.272705
1 0.653846 0.228632 0.0612981 0.107372 0.250244
1 0.651442 0.232639 0.0564904 0.110043 0.320068
1 0.563101 0.419338 0.0348558 0.0523504 0.290283
1 0.561899 0.419872 0.0348557 0.0555556 0.282227
1 0.5622 0.422009 0.0354567 0.0518162 0.286865
1 0.5625 0.42094 0.0384615 0.0534188 0.262207
1 0.563101 0.423344 0.0348558 0.051282 0.268066
1 0.561899 0.419872 0.0360577 0.0523504 0.303955
1 0.563101 0.423611 0.0372596 0.0523504 0.255371
1 0.737981 0.92735 0.0240385 0.0470086 0.255371
1 0.562801 0.422543 0.0366587 0.0523504 0.303223
1 0.73738 0.928419 0.0252404 0.0491453 0.271973
1 0.563101 0.421741 0.0360577 0.0528846 0.336426
1 0.73738 0.928419 0.0240385 0.0470086 0.309814
1 0.562801 0.421741 0.0366587 0.0491453 0.364746
1 0.737981 0.92735 0.0240385 0.0448719 0.326904
1 0.65024 0.239917 0.0625 0.12273 0.253174
1 0.5625 0.423611 0.0360577 0.0512821 0.325195
1 0.736779 0.928419 0.0228365 0.0448719 0.303955
1 0.563101 0.423611 0.0372596 0.0512821 0.367432
1 0.737981 0.929487 0.0240385 0.0470086 0.34082
1 0.649639 0.238849 0.0625 0.123798 0.309814
1 0.563101 0.423077 0.0360577 0.0496795 0.354004
1 0.65024 0.238782 0.0625 0.126603 0.330322
1 0.737981 0.928419 0.0240385 0.0470086 0.31665
1 0.5625 0.423077 0.0360577 0.0496795 0.367432
1 0.73738 0.928419 0.0240385 0.0470086 0.345947
1 0.649038 0.238248 0.0625 0.120727 0.268066
1 0.563101 0.422009 0.0360577 0.0502137 0.405518
1 0.73738 0.92735 0.0252404 0.0470086 0.351318
1 0.65024 0.237714 0.0625 0.126603 0.304932
1 0.563101 0.42281 0.0360577 0.0496795 0.378418
1 0.737981 0.928419 0.0240385 0.0470086 0.339844
1 0.65024 0.237179 0.0625 0.123397 0.286133
1 0.563101 0.423611 0.0372596 0.0512821 0.377441
1 0.737981 0.928953 0.0240385 0.048077 0.345947
1 0.649639 0.23778 0.0625 0.123798 0.275879
1 0.563101 0.424679 0.0372596 0.051282 0.368408
1 0.737981 0.928953 0.0252404 0.0470085 0.342529
1 0.65024 0.238515 0.0625 0.124466 0.29248
1 0.563101 0.424145 0.0360577 0.0502137 0.38501
1 0.737981 0.929487 0.0240385 0.0470086 0.35498
1 0.649639 0.238849 0.0637019 0.127003 0.33374
1 0.563101 0.424145 0.0372596 0.051282 0.373779
1 0.73738 0.928953 0.0252404 0.048077 0.337158
1 0.649639 0.237647 0.0637019 0.124065 0.29248
1 0.563101 0.424145 0.0372596 0.051282 0.389648
1 0.737981 0.928419 0.0240385 0.0480769 0.358398
1 0.649639 0.237246 0.0637019 0.125935 0.307373
1 0.563401 0.424679 0.0366587 0.0502137 0.367432
1 0.737981 0.928953 0.0240385 0.0470085 0.345947
1 0.649639 0.237447 0.0625 0.123932 0.299072
1 0.563101 0.424679 0.0372596 0.0502137 0.38208
1 0.737981 0.929487 0.0240385 0.0470086 0.358398
1 0.649639 0.237447 0.0625 0.122329 0.282227
1 0.5625 0.423611 0.0360577 0.0512821 0.325195
1 0.736779 0.928419 0.0228365 0.0448719 0.303955
