1 0.951322 0.862714 0.03125 0.0544872 0.311523
1 0.949519 0.869124 0.0324519 0.059829 0.259033
1 0.703726 0.956731 0.0504808 0.0865384 0.321777
1 0.948317 0.88515 0.0348557 0.0544872 0.263672
1 0.949519 0.884615 0.03125 0.0555556 0.256104
1 0.70613 0.963141 0.0516827 0.0737179 0.325928
1 0.705529 0.963141 0.0552885 0.0737179 0.256104
1 0.704327 0.963141 0.0528846 0.0737179 0.256104
1 0.705529 0.963675 0.0504808 0.0726496 0.300781
1 0.949519 0.888355 0.03125 0.0576923 0.266602
1 0.703125 0.963408 0.0528846 0.0731838 0.275879
1 0.949519 0.888889 0.0288462 0.0534188 0.253906
1 0.70613 0.96047 0.0516827 0.0790598 0.265137
1 0.703726 0.96234 0.0552885 0.0753205 0.257568
1 0.705529 0.961806 0.0528846 0.0763889 0.295898
1 0.704327 0.961004 0.0540865 0.0779914 0.294922
1 0.705529 0.962607 0.0528846 0.0747863 0.264404
1 0.949519 0.886752 0.03125 0.0534188 0.26123
1 0.703125 0.965545 0.0480769 0.0689102 0.262939
1 0.704928 0.964477 0.0504808 0.071047 0.270508
1 0.70613 0.961004 0.0540865 0.0779914 0.318359
1 0.705529 0.964209 0.0504808 0.0715812 0.258301
1 0.705529 0.961539 0.0528846 0.076923 0.286865
1 0.704327 0.964209 0.0504808 0.0715812 0.265869
1 0.705529 0.963942 0.0504808 0.0721153 0.283691
1 0.70613 0.962073 0.0540865 0.0758547 0.271973
1 0.705529 0.963675 0.0528846 0.0726496 0.303223
1 0.705529 0.961806 0.0504808 0.0763889 0.262939
1 0.704327 0.963942 0.0516827 0.0721153 0.253906
1 0.705529 0.963141 0.0504808 0.0737179 0.250244
1 0.705529 0.965278 0.0504808 0.0694444 0.304932
1 0.705529 0.963141 0.0504808 0.0737179 0.286865
1 0.706731 0.964209 0.0528846 0.0715812 0.282959
1 0.70613 0.964744 0.0516827 0.0705128 0.34082
1 0.705529 0.963141 0.0504808 0.0737179 0.31665
1 0.70613 0.962874 0.0516827 0.0742522 0.29834
1 0.706731 0.962607 0.0504808 0.0747863 0.256836
1 0.705529 0.962607 0.0504808 0.0747863 0.284668
1 0.705529 0.963141 0.0528846 0.0737179 0.313965
1 0.948317 0.887286 0.03125 0.0566239 0.287842
1 0.706731 0.963141 0.0528846 0.0737179 0.335449
1 0.948918 0.884081 0.0324519 0.0566239 0.310791
1 0.778245 0.107071 0.0204327 0.0390625 0.27832
1 0.705529 0.963675 0.0516827 0.0726496 0.356689
1 0.948317 0.883547 0.03125 0.0576923 0.305664
1 0.706731 0.964209 0.0504808 0.0715812 0.363037
1 0.948317 0.883547 0.03125 0.0534188 0.328613
1 0.778846 0.106704 0.0204327 0.039797 0.310791
1 0.70613 0.963141 0.0516827 0.0737179 0.407227
1 0.948317 0.882479 0.03125 0.0566239 0.35498
1 0.778846 0.10607 0.0192307 0.0373264 0.27832
1 0.705529 0.963141 0.0504808 0.0737179 0.358398
1 0.948317 0.88141 0.03125 0.0555556 0.307373
1 0.777644 0.108707 0.0192307 0.0379274 0.299805
1 0.705529 0.963675 0.0504808 0.0726496 0.415771
1 0.948317 0.88141 0.03125 0.0555556 0.361084
1 0.778846 0.107105 0.0204327 0.0384615 0.309082
1 0.705529 0.964209 0.0504808 0.0715812 0.396973
1 0.948918 0.881944 0.03125 0.0555556 0.329346
1 0.778846 0.109241 0.0204327 0.0381944 0.308105
1 0.705529 0.964744 0.0504808 0.0705128 0.398926
1 0.948317 0.88141 0.03125 0.0534188 0.357666
1 0.778846 0.110844 0.0216346 0.0389957 0.29834
1 0.70613 0.964744 0.0504808 0.0705128 0.407227
1 0.948317 0.88141 0.03125 0.0534188 0.368408
1 0.778245 0.109008 0.0216346 0.0399973 0.335449
1 0.706731 0.964477 0.0504808 0.071047 0.418701
1 0.948317 0.882479 0.03125 0.0534188 0.354004
1 0.778846 0.111378 0.0204327 0.0389957 0.294189
1 0.706731 0.964744 0.0504808 0.0705128 0.40918
1 0.948317 0.883013 0.03125 0.0555556 0.370117
1 0.778846 0.111645 0.0204327 0.0389957 0.284668
1 0.706731 0.964744 0.0504808 0.0705128 0.427246
1 0.948918 0.882479 0.03125 0.0534188 0.37207
1 0.778846 0.111111 0.0216346 0.0389957 0.269775
1 0.96875 0.986111 0.0228365 0.0277778 0.258301
1 0.707332 0.964744 0.0516827 0.0705128 0.454346
1 0.948918 0.883547 0.03125 0.0555556 0.38208
1 0.778846 0.111645 0.0216346 0.0395299 0.294189
1 0.96875 0.986111 0.0228365 0.0277778 0.275879
1 0.707332 0.965278 0.0516827 0.0694444 0.42334
1 0.948918 0.883013 0.0324519 0.0544872 0.365723
1 0.778846 0.111378 0.0216346 0.0395299 0.263672
1 0.96875 0.986111 0.0228365 0.0277778 0.260498
1 0.706731 0.964744 0.0528846 0.0705128 0.442627
1 0.948918 0.882479 0.03125 0.0555556 0.375732
1 0.778846 0.111645 0.0216346 0.0389957 0.309814
1 0.96875 0.985844 0.0240385 0.0283119 0.289307
1 0.706731 0.964477 0.0504808 0.071047 0.424316
1 0.949519 0.882479 0.03125 0.0555556 0.358398
1 0.778846 0.112447 0.0216346 0.0384615 0.265869
1 0.96875 0.986111 0.0240385 0.0277778 0.254639
1 0.706731 0.964209 0.0504808 0.0715812 0.427246
1 0.949519 0.882479 0.03125 0.0555556 0.37207
1 0.778846 0.112313 0.0216346 0.0381944 0.282227
1 0.969351 0.986111 0.0228366 0.0277778 0.252441
1 0.705529 0.963141 0.0504808 0.0737179 0.358398
1 0.948317 0.88141 0.03125 0.0555556 0.307373
1 0.777644 0.108707 0.0192307 0.0379274 0.299805
