1 0.406851 0.827991 0.0384615 0.0534188 0.318359
1 0.406851 0.854701 0.0342548 0.0555556 0.307373
1 0.628606 0.900641 0.0264423 0.0523504 0.288574
1 0.402043 0.837607 0.046875 0.0619659 0.269043
1 0.188552 0.969818 0.0255409 0.0603633 0.252441
1 0.402644 0.849359 0.0420673 0.0502137 0.34082
1 0.404447 0.851496 0.0372596 0.0555556 0.275879
1 0.986779 0.102698 0.0264423 0.0491453 0.2854
1 0.40625 0.853098 0.0384616 0.0662393 0.271973
1 0.405649 0.850427 0.0384616 0.0544872 0.273682
1 0.406851 0.857372 0.0384615 0.0587607 0.282227
1 0.986478 0.104701 0.0270432 0.0547543 0.256104
1 0.404447 0.852564 0.0372596 0.0598291 0.305664
1 0.403846 0.855235 0.0408654 0.0619658 0.266602
1 0.403846 0.849359 0.0384615 0.0448718 0.252441
1 0.402644 0.851496 0.0396635 0.0598291 0.266602
1 0.985877 0.102965 0.0282452 0.0542201 0.262207
1 0.404748 0.853632 0.0390625 0.0619659 0.258301
1 0.893029 0.89156 0.0300481 0.0438034 0.286133
1 0.403245 0.85203 0.0396635 0.0544871 0.260498
1 0.401743 0.850427 0.0384616 0.0523504 0.262939
1 0.893029 0.888889 0.0300481 0.042735 0.262939
1 0.89363 0.891026 0.0264423 0.0373932 0.258301
1 0.893029 0.889957 0.0264423 0.042735 0.259766
1 0.894231 0.889423 0.0264422 0.0395299 0.250244
1 0.894231 0.889957 0.0288462 0.0416667 0.263672
1 0.89363 0.889957 0.0288462 0.042735 0.254639
1 0.402644 0.850962 0.0384615 0.0512821 0.252441
1 0.894231 0.892094 0.0264422 0.0416667 0.262207
1 0.403846 0.849359 0.0390625 0.0534188 0.255371
1 0.402945 0.852564 0.0396635 0.0555556 0.254639
1 0.403245 0.851496 0.0396635 0.0534187 0.330322
1 0.893029 0.895299 0.0264423 0.0384616 0.325928
1 0.985877 0.0979901 0.0282452 0.051883 0.267334
1 0.404447 0.849359 0.0384615 0.0512821 0.359375
1 0.893029 0.893162 0.0288462 0.0395298 0.344238
1 0.986779 0.0976229 0.0264423 0.0499466 0.296631
1 0.628606 0.916667 0.0264423 0.0405983 0.253906
1 0.403846 0.851496 0.0396634 0.0555556 0.353027
1 0.893029 0.89156 0.0300481 0.0438034 0.342529
1 0.985577 0.0971888 0.0288462 0.0513488 0.29834
1 0.0552885 0.752137 0.0294471 0.0341881 0.256104
1 0.893029 0.890491 0.0288462 0.0384616 0.378418
1 0.404147 0.850427 0.0390625 0.0534188 0.355713
1 0.986478 0.0976229 0.0270432 0.0486111 0.31665
1 0.0546875 0.751068 0.0282452 0.0309829 0.256836
1 0.89363 0.891026 0.0276443 0.0405983 0.411133
1 0.403546 0.850427 0.0390625 0.0534188 0.403564
1 0.986779 0.0964543 0.0264423 0.0512153 0.330322
1 0.0545373 0.75 0.0276442 0.0320513 0.293457
1 0.628005 0.907586 0.0252404 0.0384615 0.256104
1 0.893029 0.891026 0.0276443 0.0363248 0.376709
1 0.403846 0.849359 0.0384615 0.0534188 0.368408
1 0.986178 0.0973558 0.0276443 0.0491453 0.303955
1 0.0543119 0.751068 0.0271935 0.0299145 0.287842
1 0.893029 0.889957 0.0288462 0.0384616 0.435059
1 0.403846 0.849359 0.0384615 0.0512821 0.42334
1 0.0549129 0.748932 0.0277945 0.0320513 0.325928
1 0.986178 0.0976229 0.0276443 0.0491453 0.319092
1 0.893029 0.889957 0.0288462 0.0405983 0.398926
1 0.404447 0.849893 0.0384615 0.0534188 0.397949
1 0.0546875 0.75 0.0285457 0.0320513 0.311523
1 0.986779 0.0982906 0.0264423 0.0494124 0.283691
1 0.893029 0.889957 0.0288462 0.0373932 0.434082
1 0.404147 0.849359 0.0396635 0.0512821 0.417725
1 0.0548377 0.75 0.0294471 0.0320513 0.31665
1 0.986178 0.0986912 0.0276443 0.0467415 0.291748
1 0.893029 0.889957 0.0288462 0.0395299 0.440674
1 0.403245 0.850427 0.0408654 0.051282 0.430176
1 0.0543119 0.751068 0.0292969 0.0320513 0.353027
1 0.986178 0.0981571 0.0276443 0.0472756 0.296631
1 0.627404 0.909188 0.0264423 0.0384616 0.271973
1 0.893029 0.891026 0.0276443 0.0384616 0.428223
1 0.403846 0.850427 0.0396634 0.0534188 0.40918
1 0.0548377 0.751068 0.0282452 0.0331196 0.32251
1 0.986779 0.099359 0.0264423 0.0475427 0.270508
1 0.893029 0.891026 0.0288462 0.0405983 0.432129
1 0.404447 0.850427 0.0402644 0.0534188 0.418701
1 0.0548377 0.751068 0.0288462 0.0320513 0.351318
1 0.986178 0.100427 0.0276443 0.0494124 0.317383
1 0.628606 0.91453 0.0264423 0.0405983 0.254639
1 0.89363 0.889957 0.0288462 0.0384616 0.430176
1 0.404147 0.849893 0.0390625 0.0523504 0.421631
1 0.0548377 0.750534 0.0282452 0.0320513 0.337158
1 0.986779 0.100561 0.0264423 0.0480769 0.317383
1 0.628606 0.913996 0.0264423 0.0395298 0.275146
1 0.89363 0.891026 0.0288462 0.0405983 0.44165
1 0.404447 0.851496 0.0396634 0.0534187 0.433105
1 0.0548377 0.751068 0.0282452 0.0320513 0.331055
1 0.986478 0.100828 0.0270432 0.0491453 0.329346
1 0.628606 0.91453 0.0264423 0.0384615 0.27124
1 0.89363 0.891026 0.0300481 0.0405983 0.421631
1 0.403846 0.850427 0.0396634 0.0523504 0.413086
1 0.054387 0.751603 0.0288462 0.0331196 0.329346
1 0.986178 0.10016 0.0276443 0.048344 0.318359
1 0.89363 0.890491 0.0288462 0.0405983 0.436768
1 0.403846 0.850427 0.0396634 0.0534188 0.430176
1 0.054387 0.751603 0.0291466 0.034188 0.355713
1 0.986178 0.100661 0.0276443 0.0492121 0.331055
1 0.628606 0.913462 0.0264423 0.0405983 0.258301
1 0.89363 0.891026 0.0288462 0.0405983 0.421631
1 0.404147 0.850427 0.0396635 0.0534188 0.405518
1 0.0546124 0.752137 0.0283954 0.0341881 0.332764
1 0.986779 0.100828 0.0264423 0.0494124 0.307373
1 0.89363 0.891026 0.0288462 0.0395299 0.442627
1 0.404147 0.850427 0.0396635 0.0534188 0.427246
1 0.0545373 0.752137 0.0282452 0.0320513 0.354004
1 0.986178 0.100694 0.0276443 0.0491453 0.324219
1 0.893029 0.891026 0.0276443 0.0363248 0.376709
1 0.403846 0.849359 0.0384615 0.0534188 0.368408
1 0.986178 0.0973558 0.0276443 0.0491453 0.303955
1 0.0543119 0.751068 0.0271935 0.0299145 0.287842
