1 0.179387 0.86218 0.0348558 0.0534188 0.338135
1 0.176983 0.887821 0.0354567 0.0619658 0.313232
1 0.175781 0.870192 0.0408654 0.0608974 0.264404
1 0.172776 0.870727 0.046274 0.0619658 0.311523
1 0.801683 0.0481437 0.0300481 0.0599626 0.256104
1 0.172326 0.881944 0.0423678 0.0523504 0.281494
1 0.799279 0.0628339 0.03125 0.0486111 0.250244
1 0.862981 0.94765 0.0600962 0.076923 0.259033
1 0.867788 0.948718 0.0625 0.0811965 0.297363
1 0.176082 0.88515 0.0366587 0.0662393 0.287842
1 0.866587 0.948718 0.0576922 0.076923 0.304932
1 0.176532 0.882479 0.0381611 0.059829 0.2854
1 0.867188 0.943376 0.0625 0.0683761 0.275146
1 0.177284 0.888355 0.0378606 0.0641026 0.2854
1 0.865385 0.934295 0.0600961 0.0790599 0.299805
1 0.17488 0.882479 0.0384615 0.0673077 0.289307
1 0.864183 0.9375 0.0600961 0.0694444 0.270508
1 0.17473 0.886752 0.0399639 0.0641025 0.251709
1 0.867188 0.934829 0.0576923 0.0641026 0.301514
1 0.865385 0.941773 0.0625 0.0811965 0.254639
1 0.865986 0.939103 0.0600962 0.0769231 0.358398
1 0.865385 0.940705 0.0612981 0.0801282 0.271973
1 0.864183 0.949786 0.0576922 0.0673077 0.297363
1 0.867188 0.946047 0.0552885 0.0694444 0.264404
1 0.867188 0.94765 0.0564903 0.0790598 0.311523
1 0.865385 0.945513 0.0576922 0.0779915 0.355713
1 0.173377 0.883547 0.0414664 0.059829 0.262207
1 0.864183 0.935898 0.0552884 0.0641026 0.294922
1 0.867788 0.945513 0.0588943 0.0737179 0.351318
1 0.175931 0.883547 0.038762 0.0641026 0.256104
1 0.866587 0.947115 0.0600962 0.0769231 0.309814
1 0.864784 0.939637 0.0576923 0.0726496 0.2854
1 0.865986 0.938034 0.0588942 0.0833333 0.27124
1 0.865385 0.946047 0.0540866 0.0683761 0.359375
1 0.176683 0.886218 0.0384615 0.0587607 0.266602
1 0.865385 0.949786 0.0576922 0.0662393 0.380371
1 0.866587 0.949786 0.0564904 0.0726496 0.367432
1 0.176983 0.883547 0.0408654 0.059829 0.252441
1 0.865385 0.949786 0.0552884 0.0662393 0.384033
1 0.175781 0.884081 0.0396635 0.0598291 0.262939
1 0.865986 0.942308 0.0600962 0.0683761 0.30249
1 0.865385 0.948718 0.0564904 0.076923 0.402588
1 0.865385 0.948184 0.0612981 0.0715812 0.396973
1 0.79988 0.0646368 0.030048 0.0499466 0.250244
1 0.865986 0.948718 0.0564903 0.076923 0.374756
1 0.865385 0.942308 0.0576922 0.0662393 0.274414
1 0.865986 0.941239 0.0576923 0.0769231 0.371094
1 0.800481 0.0495459 0.0252404 0.0502137 0.253906
1 0.865385 0.945513 0.0576922 0.0705128 0.326904
1 0.865385 0.938034 0.0588943 0.0683761 0.299805
1 0.865385 0.934829 0.0576922 0.0641026 0.282959
1 0.865385 0.948718 0.0576922 0.0790598 0.377441
1 0.866587 0.938568 0.0600962 0.0726496 0.288574
1 0.865385 0.941239 0.0576922 0.0705129 0.350342
1 0.865986 0.938568 0.0576923 0.0694444 0.360352
1 0.864183 0.940171 0.0600961 0.0769231 0.414795
1 0.801082 0.0490118 0.0240385 0.0499466 0.259766
1 0.866587 0.940171 0.0600962 0.0726496 0.343262
1 0.865385 0.938034 0.0564904 0.0705128 0.282227
1 0.865385 0.940171 0.0552884 0.0705128 0.30249
1 0.866587 0.939103 0.0576922 0.0705128 0.289307
1 0.864183 0.948718 0.0576922 0.0705128 0.282959
1 0.865385 0.939103 0.0576922 0.0705128 0.308105
1 0.865385 0.950321 0.0576922 0.0779914 0.344238
1 0.865385 0.939103 0.0552884 0.0705128 0.294189
1 0.864784 0.952991 0.0576923 0.0747864 0.345215
1 0.864183 0.939103 0.0576922 0.0683761 0.35498
1 0.864784 0.949786 0.0576923 0.0726496 0.328613
1 0.865385 0.949252 0.0576922 0.0683761 0.319092
1 0.865385 0.946581 0.0564904 0.0726496 0.357666
1 0.866587 0.94391 0.0552884 0.073718 0.354004
1 0.865385 0.946047 0.0528846 0.065171 0.29248
1 0.864784 0.946581 0.0552885 0.0726496 0.34082
1 0.865385 0.938568 0.0576922 0.0726496 0.323486
1 0.866587 0.940171 0.0576922 0.0705128 0.334473
1 0.865385 0.939103 0.0552884 0.0662393 0.383057
1 0.802885 0.0637687 0.0264423 0.0492788 0.262939
1 0.176232 0.884081 0.0396635 0.0555556 0.251709
1 0.865385 0.941239 0.0576922 0.0726496 0.320801
1 0.865385 0.939637 0.0576922 0.0715812 0.355713
1 0.865385 0.941239 0.0564904 0.0726496 0.35498
1 0.865385 0.942308 0.0576922 0.0769231 0.397949
1 0.865385 0.940171 0.0564904 0.0737179 0.363037
1 0.864784 0.939103 0.0552885 0.0694444 0.35498
1 0.866587 0.944444 0.0576922 0.0737179 0.352295
1 0.865385 0.941239 0.0552884 0.0747864 0.347656
1 0.864183 0.944444 0.0576922 0.0705128 0.424316
1 0.175931 0.884615 0.0396635 0.059829 0.324219
1 0.397837 0.921474 0.0240385 0.0373932 0.294189
1 0.801683 0.0609642 0.0288461 0.0496795 0.2854
1 0.676683 0.882479 0.0288462 0.0470085 0.251709
1 0.864784 0.948718 0.0588942 0.0726496 0.44165
1 0.398438 0.919872 0.0240385 0.0363248 0.345215
1 0.176683 0.882479 0.0399639 0.0587607 0.341553
1 0.801683 0.0605636 0.0264423 0.0487447 0.338135
1 0.676683 0.882479 0.03125 0.0470085 0.295898
1 0.865385 0.944979 0.0576922 0.0758547 0.498047
1 0.176082 0.882479 0.039363 0.059829 0.349609
1 0.398438 0.919872 0.0252404 0.0384616 0.335449
1 0.801683 0.0586939 0.0288461 0.0507479 0.294189
1 0.864784 0.947115 0.0552885 0.0726496 0.487305
1 0.175931 0.881944 0.038762 0.0566239 0.368408
1 0.398137 0.920406 0.0240385 0.0373932 0.329346
1 0.801683 0.0609642 0.0288461 0.0482105 0.313232
1 0.676683 0.880342 0.0288462 0.0448718 0.280518
1 0.734375 0.86859 0.0240385 0.0662393 0.270508
1 0.864784 0.94765 0.0564903 0.0726496 0.541016
1 0.175781 0.880876 0.0402644 0.059829 0.404541
1 0.398738 0.918803 0.0240385 0.0363248 0.369385
1 0.801683 0.0596955 0.0276443 0.048344 0.351318
1 0.734375 0.869124 0.0228365 0.0641026 0.286133
1 0.676683 0.879273 0.0300481 0.042735 0.259766
1 0.865385 0.94765 0.0552884 0.0726496 0.486328
1 0.176382 0.880342 0.0384615 0.0576924 0.36377
1 0.397837 0.919872 0.0228366 0.0352564 0.353027
1 0.801683 0.0584936 0.0264423 0.0472756 0.331055
1 0.676683 0.878739 0.0288462 0.0438034 0.279053
1 0.734375 0.869124 0.0240385 0.0630342 0.253906
1 0.864784 0.948184 0.0552885 0.0705129 0.567871
1 0.176683 0.879808 0.0390625 0.056624 0.415771
1 0.398738 0.919872 0.0240385 0.0363248 0.38501
1 0.801683 0.0579594 0.0276443 0.0472756 0.369385
1 0.677284 0.879273 0.0300481 0.0448718 0.331055
1 0.734375 0.86859 0.0240385 0.0619659 0.312256
1 0.865385 0.948184 0.0552884 0.0726496 0.532227
1 0.175931 0.880342 0.0402644 0.0576924 0.38501
1 0.398438 0.919872 0.0240385 0.0373931 0.370117
1 0.801683 0.0591613 0.0264423 0.0475427 0.347656
1 0.734976 0.869124 0.0240385 0.0619658 0.300781
1 0.677284 0.873932 0.0300481 0.042735 0.269775
1 0.864784 0.947115 0.0552885 0.0705128 0.551758
1 0.175931 0.878205 0.0399639 0.0555556 0.403564
1 0.801683 0.0584936 0.0264423 0.0459402 0.379395
1 0.398438 0.919338 0.0240385 0.0352564 0.375732
1 0.734375 0.86859 0.0240385 0.0641026 0.296631
1 0.677284 0.873398 0.0300481 0.0416667 0.293457
1 0.865385 0.941239 0.0564904 0.0726496 0.551758
1 0.176382 0.879273 0.0390625 0.0555556 0.419678
1 0.801082 0.0582265 0.0288462 0.0472756 0.411133
1 0.398137 0.919872 0.0252404 0.0363248 0.389648
1 0.677284 0.878205 0.0300481 0.042735 0.310791
1 0.734375 0.869124 0.0240385 0.0641026 0.299805
1 0.865385 0.946581 0.0552884 0.0705128 0.558105
1 0.801082 0.0608307 0.0276442 0.0463408 0.404541
1 0.398438 0.92094 0.0240385 0.0363248 0.401611
1 0.176833 0.879273 0.0384615 0.0555556 0.399902
1 0.675481 0.877137 0.03125 0.0470085 0.304932
1 0.734976 0.870192 0.0240385 0.0630341 0.289307
1 0.865986 0.94765 0.0552885 0.0683761 0.53418
1 0.176683 0.879808 0.0399639 0.0576923 0.421631
1 0.801683 0.0615652 0.0288461 0.0480769 0.410156
1 0.398738 0.92094 0.0252404 0.0373931 0.388672
1 0.677284 0.879273 0.0300481 0.0448718 0.362061
1 0.734976 0.871795 0.0240385 0.0662393 0.27832
1 0.865986 0.942308 0.0540865 0.0705129 0.562012
1 0.176683 0.879273 0.0402644 0.0555556 0.42334
1 0.801683 0.0611645 0.0276443 0.0462073 0.415771
1 0.399038 0.919872 0.0252404 0.0363248 0.403564
1 0.677885 0.879273 0.03125 0.0448718 0.381104
1 0.734976 0.871261 0.0240385 0.0641026 0.277588
1 0.865986 0.944444 0.0552885 0.0726496 0.582031
1 0.801683 0.0620994 0.0264423 0.0464744 0.435059
1 0.176532 0.880342 0.0399639 0.0576924 0.430176
1 0.399038 0.92094 0.0240385 0.0363248 0.404541
1 0.677284 0.879273 0.0300481 0.0438035 0.398926
1 0.734375 0.870192 0.0240385 0.0630341 0.281494
1 0.865385 0.943376 0.0552884 0.0705128 0.547852
1 0.176983 0.879808 0.0402644 0.056624 0.414795
1 0.801683 0.0618323 0.0276443 0.0462073 0.414062
1 0.398738 0.919872 0.0252404 0.0363248 0.389648
1 0.677284 0.879273 0.0300481 0.0448718 0.364746
1 0.734375 0.870727 0.0240385 0.0641025 0.263672
1 0.865385 0.943376 0.0552884 0.0705128 0.568848
1 0.801683 0.0626335 0.0276443 0.0470086 0.434082
1 0.174579 0.879273 0.0396635 0.0555556 0.427246
1 0.398738 0.919872 0.0252404 0.0384616 0.412109
1 0.676683 0.878739 0.03125 0.0448719 0.375732
1 0.734375 0.870192 0.0240385 0.065171 0.277588
1 0.865385 0.942842 0.0552884 0.0705128 0.554688
1 0.801683 0.0623665 0.0276443 0.0470085 0.410156
1 0.176983 0.879273 0.0399639 0.0576924 0.403564
1 0.399038 0.919872 0.0252404 0.0384616 0.383057
1 0.677885 0.878739 0.03125 0.0448719 0.364746
1 0.734375 0.870192 0.0240385 0.0641026 0.265869
1 0.865385 0.942842 0.0552884 0.0705128 0.562012
1 0.801683 0.0625 0.0276443 0.0463408 0.433105
1 0.176683 0.879273 0.0402644 0.0566239 0.422607
1 0.399038 0.919872 0.0252404 0.0373931 0.393311
1 0.677284 0.878205 0.03125 0.0448718 0.380371
1 0.734375 0.870192 0.0240385 0.0641026 0.27832
1 0.865385 0.94765 0.0552884 0.0726496 0.486328
1 0.176382 0.880342 0.0384615 0.0576924 0.36377
1 0.397837 0.919872 0.0228366 0.0352564 0.353027
1 0.801683 0.0585604 0.0264423 0.0474092 0.331055
1 0.676683 0.878739 0.0288462 0.0438034 0.279053
1 0.734375 0.869124 0.0240385 0.0630342 0.253906
