1 0.664663 0.0406651 0.0456731 0.0813301 0.320801
1 0.664663 0.0369925 0.0444712 0.073985 0.252441
1 0.665264 0.0432025 0.0492789 0.0864049 0.274414
1 0.661058 0.0426683 0.0552885 0.0853365 0.259033
1 0.1247 0.00701122 0.0180289 0.0140224 0.260498
1 0.936298 0.185363 0.0192308 0.0443376 0.293457
1 0.124249 0.00642695 0.0186298 0.0128539 0.265869
1 0.935096 0.186432 0.0192308 0.0422009 0.291748
1 0.12485 0.00602631 0.0180289 0.0120526 0.264404
1 0.935096 0.186432 0.0192308 0.0438034 0.320068
1 0.123197 0.006043 0.0174279 0.012086 0.266602
1 0.936298 0.184829 0.0192308 0.0443376 0.342529
1 0.33774 0.409188 0.0216346 0.0299145 0.27832
1 0.124136 0.00587607 0.0179537 0.0117521 0.26123
1 0.560998 0.0123531 0.0234375 0.0247062 0.256836
1 0.935096 0.185363 0.0192308 0.0432692 0.290283
1 0.33774 0.410791 0.0216346 0.0299145 0.276611
1 0.123648 0.00637687 0.0177284 0.0127537 0.257568
1 0.560697 0.013555 0.0240385 0.02711 0.252441
1 0.935096 0.185897 0.0192308 0.0443376 0.30249
1 0.123498 0.00607639 0.0183293 0.0121528 0.26123
1 0.337139 0.410256 0.0222356 0.0277778 0.250244
1 0.935096 0.185897 0.0192308 0.0438034 0.341553
1 0.336538 0.409722 0.0228365 0.0299145 0.294189
1 0.285757 0.143563 0.0186298 0.051015 0.26123
1 0.935697 0.18563 0.0180289 0.0443376 0.318359
1 0.123648 0.00664396 0.0183293 0.0132879 0.286865
1 0.336839 0.410256 0.0222356 0.0288461 0.279053
1 0.561298 0.0142561 0.0246394 0.0285123 0.257568
1 0.286058 0.143697 0.0180289 0.0512821 0.256104
1 0.935697 0.186031 0.0192307 0.0440705 0.313965
1 0.337139 0.410791 0.0228365 0.0299145 0.299072
1 0.123948 0.0068109 0.0183293 0.0136218 0.260498
1 0.286058 0.142361 0.0180289 0.0512821 0.256836
1 0.936298 0.186565 0.0192308 0.0438034 0.307373
1 0.33744 0.409722 0.0228365 0.0293803 0.295898
1 0.124361 0.00617655 0.018104 0.0123531 0.269043
1 0.286058 0.142628 0.0180289 0.0507479 0.251709
1 0.936298 0.186699 0.0192308 0.0432692 0.300781
1 0.337139 0.411058 0.0222356 0.0293803 0.29248
1 0.123948 0.00667735 0.0177284 0.0133547 0.27832
1 0.286058 0.143697 0.0180289 0.0507479 0.258301
1 0.935697 0.186432 0.0204328 0.0435363 0.288574
1 0.337139 0.410524 0.0228365 0.0299145 0.274414
1 0.123798 0.00669404 0.0186298 0.0133881 0.270508
1 0.286058 0.143697 0.0186298 0.0507479 0.253906
1 0.33744 0.410791 0.0228365 0.0309829 0.314941
1 0.935096 0.186699 0.0192308 0.0432692 0.308105
1 0.124099 0.00707799 0.0183293 0.014156 0.294922
1 0.286058 0.142895 0.0180289 0.0502137 0.269043
1 0.0456919 0.847756 0.0318134 0.042735 0.254639
1 0.935697 0.186966 0.0192307 0.0432692 0.282227
1 0.33774 0.411058 0.0228365 0.0304487 0.281494
1 0.124249 0.00719485 0.0180288 0.0143897 0.265869
1 0.935697 0.187099 0.0192307 0.0430021 0.296631
1 0.33744 0.411058 0.0222356 0.0293803 0.291748
1 0.124249 0.00676082 0.0180288 0.0135216 0.266602
1 0.285757 0.143697 0.0180289 0.0486111 0.255371
1 0.935096 0.186432 0.0192308 0.0438034 0.320068
1 0.123235 0.006043 0.0173528 0.012086 0.266602
