1 0.704327 0.794872 0.0240385 0.0491453 0.273682
1 0.512019 0.613248 0.0252404 0.0320513 0.252441
1 0.549579 0.652778 0.0240385 0.0384616 0.250977
1 0.550481 0.654915 0.0252404 0.0363248 0.252441
1 0.551683 0.654915 0.0288462 0.0405983 0.256836
1 0.55018 0.655983 0.0240385 0.0405983 0.269043
1 0.550481 0.654915 0.0264423 0.0395299 0.254639
1 0.551082 0.652778 0.0288462 0.0363248 0.271973
1 0.54988 0.652778 0.0240385 0.0363248 0.282959
1 0.840144 0.147302 0.0192308 0.0480769 0.253906
1 0.54988 0.652244 0.0276442 0.0395299 0.289307
1 0.550781 0.652778 0.0228365 0.0384616 0.266602
1 0.51262 0.613248 0.0264423 0.034188 0.253906
1 0.549279 0.653846 0.0252404 0.0384615 0.277588
1 0.551082 0.651175 0.0246394 0.0352564 0.250977
1 0.55018 0.654915 0.0288462 0.0405983 0.280518
1 0.54988 0.651709 0.0276442 0.0405983 0.282227
1 0.552284 0.653312 0.0240385 0.0373931 0.2854
1 0.54988 0.653846 0.0270433 0.0405983 0.304932
1 0.550481 0.653312 0.0240385 0.0373931 0.258301
1 0.551683 0.655983 0.0228365 0.0363248 0.284668
1 0.551082 0.653312 0.0246394 0.0405983 0.279053
1 0.55018 0.65438 0.0258413 0.0395299 0.253174
1 0.551683 0.653846 0.0240385 0.0384615 0.255371
1 0.550481 0.653846 0.0264423 0.0448718 0.293457
1 0.551082 0.654915 0.0240385 0.0405983 0.29834
1 0.551382 0.652244 0.0264423 0.0384616 0.262207
1 0.55018 0.652778 0.0258413 0.0405983 0.252441
1 0.550481 0.652778 0.0252404 0.0448718 0.282959
1 0.551082 0.652778 0.0264423 0.0438034 0.275879
1 0.551683 0.653312 0.0252404 0.0416667 0.273682
1 0.551082 0.651709 0.0252404 0.0416667 0.262207
1 0.551082 0.650107 0.0264423 0.0416667 0.306641
1 0.55018 0.654915 0.0258413 0.0405983 0.351318
1 0.550481 0.649573 0.0252404 0.0405983 0.376709
1 0.668269 0.857906 0.0240385 0.0277778 0.319092
1 0.513822 0.611111 0.0252404 0.0331197 0.303223
1 0.914663 0.412927 0.0240384 0.0347222 0.275146
1 0.550481 0.651709 0.0276442 0.042735 0.373047
1 0.668269 0.858974 0.0240385 0.0277778 0.29834
1 0.513822 0.611645 0.0270432 0.0331197 0.275879
1 0.914663 0.411592 0.0240384 0.0363248 0.256104
1 0.550481 0.652778 0.0252404 0.0384616 0.366699
1 0.703125 0.802885 0.03125 0.0373931 0.282959
1 0.513221 0.61218 0.0264423 0.0309829 0.282227
1 0.668269 0.85844 0.0240385 0.0267094 0.279053
1 0.914663 0.410524 0.0240384 0.0336539 0.275879
1 0.840144 0.144498 0.0192308 0.0494124 0.272705
1 0.551082 0.650641 0.0252404 0.0373932 0.417725
1 0.66887 0.857906 0.0240385 0.025641 0.331055
1 0.704327 0.803419 0.03125 0.0363247 0.315674
1 0.514123 0.610577 0.0258414 0.0309829 0.312256
1 0.915865 0.408921 0.0228365 0.0325854 0.303223
1 0.840144 0.145032 0.0192308 0.0448718 0.290283
1 0.198918 0.411325 0.0216346 0.0491453 0.260498
1 0.550481 0.651709 0.0246394 0.0384616 0.407227
1 0.513221 0.611111 0.0252404 0.0299145 0.328613
1 0.668269 0.858974 0.0240385 0.025641 0.314941
1 0.914663 0.409989 0.0216346 0.0309829 0.281494
1 0.840144 0.1461 0.0180288 0.0459402 0.279785
1 0.703125 0.803953 0.03125 0.0384616 0.275146
1 0.551082 0.651709 0.0240385 0.0384616 0.458008
1 0.513522 0.611111 0.0258414 0.0320513 0.363037
1 0.668269 0.856838 0.0240385 0.0267094 0.352295
1 0.703125 0.803419 0.03125 0.0384615 0.324219
1 0.915264 0.409188 0.0228365 0.0331196 0.314941
1 0.840745 0.145433 0.0180289 0.0467415 0.311523
1 0.198918 0.413729 0.0228365 0.0502137 0.27124
1 0.550481 0.652778 0.0240385 0.0384616 0.414795
1 0.668269 0.857906 0.0240385 0.0267094 0.354004
1 0.513522 0.611645 0.0252404 0.0320513 0.332764
1 0.915264 0.410791 0.0228365 0.034188 0.312256
1 0.840745 0.146234 0.0180289 0.0464744 0.294922
1 0.703125 0.804487 0.03125 0.0384615 0.291748
1 0.199069 0.413462 0.0219351 0.051282 0.269043
1 0.550481 0.652778 0.0252404 0.0384616 0.44751
1 0.513221 0.611111 0.0258413 0.0299145 0.35498
1 0.667668 0.857372 0.0240385 0.0267094 0.343262
1 0.840144 0.1461 0.0168269 0.0475427 0.338135
1 0.914663 0.409722 0.0240384 0.0320513 0.310791
1 0.703125 0.804487 0.03125 0.0384615 0.299805
1 0.198768 0.410256 0.0216346 0.0443376 0.277588
1 0.55018 0.651709 0.0264423 0.0405983 0.453369
1 0.512921 0.611111 0.0270433 0.0320513 0.374756
1 0.703125 0.804487 0.03125 0.0384615 0.349609
1 0.914663 0.409188 0.0240384 0.034188 0.334473
1 0.668269 0.857906 0.0240385 0.0277778 0.331055
1 0.840144 0.145433 0.0192308 0.0478098 0.324219
1 0.198618 0.409188 0.0216346 0.0438034 0.275146
1 0.550481 0.651709 0.0252404 0.0405983 0.454346
1 0.513221 0.611645 0.0264423 0.0320513 0.350342
1 0.668269 0.860043 0.0240385 0.0277778 0.338135
1 0.703125 0.803953 0.03125 0.0384616 0.32251
1 0.914663 0.410256 0.0240384 0.0331197 0.314941
1 0.840745 0.146635 0.0180289 0.0475427 0.309814
1 0.198768 0.409722 0.0219351 0.0448718 0.259766
1 0.551082 0.651709 0.0252404 0.0384616 0.437744
1 0.513221 0.611645 0.0264423 0.0320513 0.363037
1 0.914663 0.410256 0.0240384 0.0352564 0.339844
1 0.668269 0.859509 0.0240385 0.0267094 0.329346
1 0.841346 0.1461 0.0192308 0.0491453 0.320801
1 0.703726 0.804487 0.03125 0.0384615 0.314941
1 0.551082 0.651175 0.0252404 0.0384616 0.450439
1 0.513522 0.610577 0.0264423 0.0320513 0.361084
1 0.915264 0.409188 0.0240385 0.034188 0.337158
1 0.668269 0.85844 0.0240385 0.025641 0.332031
1 0.841346 0.146635 0.0192308 0.0480769 0.331055
1 0.703726 0.804487 0.03125 0.0384615 0.309082
1 0.198768 0.411325 0.0225361 0.0459402 0.266602
1 0.551082 0.652778 0.0252404 0.0384616 0.461914
1 0.513221 0.611111 0.0264423 0.0320513 0.378418
1 0.841346 0.147035 0.0180288 0.0472757 0.342529
1 0.668269 0.858974 0.0240385 0.025641 0.337158
1 0.915264 0.410791 0.0240385 0.0336539 0.33374
1 0.703726 0.804487 0.03125 0.0384615 0.320068
1 0.198317 0.412927 0.0228365 0.0491453 0.284668
1 0.550781 0.652778 0.0264423 0.0384616 0.445557
1 0.513221 0.611111 0.0264423 0.0320513 0.363037
1 0.841346 0.147703 0.0192308 0.0470085 0.324219
1 0.915265 0.410256 0.0252404 0.034188 0.320068
1 0.668269 0.858974 0.0240385 0.0267093 0.314941
1 0.703125 0.804487 0.03125 0.0384615 0.295898
1 0.198317 0.413194 0.0234375 0.0496795 0.257568
1 0.551082 0.651709 0.0264423 0.0395299 0.46875
1 0.513221 0.611111 0.0264423 0.0320513 0.394287
1 0.914663 0.410256 0.0240384 0.0352564 0.356689
1 0.668269 0.858974 0.0240385 0.0277778 0.349609
1 0.841346 0.147169 0.0192308 0.0464744 0.347656
1 0.703125 0.804487 0.03125 0.0384615 0.319092
1 0.198317 0.412393 0.0234375 0.0491453 0.270508
1 0.551082 0.652778 0.0252404 0.0384616 0.442627
1 0.513522 0.611645 0.0264423 0.0320513 0.373779
1 0.915264 0.410791 0.0240385 0.0352564 0.324219
1 0.841346 0.147436 0.0192308 0.0459402 0.32251
1 0.668269 0.859509 0.0240385 0.0267094 0.309814
1 0.703125 0.805021 0.03125 0.0384616 0.299805
1 0.198618 0.411592 0.0222356 0.0464744 0.251709
1 0.551082 0.652778 0.0252404 0.0384616 0.456055
1 0.513221 0.61218 0.0264423 0.0320513 0.395996
1 0.841346 0.147569 0.0192308 0.0456731 0.34082
1 0.915264 0.410791 0.0240385 0.034188 0.339844
1 0.668269 0.859509 0.0240385 0.025641 0.319092
1 0.703125 0.805021 0.03125 0.0384616 0.307373
1 0.198618 0.411325 0.0222356 0.0448718 0.255371
1 0.550481 0.651709 0.0246394 0.0384616 0.408203
1 0.513221 0.611111 0.0252404 0.0299145 0.328613
1 0.668269 0.858974 0.0240385 0.025641 0.314941
1 0.914663 0.409989 0.0216346 0.0309829 0.281494
1 0.840144 0.1461 0.0180288 0.0459402 0.279785
1 0.703125 0.804487 0.03125 0.0384615 0.275146
