1 0.792067 0.182425 0.0360577 0.051282 0.253906
1 0.792067 0.17922 0.0336538 0.0400641 0.29248
1 0.791466 0.17922 0.0324519 0.0432692 0.252441
1 0.791466 0.18109 0.0360577 0.0379274 0.269775
1 0.789663 0.176549 0.0360577 0.036859 0.255371
1 0.793269 0.184295 0.0336538 0.0403312 0.2854
1 0.792668 0.181624 0.0336538 0.0379274 0.252441
1 0.792067 0.180823 0.0336538 0.0352564 0.257568
1 0.792668 0.183227 0.0336538 0.036859 0.265137
1 0.790865 0.180823 0.0336539 0.0379274 0.255371
1 0.793269 0.183494 0.0336538 0.0408654 0.262939
1 0.790865 0.183627 0.0360577 0.0403312 0.266602
1 0.792067 0.182559 0.0348557 0.039797 0.262939
1 0.789663 0.178419 0.0336539 0.0389957 0.268066
1 0.792067 0.182425 0.0336538 0.0352564 0.271973
1 0.792067 0.182025 0.0336538 0.0357906 0.274414
1 0.790865 0.184028 0.0360577 0.0376603 0.282959
1 0.792067 0.181357 0.0360577 0.0395299 0.260498
1 0.790865 0.182425 0.0360577 0.0405983 0.267334
1 0.790264 0.177618 0.0336538 0.0379274 0.266602
1 0.792067 0.182292 0.0360577 0.0376603 0.263672
1 0.789663 0.178152 0.0336539 0.0400641 0.269043
1 0.789663 0.17735 0.0336539 0.0347222 0.343262
1 0.792067 0.182692 0.0336538 0.0363248 0.328613
1 0.792067 0.185096 0.0336538 0.0373932 0.326904
1 0.792668 0.183093 0.0324519 0.0336538 0.37207
1 0.792067 0.184428 0.0324519 0.0328526 0.397949
1 0.792067 0.184562 0.03125 0.0347222 0.374756
1 0.792067 0.183494 0.0336538 0.0347222 0.435791
1 0.792067 0.184295 0.0336538 0.0357906 0.410156
1 0.792067 0.184829 0.0336538 0.0357906 0.42334
1 0.792067 0.184829 0.0336538 0.0360577 0.442627
1 0.792067 0.184562 0.0336538 0.0357906 0.44458
1 0.697716 0.651175 0.0180289 0.0299145 0.259033
1 0.792067 0.184829 0.0360577 0.0363248 0.438721
1 0.697716 0.651709 0.0180289 0.0320513 0.270508
1 0.792067 0.184829 0.0348557 0.036859 0.429199
1 0.792067 0.185497 0.0336538 0.0360577 0.438721
1 0.697115 0.651175 0.016827 0.0309829 0.253174
1 0.792067 0.185497 0.0360577 0.0363248 0.413086
1 0.792067 0.185096 0.0360577 0.0357906 0.432129
1 0.697115 0.650641 0.016827 0.0320513 0.268066
1 0.792067 0.185897 0.0360577 0.0357906 0.415771
1 0.792067 0.185497 0.0360577 0.0355235 0.433105
1 0.792067 0.184562 0.03125 0.0347222 0.374756
