1 0.0103666 0.483173 0.0167518 0.0496795 0.325195
1 0.69351 0.274639 0.0600962 0.0992254 0.330322
1 0.582782 0.447115 0.038762 0.0480769 0.281494
1 0.694712 0.265491 0.0625 0.110577 0.27124
1 0.58113 0.450588 0.0396635 0.0550214 0.268066
1 0.582933 0.448985 0.0384615 0.0496795 0.301514
1 0.582332 0.449252 0.0360577 0.0544872 0.265137
1 0.582332 0.451656 0.0432693 0.0544872 0.277588
1 0.583534 0.450321 0.0396635 0.0523504 0.271973
1 0.692308 0.274573 0.0637019 0.114316 0.253174
1 0.581881 0.451923 0.0405649 0.0534188 0.263672
1 0.580529 0.449519 0.0396635 0.0528846 0.259033
1 0.581731 0.452457 0.0372596 0.0507479 0.273682
1 0.580379 0.451389 0.0363582 0.0555556 0.262939
1 0.581581 0.448718 0.038762 0.0502137 0.250244
1 0.583083 0.451656 0.038161 0.0550214 0.262939
1 0.582933 0.449252 0.0384615 0.0544872 0.280518
1 0.582933 0.449519 0.0396635 0.0507479 0.250244
1 0.581731 0.450855 0.0372596 0.0502137 0.250977
1 0.69351 0.285724 0.0649038 0.128339 0.303955
1 0.692308 0.281985 0.0649038 0.132612 0.253174
1 0.691106 0.28125 0.0649038 0.126603 0.268066
1 0.581581 0.448184 0.0363582 0.0523504 0.266602
1 0.692308 0.283587 0.0625 0.125134 0.267334
1 0.582933 0.450855 0.0384615 0.0528846 0.253906
1 0.691707 0.284722 0.0625 0.126068 0.323486
1 0.582933 0.450855 0.0384615 0.0544872 0.287842
1 0.691707 0.283387 0.0637019 0.125534 0.345947
1 0.582782 0.450321 0.0363582 0.0534188 0.31665
1 0.691106 0.284722 0.0673077 0.121261 0.515625
1 0.582933 0.448718 0.0372596 0.0523504 0.337158
1 0.691707 0.284455 0.0661057 0.119658 0.356689
1 0.582933 0.448985 0.0372596 0.053953 0.30249
1 0.690505 0.285256 0.0661058 0.120727 0.460938
1 0.582933 0.450321 0.0384615 0.0534188 0.354004
1 0.691106 0.286926 0.0649038 0.121661 0.445557
1 0.583083 0.449786 0.038161 0.0544872 0.329346
1 0.691106 0.285791 0.0649038 0.120727 0.431152
1 0.582332 0.449786 0.0384615 0.0523504 0.345947
1 0.691106 0.285857 0.0649038 0.120593 0.430176
1 0.583083 0.448718 0.038161 0.0523504 0.378418
1 0.697115 0.972222 0.0216346 0.0470085 0.251709
1 0.691106 0.284188 0.0649038 0.120727 0.461914
1 0.582933 0.449786 0.0372596 0.0534188 0.358398
1 0.697716 0.972222 0.0216346 0.0459401 0.250244
1 0.691106 0.285724 0.0661058 0.12086 0.452393
1 0.582933 0.449786 0.0384615 0.0544872 0.379395
1 0.692308 0.285857 0.0649038 0.121661 0.412109
1 0.582782 0.449786 0.038762 0.0534188 0.37207
1 0.691707 0.285256 0.0661057 0.122329 0.445557
1 0.582933 0.450053 0.0384615 0.053953 0.384033
1 0.691707 0.284722 0.0661057 0.11859 0.419678
1 0.583534 0.449786 0.0384615 0.0534188 0.371094
1 0.691106 0.286258 0.0661058 0.121928 0.410156
1 0.583083 0.448985 0.038161 0.0528846 0.392334
1 0.697115 0.972222 0.0216346 0.0459401 0.256104
1 0.692308 0.282586 0.0649038 0.122863 0.398926
1 0.583083 0.449786 0.038161 0.0534188 0.370117
1 0.691106 0.284989 0.0649038 0.11859 0.402588
1 0.582933 0.449786 0.0384615 0.0534188 0.385742
1 0.691707 0.284455 0.0661057 0.119658 0.356689
1 0.582933 0.448985 0.0372596 0.053953 0.30249
