1 0.626202 0.556624 0.046875 0.0555556 0.326904
1 0.276142 0.731838 0.0390625 0.0726496 0.263672
1 0.231971 0.860577 0.0330529 0.0491453 0.260498
1 0.228365 0.858974 0.038762 0.059829 0.267334
1 0.623798 0.563034 0.0528846 0.0598291 0.324219
1 0.226863 0.857372 0.0372596 0.0502137 0.284668
1 0.454327 0.95406 0.0324519 0.0555556 0.273682
1 0.490986 0.215011 0.0757212 0.122863 0.354004
1 0.628606 0.576923 0.0576923 0.0747863 0.305664
1 0.488281 0.206464 0.077524 0.123932 0.297363
1 0.625 0.582265 0.0528846 0.065171 0.283691
1 0.48768 0.221154 0.0769231 0.11859 0.27124
1 0.46905 0.549145 0.0288462 0.0576923 0.256836
1 0.492188 0.205662 0.0721154 0.120192 0.297363
1 0.491587 0.211405 0.0769231 0.119391 0.309082
1 0.489784 0.217281 0.0709135 0.11031 0.326904
1 0.489183 0.217281 0.0727163 0.111912 0.314941
1 0.627404 0.577457 0.0552885 0.0705128 0.272705
1 0.489183 0.212607 0.0757212 0.113248 0.293457
1 0.489483 0.217682 0.0727164 0.107372 0.265137
1 0.48738 0.219685 0.0805289 0.129006 0.294922
1 0.490385 0.207399 0.0757212 0.114583 0.428223
1 0.811899 0.538462 0.0961539 0.184829 0.266602
1 0.625 0.576923 0.0564904 0.0641026 0.265137
1 0.488582 0.208868 0.0769231 0.116453 0.351318
1 0.489784 0.212874 0.0763221 0.119124 0.310791
1 0.487981 0.213408 0.0811298 0.11859 0.310791
1 0.625 0.577991 0.0552885 0.0641026 0.256104
1 0.488882 0.212607 0.077524 0.114316 0.347656
1 0.623197 0.575855 0.0540865 0.0641026 0.251709
1 0.489784 0.212473 0.0757212 0.11672 0.31665
1 0.629808 0.577991 0.0480769 0.0641026 0.275146
1 0.487981 0.218616 0.078125 0.115118 0.289307
1 0.489183 0.211939 0.0745193 0.115652 0.326904
1 0.627404 0.57906 0.0552885 0.0662393 0.258301
1 0.627404 0.574786 0.0552885 0.0608974 0.27832
1 0.231821 0.865385 0.0345553 0.0555556 0.27832
1 0.489183 0.214477 0.078125 0.113782 0.272705
1 0.625601 0.57906 0.0552885 0.0619658 0.256836
1 0.490084 0.219017 0.0763221 0.117521 0.296631
1 0.230469 0.863248 0.0351562 0.0512821 0.27124
1 0.485877 0.219284 0.0829327 0.120192 0.383057
1 0.623798 0.576389 0.0552885 0.0673077 0.313965
1 0.230168 0.86485 0.0366587 0.0534188 0.253906
1 0.274639 0.746795 0.0426683 0.0769231 0.253174
1 0.488882 0.215545 0.078726 0.120192 0.294922
1 0.488582 0.223958 0.0751202 0.112447 0.374756
1 0.626202 0.579594 0.0576923 0.0608974 0.27832
1 0.274639 0.75 0.0402644 0.0683761 0.253906
1 0.626202 0.577991 0.0576923 0.0651709 0.305664
1 0.229868 0.865385 0.0369591 0.051282 0.275146
1 0.489183 0.22062 0.0757212 0.111111 0.314941
1 0.626202 0.578526 0.0552885 0.0641026 0.288574
1 0.228516 0.860577 0.0366587 0.0491453 0.266602
1 0.626202 0.578526 0.0528846 0.068376 0.306641
1 0.230168 0.866453 0.0348558 0.051282 0.279785
1 0.490084 0.21875 0.079327 0.118056 0.266602
1 0.627404 0.576923 0.0528846 0.0598291 0.260498
1 0.48738 0.219151 0.0697115 0.107105 0.258301
1 0.489183 0.215545 0.0757212 0.111645 0.339844
1 0.625 0.574786 0.0528846 0.0619658 0.275879
1 0.487981 0.214877 0.0769231 0.118857 0.311523
1 0.626803 0.575855 0.0528846 0.0705128 0.269775
1 0.231971 0.865385 0.0360577 0.051282 0.257568
1 0.489784 0.218349 0.0763221 0.119925 0.294189
1 0.625 0.576923 0.0528846 0.0641026 0.303955
1 0.229267 0.86485 0.0366587 0.0534188 0.255371
1 0.627404 0.57265 0.0552885 0.0619658 0.344238
1 0.489183 0.211004 0.0739182 0.113782 0.283691
1 0.23137 0.864316 0.0348558 0.0491453 0.277588
1 0.626202 0.574252 0.0528846 0.0630342 0.348633
1 0.488281 0.217014 0.0721154 0.114583 0.338867
1 0.228365 0.860043 0.0348558 0.0502136 0.266602
1 0.488582 0.213275 0.0763221 0.113515 0.323486
1 0.625601 0.573718 0.0552885 0.0662393 0.309814
1 0.228666 0.861111 0.0366586 0.0491453 0.250977
1 0.489183 0.214744 0.0745193 0.120726 0.265137
1 0.626803 0.574786 0.0528846 0.0662393 0.255371
1 0.228816 0.858974 0.0354567 0.0534188 0.251709
1 0.488582 0.212073 0.0745193 0.110043 0.303955
1 0.228365 0.861111 0.0366586 0.0491453 0.255371
1 0.627404 0.576923 0.0516827 0.0662393 0.253174
1 0.488582 0.213542 0.0805288 0.115652 0.284668
1 0.490385 0.211538 0.0757212 0.113782 0.280518
1 0.490385 0.209802 0.0757212 0.111912 0.315674
1 0.228215 0.861645 0.0360577 0.0491453 0.303955
1 0.490385 0.215011 0.0745193 0.116987 0.337158
1 0.230769 0.863248 0.0354567 0.0534188 0.275879
1 0.227915 0.563568 0.11869 0.107906 0.311523
1 0.489183 0.219418 0.0769231 0.11031 0.293457
1 0.489483 0.212073 0.0751202 0.120192 0.344238
1 0.228365 0.860043 0.0336539 0.0512821 0.256104
1 0.488281 0.221287 0.078125 0.110844 0.311523
1 0.227314 0.566239 0.121094 0.126068 0.341553
1 0.490685 0.215411 0.079327 0.115118 0.291016
1 0.229417 0.860043 0.0345553 0.0502136 0.262939
1 0.627404 0.575855 0.0540865 0.059829 0.258301
1 0.626803 0.575855 0.0540865 0.0619658 0.253174
1 0.228365 0.861111 0.0348558 0.0512821 0.26123
1 0.228966 0.564103 0.11238 0.110043 0.288574
1 0.488882 0.220219 0.0751202 0.105502 0.263672
1 0.232572 0.564103 0.119591 0.115385 0.343262
1 0.489183 0.219818 0.0769231 0.107372 0.286865
1 0.229117 0.861111 0.0357572 0.0534188 0.275879
1 0.626202 0.57265 0.0552885 0.0630342 0.32251
1 0.228666 0.86218 0.0348558 0.0512821 0.29834
1 0.226262 0.557826 0.115986 0.138622 0.343262
1 0.23137 0.565171 0.119591 0.115385 0.293457
1 0.489183 0.218216 0.078125 0.11859 0.279785
1 0.228365 0.860043 0.0354567 0.0534188 0.264404
1 0.626202 0.575321 0.0564904 0.0608974 0.26123
1 0.626202 0.577457 0.0552885 0.0608974 0.258301
1 0.228215 0.860577 0.0351562 0.0523504 0.254639
1 0.228666 0.861111 0.0366586 0.0576923 0.271973
1 0.626202 0.577991 0.0552885 0.0673077 0.260498
1 0.227915 0.561432 0.116286 0.126068 0.297363
1 0.626202 0.577457 0.0552885 0.0662393 0.263672
1 0.229117 0.861111 0.0369591 0.0555556 0.26123
1 0.226412 0.560897 0.121695 0.130342 0.411133
1 0.229567 0.86218 0.0354567 0.0555556 0.259033
1 0.625 0.575855 0.0552885 0.0619658 0.256104
1 0.228065 0.86218 0.0360577 0.0544872 0.276611
1 0.626202 0.575855 0.0552885 0.0662393 0.273682
1 0.227915 0.86218 0.0369591 0.0512821 0.371094
1 0.456731 0.955128 0.0252404 0.0512821 0.299805
1 0.625 0.575855 0.0540865 0.0619658 0.271973
1 0.407452 0.986111 0.0276442 0.0277778 0.262939
1 0.0279447 0.574786 0.0226863 0.0512821 0.251709
1 0.626202 0.574786 0.0576923 0.065171 0.356689
1 0.228666 0.865919 0.0360577 0.0523504 0.313232
1 0.456731 0.955662 0.0252404 0.051282 0.30249
1 0.0285081 0.57265 0.0229117 0.051282 0.297363
1 0.605769 0.268162 0.0264423 0.0459402 0.296631
1 0.469651 0.548077 0.03125 0.0641026 0.293457
1 0.407452 0.986111 0.0276442 0.0277778 0.284668
1 0.625 0.573718 0.0540865 0.0641026 0.360352
1 0.228215 0.866453 0.0357572 0.0523504 0.328613
1 0.45613 0.956197 0.0264423 0.0534188 0.324219
1 0.46905 0.548077 0.03125 0.0619658 0.299072
1 0.0280574 0.573184 0.0230619 0.0523504 0.286865
1 0.407452 0.986645 0.0282452 0.0267094 0.277588
1 0.275165 0.736111 0.0410156 0.0769231 0.276611
1 0.605769 0.267361 0.0288462 0.0486111 0.250977
1 0.228365 0.864316 0.0354567 0.0534188 0.363037
1 0.625 0.574786 0.0588943 0.0641026 0.341553
1 0.46875 0.547009 0.0300481 0.059829 0.313965
1 0.45613 0.955662 0.0252404 0.051282 0.310791
1 0.408053 0.98718 0.0264423 0.025641 0.287842
1 0.605769 0.267628 0.0264423 0.0459402 0.282959
1 0.0279447 0.573184 0.0225361 0.0502137 0.282959
1 0.486779 0.486111 0.0180289 0.0448718 0.268066
1 0.745192 0.69765 0.0264423 0.0363248 0.253174
1 0.228365 0.864316 0.0354567 0.051282 0.405518
1 0.623798 0.574252 0.0588943 0.065171 0.403564
1 0.469351 0.54594 0.0300481 0.059829 0.355713
1 0.45613 0.95406 0.0264423 0.0523504 0.35498
1 0.0284706 0.571581 0.0225361 0.051282 0.309082
1 0.489183 0.215946 0.078125 0.116186 0.303955
1 0.407452 0.986645 0.0264423 0.0267094 0.294922
1 0.605769 0.26656 0.0264423 0.0459402 0.2854
1 0.745192 0.698718 0.0264423 0.0352564 0.2854
1 0.486178 0.486645 0.0168269 0.0438034 0.272705
1 0.607572 0.181357 0.0336538 0.0432692 0.259033
1 0.228666 0.865385 0.0348558 0.051282 0.360352
1 0.45613 0.95406 0.0252404 0.0512821 0.315674
1 0.0275691 0.570513 0.0220853 0.051282 0.309814
1 0.46845 0.544872 0.0294471 0.0598291 0.307373
1 0.407452 0.987714 0.0264423 0.0245727 0.291748
1 0.605168 0.26656 0.0264423 0.0459402 0.279053
1 0.745192 0.698718 0.0264423 0.0384616 0.275879
1 0.624399 0.57265 0.0576923 0.0641026 0.268066
1 0.485877 0.486111 0.0168269 0.0416667 0.26123
1 0.228365 0.865385 0.0354567 0.051282 0.435059
1 0.622596 0.573718 0.0600962 0.0641026 0.390381
1 0.469351 0.54594 0.03125 0.0619658 0.365723
1 0.45613 0.95406 0.0252404 0.0512821 0.356689
1 0.0285081 0.571581 0.0229117 0.051282 0.344238
1 0.407452 0.986912 0.0264423 0.0261752 0.338135
1 0.605769 0.26656 0.0276443 0.0459402 0.337158
1 0.745192 0.69765 0.0264423 0.0373931 0.334473
1 0.486779 0.486111 0.0180289 0.0448718 0.326904
1 0.607572 0.180556 0.0348557 0.0459402 0.29834
1 0.274339 0.742521 0.0420673 0.0747863 0.288574
1 0.228365 0.864316 0.0351562 0.051282 0.394287
1 0.623197 0.573718 0.0588943 0.0641026 0.385742
1 0.470252 0.546474 0.030649 0.0619658 0.345215
1 0.407452 0.98718 0.0264423 0.025641 0.330322
1 0.45613 0.95406 0.0252404 0.0534188 0.318359
1 0.605769 0.267094 0.0264423 0.0459402 0.312256
1 0.0289213 0.57265 0.0223858 0.051282 0.307373
1 0.744591 0.69765 0.0264423 0.0363248 0.303955
1 0.486178 0.487981 0.0180289 0.0475427 0.294922
1 0.606971 0.18109 0.0336538 0.0448718 0.294189
1 0.274639 0.733974 0.0396635 0.0726496 0.253174
1 0.228666 0.864316 0.0354567 0.051282 0.428223
1 0.624399 0.572115 0.0588943 0.0619658 0.379395
1 0.407452 0.98718 0.0276442 0.025641 0.360352
1 0.469351 0.54594 0.0300481 0.059829 0.346924
1 0.45643 0.95406 0.0252404 0.0502136 0.345215
1 0.605769 0.267094 0.0264423 0.0443376 0.324219
1 0.744591 0.698718 0.0264423 0.0373931 0.320801
1 0.486178 0.486111 0.0180289 0.0448718 0.305664
1 0.0283954 0.571581 0.0217849 0.0491453 0.297363
1 0.606971 0.181624 0.0336538 0.0443376 0.253174
1 0.274339 0.736111 0.0384615 0.0726496 0.250244
1 0.228065 0.863782 0.0363582 0.0512821 0.437744
1 0.625 0.57265 0.0564904 0.0619658 0.391357
1 0.605769 0.266293 0.0288462 0.0459402 0.387695
1 0.469351 0.54594 0.0300481 0.059829 0.368408
1 0.455829 0.952991 0.0270432 0.0512821 0.365723
1 0.74399 0.698718 0.0264423 0.0373931 0.363037
1 0.407752 0.986645 0.0264423 0.0267094 0.356689
1 0.606971 0.180288 0.0360577 0.0464744 0.328613
1 0.0282076 0.571581 0.0229117 0.0491453 0.320068
1 0.486178 0.483974 0.0168269 0.0416667 0.31665
1 0.274715 0.73718 0.0407151 0.0737179 0.31665
1 0.228966 0.86485 0.0354567 0.0512821 0.442627
1 0.408053 0.988248 0.0264423 0.0235042 0.362061
1 0.45613 0.95406 0.0252404 0.0512821 0.361084
1 0.625 0.572115 0.0576923 0.0630342 0.354004
1 0.745192 0.698718 0.0264423 0.0384616 0.344238
1 0.605769 0.267628 0.0264423 0.0448718 0.335449
1 0.469351 0.547009 0.0300481 0.059829 0.332764
1 0.0283954 0.572115 0.0222356 0.0502137 0.320801
1 0.27494 0.739316 0.0402644 0.073718 0.311523
1 0.486178 0.485043 0.0168269 0.0416667 0.309082
1 0.607572 0.182025 0.0336538 0.0446047 0.253174
1 0.229267 0.865385 0.0360577 0.051282 0.438721
1 0.625 0.57265 0.0576923 0.0641026 0.408203
1 0.407752 0.987714 0.0270433 0.0245727 0.380371
1 0.605769 0.267361 0.0288462 0.0470086 0.363037
1 0.745192 0.698718 0.0264423 0.0384616 0.354004
1 0.45613 0.954594 0.0264423 0.0523504 0.348633
1 0.469351 0.547009 0.03125 0.0619658 0.346924
1 0.0282452 0.57265 0.0234375 0.051282 0.336426
1 0.607572 0.182692 0.0348557 0.0464744 0.301514
1 0.486178 0.487447 0.0180289 0.0443376 0.299805
1 0.274639 0.744658 0.0432692 0.0758547 0.291748
1 0.228966 0.865385 0.0348558 0.051282 0.438721
1 0.625 0.572115 0.0576923 0.0619658 0.390381
1 0.605769 0.267628 0.0288462 0.0459402 0.373047
1 0.408053 0.987714 0.0276442 0.0245727 0.370117
1 0.45643 0.953526 0.0258413 0.0502137 0.369385
1 0.0286208 0.57265 0.0232873 0.0491453 0.351318
1 0.745192 0.699786 0.0264423 0.0384616 0.345215
1 0.469651 0.548077 0.030649 0.059829 0.337158
1 0.486178 0.487179 0.0168269 0.042735 0.29834
1 0.27524 0.739316 0.0408654 0.073718 0.284668
1 0.606971 0.18336 0.0336538 0.0464744 0.275879
1 0.229267 0.865919 0.0357572 0.0512821 0.445557
1 0.625 0.57265 0.0588943 0.0630342 0.44458
1 0.407752 0.987714 0.0264423 0.0245727 0.384033
1 0.605769 0.268162 0.0276443 0.0459402 0.380371
1 0.45643 0.955128 0.0258413 0.0512821 0.371094
1 0.469651 0.548077 0.030649 0.0619658 0.355713
1 0.745192 0.699786 0.0264423 0.0384616 0.351318
1 0.0284706 0.573718 0.0229868 0.0502137 0.330322
1 0.274038 0.745727 0.0432692 0.0758547 0.307373
1 0.486178 0.488248 0.0168269 0.0438034 0.304932
1 0.606971 0.18336 0.0336538 0.0464744 0.297363
1 0.489183 0.219151 0.0769231 0.112981 0.253906
1 0.228365 0.865385 0.0360577 0.051282 0.424316
1 0.625 0.572115 0.0576923 0.0619658 0.419678
1 0.605769 0.267361 0.0288462 0.0459402 0.377441
1 0.407452 0.987447 0.0264423 0.0251068 0.365723
1 0.45613 0.954594 0.0264423 0.0523504 0.357666
1 0.469651 0.548077 0.03125 0.0619658 0.342529
1 0.745192 0.699252 0.0264423 0.0384615 0.334473
1 0.0285457 0.573718 0.0235877 0.0512821 0.320801
1 0.274639 0.740385 0.0414664 0.0747863 0.309082
1 0.606971 0.183494 0.0360577 0.0472756 0.290283
1 0.485577 0.487714 0.0168269 0.0438034 0.282959
1 0.228365 0.86485 0.0354567 0.0512821 0.445557
1 0.625 0.572115 0.0576923 0.0619658 0.438721
1 0.605769 0.267094 0.0288462 0.0470086 0.407227
1 0.407752 0.98718 0.0276443 0.025641 0.384033
1 0.469651 0.547543 0.030649 0.0608974 0.370117
1 0.45613 0.95406 0.0270433 0.0523504 0.370117
1 0.745192 0.698718 0.0264423 0.0384616 0.362061
1 0.0285081 0.573184 0.0235126 0.0523504 0.345215
1 0.606971 0.183894 0.0348557 0.0472756 0.311523
1 0.27494 0.740385 0.0402644 0.0747863 0.30249
1 0.486178 0.487447 0.0168269 0.0432693 0.300781
1 0.228666 0.865385 0.0354567 0.051282 0.427246
1 0.625 0.571581 0.0576923 0.0619658 0.411133
1 0.605769 0.267361 0.0288462 0.0464744 0.375732
1 0.408053 0.987714 0.0276442 0.0245727 0.367432
1 0.45613 0.95406 0.0264423 0.0523504 0.349609
1 0.469952 0.547543 0.03125 0.0608974 0.348633
1 0.745192 0.699786 0.0264423 0.0373931 0.328613
1 0.0286208 0.573184 0.0234375 0.051282 0.320801
1 0.606971 0.184295 0.0348557 0.0459402 0.286133
1 0.27494 0.740385 0.0408654 0.0747863 0.282227
1 0.486178 0.487179 0.0168269 0.042735 0.27832
1 0.228516 0.865385 0.0357572 0.051282 0.446533
1 0.625 0.572115 0.0576923 0.0608974 0.443604
1 0.605769 0.267094 0.0288462 0.0459402 0.399902
1 0.407752 0.98718 0.0276443 0.025641 0.381104
1 0.469351 0.547543 0.03125 0.0608974 0.362061
1 0.45613 0.95406 0.0264423 0.0512821 0.359375
1 0.745192 0.699786 0.0264423 0.0373931 0.347656
1 0.0286208 0.573718 0.0232873 0.0512821 0.331055
1 0.606971 0.184028 0.0348557 0.0464744 0.313232
1 0.486178 0.487179 0.0168269 0.0416667 0.299805
1 0.274639 0.73985 0.0414664 0.0737179 0.294189
1 0.228666 0.865385 0.0348558 0.051282 0.359375
1 0.45613 0.95406 0.0252404 0.0512821 0.315674
1 0.0275691 0.570513 0.0220853 0.051282 0.309814
1 0.46845 0.544872 0.0294471 0.0598291 0.306641
1 0.407452 0.987714 0.0264423 0.0245727 0.291748
1 0.605168 0.26656 0.0264423 0.0459402 0.279053
1 0.745192 0.698718 0.0264423 0.0384616 0.275879
1 0.624399 0.57265 0.0576923 0.0641026 0.268066
1 0.485877 0.486111 0.0168269 0.0416667 0.26123
