1 0.930288 0.557692 0.0240384 0.0619658 0.27124
1 0.569712 0.0997596 0.0396635 0.0910791 0.321777
1 0.901442 0.273771 0.0372597 0.0902778 0.260498
1 0.930288 0.578526 0.0288462 0.0630342 0.260498
1 0.56851 0.100728 0.0300481 0.0875401 0.275879
1 0.90024 0.277778 0.0336538 0.0950855 0.262207
1 0.902644 0.275107 0.0372597 0.0913462 0.259766
1 0.572416 0.102597 0.0426682 0.0998264 0.279785
1 0.929688 0.582265 0.0336538 0.065171 0.264404
1 0.572115 0.104667 0.0408654 0.0935497 0.259033
1 0.903846 0.274573 0.0384615 0.0956197 0.260498
1 0.903846 0.276709 0.0396635 0.0961539 0.250977
1 0.903245 0.280449 0.0384616 0.0961539 0.265869
1 0.571514 0.0994925 0.0408654 0.0985577 0.390381
1 0.902644 0.273571 0.0408653 0.0970887 0.270508
1 0.571514 0.103232 0.0408654 0.0932158 0.288574
1 0.901442 0.278045 0.0384615 0.0945513 0.254639
1 0.571514 0.100928 0.0420673 0.0940839 0.329346
1 0.902644 0.275641 0.0360577 0.0897436 0.308105
1 0.570913 0.100027 0.0408654 0.0980235 0.29248
1 0.902644 0.276709 0.0384615 0.0988248 0.276611
1 0.569712 0.104701 0.0372596 0.0902778 0.326904
1 0.117338 0.523504 0.0390625 0.042735 0.280518
1 0.120192 0.520299 0.0357572 0.0384616 0.290283
1 0.569712 0.102297 0.0360577 0.0817308 0.269775
1 0.571514 0.10203 0.0372596 0.0897436 0.309814
1 0.902644 0.273504 0.0360577 0.0940171 0.288574
1 0.570012 0.103666 0.0378606 0.0939503 0.351318
1 0.901442 0.277778 0.0360577 0.0924145 0.299072
1 0.973558 0.345887 0.0216346 0.0518163 0.281494
1 0.570012 0.103499 0.0354567 0.0926816 0.262939
1 0.570312 0.102831 0.0408654 0.0916133 0.286133
1 0.11854 0.518697 0.0381611 0.0416667 0.270508
1 0.570312 0.101362 0.0384615 0.0977564 0.400635
1 0.902043 0.271368 0.0372596 0.099359 0.365723
1 0.117788 0.521368 0.0402644 0.0384615 0.263672
1 0.902644 0.275374 0.0396635 0.0956196 0.309082
1 0.570312 0.103098 0.0408654 0.100427 0.308105
1 0.902644 0.275641 0.0384615 0.0961539 0.346924
1 0.571514 0.104567 0.0396635 0.0985577 0.335449
1 0.0431941 0.620727 0.03125 0.0651709 0.252441
1 0.570312 0.103332 0.0420673 0.0962206 0.300781
1 0.570913 0.102798 0.0408654 0.097289 0.263672
1 0.570913 0.104968 0.0384615 0.0974893 0.305664
1 0.117338 0.518697 0.0375601 0.0384616 0.277588
1 0.571514 0.103098 0.0408654 0.0998932 0.303223
1 0.571815 0.102531 0.0402644 0.0951523 0.373047
1 0.117638 0.520299 0.0384615 0.0363248 0.259033
1 0.902644 0.277244 0.0360577 0.090812 0.250244
1 0.572115 0.10607 0.0408654 0.100361 0.39502
1 0.11854 0.520299 0.0411659 0.0395299 0.31665
1 0.903846 0.278579 0.0384615 0.100962 0.309814
1 0.570913 0.103766 0.0444712 0.101496 0.405518
1 0.117188 0.520299 0.038762 0.0384616 0.308105
1 0.902644 0.277244 0.0384615 0.0950855 0.307373
1 0.118727 0.521368 0.0371845 0.0363248 0.289307
1 0.571514 0.0977564 0.0384615 0.0988248 0.270508
1 0.575721 0.0997596 0.0444712 0.0985577 0.307373
1 0.119141 0.519364 0.0372596 0.042468 0.276611
1 0.571514 0.104167 0.0384615 0.0905449 0.283691
1 0.571514 0.101896 0.0384615 0.0950855 0.291016
1 0.118239 0.519765 0.0399639 0.0480769 0.272705
1 0.570913 0.103232 0.0372596 0.0953526 0.354004
1 0.117526 0.521234 0.0389874 0.0430021 0.305664
1 0.571514 0.102831 0.0396635 0.0958868 0.309814
1 0.115385 0.521368 0.0438702 0.0405983 0.291748
1 0.571214 0.101095 0.0426682 0.0969551 0.325195
1 0.117526 0.519231 0.0407903 0.0438034 0.282227
1 0.570913 0.10203 0.0396635 0.0932158 0.334473
1 0.117338 0.518162 0.0402644 0.0448718 0.260498
1 0.570913 0.102831 0.0420673 0.0969551 0.368408
1 0.116849 0.519765 0.0421424 0.0448718 0.27124
1 0.570312 0.10203 0.0408654 0.0998932 0.33374
1 0.117751 0.519765 0.0415415 0.0480769 0.291748
1 0.901442 0.270032 0.0360577 0.0961539 0.263672
1 0.570312 0.1039 0.0396635 0.0956197 0.291748
1 0.115835 0.520833 0.0456731 0.0459402 0.291016
1 0.117751 0.521368 0.0391376 0.0405983 0.301514
1 0.570613 0.104033 0.0366587 0.0980235 0.289307
1 0.570913 0.1039 0.0408654 0.0988248 0.284668
1 0.117638 0.519765 0.0381611 0.0405983 0.271973
1 0.571514 0.102564 0.0408654 0.0948184 0.305664
1 0.117638 0.519765 0.0384615 0.0395299 0.270508
1 0.570312 0.101763 0.0396635 0.0948184 0.34082
1 0.115723 0.519231 0.0431941 0.0459401 0.303223
1 0.571514 0.102965 0.0432692 0.0945513 0.349609
1 0.116849 0.520833 0.0427434 0.0459402 0.29248
1 0.117826 0.519765 0.0419922 0.0438034 0.299805
1 0.572115 0.100828 0.0408654 0.0940171 0.295898
1 0.570613 0.102564 0.0390625 0.0905449 0.325928
1 0.117188 0.518697 0.0420673 0.0459401 0.279053
1 0.571815 0.10233 0.0426682 0.0955529 0.387695
1 0.116286 0.520299 0.0420673 0.0438034 0.320801
1 0.905048 0.277511 0.0384615 0.0913462 0.256104
1 0.570312 0.105102 0.0408654 0.0932158 0.329346
1 0.117037 0.519765 0.0417668 0.0448718 0.262939
1 0.570913 0.103098 0.0396635 0.0948184 0.332031
1 0.117338 0.517628 0.0441707 0.0438034 0.259033
1 0.905048 0.276175 0.0384615 0.0972222 0.254639
1 0.570613 0.1039 0.0402644 0.0940171 0.319092
1 0.118427 0.519097 0.0407903 0.0430022 0.274414
1 0.571514 0.106036 0.0432692 0.0956197 0.430176
1 0.116286 0.519097 0.0444712 0.0494124 0.296631
1 0.570913 0.104133 0.0432692 0.0956864 0.361084
1 0.117638 0.513889 0.0417668 0.0491453 0.345215
1 0.572115 0.102831 0.0408654 0.09375 0.352295
1 0.117338 0.520299 0.0435697 0.0448718 0.318359
1 0.905048 0.277244 0.0408653 0.0918803 0.253906
1 0.57512 0.0985243 0.0420673 0.0935497 0.286865
1 0.116737 0.513889 0.0399639 0.0448718 0.276611
1 0.574219 0.0969551 0.0438702 0.0945513 0.338135
1 0.117188 0.512286 0.0402644 0.0491453 0.2854
1 0.570312 0.0985577 0.0396635 0.0897436 0.368408
1 0.116136 0.519765 0.0426683 0.0416667 0.318359
1 0.902644 0.278312 0.0372597 0.0940171 0.275146
1 0.299279 0.823718 0.0276442 0.0405983 0.271973
1 0.973558 0.344284 0.0216346 0.0550214 0.265869
1 0.570913 0.100828 0.0408654 0.0932158 0.404541
1 0.117338 0.518162 0.0417668 0.0438034 0.373779
1 0.29988 0.819444 0.0276443 0.0405983 0.320801
1 0.974159 0.346154 0.0216347 0.0534188 0.294189
1 0.623197 0.0137553 0.0180288 0.0275107 0.259766
1 0.570913 0.0989583 0.0408654 0.0900107 0.406494
1 0.116436 0.517628 0.0438702 0.0480769 0.328613
1 0.300481 0.820513 0.0288462 0.0448718 0.323486
1 0.97476 0.346154 0.0216346 0.0555556 0.311523
1 0.623197 0.0134549 0.0192307 0.0269097 0.288574
1 0.0442458 0.622329 0.0327524 0.0630342 0.284668
1 0.905048 0.278312 0.0348558 0.0956196 0.259766
1 0.571214 0.103399 0.0414663 0.0944845 0.430176
1 0.11715 0.516026 0.0403395 0.0448718 0.377441
1 0.973558 0.345887 0.0216346 0.0528846 0.350342
1 0.29988 0.820513 0.0276443 0.0405983 0.346924
1 0.623798 0.013121 0.0192307 0.026242 0.331055
1 0.0442458 0.621795 0.0307993 0.0619658 0.299805
1 0.159856 0.0128873 0.0198317 0.0257746 0.280518
1 0.904447 0.280449 0.0384616 0.0918803 0.265137
1 0.117526 0.518162 0.0407903 0.0416667 0.451416
1 0.569411 0.100928 0.0378606 0.0956864 0.435059
1 0.300481 0.820513 0.0270433 0.042735 0.379395
1 0.973558 0.345353 0.0216346 0.0523504 0.374756
1 0.623798 0.0129874 0.0180288 0.0259749 0.34082
1 0.903846 0.279915 0.0384615 0.0940171 0.275879
1 0.160006 0.012687 0.0177284 0.0253739 0.272705
1 0.0439453 0.622863 0.0297476 0.0587607 0.272705
1 0.993389 0.482906 0.0132212 0.0576923 0.250244
1 0.570012 0.103098 0.0378606 0.0948184 0.411133
1 0.973558 0.345086 0.0216346 0.0544872 0.373047
1 0.117188 0.518162 0.0399639 0.0405983 0.359375
1 0.29988 0.820513 0.0264423 0.0405983 0.35498
1 0.622596 0.0136886 0.0168269 0.0273771 0.304932
1 0.0437951 0.621795 0.0300481 0.0619658 0.282227
1 0.902043 0.280182 0.0384616 0.0956197 0.265869
1 0.993389 0.482906 0.0132212 0.0587607 0.257568
1 0.570913 0.102297 0.0396635 0.0958868 0.499023
1 0.117488 0.517628 0.0408654 0.0416667 0.44458
1 0.974159 0.345887 0.0216347 0.053953 0.40918
1 0.300481 0.819444 0.0276442 0.0405983 0.404541
1 0.0442458 0.621261 0.0304988 0.0619658 0.341553
1 0.623798 0.0127537 0.0192307 0.0255075 0.332031
1 0.902043 0.280716 0.0372596 0.0956197 0.327637
1 0.993389 0.482906 0.0132212 0.0587607 0.279785
1 0.571514 0.102297 0.0384615 0.0942842 0.458008
1 0.116737 0.518029 0.0417668 0.0430022 0.422607
1 0.973558 0.345887 0.0216346 0.0550214 0.388672
1 0.300481 0.819444 0.0264423 0.0405983 0.369385
1 0.623197 0.013722 0.0180288 0.0274439 0.332764
1 0.0441707 0.620727 0.0307993 0.0619658 0.317383
1 0.905048 0.280449 0.0384615 0.090812 0.290283
1 0.159856 0.0138221 0.0186298 0.0276442 0.264404
1 0.571514 0.103132 0.0396635 0.0966213 0.511719
1 0.116925 0.518029 0.0419922 0.0430022 0.461914
1 0.973558 0.346688 0.0216346 0.0555556 0.40918
1 0.29988 0.819444 0.0264423 0.0384616 0.373779
1 0.904447 0.280449 0.0384616 0.0918803 0.31665
1 0.0437387 0.621795 0.030912 0.0608974 0.299805
1 0.623197 0.0141226 0.0192307 0.0282452 0.287842
1 0.993389 0.48344 0.0132212 0.0598291 0.281494
1 0.570913 0.101629 0.0408654 0.0961538 0.5
1 0.11715 0.51656 0.0421424 0.0448718 0.425293
1 0.29988 0.819444 0.0288462 0.0405983 0.415771
1 0.973558 0.34562 0.0240384 0.0555556 0.403564
1 0.623197 0.0141894 0.0192307 0.0283787 0.336426
1 0.0440204 0.621795 0.0315505 0.0641026 0.329346
1 0.902043 0.280983 0.0384616 0.090812 0.310791
1 0.993389 0.482372 0.0132212 0.0598291 0.27124
1 0.159555 0.0136886 0.0192308 0.0273771 0.270508
1 0.571514 0.102264 0.0396635 0.0935497 0.511719
1 0.117338 0.517628 0.0411659 0.0438034 0.458008
1 0.29988 0.819444 0.0264423 0.0405983 0.389648
1 0.974159 0.345086 0.0216347 0.0560897 0.388672
1 0.902644 0.278846 0.0372597 0.0918804 0.32251
1 0.623798 0.0143563 0.0192307 0.0287126 0.320068
1 0.0442458 0.621795 0.0304988 0.0619658 0.30249
1 0.99369 0.481838 0.0126202 0.0608974 0.270508
1 0.159856 0.0142561 0.0192308 0.0285123 0.259766
1 0.571815 0.104434 0.0402644 0.0972222 0.489258
1 0.117638 0.517628 0.0420673 0.0448718 0.472656
1 0.300481 0.819979 0.0276442 0.0405983 0.406494
1 0.974159 0.346421 0.0228365 0.0560897 0.366699
1 0.905048 0.281784 0.0384615 0.0961538 0.313965
1 0.0443021 0.622863 0.0309871 0.0630342 0.281494
1 0.623798 0.0149573 0.0192307 0.0299145 0.263672
1 0.571514 0.1039 0.0396635 0.0940171 0.510742
1 0.117188 0.518697 0.0426683 0.0438034 0.470703
1 0.300481 0.819444 0.0276442 0.0395299 0.397949
1 0.974159 0.347222 0.0228365 0.0555556 0.38501
1 0.902644 0.281517 0.0384615 0.0929487 0.32251
1 0.0441895 0.622863 0.0321139 0.0641026 0.294922
1 0.623798 0.0149573 0.0192307 0.0299145 0.2854
1 0.66226 0.645299 0.0204327 0.0299145 0.263672
1 0.993389 0.482906 0.0132212 0.0587607 0.256836
1 0.571514 0.104167 0.0396635 0.0948184 0.519531
1 0.116849 0.518029 0.0433443 0.0451389 0.483398
1 0.300481 0.820513 0.0276442 0.0405983 0.406494
1 0.974159 0.346688 0.0228365 0.0566239 0.403564
1 0.903245 0.280983 0.0372596 0.0902778 0.352295
1 0.0442458 0.622863 0.0320012 0.0630342 0.2854
1 0.623197 0.0147569 0.0192307 0.0295139 0.282227
1 0.99369 0.482906 0.0126202 0.0598291 0.281494
1 0.66226 0.645833 0.0192307 0.0288461 0.256104
1 0.571214 0.103866 0.0402644 0.0946181 0.493164
1 0.117188 0.518296 0.0435697 0.0446047 0.44458
1 0.300481 0.819444 0.0288462 0.0405983 0.389648
1 0.974159 0.347222 0.0240385 0.0566239 0.380371
1 0.905048 0.27938 0.0360577 0.0961539 0.32251
1 0.0443397 0.623397 0.0324144 0.0630342 0.268066
1 0.993389 0.48344 0.0132212 0.0598291 0.262939
1 0.623197 0.0148571 0.0192307 0.0297142 0.258301
1 0.571514 0.105469 0.0408654 0.0967548 0.521484
1 0.117188 0.517628 0.0426683 0.0438034 0.466797
1 0.30018 0.819444 0.0282452 0.0416667 0.416748
1 0.973558 0.346688 0.0240384 0.0566239 0.400635
1 0.902644 0.281517 0.0384615 0.0945513 0.330322
1 0.0441519 0.622863 0.032189 0.0641026 0.295898
1 0.66226 0.645299 0.0204327 0.0299145 0.275879
1 0.99369 0.482906 0.0126202 0.0598291 0.275146
1 0.623798 0.015024 0.0192307 0.0300481 0.269775
1 0.571514 0.104567 0.0396635 0.0956197 0.506836
1 0.11745 0.518697 0.0421424 0.042735 0.452393
1 0.300481 0.820513 0.0276442 0.0405983 0.39502
1 0.974159 0.346955 0.0228365 0.0560897 0.375732
1 0.905649 0.278846 0.0360578 0.0961538 0.311523
1 0.0442458 0.622863 0.0317007 0.0619658 0.266602
1 0.99369 0.483173 0.0126202 0.0592949 0.256836
1 0.623798 0.0150908 0.0192307 0.0301816 0.252441
1 0.571214 0.103766 0.0402644 0.0942842 0.503906
1 0.117225 0.518697 0.0425931 0.042735 0.46875
1 0.30018 0.819979 0.0282452 0.0405983 0.410156
1 0.974159 0.347222 0.0228365 0.0555556 0.388672
1 0.902644 0.280983 0.0384615 0.0892094 0.312256
1 0.0440956 0.623398 0.0317007 0.0619658 0.287842
1 0.99369 0.48344 0.0126202 0.0587607 0.259766
1 0.623197 0.0146902 0.0192307 0.0293803 0.251709
1 0.570012 0.103232 0.0378606 0.0948184 0.411133
1 0.973558 0.345086 0.0216346 0.0544872 0.373047
1 0.117188 0.518162 0.0399639 0.0405983 0.359375
1 0.29988 0.820513 0.0264423 0.0405983 0.35498
1 0.622596 0.0136886 0.0168269 0.0273771 0.304932
1 0.0437951 0.621795 0.0300481 0.0619658 0.282227
1 0.902043 0.280182 0.0384616 0.0956197 0.266602
1 0.993389 0.482906 0.0132212 0.0587607 0.257568
