1 0.626202 0.344284 0.0180289 0.045406 0.339844
1 0.739183 0.553419 0.0264423 0.0491453 0.281494
1 0.735577 0.755342 0.0240385 0.0534187 0.268066
1 0.118352 0.614316 0.0571665 0.073718 0.279785
1 0.851562 0.620727 0.0372597 0.0811966 0.256836
1 0.850962 0.613248 0.0384616 0.0758547 0.273682
1 0.11899 0.599893 0.0597957 0.0876069 0.269043
1 0.852163 0.614316 0.0384616 0.0747863 0.268066
1 0.118727 0.611645 0.0540114 0.0726496 0.250977
1 0.84976 0.61859 0.0372596 0.0683761 0.282227
1 0.853365 0.613248 0.0348557 0.0790598 0.273682
1 0.117826 0.610043 0.060021 0.0758547 0.253174
1 0.803486 0.96688 0.0600962 0.0662393 0.335449
1 0.120793 0.61218 0.0637019 0.0876069 0.328613
1 0.12023 0.61218 0.0582182 0.0726496 0.286133
1 0.118652 0.600427 0.0553636 0.0769231 0.281494
1 0.853365 0.613782 0.0384615 0.082265 0.267334
1 0.621995 0.346688 0.0264423 0.0395299 0.260498
1 0.800481 0.965278 0.0600961 0.0694444 0.286133
1 0.853365 0.616453 0.0408654 0.0790599 0.274414
1 0.11884 0.610043 0.054988 0.0747863 0.313232
1 0.853365 0.611645 0.0384615 0.0790598 0.254639
1 0.117188 0.61218 0.0546875 0.0705129 0.262207
1 0.119554 0.612714 0.0619742 0.0779914 0.291748
1 0.799279 0.961271 0.0649038 0.0774573 0.253174
1 0.120493 0.605769 0.0555889 0.0747863 0.26123
1 0.118389 0.603633 0.0621995 0.0790599 0.289307
1 0.84976 0.613248 0.0420672 0.0854701 0.291016
1 0.117788 0.609509 0.0576923 0.0790599 0.27832
1 0.119253 0.611111 0.0619742 0.0811966 0.32251
1 0.852163 0.616987 0.0384616 0.0758547 0.252441
1 0.11854 0.608974 0.0576923 0.0844017 0.253174
1 0.117788 0.611111 0.0564904 0.0747863 0.296631
1 0.850361 0.618056 0.0420673 0.0790598 0.250977
1 0.852163 0.61485 0.0384616 0.0779914 0.253174
1 0.117751 0.611111 0.0589694 0.0790598 0.260498
1 0.119591 0.611645 0.0576923 0.0790598 0.317383
1 0.117338 0.614316 0.0561899 0.0747863 0.299805
1 0.117638 0.61218 0.0561899 0.0747863 0.351318
1 0.799279 0.964209 0.0625 0.0715812 0.29248
1 0.853365 0.619124 0.0384615 0.0758547 0.275879
1 0.117037 0.609509 0.0558894 0.0769231 0.310791
1 0.850962 0.616453 0.0384616 0.0790599 0.251709
1 0.801683 0.96047 0.0625 0.0790598 0.251709
1 0.117751 0.610043 0.0589694 0.0747863 0.263672
1 0.84976 0.616987 0.0384616 0.0811966 0.272705
1 0.117788 0.601496 0.0579928 0.0758547 0.27124
1 0.116624 0.610043 0.0588191 0.0747863 0.268066
1 0.850962 0.617521 0.0408654 0.0801282 0.256104
1 0.118389 0.608974 0.0582933 0.0726496 0.27832
1 0.852163 0.615385 0.0384616 0.0790599 0.27124
1 0.850962 0.616453 0.0372596 0.0747863 0.250244
1 0.851562 0.616453 0.0372597 0.0747863 0.250244
1 0.11884 0.613782 0.0588942 0.0758547 0.258301
1 0.852163 0.619658 0.0360577 0.0726496 0.262207
1 0.121544 0.61218 0.0646034 0.0897436 0.271973
1 0.117751 0.610043 0.0565655 0.0705128 0.250244
1 0.117638 0.610043 0.0585937 0.0747863 0.251709
1 0.121995 0.610043 0.0591947 0.0876068 0.264404
1 0.119591 0.612714 0.0579928 0.0769231 0.257568
1 0.11869 0.610577 0.0576923 0.073718 0.269775
1 0.622596 0.353365 0.0264423 0.0443376 0.269043
1 0.852163 0.616453 0.0360577 0.0747863 0.267334
1 0.853365 0.615385 0.0384615 0.0790599 0.301514
1 0.853365 0.617521 0.0384615 0.0747863 0.256836
1 0.118389 0.611645 0.0576923 0.0726496 0.250244
1 0.118389 0.61218 0.0582933 0.0769231 0.284668
1 0.119141 0.611645 0.0573918 0.0769231 0.284668
1 0.11884 0.612714 0.0579928 0.0747863 0.280518
1 0.119028 0.611111 0.0582182 0.0790598 0.270508
1 0.118953 0.61218 0.0583684 0.0769231 0.334473
1 0.621394 0.351496 0.0264423 0.0416667 0.287842
1 0.850962 0.616987 0.0384616 0.0779915 0.277588
1 0.725361 0.205128 0.0216346 0.0419338 0.269043
1 0.727764 0.778846 0.03125 0.0576923 0.257568
1 0.118652 0.611111 0.0577674 0.0769231 0.364746
1 0.725962 0.205262 0.0216346 0.0400641 0.308105
1 0.852163 0.615919 0.0384616 0.0769231 0.305664
1 0.533654 0.610043 0.0228365 0.0491453 0.282227
1 0.622596 0.354167 0.0276443 0.042735 0.27832
1 0.728365 0.776709 0.03125 0.0576923 0.265869
1 0.323618 0.47062 0.0264423 0.0470085 0.262939
1 0.949519 0.576923 0.0240385 0.0438034 0.256836
1 0.736779 0.574786 0.0336539 0.042735 0.250977
1 0.11854 0.611111 0.0582933 0.0769231 0.38501
1 0.852163 0.616453 0.0384616 0.0769231 0.363037
1 0.622596 0.355235 0.0276443 0.0438034 0.323486
1 0.725962 0.206597 0.0216346 0.0435363 0.296631
1 0.533654 0.611645 0.0228365 0.0523504 0.282959
1 0.727764 0.778312 0.03125 0.0587607 0.270508
1 0.852163 0.616453 0.0360577 0.0747863 0.383057
1 0.622596 0.353098 0.0276443 0.042735 0.376709
1 0.118239 0.611111 0.0582933 0.0747863 0.36377
1 0.725962 0.206063 0.0192307 0.0405983 0.313232
1 0.533654 0.611111 0.0216346 0.0491453 0.311523
1 0.728365 0.778846 0.03125 0.0566239 0.251709
1 0.852163 0.614316 0.0372596 0.0747863 0.430176
1 0.622596 0.353098 0.0264423 0.0395299 0.410156
1 0.118089 0.610043 0.0588942 0.0769231 0.342529
1 0.533654 0.610043 0.0216346 0.0491453 0.339844
1 0.725962 0.204594 0.0204327 0.0389957 0.338867
1 0.323017 0.472222 0.0276442 0.0480769 0.264404
1 0.727163 0.776709 0.03125 0.0566239 0.250244
1 0.621995 0.354167 0.0264423 0.0422009 0.367432
1 0.852163 0.615385 0.0360577 0.0758547 0.367432
1 0.119141 0.610043 0.0573918 0.0769231 0.349609
1 0.72476 0.206731 0.0192307 0.0379274 0.332764
1 0.533053 0.610043 0.0216346 0.0491453 0.32251
1 0.727764 0.776175 0.0300481 0.0566239 0.282227
1 0.322716 0.471955 0.0264423 0.0475427 0.256104
1 0.622596 0.353632 0.0276443 0.042735 0.424316
1 0.852765 0.615385 0.0372596 0.0758547 0.42334
1 0.725962 0.205662 0.0192307 0.0395299 0.37207
1 0.118389 0.610577 0.0579928 0.0758547 0.367432
1 0.533654 0.610043 0.0216346 0.0491453 0.359375
1 0.727764 0.776709 0.03125 0.0566239 0.338867
1 0.323317 0.472222 0.0264423 0.0459402 0.281494
1 0.736779 0.57265 0.03125 0.0405983 0.259766
1 0.196364 0.234575 0.0210337 0.0500801 0.258301
1 0.852765 0.615385 0.0372596 0.0726496 0.407227
1 0.622596 0.353632 0.0264423 0.042735 0.400635
1 0.725361 0.205929 0.0192307 0.0400641 0.355713
1 0.118389 0.610577 0.0576923 0.073718 0.326904
1 0.533654 0.610043 0.0216346 0.0502137 0.315674
1 0.728365 0.777244 0.030048 0.0566239 0.308105
1 0.196815 0.234509 0.0204327 0.0496795 0.251709
1 0.622596 0.353632 0.0264423 0.0416667 0.422607
1 0.852163 0.615385 0.0360577 0.0726496 0.385742
1 0.725361 0.206197 0.0204327 0.0400641 0.36377
1 0.533654 0.610577 0.0216346 0.0491453 0.347656
1 0.118389 0.610043 0.0576923 0.0747863 0.330322
1 0.728365 0.775641 0.03125 0.056624 0.320801
1 0.622596 0.352564 0.0264423 0.042735 0.451416
1 0.852163 0.615385 0.0360577 0.0726496 0.397949
1 0.725361 0.205529 0.0228365 0.0413996 0.390381
1 0.533353 0.610577 0.0234375 0.0491453 0.364746
1 0.119591 0.612714 0.0552885 0.0779914 0.351318
1 0.727163 0.775641 0.03125 0.0576923 0.34082
1 0.322716 0.472222 0.0276442 0.0459402 0.315674
1 0.196514 0.23344 0.0210336 0.0486111 0.286865
1 0.736779 0.571581 0.03125 0.0405983 0.269043
1 0.668269 0.779915 0.0216346 0.0363248 0.257568
1 0.622596 0.353632 0.0264423 0.0416667 0.443604
1 0.120042 0.614316 0.0570913 0.0747863 0.385742
1 0.725962 0.207532 0.0192307 0.0400641 0.378418
1 0.852765 0.615385 0.0348557 0.0726496 0.367432
1 0.533654 0.611111 0.0216346 0.0491453 0.341553
1 0.727764 0.776709 0.03125 0.0555556 0.335449
1 0.196665 0.233974 0.0213341 0.0491453 0.267334
1 0.322716 0.471688 0.0276442 0.0459401 0.254639
1 0.623197 0.354167 0.0276443 0.042735 0.44458
1 0.852163 0.616987 0.0360577 0.0737179 0.414062
1 0.725962 0.207532 0.0216346 0.0405983 0.370117
1 0.533654 0.610577 0.0228365 0.0502137 0.355713
1 0.728365 0.776709 0.03125 0.0576923 0.345215
1 0.119929 0.61485 0.0582182 0.073718 0.320801
1 0.196514 0.234776 0.0216346 0.0512821 0.29248
1 0.323317 0.472756 0.0276443 0.0480769 0.279053
1 0.736779 0.571581 0.0324519 0.0427351 0.26123
1 0.623197 0.355502 0.0276443 0.0422008 0.424316
1 0.852163 0.616987 0.0360577 0.0726496 0.387695
1 0.725962 0.206464 0.0216346 0.0400641 0.381104
1 0.533954 0.610577 0.0228365 0.0491453 0.365723
1 0.728365 0.775641 0.03125 0.0555556 0.362061
1 0.119328 0.614316 0.0564153 0.0747863 0.32251
1 0.73738 0.571047 0.0324519 0.0416667 0.294189
1 0.323317 0.472756 0.0264423 0.0459402 0.2854
1 0.196815 0.234776 0.0210336 0.0496795 0.279785
1 0.622596 0.355502 0.0264423 0.0422008 0.435059
1 0.11854 0.611111 0.0570914 0.0747863 0.406494
1 0.852163 0.617521 0.0360577 0.0726496 0.402588
1 0.725962 0.208333 0.0216346 0.0411325 0.383057
1 0.728365 0.776709 0.03125 0.0576923 0.368408
1 0.533954 0.61218 0.0222356 0.0502137 0.366699
1 0.736779 0.571581 0.03125 0.0405983 0.290283
1 0.196514 0.235577 0.0210336 0.0507479 0.287842
1 0.323317 0.474359 0.0276443 0.0480769 0.284668
1 0.669471 0.780983 0.0216346 0.0352564 0.265137
1 0.95012 0.575321 0.0252404 0.0416667 0.253174
1 0.622596 0.355502 0.0288462 0.042735 0.40918
1 0.852765 0.616987 0.0372596 0.0737179 0.389648
1 0.725962 0.207265 0.0228365 0.0411325 0.368408
1 0.11884 0.611111 0.0573918 0.0747863 0.364746
1 0.727163 0.776175 0.03125 0.0566239 0.352295
1 0.533954 0.611111 0.0234375 0.0502137 0.348633
1 0.322716 0.473558 0.0276442 0.0475427 0.281494
1 0.196364 0.234776 0.0213341 0.0507479 0.276611
1 0.736779 0.571047 0.0336539 0.0416667 0.263672
1 0.66887 0.779915 0.0228365 0.0363248 0.251709
1 0.622596 0.354968 0.0288462 0.0422009 0.433105
1 0.852163 0.616453 0.0360577 0.0747863 0.406494
1 0.725962 0.207131 0.0216346 0.0413996 0.397949
1 0.533954 0.611111 0.0234375 0.051282 0.374756
1 0.727764 0.776709 0.03125 0.0576923 0.367432
1 0.11854 0.608974 0.0573918 0.0769231 0.336426
1 0.323017 0.473825 0.0276442 0.0480769 0.314941
1 0.196514 0.234776 0.0216346 0.0512821 0.309814
1 0.736779 0.571047 0.0336539 0.0427351 0.294922
1 0.669471 0.780983 0.0216346 0.0363248 0.282227
1 0.95012 0.574786 0.0252404 0.042735 0.273682
1 0.622596 0.356036 0.0288462 0.0416667 0.415771
1 0.725962 0.208066 0.0216346 0.0411325 0.368408
1 0.852764 0.616453 0.0360577 0.0737179 0.366699
1 0.533954 0.611111 0.0228365 0.051282 0.347656
1 0.727764 0.776175 0.03125 0.0566239 0.343262
1 0.11869 0.611111 0.0570914 0.0747863 0.338867
1 0.196665 0.235043 0.0213341 0.0512821 0.283691
1 0.323317 0.473825 0.0276443 0.0480769 0.27832
1 0.736779 0.571581 0.0336539 0.0416667 0.270508
1 0.66887 0.780983 0.0216346 0.0363248 0.254639
1 0.622596 0.356036 0.0288462 0.0416667 0.431152
1 0.852163 0.616453 0.0360577 0.0747863 0.393311
1 0.725962 0.208333 0.0216346 0.0405983 0.387695
1 0.533654 0.611111 0.0228365 0.051282 0.364746
1 0.727764 0.776709 0.03125 0.0555556 0.364746
1 0.11854 0.611111 0.0573918 0.0747863 0.337158
1 0.323017 0.474359 0.0276442 0.0470086 0.294922
1 0.196665 0.234976 0.0213341 0.0503472 0.291016
1 0.736779 0.571581 0.0336539 0.0405983 0.279053
1 0.66887 0.780983 0.0216346 0.0341881 0.270508
1 0.621995 0.354167 0.0264423 0.0422009 0.367432
1 0.852163 0.615385 0.0360577 0.0758547 0.367432
1 0.119141 0.610043 0.0573918 0.0769231 0.350342
1 0.725361 0.206731 0.0204327 0.0379274 0.332764
1 0.533053 0.610043 0.0216346 0.0491453 0.32251
1 0.727764 0.776175 0.0300481 0.0566239 0.282227
1 0.322716 0.471955 0.0264423 0.0475427 0.256104
