1 0.186749 0.758547 0.0201322 0.0534188 0.291016
1 0.848558 0.377404 0.0576922 0.101496 0.270508
1 0.183894 0.766026 0.0246394 0.0619659 0.294922
1 0.847356 0.370192 0.0588943 0.104701 0.253906
1 0.846755 0.361645 0.0600962 0.110043 0.296631
1 0.805288 0.0997596 0.0360577 0.0357906 0.258301
1 0.181791 0.782051 0.0258413 0.0534187 0.258301
1 0.873798 0.963942 0.0264423 0.0721153 0.254639
1 0.874399 0.962607 0.0276443 0.0705128 0.284668
1 0.848558 0.360043 0.0540866 0.103632 0.257568
1 0.182542 0.785256 0.0216346 0.0555556 0.251709
1 0.875 0.962607 0.0240385 0.0705128 0.273682
1 0.811298 0.106971 0.0348558 0.0456731 0.259033
1 0.810096 0.1042 0.0372596 0.0437366 0.250977
1 0.810096 0.103332 0.03125 0.0369257 0.319092
1 0.810096 0.191907 0.0288462 0.0723825 0.257568
1 0.811298 0.10804 0.0336538 0.042735 0.313232
1 0.847356 0.36859 0.0600962 0.106838 0.250244
1 0.810096 0.10804 0.032452 0.0400641 0.282959
1 0.182843 0.782051 0.0255409 0.0598291 0.251709
1 0.810096 0.106604 0.0336538 0.0405315 0.269775
1 0.808894 0.109742 0.0336538 0.0422676 0.276611
1 0.810096 0.106036 0.0336538 0.0360577 0.256836
1 0.811899 0.195246 0.0240384 0.0662393 0.256104
1 0.846755 0.363782 0.0612981 0.11218 0.27124
1 0.808894 0.107906 0.0336538 0.0373932 0.252441
1 0.182692 0.782586 0.0264423 0.0619658 0.250244
1 0.845553 0.364316 0.0576923 0.105769 0.282959
1 0.846154 0.366453 0.0552884 0.107906 0.310791
1 0.810697 0.106437 0.0324519 0.0403312 0.269043
1 0.183894 0.784188 0.0258413 0.0598291 0.253906
1 0.846154 0.36672 0.0576923 0.0988248 0.362061
1 0.183143 0.785791 0.0264423 0.0576923 0.265137
1 0.808894 0.108841 0.0360577 0.0408654 0.258301
1 0.808894 0.107238 0.0348558 0.0443376 0.280518
1 0.182091 0.782051 0.0288462 0.0619659 0.272705
1 0.811298 0.203125 0.0264423 0.0729167 0.258301
1 0.847356 0.369658 0.0625 0.104701 0.299072
1 0.810096 0.108974 0.0336538 0.0432692 0.307373
1 0.847356 0.368857 0.0576922 0.10203 0.270508
1 0.810096 0.10814 0.0336538 0.0390625 0.271973
1 0.183894 0.784722 0.0285457 0.0576923 0.263672
1 0.848558 0.36485 0.0600961 0.102564 0.348633
1 0.809495 0.106804 0.0348557 0.0390625 0.260498
1 0.847356 0.369124 0.0600962 0.103632 0.31665
1 0.810096 0.106971 0.0360577 0.0392628 0.269043
1 0.846755 0.365652 0.0612981 0.109509 0.345215
1 0.847356 0.369925 0.0576922 0.105235 0.348633
1 0.809495 0.106971 0.0336539 0.0381944 0.288574
1 0.847356 0.364316 0.0625 0.108974 0.275879
1 0.847356 0.361378 0.0600962 0.104167 0.352295
1 0.808894 0.109509 0.0360577 0.0395299 0.281494
1 0.182993 0.786325 0.0258414 0.0566239 0.253174
1 0.847356 0.364583 0.0600962 0.103098 0.250977
1 0.847356 0.368056 0.0600962 0.103098 0.337158
1 0.808894 0.111378 0.0360577 0.0395299 0.284668
1 0.80649 0.196715 0.0276442 0.0830662 0.264404
1 0.844351 0.368056 0.0552884 0.0982906 0.349609
1 0.846154 0.36485 0.0600962 0.106838 0.320801
1 0.845553 0.363248 0.0588943 0.110043 0.273682
1 0.807692 0.107906 0.0360577 0.0379274 0.260498
1 0.846154 0.362714 0.0600962 0.107906 0.325928
1 0.810697 0.11031 0.0348557 0.0405983 0.274414
1 0.846154 0.368056 0.0625 0.107906 0.274414
1 0.808894 0.108841 0.0360577 0.0395299 0.266602
1 0.809495 0.108674 0.0360577 0.0379941 0.30249
1 0.846154 0.363782 0.0600962 0.107906 0.293457
1 0.846154 0.363248 0.0576923 0.105769 0.343262
1 0.80649 0.102163 0.0336539 0.0387286 0.284668
1 0.847356 0.362714 0.0625 0.106303 0.311523
1 0.810096 0.110043 0.0336538 0.0347222 0.258301
1 0.847356 0.365118 0.0625 0.107372 0.27124
1 0.847356 0.364316 0.0576922 0.110043 0.296631
1 0.846154 0.365919 0.0576923 0.106838 0.291748
1 0.807692 0.103632 0.0336538 0.0379274 0.289307
1 0.844952 0.364316 0.0600962 0.108974 0.260498
1 0.846154 0.363248 0.0600962 0.106838 0.33374
1 0.810096 0.108974 0.0360577 0.0381944 0.270508
1 0.846154 0.36485 0.0612981 0.105769 0.325195
1 0.844952 0.368056 0.0576923 0.100427 0.282227
1 0.846154 0.365919 0.0588943 0.104167 0.30249
1 0.846154 0.367521 0.0600962 0.104701 0.305664
1 0.846755 0.368323 0.0600962 0.103098 0.369385
1 0.844952 0.368857 0.0576923 0.104167 0.296631
1 0.846154 0.365385 0.0552884 0.102564 0.29248
1 0.808894 0.107939 0.0360577 0.0394631 0.268066
1 0.847356 0.364049 0.0600962 0.107372 0.291016
1 0.846154 0.362981 0.0600962 0.107372 0.275879
1 0.810096 0.107772 0.0360577 0.0403312 0.259033
1 0.847356 0.36485 0.0576922 0.102564 0.34082
1 0.809495 0.107606 0.0360577 0.0438702 0.267334
1 0.847356 0.362981 0.0600962 0.10844 0.366699
1 0.807692 0.109275 0.0360577 0.0399973 0.282959
1 0.811298 0.195246 0.0240385 0.0683761 0.265869
1 0.183594 0.782051 0.0267428 0.0555556 0.250977
1 0.846154 0.362447 0.0625 0.110577 0.276611
1 0.846154 0.360577 0.0649038 0.108974 0.422607
1 0.810096 0.106303 0.0360577 0.0400641 0.259033
1 0.847356 0.363782 0.0600962 0.102564 0.299072
1 0.810096 0.107238 0.0360577 0.0395299 0.251709
1 0.847356 0.365118 0.0625 0.105769 0.330322
1 0.808894 0.107372 0.0372597 0.0432692 0.271973
1 0.847356 0.365919 0.0625 0.111111 0.351318
1 0.809495 0.10804 0.0360577 0.0413996 0.276611
1 0.846154 0.363782 0.0576923 0.105769 0.320801
1 0.809495 0.107772 0.0360577 0.0411325 0.283691
1 0.808293 0.101896 0.0360578 0.0373932 0.262207
1 0.846154 0.363782 0.0600962 0.105769 0.253906
1 0.807692 0.102564 0.0348557 0.0403312 0.27124
1 0.810096 0.192575 0.0264423 0.0726496 0.269775
1 0.847356 0.363515 0.0649038 0.10844 0.265869
1 0.844952 0.364049 0.0649038 0.109509 0.373047
1 0.182542 0.782051 0.0285457 0.0576924 0.325195
1 0.808894 0.106036 0.0336538 0.0400641 0.307373
1 0.810096 0.196047 0.0264423 0.0726496 0.253906
1 0.846154 0.362981 0.0600962 0.108974 0.400635
1 0.182993 0.780983 0.0294471 0.0576923 0.338867
1 0.807692 0.102965 0.0336538 0.0376603 0.332031
1 0.990385 0.280449 0.0192307 0.0438034 0.254639
1 0.846154 0.363782 0.0600962 0.110577 0.391357
1 0.182392 0.780983 0.0300481 0.0587607 0.345215
1 0.808293 0.105102 0.0348557 0.0403312 0.328613
1 0.810697 0.195513 0.0264423 0.0726496 0.312256
1 0.846755 0.366186 0.0637019 0.110577 0.486328
1 0.182242 0.780983 0.0285457 0.0555556 0.379395
1 0.810697 0.196314 0.0252404 0.071047 0.349609
1 0.810096 0.105502 0.0336538 0.0381944 0.348633
1 0.989784 0.278846 0.0204327 0.0470085 0.284668
1 0.847356 0.363782 0.0625 0.110043 0.586914
1 0.182692 0.778846 0.0288462 0.0576923 0.406494
1 0.808894 0.104567 0.0360577 0.0405983 0.390381
1 0.810096 0.196715 0.0240385 0.068109 0.374756
1 0.990385 0.27938 0.0192307 0.0438034 0.256836
1 0.847356 0.36485 0.0625 0.108974 0.418701
1 0.182091 0.777778 0.0276442 0.0555556 0.36377
1 0.808894 0.105636 0.03125 0.0373932 0.35498
1 0.810096 0.19578 0.0252404 0.0721154 0.328613
1 0.989784 0.280449 0.0204327 0.045406 0.288574
1 0.846154 0.364316 0.0625 0.106838 0.522461
1 0.182692 0.77938 0.0294471 0.0566239 0.416748
1 0.809495 0.1042 0.0336539 0.0383948 0.415771
1 0.810096 0.196581 0.0264423 0.0715812 0.373047
1 0.989784 0.279915 0.0204327 0.0448718 0.291748
1 0.128568 0.927885 0.0265174 0.0940171 0.255371
1 0.846755 0.365919 0.0637019 0.105769 0.549805
1 0.808894 0.105636 0.0336538 0.0395299 0.401611
1 0.183444 0.779915 0.0282452 0.0555556 0.373047
1 0.810697 0.197115 0.0252404 0.0699786 0.371094
1 0.989784 0.281517 0.0204327 0.0459402 0.277588
1 0.846154 0.365919 0.0625 0.103632 0.537109
1 0.808894 0.104701 0.0336538 0.0379273 0.429199
1 0.182993 0.777778 0.0276442 0.0534188 0.393311
1 0.810697 0.197115 0.0252404 0.0699786 0.364746
1 0.846755 0.366453 0.0637019 0.105235 0.551758
1 0.809495 0.104434 0.0348557 0.0395299 0.446533
1 0.182692 0.777244 0.0291466 0.0544872 0.42334
1 0.810697 0.196581 0.0252404 0.0699786 0.389648
1 0.989183 0.282051 0.0216346 0.0432692 0.259033
1 0.128606 0.926282 0.0270433 0.0929487 0.253906
1 0.846154 0.36485 0.0649038 0.104701 0.544922
1 0.809495 0.105502 0.0336539 0.0373932 0.429199
1 0.182692 0.778846 0.0282452 0.0534188 0.408203
1 0.811298 0.197917 0.0252403 0.0699786 0.371094
1 0.846755 0.366987 0.0649038 0.105769 0.557129
1 0.809495 0.10627 0.0348557 0.0390625 0.44751
1 0.182843 0.77938 0.0294471 0.0566239 0.415771
1 0.810697 0.198985 0.0252404 0.0721154 0.350342
1 0.128906 0.928419 0.0264423 0.094017 0.252441
1 0.847356 0.36672 0.0637019 0.104701 0.488281
1 0.808894 0.105736 0.0360577 0.0379941 0.440674
1 0.183293 0.778846 0.0288462 0.0534188 0.415771
1 0.810096 0.201656 0.0264423 0.071047 0.328613
1 0.129207 0.928419 0.0264423 0.0918803 0.256104
1 0.847356 0.366987 0.0637019 0.105769 0.553711
1 0.809495 0.10617 0.0348557 0.0392628 0.463867
1 0.182993 0.780449 0.0288461 0.0555556 0.415771
1 0.810096 0.19765 0.0264423 0.0715812 0.351318
1 0.129207 0.927885 0.0258413 0.0918804 0.275879
1 0.989483 0.28312 0.0210337 0.0438034 0.253906
1 0.847356 0.366453 0.0637019 0.103632 0.523438
1 0.809495 0.10607 0.0348557 0.038929 0.437744
1 0.183143 0.77938 0.0297476 0.0555556 0.404541
1 0.810096 0.198184 0.0264423 0.0731838 0.338867
1 0.128906 0.92735 0.0270433 0.0918803 0.251709
1 0.847356 0.367521 0.0649038 0.105769 0.517578
1 0.808894 0.106036 0.0360577 0.0395299 0.457031
1 0.183143 0.778846 0.0291466 0.0555556 0.42334
1 0.810096 0.197917 0.0264423 0.0731838 0.365723
1 0.128906 0.927885 0.0267428 0.0929487 0.272705
1 0.989183 0.28312 0.0216346 0.0438034 0.254639
1 0.847356 0.366987 0.0649038 0.105769 0.491211
1 0.809495 0.106571 0.0348557 0.0387286 0.44165
1 0.183293 0.778846 0.0288462 0.0555556 0.402588
1 0.810096 0.198584 0.0252404 0.0713141 0.342529
1 0.128906 0.92735 0.0258413 0.0918803 0.253906
1 0.846755 0.366453 0.0637019 0.104701 0.538086
1 0.808894 0.10617 0.0360577 0.0384615 0.460938
1 0.183143 0.778846 0.0291466 0.0555556 0.418701
1 0.810096 0.198584 0.0252404 0.0718483 0.35498
1 0.128568 0.92735 0.0265174 0.0918803 0.259766
1 0.847356 0.36485 0.0625 0.108974 0.417725
1 0.182091 0.777778 0.0276442 0.0555556 0.36377
1 0.808894 0.105636 0.03125 0.0373932 0.355713
1 0.810096 0.195913 0.0252404 0.0723825 0.328613
1 0.989784 0.280449 0.0204327 0.045406 0.288574
