1 0.0531851 0.55235 0.0339543 0.0854701 0.287842
1 0.0555138 0.553419 0.0374099 0.0876068 0.315674
1 0.0570914 0.566239 0.0374099 0.0929487 0.255371
1 0.0552885 0.564103 0.0357572 0.0897436 0.250244
1 0.991587 0.514957 0.0168269 0.0662393 0.264404
1 0.990986 0.518697 0.0180288 0.0705128 0.262207
1 0.388822 0.833333 0.0300481 0.0416667 0.250977
1 0.991587 0.514423 0.0168269 0.0630342 0.253174
1 0.991887 0.516159 0.0162259 0.0659722 0.284668
1 0.129056 0.719017 0.0628005 0.146368 0.303955
1 0.0534105 0.551282 0.0348558 0.0940171 0.252441
1 0.991587 0.518162 0.0168269 0.0673077 0.263672
1 0.0546875 0.557692 0.0360577 0.0940171 0.293457
1 0.990986 0.51656 0.0180288 0.0715812 0.286865
1 0.0512132 0.560897 0.0354943 0.0897436 0.260498
1 0.911058 0.820513 0.0348557 0.0405983 0.293457
1 0.0522085 0.561966 0.0354567 0.0918803 0.279053
1 0.0519832 0.560897 0.0359075 0.0918804 0.304932
1 0.911058 0.819444 0.0348557 0.0405983 0.299072
1 0.992188 0.518162 0.015625 0.0683761 0.259766
1 0.911058 0.818376 0.0336539 0.0384615 0.331055
1 0.0524339 0.559829 0.0363582 0.0897436 0.291016
1 0.992188 0.518162 0.015625 0.0662393 0.284668
1 0.389423 0.836004 0.0300481 0.0373932 0.250244
1 0.911659 0.817308 0.0336538 0.0395299 0.330322
1 0.051063 0.558761 0.0348933 0.0918803 0.308105
1 0.991587 0.516026 0.0168269 0.0662393 0.283691
1 0.388822 0.836004 0.0288462 0.0363247 0.27124
1 0.911058 0.817308 0.0336539 0.0363247 0.317383
1 0.0516076 0.557692 0.0353065 0.0897436 0.315674
1 0.992188 0.516159 0.015625 0.068109 0.29248
1 0.388221 0.836539 0.0288462 0.0384616 0.255371
1 0.911659 0.817308 0.0336538 0.0384615 0.38208
1 0.0519644 0.557158 0.0363957 0.090812 0.371094
1 0.388822 0.83547 0.0300481 0.0395299 0.291748
1 0.992188 0.517628 0.015625 0.0662393 0.2854
1 0.0611478 0.409722 0.0267428 0.0555556 0.257568
1 0.0524151 0.557692 0.0348933 0.0897436 0.337158
1 0.911659 0.817308 0.0336538 0.0384615 0.324219
1 0.388822 0.83547 0.0300481 0.0384616 0.283691
1 0.992488 0.517628 0.015024 0.0651709 0.266602
1 0.911058 0.816239 0.0336539 0.0363247 0.330322
1 0.0524339 0.556624 0.0360577 0.0876069 0.323486
1 0.388822 0.83547 0.0300481 0.0384616 0.315674
1 0.992188 0.518029 0.015625 0.0665064 0.27832
1 0.911058 0.816239 0.0336539 0.0395299 0.399902
1 0.052509 0.556624 0.0374099 0.0897436 0.357666
1 0.389123 0.836539 0.0300481 0.0384616 0.346924
1 0.870192 0.255342 0.0408653 0.0555556 0.286865
1 0.991286 0.517094 0.0174278 0.0673077 0.265137
1 0.0611478 0.409722 0.0264423 0.0544872 0.256104
1 0.389423 0.83547 0.0300481 0.0384616 0.337158
1 0.0533353 0.556624 0.0372596 0.090812 0.332031
1 0.911659 0.816773 0.032452 0.0373931 0.317383
1 0.0613732 0.409455 0.0262921 0.0544872 0.253174
1 0.911058 0.817308 0.0336539 0.0405982 0.377441
1 0.389123 0.836539 0.030649 0.0384616 0.341553
1 0.0534856 0.557692 0.0377103 0.0897436 0.311523
1 0.0610727 0.409722 0.0267428 0.0555556 0.266602
1 0.991587 0.518162 0.0168269 0.0673077 0.255371
1 0.911659 0.816773 0.0336538 0.0384616 0.374756
1 0.0529597 0.557692 0.0366587 0.0897436 0.34082
1 0.389423 0.837073 0.03125 0.0395299 0.305664
1 0.991587 0.518029 0.0168269 0.0665064 0.271973
1 0.0611478 0.410791 0.0273438 0.0555556 0.259033
1 0.911659 0.817308 0.0336538 0.0384615 0.374756
1 0.05311 0.557692 0.0369591 0.0897436 0.363037
1 0.389123 0.836539 0.030649 0.0384616 0.324219
1 0.992188 0.518029 0.015625 0.0665064 0.291748
1 0.870192 0.259615 0.0408653 0.0587607 0.264404
1 0.0609976 0.410791 0.0270433 0.0566239 0.262207
1 0.911659 0.816773 0.0348558 0.0384616 0.366699
1 0.0529597 0.557692 0.0374099 0.0897436 0.327637
1 0.389123 0.837073 0.03125 0.0395299 0.303955
1 0.991887 0.518162 0.0162259 0.0673077 0.275879
1 0.870192 0.259081 0.0408653 0.0592949 0.250977
1 0.911659 0.816773 0.0348558 0.0395298 0.396973
1 0.0529597 0.557692 0.0371094 0.090812 0.338135
1 0.388822 0.836539 0.03125 0.0384616 0.323486
1 0.870192 0.259615 0.0408653 0.0587607 0.2854
1 0.991587 0.518162 0.0168269 0.0673077 0.27124
1 0.0609225 0.410256 0.0276442 0.0560897 0.256836
1 0.911659 0.817308 0.0348558 0.0384615 0.362061
1 0.0530349 0.557692 0.0368089 0.0897436 0.325195
1 0.389123 0.837073 0.03125 0.0384615 0.305664
1 0.991587 0.517628 0.0168269 0.0673077 0.265869
1 0.870192 0.259615 0.0408653 0.0576923 0.252441
1 0.911659 0.816239 0.0348558 0.0384615 0.384033
1 0.0529034 0.557158 0.0372221 0.0897436 0.350342
1 0.388822 0.836539 0.03125 0.0384616 0.323486
1 0.991587 0.518162 0.0168269 0.0673077 0.290283
1 0.870192 0.259081 0.0408653 0.0576923 0.265869
1 0.0610727 0.410524 0.026893 0.0555556 0.259033
1 0.911058 0.817308 0.0336539 0.0363247 0.317383
1 0.0516827 0.557692 0.0353065 0.0897436 0.315674
1 0.992188 0.516159 0.015625 0.068109 0.29248
1 0.388221 0.836539 0.0288462 0.0384616 0.256104
