1 0.973558 0.0755876 0.0336539 0.0523504 0.287842
1 0.460938 0.114049 0.0552885 0.088141 0.27124
1 0.460337 0.105268 0.0528846 0.0944845 0.358398
1 0.780048 0.850962 0.0288462 0.0416667 0.259033
1 0.459736 0.107372 0.0504807 0.0865385 0.308105
1 0.780649 0.851496 0.0240385 0.0470085 0.251709
1 0.460938 0.106971 0.0528846 0.0897436 0.301514
1 0.667668 0.854701 0.0612981 0.0726496 0.347656
1 0.461539 0.113114 0.0564904 0.100427 0.270508
1 0.666466 0.852564 0.0673077 0.0534187 0.270508
1 0.666466 0.855769 0.0649039 0.0576923 0.291016
1 0.469651 0.909722 0.0564904 0.130342 0.281494
1 0.470553 0.912393 0.061899 0.141026 0.345215
1 0.458834 0.119424 0.0594952 0.101429 0.250977
1 0.458834 0.11248 0.0600961 0.0934161 0.305664
1 0.46875 0.909188 0.0600962 0.141026 0.304932
1 0.665264 0.855769 0.0649039 0.0630342 0.253174
1 0.665865 0.858974 0.0600961 0.0555556 0.301514
1 0.471154 0.911325 0.0528846 0.130342 0.282959
1 0.469952 0.90812 0.0552885 0.132479 0.271973
1 0.466947 0.906517 0.0552885 0.125 0.401611
1 0.466346 0.898504 0.0420673 0.106838 0.26123
1 0.469651 0.913462 0.0552885 0.132479 0.326904
1 0.472957 0.909188 0.0576923 0.126068 0.325928
1 0.471154 0.911325 0.0528846 0.126068 0.275146
1 0.665865 0.856838 0.0600961 0.059829 0.257568
1 0.46905 0.911325 0.0546875 0.126068 0.367432
1 0.78125 0.853632 0.0264423 0.051282 0.266602
1 0.471154 0.90812 0.0522836 0.127137 0.437744
1 0.78125 0.851496 0.0288462 0.0555556 0.258301
1 0.467548 0.91453 0.0546875 0.128205 0.434082
1 0.459435 0.115618 0.0528846 0.0924813 0.326904
1 0.46875 0.912927 0.0564904 0.13141 0.287842
1 0.664663 0.857906 0.0625 0.0491453 0.259033
1 0.469952 0.912393 0.0540865 0.126068 0.383057
1 0.461238 0.115518 0.0546875 0.0892094 0.301514
1 0.469952 0.909722 0.0564904 0.128205 0.332031
1 0.46875 0.905449 0.0564904 0.125 0.446533
1 0.665264 0.856838 0.0649039 0.0619658 0.304932
1 0.460337 0.110544 0.0540865 0.0892762 0.279785
1 0.780048 0.85203 0.0288462 0.0534188 0.26123
1 0.467548 0.910791 0.0576923 0.125 0.474609
1 0.780649 0.854701 0.0276443 0.0512821 0.255371
1 0.469952 0.911325 0.0564904 0.128205 0.435059
1 0.470252 0.792735 0.0180288 0.0491453 0.270508
1 0.460337 0.115518 0.0552885 0.0964209 0.262939
1 0.664663 0.854701 0.0649038 0.059829 0.253174
1 0.469351 0.911325 0.0540865 0.128205 0.396973
1 0.663462 0.853633 0.0612981 0.0555556 0.254639
1 0.469952 0.911325 0.0552885 0.130342 0.363037
1 0.469952 0.910256 0.0516827 0.134615 0.412109
1 0.664062 0.854701 0.0612981 0.0555556 0.279785
1 0.467548 0.913462 0.0564904 0.134615 0.459961
1 0.46905 0.911859 0.0546875 0.132479 0.301514
1 0.469952 0.909188 0.0528846 0.132479 0.432129
1 0.663462 0.855769 0.0625 0.0587607 0.269775
1 0.46905 0.912393 0.0540865 0.130342 0.430176
1 0.665865 0.853633 0.0625 0.0555556 0.332031
1 0.782452 0.851496 0.0264423 0.0534187 0.250244
1 0.46845 0.910256 0.0552885 0.123932 0.448486
1 0.664663 0.853632 0.0649038 0.0598291 0.313965
1 0.780048 0.851496 0.0288462 0.0598291 0.27124
1 0.46905 0.912393 0.0552885 0.134615 0.359375
1 0.665865 0.855235 0.0649039 0.0576923 0.345215
1 0.469351 0.912393 0.0540865 0.134615 0.366699
1 0.466947 0.912393 0.0564904 0.129273 0.394287
1 0.665264 0.853633 0.0625 0.0576923 0.252441
1 0.46875 0.911325 0.0552885 0.130342 0.375732
1 0.468149 0.911325 0.0540865 0.132479 0.376709
1 0.466046 0.912393 0.0540865 0.123932 0.367432
1 0.664663 0.855769 0.0649038 0.0555556 0.250244
1 0.46875 0.909722 0.0564904 0.13141 0.392334
1 0.46875 0.910256 0.0540865 0.128205 0.428223
1 0.469351 0.912393 0.0564904 0.128205 0.439697
1 0.467548 0.912927 0.0576923 0.13141 0.458008
1 0.663462 0.852564 0.0625 0.0598291 0.267334
1 0.46875 0.912393 0.0576923 0.13141 0.451416
1 0.664062 0.853098 0.0673077 0.0630342 0.273682
1 0.46875 0.916132 0.0528846 0.133547 0.449463
1 0.665264 0.853633 0.0612981 0.0534188 0.259033
1 0.469952 0.91453 0.0552885 0.130342 0.414795
1 0.466947 0.913462 0.0540865 0.126068 0.399902
1 0.46845 0.911325 0.0558894 0.130342 0.424316
1 0.469952 0.912393 0.0540865 0.126068 0.453369
1 0.664663 0.853632 0.0625 0.0598291 0.279785
1 0.469952 0.912393 0.0564904 0.128205 0.458984
1 0.467849 0.913462 0.0552885 0.126068 0.414795
1 0.469351 0.910256 0.0552885 0.130342 0.488281
1 0.458534 0.113515 0.0528846 0.0873398 0.315674
1 0.78125 0.848825 0.0288462 0.0576923 0.291748
1 0.664062 0.853632 0.0649038 0.0544872 0.259033
1 0.471755 0.791667 0.0198317 0.0534188 0.253174
1 0.467849 0.913996 0.0594952 0.126068 0.469727
1 0.664663 0.856303 0.0625 0.0566239 0.262207
1 0.467849 0.912393 0.0588942 0.132479 0.435059
1 0.770433 0.930556 0.0348557 0.0683761 0.259766
1 0.665264 0.852564 0.0612981 0.0555556 0.256836
1 0.781851 0.848291 0.0300481 0.0587607 0.253906
1 0.467248 0.913462 0.0594952 0.128205 0.385742
1 0.469351 0.913996 0.0588943 0.13141 0.526367
1 0.458233 0.116453 0.0522837 0.0889423 0.286865
1 0.78125 0.851496 0.0288462 0.0576924 0.259033
1 0.472055 0.793803 0.0192307 0.0555556 0.256104
1 0.469351 0.912393 0.0570913 0.130342 0.509766
1 0.664663 0.854167 0.0625 0.0587607 0.294922
1 0.458534 0.113782 0.0540865 0.0924145 0.29248
1 0.466947 0.912393 0.0588943 0.130342 0.486328
1 0.664663 0.855769 0.0649038 0.0576923 0.268066
1 0.782452 0.850427 0.0288461 0.0576923 0.263672
1 0.466346 0.913462 0.0564904 0.130342 0.44458
1 0.469351 0.910256 0.0582932 0.134615 0.443604
1 0.467548 0.910256 0.0600962 0.132479 0.495117
1 0.76863 0.930021 0.0348558 0.0694444 0.304932
1 0.780048 0.844551 0.0288462 0.0576924 0.282959
1 0.457632 0.110176 0.0540865 0.0905449 0.262207
1 0.663462 0.850427 0.0625 0.051282 0.262207
1 0.469952 0.909722 0.0576923 0.132479 0.479492
1 0.78125 0.845086 0.0288462 0.0576923 0.309814
1 0.664663 0.855769 0.0625 0.0534188 0.305664
1 0.458233 0.107505 0.0558894 0.0948184 0.286133
1 0.769832 0.93109 0.0348557 0.0683761 0.280518
1 0.471154 0.793803 0.0174279 0.048077 0.271973
1 0.469351 0.910791 0.0564904 0.133547 0.496094
1 0.662861 0.855769 0.0625 0.0534188 0.337158
1 0.78125 0.846154 0.03125 0.059829 0.337158
1 0.471454 0.794872 0.0186298 0.051282 0.317383
1 0.769231 0.931624 0.0336538 0.0683761 0.303223
1 0.458534 0.109909 0.0552885 0.0910791 0.300781
1 0.469952 0.909722 0.0576923 0.13141 0.57373
1 0.471154 0.793803 0.0180289 0.0502137 0.360352
1 0.78125 0.848291 0.0288462 0.0544872 0.350342
1 0.769231 0.929487 0.0324519 0.0662393 0.320068
1 0.457933 0.110544 0.0540865 0.0866052 0.307373
1 0.663462 0.855769 0.0612981 0.0502137 0.293457
1 0.46905 0.910256 0.0582933 0.133547 0.585938
1 0.66226 0.854701 0.0600962 0.0512821 0.401611
1 0.471154 0.794872 0.0180289 0.0491453 0.387695
1 0.78125 0.847756 0.0288462 0.0544872 0.386719
1 0.457933 0.109475 0.0552885 0.0914129 0.352295
1 0.768029 0.930556 0.0336539 0.065171 0.338135
1 0.469952 0.911859 0.0564904 0.13141 0.52832
1 0.470553 0.795406 0.0168269 0.0491453 0.371094
1 0.780649 0.846154 0.0288462 0.0555556 0.347656
1 0.764423 0.93109 0.03125 0.0662393 0.303223
1 0.66226 0.853632 0.0600962 0.051282 0.291016
1 0.469351 0.910256 0.0552885 0.132479 0.601074
1 0.471454 0.794872 0.0180288 0.0491453 0.432129
1 0.78125 0.847222 0.0288462 0.0555556 0.414795
1 0.66226 0.854701 0.0576923 0.0491453 0.410156
1 0.765024 0.931624 0.0324519 0.0662393 0.364746
1 0.458534 0.114316 0.0528846 0.0849359 0.258301
1 0.469351 0.912393 0.0558894 0.128205 0.580566
1 0.471154 0.795406 0.0180289 0.0512821 0.42334
1 0.663462 0.854701 0.0576923 0.0512821 0.402588
1 0.78125 0.849359 0.0288462 0.0555556 0.397949
1 0.765024 0.930556 0.0324519 0.0662393 0.338135
1 0.458534 0.11258 0.0528846 0.0868056 0.269043
1 0.46875 0.912393 0.0582932 0.129273 0.597168
1 0.470853 0.79594 0.0186298 0.051282 0.430176
1 0.78125 0.848291 0.0276442 0.0534188 0.402588
1 0.66226 0.855769 0.0576923 0.0491453 0.352295
1 0.765625 0.932158 0.0336538 0.065171 0.348633
1 0.458534 0.113649 0.0540865 0.0836004 0.282959
1 0.467548 0.911325 0.0552885 0.126068 0.566895
1 0.470553 0.793803 0.0192308 0.0512821 0.457031
1 0.78125 0.848825 0.0288462 0.0534188 0.435791
1 0.66226 0.854701 0.0600962 0.0502137 0.367432
1 0.769231 0.930556 0.0336538 0.0662393 0.35498
1 0.458233 0.10607 0.0534856 0.0896768 0.31665
1 0.469952 0.909722 0.0552885 0.13141 0.595703
1 0.471154 0.793803 0.0180289 0.0512821 0.443604
1 0.78125 0.847756 0.0288462 0.0544872 0.407227
1 0.66226 0.855235 0.0600962 0.0512821 0.371094
1 0.769832 0.93109 0.0336538 0.0662393 0.352295
1 0.457933 0.108941 0.0552885 0.0930155 0.315674
1 0.467849 0.913462 0.0552885 0.128205 0.539062
1 0.471154 0.795406 0.0186298 0.0512821 0.448486
1 0.78125 0.849359 0.0288462 0.0555556 0.436768
1 0.769231 0.932158 0.0336538 0.0683761 0.373047
1 0.663462 0.854701 0.0600962 0.0502137 0.35498
1 0.458534 0.114083 0.0540865 0.0886084 0.300781
1 0.467849 0.912927 0.0558895 0.128205 0.624512
1 0.471154 0.795406 0.0192308 0.0512821 0.445557
1 0.78125 0.849359 0.0288462 0.0534188 0.436768
1 0.769231 0.932692 0.0348557 0.0673077 0.358398
1 0.663462 0.855769 0.0600962 0.0512821 0.351318
1 0.457933 0.109776 0.0528846 0.0921474 0.331055
1 0.971154 0.0940171 0.0348557 0.048344 0.258301
1 0.467248 0.912393 0.0546875 0.128205 0.637207
1 0.471154 0.795406 0.0186298 0.0512821 0.454346
1 0.78125 0.849893 0.0300481 0.0555556 0.448486
1 0.663462 0.855769 0.0600962 0.0523504 0.42627
1 0.769231 0.931624 0.0336538 0.0673077 0.386719
1 0.457933 0.110343 0.0552885 0.0939503 0.343262
1 0.971154 0.0941507 0.0348557 0.0488782 0.258301
1 0.467248 0.911325 0.0558895 0.128205 0.606934
1 0.471154 0.795406 0.0192308 0.0523504 0.44751
1 0.78125 0.849893 0.0300481 0.0544872 0.438721
1 0.662861 0.855769 0.0600962 0.0512821 0.378418
1 0.769231 0.932158 0.0336538 0.0673077 0.365723
1 0.458534 0.109475 0.0546875 0.0924813 0.347656
1 0.467548 0.911325 0.0552885 0.130342 0.637207
1 0.471154 0.795406 0.0192308 0.0523504 0.473633
1 0.78125 0.849359 0.0300481 0.0555556 0.457031
1 0.662861 0.854701 0.0588943 0.0523504 0.376709
1 0.769231 0.93109 0.0336538 0.0683761 0.373779
1 0.457632 0.110844 0.0534856 0.09375 0.315674
1 0.971154 0.0941507 0.0348557 0.0499466 0.280518
1 0.467548 0.912393 0.0552885 0.128205 0.632324
1 0.471154 0.79594 0.0192308 0.051282 0.452393
1 0.78125 0.849359 0.0288462 0.0555556 0.437744
1 0.662861 0.855235 0.0588943 0.0523504 0.387695
1 0.769231 0.93109 0.0336538 0.0673077 0.361084
1 0.458834 0.115118 0.0534856 0.0846688 0.319092
1 0.971154 0.0943176 0.0360577 0.0496127 0.250244
1 0.467248 0.912393 0.0558895 0.127137 0.62793
1 0.471154 0.79594 0.0186298 0.051282 0.458984
1 0.78125 0.849359 0.0300481 0.0534188 0.451416
1 0.66226 0.855235 0.0600962 0.0523504 0.410156
1 0.769231 0.931624 0.0336538 0.0673077 0.38208
1 0.458534 0.115251 0.0534856 0.0841346 0.336426
1 0.971154 0.0941507 0.0348557 0.0488782 0.262939
1 0.469952 0.911859 0.0564904 0.13141 0.52832
1 0.470553 0.795406 0.0168269 0.0491453 0.371094
1 0.780649 0.846154 0.0288462 0.0555556 0.347656
1 0.764423 0.93109 0.03125 0.0662393 0.303223
1 0.66226 0.853632 0.0600962 0.051282 0.291748
