1 0.603365 0.487179 0.0504808 0.0576923 0.454346
1 0.763221 0.549145 0.0420673 0.0459402 0.376709
1 0.947716 0.90812 0.0384616 0.0854702 0.265137
1 0.740986 0.206597 0.0324519 0.0488782 0.26123
1 0.981971 0.660256 0.0360577 0.051282 0.250977
1 0.739183 0.209402 0.0360577 0.0571581 0.27832
1 0.763822 0.553953 0.0432693 0.0523504 0.282227
1 0.945913 0.348024 0.0384616 0.0977564 0.271973
1 0.482873 0.551282 0.0384615 0.0811966 0.268066
1 0.739183 0.207799 0.0384615 0.0571581 0.338867
1 0.602163 0.490919 0.0528846 0.0587607 0.303223
1 0.486779 0.550214 0.0390625 0.0854701 0.293457
1 0.763822 0.550214 0.0456731 0.0416667 0.290283
1 0.979868 0.677885 0.0402644 0.0405983 0.281494
1 0.873798 0.372329 0.0288462 0.0373931 0.259033
1 0.48738 0.551282 0.0408654 0.0801282 0.342529
1 0.739183 0.206998 0.0360577 0.0571581 0.311523
1 0.763822 0.550214 0.0420673 0.0470086 0.270508
1 0.484375 0.557692 0.0396635 0.0811966 0.311523
1 0.765625 0.548611 0.0516827 0.0459402 0.272705
1 0.739183 0.209936 0.0396635 0.0603632 0.251709
1 0.48738 0.54968 0.0336539 0.0854701 0.309814
1 0.739183 0.204594 0.03125 0.0555556 0.287842
1 0.737981 0.209402 0.0384615 0.0598291 0.274414
1 0.48768 0.554487 0.0414663 0.0897436 0.259033
1 0.605769 0.505876 0.0552885 0.0673077 0.256836
1 0.737981 0.208333 0.0408654 0.0646368 0.27832
1 0.486779 0.55235 0.0408654 0.0811966 0.412109
1 0.739183 0.207666 0.0372596 0.0606304 0.312256
1 0.760817 0.549145 0.0384615 0.0405983 0.254639
1 0.48768 0.554487 0.0390625 0.082265 0.360352
1 0.740385 0.210337 0.0360577 0.0579594 0.257568
1 0.766226 0.551282 0.0456731 0.0448718 0.315674
1 0.741587 0.207131 0.0408654 0.0616987 0.273682
1 0.48738 0.55235 0.0408654 0.0833333 0.266602
1 0.875 0.375534 0.0264423 0.0373931 0.250977
1 0.740385 0.210737 0.0360577 0.0630342 0.256104
1 0.486178 0.555556 0.0408654 0.0790598 0.287842
1 0.740385 0.209802 0.0372596 0.065438 0.271973
1 0.763221 0.555556 0.0432693 0.0470086 0.260498
1 0.48738 0.55235 0.0414664 0.0897436 0.259033
1 0.487981 0.55235 0.0372596 0.0769231 0.317383
1 0.741587 0.210737 0.0360577 0.0582265 0.29834
1 0.763221 0.55235 0.0384615 0.0384616 0.256836
1 0.763822 0.551282 0.0492788 0.0470086 0.272705
1 0.739183 0.209135 0.0408654 0.0641026 0.256836
1 0.739784 0.209936 0.0384615 0.0603632 0.265137
1 0.763822 0.553419 0.0408654 0.0384616 0.263672
1 0.485877 0.552885 0.0378606 0.0811966 0.268066
1 0.739784 0.209936 0.0384615 0.0598291 0.291016
1 0.486779 0.552885 0.0390625 0.0769231 0.274414
1 0.483774 0.553953 0.0420673 0.0854701 0.290283
1 0.739183 0.211405 0.0384615 0.0600962 0.288574
1 0.764423 0.552885 0.0480769 0.0438034 0.269043
1 0.76262 0.554487 0.0456731 0.0470085 0.27832
1 0.740385 0.212073 0.0384615 0.0598291 0.259033
1 0.48768 0.551816 0.0420673 0.0801282 0.280518
1 0.602764 0.501202 0.0576923 0.0616987 0.27124
1 0.741587 0.211004 0.0396635 0.0614316 0.254639
1 0.765024 0.553419 0.0444712 0.0448718 0.250244
1 0.763822 0.55235 0.046875 0.0470086 0.269043
1 0.765024 0.555556 0.046875 0.0480769 0.332764
1 0.739784 0.213141 0.0372596 0.0630342 0.31665
1 0.873798 0.376068 0.0288462 0.0352564 0.287842
1 0.48738 0.554487 0.0384615 0.0769231 0.258301
1 0.603365 0.506944 0.0540865 0.051282 0.257568
1 0.740385 0.209936 0.0396635 0.0619658 0.314941
1 0.763822 0.553419 0.0456731 0.042735 0.30249
1 0.601562 0.494658 0.0588943 0.0619658 0.259766
1 0.764423 0.55235 0.0480769 0.042735 0.301514
1 0.48768 0.553419 0.0426682 0.0790599 0.294922
1 0.740986 0.210203 0.0396635 0.0587607 0.284668
1 0.602764 0.494124 0.0576923 0.0587607 0.272705
1 0.450721 0.209535 0.0204327 0.0462073 0.256836
1 0.48738 0.555556 0.0408654 0.0811966 0.314941
1 0.740385 0.211538 0.0384615 0.0598291 0.313232
1 0.450721 0.211271 0.0228365 0.0528846 0.311523
1 0.600962 0.505208 0.0552885 0.0600961 0.286865
1 0.76262 0.553419 0.0432693 0.0448718 0.281494
1 0.0344426 0.755342 0.025015 0.0726496 0.263672
1 0.600811 0.508547 0.0579928 0.0630342 0.299805
1 0.487981 0.55609 0.0384615 0.0801282 0.26123
1 0.739784 0.210871 0.0396635 0.0600962 0.29834
1 0.764423 0.551816 0.0480769 0.0438034 0.294189
1 0.45012 0.2086 0.0216346 0.0475427 0.280518
1 0.601562 0.506944 0.0600962 0.0630342 0.270508
1 0.873798 0.374466 0.0288462 0.034188 0.250977
1 0.485577 0.553419 0.0408654 0.082265 0.299072
1 0.604567 0.495727 0.0576923 0.0598291 0.293457
1 0.740385 0.209936 0.0360577 0.0587607 0.289307
1 0.764423 0.55235 0.0432693 0.042735 0.283691
1 0.450721 0.209669 0.0204327 0.0475427 0.256836
1 0.763822 0.553419 0.0444712 0.0405983 0.299805
1 0.739784 0.212073 0.0372596 0.0587607 0.299072
1 0.485577 0.555021 0.0396635 0.0769231 0.277588
1 0.451923 0.211538 0.0204327 0.0470086 0.253174
1 0.763822 0.553419 0.0444712 0.0405983 0.319092
1 0.740385 0.210337 0.0384615 0.0649039 0.312256
1 0.450721 0.210604 0.0192307 0.0494124 0.303223
1 0.603966 0.498397 0.0588942 0.065171 0.289307
1 0.484675 0.55235 0.0396635 0.0844017 0.287842
1 0.034405 0.754808 0.023137 0.0769231 0.275146
1 0.947115 0.365919 0.0264423 0.082265 0.271973
1 0.873798 0.374466 0.0264423 0.0331196 0.251709
1 0.740385 0.210337 0.0384615 0.0643697 0.269775
1 0.763822 0.551282 0.0444712 0.042735 0.253174
1 0.763221 0.550214 0.0432693 0.0384615 0.30249
1 0.740385 0.21047 0.0384615 0.0641026 0.300781
1 0.486779 0.555021 0.0408654 0.0801282 0.282959
1 0.602764 0.494391 0.0552885 0.0582265 0.281494
1 0.0338041 0.753205 0.0228365 0.0726496 0.257568
1 0.450721 0.208066 0.0198318 0.0475427 0.250977
1 0.763822 0.553419 0.0432693 0.0459401 0.282959
1 0.740986 0.21234 0.0396635 0.0662393 0.26123
1 0.948317 0.361912 0.03125 0.0961539 0.251709
1 0.763221 0.553419 0.0456731 0.0470085 0.311523
1 0.602314 0.494658 0.0573918 0.0587607 0.303955
1 0.740385 0.209936 0.0408654 0.0646368 0.284668
1 0.874399 0.373932 0.0288462 0.0373932 0.259033
1 0.45012 0.209135 0.0204327 0.0475427 0.258301
1 0.603365 0.494124 0.0588942 0.0608974 0.328613
1 0.763221 0.55235 0.0432693 0.0405983 0.319092
1 0.741587 0.209669 0.0408654 0.0641026 0.304932
1 0.875 0.375801 0.0288462 0.0347222 0.291748
1 0.486178 0.553419 0.0420673 0.0876068 0.279053
1 0.945913 0.360043 0.0288462 0.0940171 0.276611
1 0.451322 0.207399 0.0180288 0.0472757 0.262939
1 0.395433 0.509081 0.0228365 0.0544871 0.259033
1 0.740385 0.209535 0.0384615 0.0622329 0.303955
1 0.762019 0.552885 0.0432693 0.0438034 0.294922
1 0.602163 0.494124 0.0588942 0.0598291 0.294189
1 0.874399 0.376068 0.0288462 0.0363248 0.271973
1 0.450721 0.209936 0.0192307 0.0496795 0.267334
1 0.763221 0.554487 0.0432693 0.0405983 0.280518
1 0.740986 0.2086 0.0384615 0.0608974 0.258301
1 0.875 0.376068 0.0264423 0.034188 0.254639
1 0.602764 0.494391 0.0600961 0.0582265 0.253906
1 0.603966 0.493857 0.0564904 0.0657051 0.275146
1 0.763221 0.553419 0.0432693 0.0448718 0.251709
1 0.602013 0.49359 0.055589 0.0619658 0.282227
1 0.763221 0.553419 0.0432693 0.042735 0.251709
1 0.763221 0.554487 0.0456731 0.0438034 0.275146
1 0.601562 0.507612 0.0576923 0.0659722 0.251709
1 0.763822 0.554487 0.0444712 0.0448718 0.299805
1 0.740986 0.212206 0.0384615 0.0622329 0.294189
1 0.451923 0.211538 0.0192307 0.0480769 0.270508
1 0.600962 0.493056 0.0588943 0.0630342 0.269775
1 0.875 0.375801 0.0264423 0.0336539 0.267334
1 0.601562 0.493056 0.0600962 0.0662393 0.291016
1 0.764423 0.551282 0.0456731 0.042735 0.271973
1 0.740385 0.210337 0.0384615 0.0649039 0.27124
1 0.603365 0.492788 0.0552885 0.0614316 0.257568
1 0.602163 0.509482 0.0588942 0.0643697 0.265869
1 0.740385 0.21234 0.0384615 0.0641026 0.259766
1 0.947115 0.360577 0.0336538 0.0940171 0.251709
1 0.603516 0.494391 0.054988 0.0614316 0.295898
1 0.740385 0.211271 0.0384615 0.0630342 0.290283
1 0.764423 0.553419 0.0456731 0.0448718 0.280518
1 0.945913 0.359509 0.0336538 0.0940171 0.259766
1 0.600962 0.50641 0.0612981 0.0683761 0.279053
1 0.947115 0.361645 0.03125 0.0950855 0.267334
1 0.740385 0.211806 0.0384615 0.0678419 0.257568
1 0.740385 0.21274 0.0384615 0.0611645 0.287842
1 0.763221 0.554487 0.0432693 0.0416667 0.270508
1 0.874399 0.377404 0.0264422 0.0347222 0.26123
1 0.740986 0.211405 0.0384615 0.0627671 0.255371
1 0.602013 0.507345 0.055589 0.0622329 0.252441
1 0.486178 0.551282 0.0426683 0.0918803 0.272705
1 0.740385 0.211004 0.0372596 0.0614316 0.276611
1 0.600962 0.503739 0.0552885 0.0566239 0.258301
1 0.764423 0.553419 0.0444712 0.042735 0.256836
1 0.600811 0.503205 0.055589 0.0619658 0.253174
1 0.740986 0.211538 0.0396635 0.0646367 0.271973
1 0.764423 0.553419 0.0456731 0.042735 0.257568
1 0.740986 0.211538 0.0384615 0.0619658 0.312256
1 0.451923 0.208333 0.0216346 0.0534188 0.280518
1 0.602314 0.492788 0.0573918 0.0603633 0.273682
1 0.765024 0.553419 0.0456731 0.042735 0.267334
1 0.873798 0.375534 0.0288462 0.0373931 0.256104
1 0.740385 0.212874 0.0384615 0.0608974 0.358398
1 0.875 0.376603 0.0264423 0.0352564 0.287842
1 0.764423 0.555556 0.0444712 0.0405983 0.286865
1 0.486779 0.556624 0.0378605 0.0790598 0.273682
1 0.601562 0.502671 0.0552885 0.0587607 0.263672
1 0.451923 0.210737 0.0216346 0.0523504 0.258301
1 0.740385 0.214477 0.0384615 0.0673077 0.250977
1 0.740986 0.211138 0.0384615 0.0633013 0.315674
1 0.48738 0.555556 0.0396635 0.0844017 0.270508
1 0.453125 0.207399 0.0228365 0.0510149 0.265869
1 0.601562 0.503739 0.0564904 0.0587607 0.259033
1 0.876202 0.373397 0.0288462 0.0363248 0.258301
1 0.763221 0.552885 0.0444712 0.0416667 0.252441
1 0.740986 0.211939 0.0372596 0.0638355 0.295898
1 0.600962 0.505208 0.0552885 0.0558227 0.256104
1 0.764423 0.553419 0.0444712 0.0405983 0.253906
1 0.740986 0.213675 0.0396635 0.0678419 0.338135
1 0.602764 0.496528 0.0588942 0.0603633 0.279785
1 0.764423 0.555556 0.046875 0.0491453 0.274414
1 0.875 0.375534 0.0276443 0.0384616 0.269775
1 0.452224 0.208333 0.0210336 0.0555556 0.268066
1 0.947115 0.358974 0.0336538 0.0918803 0.258301
1 0.740986 0.212073 0.0384615 0.0657051 0.294189
1 0.602764 0.495459 0.0564904 0.0603633 0.282227
1 0.947115 0.362179 0.03125 0.0897436 0.264404
1 0.764423 0.555556 0.0456731 0.0459402 0.259766
1 0.741587 0.211806 0.0384615 0.0646368 0.309082
1 0.602163 0.506944 0.0576923 0.0630342 0.276611
1 0.452524 0.208467 0.0210337 0.0542201 0.264404
1 0.875601 0.375 0.0276443 0.0363248 0.262207
1 0.765625 0.555556 0.0456731 0.0470086 0.260498
1 0.742788 0.202991 0.0408654 0.0555556 0.269775
1 0.741587 0.209669 0.0384615 0.0630342 0.299805
1 0.873798 0.373397 0.0288462 0.0352564 0.284668
1 0.946514 0.353365 0.0336538 0.0913462 0.256836
1 0.303486 0.652244 0.0228365 0.0384616 0.253174
1 0.602764 0.496261 0.0576923 0.0608974 0.251709
1 0.740385 0.209669 0.0384615 0.0630342 0.36377
1 0.873798 0.374466 0.0276442 0.034188 0.323486
1 0.601562 0.494124 0.0576923 0.0608974 0.307373
1 0.394231 0.512821 0.0252404 0.0555556 0.301514
1 0.763221 0.558761 0.0444712 0.0416667 0.294189
1 0.45012 0.205662 0.0204327 0.0502137 0.293457
1 0.485577 0.556624 0.0396635 0.0833333 0.286133
1 0.303486 0.654915 0.0228365 0.0352564 0.286133
1 0.0353441 0.754808 0.0253155 0.0726496 0.263672
1 0.981971 0.681624 0.0360577 0.0363248 0.257568
1 0.741587 0.209936 0.0384615 0.0630342 0.39502
1 0.874399 0.373397 0.0276443 0.0352564 0.379395
1 0.602013 0.500935 0.055589 0.0622329 0.348633
1 0.763221 0.55609 0.0456731 0.0438034 0.329346
1 0.451322 0.205662 0.0204327 0.0480769 0.326904
1 0.304087 0.651709 0.0228365 0.0352564 0.314941
1 0.395433 0.509615 0.0252404 0.0555556 0.291016
1 0.487079 0.553953 0.0396635 0.082265 0.271973
1 0.982572 0.679487 0.0348557 0.0373932 0.259033
1 0.877404 0.852564 0.0216346 0.0491453 0.255371
1 0.0803786 0.740385 0.0304988 0.0608974 0.250244
1 0.741587 0.211538 0.0396635 0.0625 0.411133
1 0.486779 0.555556 0.0396635 0.0811966 0.38501
1 0.874399 0.373397 0.0300481 0.0363248 0.369385
1 0.601112 0.501603 0.0573918 0.0641026 0.354004
1 0.763822 0.558227 0.0456731 0.0459402 0.33374
1 0.304087 0.653312 0.0240385 0.0384615 0.320068
1 0.451322 0.207799 0.0216346 0.0518162 0.305664
1 0.394231 0.509615 0.0276442 0.0587607 0.303223
1 0.982572 0.680556 0.0348557 0.0384615 0.283691
1 0.0797025 0.73985 0.0310998 0.0630342 0.269043
1 0.0355319 0.75641 0.0255409 0.0726496 0.265137
1 0.741587 0.210737 0.0384615 0.0614316 0.438721
1 0.874399 0.372596 0.0288462 0.0331197 0.385742
1 0.602163 0.501068 0.0588942 0.0598291 0.37207
1 0.451322 0.207131 0.0204327 0.0504808 0.371094
1 0.764423 0.556624 0.0456731 0.0448718 0.353027
1 0.486478 0.553419 0.0384615 0.0790599 0.345947
1 0.304087 0.652778 0.0228365 0.0363248 0.327637
1 0.396034 0.509482 0.0216346 0.0536859 0.282959
1 0.0351562 0.75641 0.0246394 0.0705128 0.281494
1 0.080003 0.739316 0.0300481 0.0608974 0.275879
1 0.380108 0.491987 0.0234375 0.0395299 0.275146
1 0.982572 0.680021 0.0348557 0.034188 0.263672
1 0.946514 0.517628 0.0264423 0.025641 0.253174
1 0.741587 0.210203 0.0384615 0.0603632 0.480469
1 0.602013 0.50227 0.0579928 0.059562 0.418701
1 0.875 0.371261 0.0288462 0.0336539 0.415771
1 0.485877 0.551282 0.0390625 0.0790598 0.410156
1 0.764423 0.555556 0.0432693 0.042735 0.390381
1 0.451623 0.205929 0.0198317 0.0486111 0.38208
1 0.304087 0.651709 0.0222356 0.0363248 0.371094
1 0.981671 0.680556 0.0366587 0.0363248 0.343262
1 0.0348558 0.754273 0.0246394 0.0705128 0.329346
1 0.379207 0.492788 0.0228365 0.0389957 0.315674
1 0.396334 0.507479 0.0222356 0.0544872 0.29248
1 0.0797025 0.738248 0.0307993 0.0630342 0.289307
1 0.946514 0.518162 0.0264423 0.025641 0.268066
1 0.878005 0.851496 0.0228365 0.0470085 0.258301
1 0.741587 0.21047 0.0384615 0.0630342 0.434082
1 0.873798 0.371528 0.0264423 0.0315171 0.392334
1 0.451022 0.208066 0.0192308 0.0507479 0.380371
1 0.303486 0.651709 0.0216346 0.034188 0.374756
1 0.603365 0.499866 0.0576923 0.0579594 0.371094
1 0.763822 0.556624 0.0444712 0.042735 0.348633
1 0.486478 0.551816 0.0390625 0.0801282 0.347656
1 0.378906 0.492521 0.0222356 0.0416667 0.325928
1 0.0347055 0.754808 0.0240385 0.0726496 0.303955
1 0.395433 0.507479 0.0216346 0.0544872 0.282227
1 0.983173 0.679487 0.0336538 0.034188 0.281494
1 0.0797777 0.73718 0.0300481 0.0619658 0.268066
1 0.945913 0.517628 0.0252404 0.025641 0.26123
1 0.945913 0.355502 0.0288462 0.088141 0.256104
1 0.877404 0.851496 0.0216346 0.0470085 0.250977
1 0.740986 0.210337 0.0384615 0.0622329 0.501953
1 0.875 0.371261 0.0288462 0.0331197 0.459961
1 0.600962 0.500935 0.0564904 0.0600961 0.450439
1 0.451923 0.206731 0.0204327 0.0507479 0.427246
1 0.763221 0.556624 0.0456731 0.0448718 0.422607
1 0.303786 0.651175 0.0222356 0.0352564 0.401611
1 0.486779 0.55235 0.0396635 0.0790598 0.364746
1 0.982572 0.679487 0.0348557 0.0363248 0.356689
1 0.0351562 0.755876 0.0241887 0.0726496 0.336426
1 0.396334 0.507479 0.0222356 0.0544872 0.334473
1 0.946514 0.357906 0.03125 0.0918803 0.332764
1 0.380409 0.491987 0.0240385 0.0416667 0.323486
1 0.0801532 0.73718 0.0309495 0.0630342 0.320801
1 0.945913 0.515491 0.0264423 0.0267094 0.30249
1 0.878005 0.851496 0.0228365 0.048077 0.283691
1 0.740986 0.210203 0.0372596 0.0619658 0.450439
1 0.875 0.372062 0.0288462 0.0336538 0.435791
1 0.602314 0.500935 0.0573918 0.0622329 0.430176
1 0.486478 0.55235 0.0390625 0.0769231 0.400635
1 0.763221 0.556624 0.0444712 0.0438034 0.392334
1 0.451923 0.207399 0.0204327 0.0510149 0.389648
1 0.303786 0.652778 0.0216346 0.0363248 0.367432
1 0.981971 0.679487 0.0360577 0.0363248 0.337158
1 0.947716 0.361111 0.0288462 0.0854701 0.306641
1 0.380108 0.49172 0.0234375 0.0400641 0.30249
1 0.396635 0.508013 0.0204327 0.0534188 0.294922
1 0.945913 0.517094 0.0264423 0.025641 0.287842
1 0.0353065 0.755876 0.023137 0.0705128 0.287842
1 0.0803786 0.738248 0.030649 0.0619659 0.286865
1 0.878005 0.85203 0.0216347 0.0480769 0.250977
1 0.740385 0.210737 0.0384615 0.0608974 0.478516
1 0.874399 0.372062 0.0276443 0.0315171 0.453369
1 0.602163 0.500534 0.0564904 0.0587607 0.432129
1 0.451923 0.207265 0.0204327 0.0507479 0.412109
1 0.763221 0.55609 0.0444712 0.042735 0.403564
1 0.303786 0.652244 0.0228365 0.0352564 0.395996
1 0.485577 0.553419 0.0408654 0.0790599 0.374756
1 0.981971 0.680556 0.0360577 0.034188 0.351318
1 0.380409 0.49359 0.0240385 0.0416667 0.332031
1 0.396334 0.507479 0.0204327 0.0534188 0.315674
1 0.0352689 0.75641 0.0244141 0.0705128 0.314941
1 0.945913 0.517094 0.0264423 0.025641 0.299805
1 0.947115 0.362981 0.0288462 0.0811966 0.294922
1 0.0800781 0.736111 0.03125 0.059829 0.293457
1 0.873798 0.371528 0.0288462 0.0331197 0.485352
1 0.740385 0.21047 0.0384615 0.0619658 0.478516
1 0.602163 0.500935 0.0564904 0.0622329 0.455078
1 0.451623 0.207131 0.0210336 0.051015 0.42334
1 0.486178 0.553953 0.0396635 0.0790599 0.398926
1 0.763221 0.557158 0.0456731 0.0448718 0.393311
1 0.303486 0.652244 0.0228365 0.0363248 0.393311
1 0.395733 0.50641 0.0228365 0.0555556 0.339844
1 0.0349309 0.757479 0.0243389 0.0705128 0.327637
1 0.982272 0.680556 0.0354568 0.034188 0.313232
1 0.947115 0.360043 0.03125 0.0854701 0.308105
1 0.0801532 0.736645 0.0303486 0.0608974 0.304932
1 0.38131 0.495192 0.0264423 0.0438034 0.286865
1 0.945913 0.517094 0.0264423 0.0267094 0.282959
1 0.741587 0.21047 0.0384615 0.0630342 0.485352
1 0.873798 0.372329 0.0276442 0.0320513 0.470703
1 0.601562 0.501202 0.0576923 0.0616987 0.445557
1 0.451923 0.206864 0.0204327 0.0515492 0.414062
1 0.763221 0.557692 0.0432693 0.0448718 0.394287
1 0.486478 0.553419 0.0390625 0.0790599 0.390381
1 0.304087 0.652778 0.0222356 0.0363248 0.380371
1 0.0357572 0.75641 0.0241887 0.0705128 0.339844
1 0.396034 0.50641 0.0216346 0.0544872 0.320068
1 0.947115 0.358974 0.03125 0.0886752 0.318359
1 0.38101 0.49359 0.0252404 0.042735 0.317383
1 0.0812801 0.737714 0.0297476 0.0587607 0.303955
1 0.982572 0.68109 0.0348557 0.034188 0.301514
1 0.946514 0.518162 0.0264423 0.025641 0.29248
1 0.874399 0.372863 0.0288462 0.034188 0.493164
1 0.741587 0.211271 0.0384615 0.0630342 0.466797
1 0.602764 0.5 0.0576923 0.0630342 0.44751
1 0.451923 0.207799 0.0204327 0.051282 0.419678
1 0.304087 0.652778 0.0228365 0.0363248 0.383057
1 0.763822 0.557692 0.0456731 0.0448718 0.380371
1 0.0354567 0.755876 0.0243389 0.0715812 0.347656
1 0.486478 0.555021 0.0408654 0.0833333 0.332764
1 0.981971 0.682692 0.0360577 0.0363248 0.317383
1 0.396635 0.507479 0.0210337 0.0544872 0.300781
1 0.0801532 0.738248 0.0307993 0.0619659 0.29834
1 0.948317 0.363782 0.0288462 0.0844017 0.288574
1 0.945913 0.519231 0.0264423 0.025641 0.2854
1 0.380709 0.493857 0.0240385 0.0411325 0.279053
1 0.875 0.372329 0.0288462 0.0331197 0.492188
1 0.741587 0.211405 0.0384615 0.0627671 0.475586
1 0.602764 0.499733 0.0564904 0.0614316 0.460938
1 0.451923 0.209402 0.0204327 0.0512821 0.397949
1 0.763822 0.558227 0.0444712 0.0438034 0.393311
1 0.304087 0.651709 0.0228365 0.034188 0.384033
1 0.486178 0.555021 0.0408654 0.0801282 0.380371
1 0.981971 0.681624 0.0360577 0.0363248 0.363037
1 0.396034 0.506944 0.0228365 0.0555556 0.354004
1 0.0356445 0.75641 0.0241136 0.0705128 0.344238
1 0.947115 0.362179 0.03125 0.0876069 0.330322
1 0.0802284 0.738248 0.0309495 0.059829 0.318359
1 0.946515 0.519231 0.0276443 0.0245727 0.299805
1 0.382512 0.496261 0.0270433 0.0448718 0.276611
1 0.878606 0.851496 0.0240384 0.0470085 0.257568
1 0.874399 0.372863 0.0288462 0.0331197 0.503906
1 0.602764 0.500534 0.0564904 0.0619658 0.495117
1 0.741587 0.212073 0.0384615 0.0625 0.482422
1 0.451923 0.209402 0.0204327 0.0518162 0.414795
1 0.764423 0.558761 0.0456731 0.0448718 0.410156
1 0.304087 0.653312 0.0228365 0.0363248 0.403564
1 0.486178 0.555021 0.0396635 0.0811966 0.399902
1 0.981971 0.681624 0.0360577 0.0363248 0.375732
1 0.395433 0.508013 0.0240385 0.0576923 0.363037
1 0.947115 0.361645 0.03125 0.0886752 0.361084
1 0.0356821 0.756944 0.0240385 0.0715812 0.34082
1 0.0802284 0.738248 0.0310998 0.059829 0.33374
1 0.946515 0.519765 0.0276443 0.025641 0.297363
1 0.878005 0.852564 0.0228365 0.0491453 0.275146
1 0.382812 0.497329 0.0288461 0.0470086 0.267334
1 0.875 0.372596 0.0288462 0.0336539 0.484375
1 0.740986 0.211939 0.0384615 0.0627671 0.460938
1 0.603215 0.499866 0.055589 0.0600962 0.455078
1 0.451923 0.209402 0.0216346 0.0518162 0.394287
1 0.304087 0.652778 0.0234375 0.0363248 0.389648
1 0.763221 0.558227 0.0456731 0.0448718 0.383057
1 0.486779 0.555556 0.0408654 0.0811966 0.363037
1 0.981971 0.681624 0.0360577 0.0373931 0.351318
1 0.395433 0.508013 0.0240385 0.0566239 0.337158
1 0.0353816 0.756944 0.0247897 0.0715812 0.332764
1 0.0803035 0.738248 0.0310998 0.059829 0.318359
1 0.947115 0.363782 0.03125 0.0854701 0.309082
1 0.945913 0.519231 0.0264423 0.025641 0.273682
1 0.878005 0.852564 0.0240385 0.0491453 0.259033
1 0.382212 0.496795 0.0282452 0.0459402 0.251709
1 0.875 0.372596 0.0288462 0.034188 0.510742
1 0.741587 0.211538 0.0384615 0.0630342 0.482422
1 0.602013 0.501068 0.055589 0.0608974 0.473633
1 0.451923 0.208868 0.0216346 0.0512821 0.410156
1 0.304087 0.652778 0.0228365 0.0363248 0.410156
1 0.763221 0.557692 0.0444712 0.0448718 0.396973
1 0.486178 0.555556 0.0396635 0.0833333 0.389648
1 0.395433 0.508013 0.0240385 0.0576923 0.366699
1 0.981971 0.681624 0.0360577 0.0373931 0.354004
1 0.0353065 0.75641 0.0246394 0.0726496 0.338135
1 0.947115 0.363248 0.03125 0.0854701 0.332031
1 0.0803786 0.738248 0.03125 0.0608974 0.331055
1 0.945913 0.519231 0.0276443 0.025641 0.306641
1 0.878005 0.85203 0.0240385 0.0502136 0.281494
1 0.382212 0.497329 0.0288462 0.0459401 0.276611
1 0.875 0.372863 0.0288462 0.0336539 0.486328
1 0.741587 0.212073 0.0384615 0.0625 0.46875
1 0.602764 0.500935 0.0564904 0.0600961 0.457031
1 0.452224 0.209535 0.0210336 0.0515492 0.394287
1 0.304087 0.653312 0.0228365 0.0363248 0.383057
1 0.763221 0.558227 0.0444712 0.0438034 0.38208
1 0.486779 0.555556 0.0396635 0.082265 0.358398
1 0.396034 0.508013 0.0228365 0.0566239 0.346924
1 0.981971 0.681624 0.0360577 0.0363248 0.341553
1 0.0354567 0.756944 0.0240385 0.0715812 0.321777
1 0.0805288 0.738248 0.0307993 0.0608974 0.315674
1 0.947716 0.364583 0.0300481 0.0827992 0.304932
1 0.946515 0.520299 0.0276443 0.025641 0.274414
1 0.382212 0.496795 0.0270433 0.0448718 0.265869
1 0.875 0.372863 0.0288462 0.0331197 0.503906
1 0.740986 0.21234 0.0384615 0.0625 0.486328
1 0.601562 0.501603 0.0564904 0.0608974 0.474609
1 0.451923 0.209669 0.0210337 0.0512821 0.410156
1 0.763221 0.558761 0.0456731 0.0438034 0.403564
1 0.304087 0.653846 0.0228365 0.0363248 0.403564
1 0.486178 0.555556 0.0402644 0.082265 0.368408
1 0.981971 0.681624 0.0360577 0.0363248 0.365723
1 0.396034 0.508013 0.0228365 0.0555556 0.347656
1 0.0353441 0.756944 0.0244141 0.0715812 0.331055
1 0.0803786 0.738248 0.03125 0.0608974 0.325928
1 0.945913 0.519765 0.0264423 0.0245727 0.2854
1 0.948317 0.368056 0.0288462 0.0758547 0.282959
1 0.381611 0.496795 0.0264423 0.0438034 0.266602
1 0.878005 0.852564 0.0240385 0.0491453 0.258301
1 0.741587 0.21047 0.0384615 0.0630342 0.434082
1 0.873798 0.371528 0.0264423 0.0315171 0.392334
1 0.451022 0.208066 0.0192308 0.0507479 0.380371
1 0.303486 0.651709 0.0216346 0.034188 0.374756
1 0.603365 0.499866 0.0576923 0.0579594 0.371094
1 0.763822 0.556624 0.0444712 0.042735 0.348633
1 0.486478 0.551816 0.0390625 0.0801282 0.347656
1 0.378906 0.492521 0.0222356 0.0416667 0.325195
1 0.0347055 0.754808 0.0240385 0.0726496 0.303955
1 0.395433 0.507479 0.0216346 0.0544872 0.281494
1 0.983173 0.679487 0.0336538 0.034188 0.281494
1 0.0797777 0.73718 0.0300481 0.0619658 0.268066
1 0.945913 0.517628 0.0252404 0.025641 0.26123
1 0.945913 0.355502 0.0288462 0.088141 0.256104
1 0.877404 0.851496 0.0216346 0.0470085 0.250977
