1 0.313101 0.315705 0.046875 0.0576923 0.366699
1 0.380409 0.219551 0.0276442 0.0897436 0.255371
1 0.0685096 0.278045 0.0477764 0.0726496 0.317383
1 0.313702 0.313836 0.0444711 0.0459402 0.300781
1 0.376803 0.232105 0.0324519 0.082265 0.29834
1 0.795673 0.956197 0.0408653 0.0641025 0.275879
1 0.378005 0.23344 0.0252404 0.0731838 0.29248
1 0.314002 0.3125 0.0390625 0.0523504 0.262939
1 0.625601 0.892094 0.0204327 0.051282 0.276611
1 0.795072 0.952991 0.0336539 0.0576923 0.264404
1 0.313702 0.313034 0.0420673 0.045406 0.346924
1 0.794471 0.952991 0.0372596 0.0555556 0.254639
1 0.795072 0.959936 0.0372596 0.059829 0.279785
1 0.795673 0.957265 0.0384615 0.059829 0.311523
1 0.314303 0.312767 0.0420673 0.0470085 0.308105
1 0.3125 0.313034 0.0444711 0.0534188 0.252441
1 0.794471 0.959402 0.0384615 0.0619659 0.283691
1 0.796274 0.957799 0.0384615 0.0576923 0.280518
1 0.314303 0.314637 0.0420673 0.0470086 0.27832
1 0.625 0.895299 0.0240385 0.0470085 0.26123
1 0.314603 0.312767 0.0432692 0.0550214 0.291748
1 0.621394 0.894231 0.0240385 0.0555556 0.254639
1 0.795673 0.958333 0.0384615 0.0608974 0.253174
1 0.623197 0.894231 0.0264423 0.0576924 0.255371
1 0.795072 0.959402 0.0372596 0.059829 0.253174
1 0.313702 0.317842 0.0444711 0.0448718 0.301514
1 0.311599 0.316239 0.046274 0.0422009 0.300781
1 0.794471 0.961539 0.0384615 0.0598291 0.275879
1 0.315204 0.316774 0.0432692 0.0438034 0.262207
1 0.379207 0.234776 0.0300481 0.0779914 0.259033
1 0.795673 0.96047 0.0408653 0.0641026 0.258301
1 0.815505 0.322115 0.0252403 0.0683761 0.257568
1 0.315505 0.313568 0.0420673 0.0480769 0.257568
1 0.314303 0.317308 0.0402644 0.0523504 0.357666
1 0.622596 0.897436 0.0288462 0.0576923 0.295898
1 0.795673 0.962073 0.0360577 0.0619658 0.286865
1 0.314904 0.315171 0.0432692 0.0459402 0.313232
1 0.314904 0.314103 0.0432692 0.0438034 0.305664
1 0.986478 0.434829 0.0270432 0.112179 0.279785
1 0.379207 0.234041 0.0300481 0.0789263 0.264404
1 0.795673 0.959402 0.0408653 0.0619659 0.26123
1 0.313702 0.315705 0.0432692 0.0502137 0.31665
1 0.378005 0.23551 0.0300481 0.0791934 0.282227
1 0.622596 0.896368 0.0276443 0.0566239 0.275879
1 0.815505 0.324252 0.0228365 0.0608974 0.269043
1 0.795673 0.959402 0.0384615 0.059829 0.256104
1 0.313101 0.314904 0.0444711 0.0518162 0.332764
1 0.794471 0.959402 0.0384615 0.059829 0.281494
1 0.622596 0.896368 0.0264423 0.0576923 0.263672
1 0.313401 0.315171 0.0414664 0.0480769 0.313965
1 0.622596 0.896368 0.0264423 0.0576923 0.299805
1 0.794471 0.959402 0.0360577 0.0576923 0.257568
1 0.814904 0.322382 0.0216346 0.0630342 0.251709
1 0.313401 0.317575 0.0414664 0.0448718 0.309082
1 0.378005 0.232372 0.0288462 0.0865385 0.269775
1 0.623197 0.897436 0.0252404 0.0576923 0.269043
1 0.794471 0.961004 0.0360577 0.0544872 0.265137
1 0.313101 0.315972 0.0432692 0.0512821 0.337158
1 0.622596 0.896368 0.0240385 0.0576923 0.297363
1 0.378606 0.226963 0.0300481 0.0834669 0.295898
1 0.814904 0.323985 0.0204327 0.0657052 0.268066
1 0.79387 0.958333 0.0372596 0.0608974 0.257568
1 0.313702 0.313568 0.0444711 0.0502137 0.27832
1 0.313401 0.316774 0.0432692 0.0470085 0.258301
1 0.313702 0.313301 0.0438702 0.0443376 0.286133
1 0.621394 0.895833 0.0240385 0.0566239 0.258301
1 0.795673 0.957265 0.0384615 0.0576923 0.252441
1 0.314303 0.317308 0.0420673 0.0470085 0.281494
1 0.986779 0.434829 0.0264423 0.116453 0.265137
1 0.622596 0.897436 0.0264423 0.0576923 0.263672
1 0.313702 0.316239 0.0432692 0.0459402 0.262207
1 0.313401 0.316774 0.0438702 0.0448718 0.31665
1 0.621394 0.895299 0.0264423 0.0534188 0.296631
1 0.313401 0.315972 0.0444711 0.042735 0.347656
1 0.622596 0.895299 0.0252404 0.0566239 0.294922
1 0.795673 0.957265 0.0396635 0.0576923 0.275146
1 0.379808 0.232372 0.0294471 0.0849359 0.274414
1 0.313101 0.315972 0.0432692 0.0448718 0.32251
1 0.621394 0.895833 0.0240385 0.0566239 0.284668
1 0.378606 0.224092 0.0300481 0.082265 0.277588
1 0.622596 0.895299 0.0240385 0.0534188 0.282227
1 0.313101 0.316774 0.0456731 0.0443376 0.27124
1 0.314303 0.314637 0.0420673 0.0480769 0.273682
1 0.623197 0.895299 0.0264423 0.0555556 0.262939
1 0.3128 0.316774 0.0432692 0.0438034 0.26123
1 0.623197 0.897436 0.0252404 0.0544872 0.256836
1 0.622596 0.896902 0.0288462 0.059829 0.290283
1 0.314002 0.317842 0.0414664 0.0480769 0.282227
1 0.623197 0.897436 0.0252404 0.0555556 0.313232
1 0.3125 0.317575 0.0444711 0.0432692 0.307373
1 0.379207 0.22703 0.03125 0.0811966 0.283691
1 0.622596 0.894765 0.0264423 0.059829 0.305664
1 0.313702 0.315438 0.0432692 0.0459402 0.299805
1 0.622596 0.896368 0.0252404 0.0576923 0.264404
1 0.314002 0.316506 0.0426683 0.0448718 0.27832
1 0.623197 0.896368 0.0264423 0.059829 0.274414
1 0.377704 0.224893 0.03125 0.082265 0.263672
1 0.314603 0.315438 0.0420673 0.0480769 0.311523
1 0.622596 0.895299 0.0264423 0.0598291 0.291016
1 0.378606 0.224893 0.03125 0.0844017 0.284668
1 0.314303 0.315705 0.0432692 0.0507479 0.304932
1 0.622596 0.895833 0.0288462 0.0619658 0.262207
1 0.378005 0.233173 0.03125 0.0838675 0.255371
1 0.313702 0.316239 0.0408654 0.0459402 0.308105
1 0.623197 0.897436 0.0252404 0.0555556 0.294922
1 0.378606 0.233707 0.0294471 0.0817308 0.254639
1 0.314603 0.314637 0.0420673 0.0491453 0.280518
1 0.621394 0.896368 0.0264423 0.059829 0.262207
1 0.378305 0.23344 0.031851 0.0838675 0.256836
1 0.313702 0.315171 0.0420673 0.0459402 0.283691
1 0.622596 0.895833 0.0264423 0.0576923 0.267334
1 0.313101 0.314637 0.0432692 0.0480769 0.305664
1 0.621995 0.896368 0.0252404 0.0555556 0.293457
1 0.377404 0.232839 0.03125 0.0802618 0.269775
1 0.313702 0.315171 0.0432692 0.0491453 0.288574
1 0.622596 0.896368 0.0264423 0.0576923 0.268066
1 0.313702 0.313301 0.0444711 0.0491453 0.317383
1 0.622596 0.895299 0.0240385 0.0566239 0.299072
1 0.378606 0.232372 0.03125 0.0827992 0.253906
1 0.313702 0.313034 0.0444711 0.0512821 0.308105
1 0.622596 0.895299 0.0264423 0.0598291 0.299072
1 0.378606 0.231571 0.0324519 0.0838675 0.256836
1 0.623197 0.896902 0.0252404 0.0587607 0.347656
1 0.313101 0.315171 0.0438702 0.0480769 0.334473
1 0.378606 0.23137 0.03125 0.0842682 0.295898
1 0.795072 0.959936 0.0396634 0.059829 0.270508
1 0.484976 0.372863 0.0396635 0.0817308 0.259033
1 0.313702 0.315705 0.0432692 0.0491453 0.277588
1 0.314603 0.3125 0.0438702 0.0470086 0.309814
1 0.623798 0.895299 0.0264423 0.0598291 0.309082
1 0.485577 0.370192 0.0420673 0.0822649 0.300781
1 0.379207 0.229968 0.031851 0.0801282 0.272705
1 0.314603 0.313836 0.0426683 0.0459402 0.313232
1 0.622596 0.896368 0.0264423 0.0576923 0.279053
1 0.485877 0.372329 0.0402644 0.082265 0.265137
1 0.378606 0.231303 0.03125 0.0806624 0.251709
1 0.313101 0.31437 0.0450721 0.0512821 0.355713
1 0.623798 0.896368 0.0264423 0.059829 0.321777
1 0.484375 0.374466 0.0432693 0.0833333 0.286133
1 0.379207 0.232105 0.03125 0.0849359 0.277588
1 0.794471 0.961004 0.0396635 0.0608975 0.255371
1 0.313101 0.313568 0.0444711 0.0491453 0.342529
1 0.623197 0.896368 0.0276443 0.059829 0.303955
1 0.484976 0.374466 0.0420673 0.082265 0.265137
1 0.378606 0.232372 0.0324519 0.0860043 0.264404
1 0.313401 0.315972 0.0444711 0.0475427 0.331055
1 0.623798 0.895833 0.0264423 0.059829 0.308105
1 0.484976 0.374466 0.0414663 0.0811966 0.273682
1 0.379808 0.232639 0.030649 0.0849359 0.265137
1 0.795072 0.96047 0.0396634 0.0619659 0.263672
1 0.313101 0.310897 0.0456731 0.0491453 0.307373
1 0.622596 0.893162 0.0264423 0.0576924 0.279785
1 0.378606 0.225962 0.0330529 0.0865385 0.251709
1 0.313101 0.307425 0.0444711 0.0496795 0.335449
1 0.622596 0.893697 0.0264423 0.0576923 0.291748
1 0.378606 0.226496 0.0324519 0.0854701 0.259033
1 0.313702 0.310363 0.0432692 0.0459402 0.401611
1 0.621394 0.896902 0.0252404 0.0587607 0.348633
1 0.794471 0.958333 0.0384615 0.059829 0.332764
1 0.378005 0.231904 0.0324519 0.0831998 0.324219
1 0.484976 0.373397 0.0384615 0.0811966 0.272705
1 0.313702 0.312233 0.0432692 0.0470086 0.406494
1 0.378606 0.234575 0.031851 0.0831998 0.36377
1 0.795673 0.958333 0.0396635 0.059829 0.347656
1 0.622596 0.899573 0.0252404 0.0576923 0.341553
1 0.485276 0.372863 0.0396635 0.0811966 0.319092
1 0.814904 0.331464 0.0216346 0.0619658 0.303223
1 0.65024 0.0311165 0.0252404 0.0422009 0.262207
1 0.313702 0.314103 0.0444711 0.0486111 0.436768
1 0.484375 0.372329 0.0408654 0.0833333 0.418701
1 0.622596 0.89797 0.0264423 0.0598291 0.404541
1 0.378906 0.234241 0.0330529 0.0844017 0.377441
1 0.795673 0.958868 0.0384615 0.059829 0.355713
1 0.814303 0.330128 0.0228365 0.0641026 0.274414
1 0.313702 0.312767 0.0432692 0.0470085 0.476562
1 0.484976 0.372329 0.0384615 0.0811966 0.442627
1 0.622596 0.897436 0.0240385 0.0576923 0.435791
1 0.795673 0.959402 0.0372596 0.0587607 0.391357
1 0.378906 0.234509 0.0336539 0.0827992 0.374756
1 0.814904 0.330662 0.0216346 0.0608974 0.308105
1 0.070613 0.282051 0.0503305 0.0641026 0.287842
1 0.76262 0.761752 0.0180288 0.0438034 0.253906
1 0.313101 0.311966 0.0438702 0.0448718 0.52832
1 0.484075 0.370727 0.0396635 0.0801282 0.485352
1 0.621995 0.897436 0.0240385 0.0576923 0.484375
1 0.795673 0.956731 0.0384615 0.0598291 0.435059
1 0.378305 0.231571 0.0330529 0.0833333 0.402588
1 0.0698618 0.279915 0.0516827 0.0641026 0.328613
1 0.814904 0.328793 0.0216346 0.0625 0.313965
1 0.65024 0.0297643 0.0252404 0.0422342 0.253906
1 0.313702 0.314103 0.0420673 0.0448718 0.457031
1 0.621394 0.898504 0.0240385 0.0576923 0.452393
1 0.484976 0.372329 0.0378606 0.0801282 0.42627
1 0.378005 0.232906 0.0324519 0.0827992 0.411133
1 0.795673 0.957265 0.0384615 0.0608975 0.376709
1 0.814303 0.328793 0.0216346 0.0603633 0.327637
1 0.762019 0.762821 0.0168269 0.0416667 0.2854
1 0.65024 0.0302484 0.0240385 0.0419338 0.253174
1 0.313702 0.313568 0.0420673 0.0459402 0.519531
1 0.484375 0.372062 0.0408654 0.0811966 0.508789
1 0.622596 0.89797 0.0252404 0.0576923 0.508789
1 0.378606 0.232639 0.0336539 0.0844017 0.479492
1 0.795673 0.957265 0.0384615 0.059829 0.445557
1 0.814904 0.329594 0.0216346 0.0608974 0.369385
1 0.0701623 0.28312 0.0498798 0.0625 0.304932
1 0.763221 0.760684 0.0168269 0.042735 0.30249
1 0.65024 0.0295306 0.0240385 0.0419004 0.291016
1 0.90024 0.212607 0.0264423 0.0544872 0.274414
1 0.313101 0.313568 0.0426683 0.0470085 0.491211
1 0.483774 0.37313 0.0420673 0.079594 0.486328
1 0.622596 0.896902 0.0252404 0.0587607 0.486328
1 0.379207 0.232906 0.03125 0.0827992 0.438721
1 0.795673 0.957265 0.0384615 0.059829 0.395996
1 0.815505 0.330395 0.0216347 0.0608974 0.334473
1 0.762019 0.761218 0.0168269 0.042735 0.2854
1 0.0701623 0.282586 0.0491286 0.0641026 0.269775
1 0.899038 0.212073 0.0264423 0.053953 0.263672
1 0.650841 0.029397 0.0240385 0.0427017 0.254639
1 0.313101 0.313034 0.0432692 0.0459402 0.522461
1 0.622596 0.897436 0.0240385 0.0576923 0.521484
1 0.483774 0.372062 0.0408654 0.0801282 0.453369
1 0.379207 0.233173 0.03125 0.0833333 0.44458
1 0.795072 0.956731 0.0396634 0.0587607 0.437744
1 0.816106 0.328526 0.0216346 0.0587607 0.345947
1 0.762019 0.761752 0.0168269 0.0427351 0.291016
1 0.65024 0.0306991 0.0240385 0.041433 0.260498
1 0.90024 0.212473 0.0264423 0.0542201 0.252441
1 0.313702 0.311699 0.0420673 0.0470086 0.529297
1 0.622596 0.897436 0.0264423 0.059829 0.518555
1 0.484675 0.372062 0.0402644 0.079594 0.47168
1 0.378606 0.231838 0.0330529 0.0833333 0.458008
1 0.795673 0.957265 0.0384615 0.0576923 0.435791
1 0.814904 0.328259 0.0216346 0.0614316 0.373779
1 0.76262 0.761218 0.0180288 0.042735 0.348633
1 0.0704627 0.280983 0.0495793 0.0608974 0.304932
1 0.899038 0.212607 0.0288462 0.053953 0.269775
1 0.313702 0.313568 0.0420673 0.0459402 0.532227
1 0.622596 0.897436 0.0252404 0.059829 0.518555
1 0.484976 0.372863 0.0396635 0.0801282 0.456055
1 0.379207 0.233173 0.03125 0.0817308 0.452393
1 0.795673 0.957265 0.0384615 0.059829 0.428223
1 0.816106 0.327457 0.0216346 0.0592949 0.347656
1 0.763221 0.761752 0.0168269 0.0427351 0.312256
1 0.90024 0.212206 0.0264423 0.0552885 0.269775
1 0.0704627 0.278846 0.0492789 0.0608974 0.256104
1 0.65024 0.0329861 0.0240385 0.0423344 0.253906
1 0.313702 0.313836 0.0432692 0.0475427 0.519531
1 0.622596 0.898504 0.0264423 0.059829 0.507812
1 0.484075 0.374733 0.0426683 0.0817308 0.498047
1 0.379207 0.233974 0.0324519 0.0833333 0.446533
1 0.795673 0.958333 0.0384615 0.059829 0.435059
1 0.814904 0.330128 0.0216346 0.0614317 0.360352
1 0.0703125 0.280449 0.0500301 0.0619658 0.305664
1 0.65024 0.0332699 0.0240385 0.0435029 0.291748
1 0.763221 0.761752 0.0168269 0.0427351 0.289307
1 0.89964 0.21274 0.0276443 0.0552885 0.263672
1 0.313401 0.313568 0.0432692 0.0470085 0.517578
1 0.622596 0.899573 0.0264423 0.0576923 0.507812
1 0.483774 0.374733 0.0432693 0.0801282 0.475586
1 0.379207 0.233908 0.0324519 0.0823985 0.457031
1 0.795673 0.957799 0.0384615 0.0587607 0.44458
1 0.814904 0.330128 0.0216346 0.0598291 0.364746
1 0.65024 0.0329861 0.0240385 0.0426015 0.306641
1 0.763221 0.762286 0.0168269 0.0416667 0.291016
1 0.0704627 0.282586 0.0501803 0.0641026 0.273682
1 0.89964 0.213809 0.0276443 0.0547543 0.27124
1 0.313401 0.314637 0.0432692 0.0470086 0.525391
1 0.622596 0.898504 0.0264423 0.0576923 0.523438
1 0.483474 0.375 0.0432692 0.0811966 0.501953
1 0.379207 0.234776 0.0324519 0.082265 0.464844
1 0.795673 0.958333 0.0384615 0.059829 0.458008
1 0.814904 0.330662 0.0216346 0.0603633 0.383057
1 0.650841 0.034188 0.0240385 0.0435363 0.325195
1 0.0705379 0.282318 0.05003 0.0646368 0.308105
1 0.763221 0.762821 0.0168269 0.042735 0.297363
1 0.90024 0.213942 0.0264423 0.053953 0.279785
1 0.621995 0.899039 0.0264423 0.0587607 0.50293
1 0.313702 0.314103 0.0432692 0.0470086 0.5
1 0.484075 0.375534 0.0432692 0.0811966 0.46875
1 0.379207 0.234776 0.0330529 0.0833333 0.435791
1 0.795673 0.958333 0.0384615 0.059829 0.435791
1 0.814904 0.330395 0.0216346 0.0608974 0.359375
1 0.65024 0.0336372 0.0252404 0.0435697 0.299805
1 0.070613 0.282586 0.0495793 0.0641026 0.284668
1 0.76262 0.762821 0.0180288 0.042735 0.281494
1 0.899038 0.213408 0.0288462 0.0544872 0.265869
1 0.622596 0.899039 0.0264423 0.0587607 0.520508
1 0.313702 0.314103 0.0432692 0.0459402 0.516602
1 0.483774 0.375534 0.0420673 0.0822649 0.492188
1 0.379207 0.234776 0.0324519 0.0833333 0.458984
1 0.795673 0.957265 0.0384615 0.059829 0.451416
1 0.814904 0.330662 0.0216346 0.0614316 0.383057
1 0.65024 0.0343216 0.0252404 0.0442041 0.325928
1 0.76262 0.762286 0.0180288 0.0416667 0.315674
1 0.0703876 0.282586 0.0497296 0.0641026 0.273682
1 0.89964 0.213275 0.0276443 0.0542201 0.270508
1 0.622596 0.899039 0.0264423 0.0587607 0.513672
1 0.313702 0.315171 0.0426683 0.0448718 0.501953
1 0.483774 0.374733 0.0420673 0.0817308 0.454346
1 0.378906 0.234241 0.0324519 0.0833333 0.439697
1 0.796274 0.957265 0.0384615 0.059829 0.435791
1 0.814904 0.330128 0.0216346 0.0608974 0.365723
1 0.65024 0.0342047 0.0240385 0.0440371 0.304932
1 0.763221 0.762821 0.0168269 0.0405983 0.282227
1 0.622596 0.899573 0.0264423 0.0576923 0.524414
1 0.313401 0.315171 0.0432692 0.0459402 0.517578
1 0.483774 0.375 0.0426682 0.0811966 0.472656
1 0.795673 0.957265 0.0384615 0.059829 0.451416
1 0.378606 0.234776 0.0324519 0.0827992 0.448486
1 0.814904 0.330128 0.0216346 0.0608974 0.377441
1 0.65024 0.034188 0.0240385 0.0438034 0.327637
1 0.763221 0.762821 0.0168269 0.0405983 0.29248
1 0.0705379 0.282051 0.0491286 0.0608974 0.269043
1 0.899038 0.214076 0.0264423 0.0536859 0.253174
1 0.313702 0.314103 0.0420673 0.0448718 0.457031
1 0.621394 0.898504 0.0240385 0.0576923 0.452393
1 0.484976 0.372329 0.0378606 0.0801282 0.427246
1 0.378005 0.232906 0.0324519 0.0827992 0.410156
1 0.795673 0.957265 0.0384615 0.0608975 0.376709
1 0.814303 0.328793 0.0216346 0.0603633 0.326904
1 0.762019 0.762821 0.0168269 0.0416667 0.286133
1 0.65024 0.0302484 0.0240385 0.0419338 0.253174
