1 0.877404 0.893162 0.0480769 0.0534187 0.271973
1 0.575721 0.0200654 0.0336538 0.0401309 0.272705
1 0.574519 0.0180288 0.0348557 0.0360577 0.306641
1 0.873798 0.896368 0.0456731 0.0470085 0.289307
1 0.83774 0.524038 0.0432693 0.0758547 0.27832
1 0.153095 0.0697783 0.0345553 0.0471421 0.27124
1 0.814904 0.0659722 0.0480769 0.0547543 0.258301
1 0.984976 0.716346 0.0300481 0.0416667 0.256104
1 0.577524 0.86218 0.0420673 0.0897436 0.303223
1 0.814303 0.0600962 0.046875 0.0729167 0.262939
1 0.836538 0.521368 0.0408654 0.0683761 0.258301
1 0.576773 0.870727 0.0459735 0.0918803 0.256836
1 0.814904 0.05836 0.0516827 0.0729167 0.332764
1 0.57512 0.86218 0.0372596 0.0897436 0.320801
1 0.835337 0.175214 0.0252404 0.0667735 0.284668
1 0.989183 0.348825 0.0216346 0.0833333 0.250977
1 0.816106 0.063151 0.0552885 0.0852364 0.371094
1 0.878606 0.898504 0.0528846 0.0534188 0.253174
1 0.813702 0.0600962 0.0528846 0.0790598 0.260498
1 0.814303 0.0575421 0.0540865 0.075621 0.357666
1 0.156851 0.0719818 0.0279447 0.0416667 0.260498
1 0.834135 0.180021 0.0288461 0.0678419 0.258301
1 0.578275 0.866453 0.0429688 0.100427 0.258301
1 0.157602 0.0740518 0.0291466 0.046875 0.272705
1 0.838341 0.53953 0.0396634 0.0726496 0.258301
1 0.813702 0.063969 0.0504808 0.0747863 0.250244
1 0.814303 0.0592281 0.0516827 0.0799947 0.348633
1 0.158353 0.0735844 0.0297476 0.0438034 0.295898
1 0.878606 0.896902 0.0504807 0.048077 0.291748
1 0.986178 0.720086 0.0276443 0.0438034 0.250977
1 0.578125 0.873398 0.0456731 0.0982906 0.265137
1 0.702524 0.82906 0.0649038 0.0662393 0.257568
1 0.838942 0.526175 0.0432693 0.0683761 0.282227
1 0.813702 0.0511485 0.0528846 0.0746528 0.255371
1 0.157302 0.0761886 0.0282452 0.0436699 0.254639
1 0.814904 0.0568243 0.0504808 0.0821314 0.351318
1 0.838942 0.525508 0.0408653 0.0622329 0.274414
1 0.579327 0.867521 0.0444711 0.0897436 0.267334
1 0.877404 0.898504 0.046875 0.0448719 0.260498
1 0.813702 0.0665732 0.0516827 0.0773237 0.27832
1 0.813702 0.0547543 0.0540865 0.0844017 0.335449
1 0.15655 0.0753205 0.0324519 0.0472756 0.253906
1 0.815505 0.0616987 0.0540865 0.0806624 0.257568
1 0.814904 0.06457 0.0504808 0.0765224 0.289307
1 0.814904 0.0682425 0.0456731 0.0659722 0.309082
1 0.578275 0.86859 0.0429688 0.0950855 0.275146
1 0.157452 0.0741186 0.030649 0.0480769 0.259033
1 0.83774 0.536325 0.0432693 0.068376 0.259033
1 0.8125 0.0584936 0.0516827 0.0854701 0.269775
1 0.813702 0.0632345 0.0528846 0.0818643 0.364746
1 0.83774 0.533654 0.0444712 0.0779915 0.307373
1 0.157001 0.0750534 0.0327524 0.045406 0.264404
1 0.8125 0.0582933 0.0528846 0.0799947 0.346924
1 0.576322 0.86859 0.0444712 0.0982906 0.32251
1 0.83774 0.535256 0.0456731 0.0715812 0.269775
1 0.813702 0.0534188 0.046875 0.076656 0.332764
1 0.698918 0.826923 0.0600962 0.0576923 0.267334
1 0.576322 0.870727 0.0432693 0.0876068 0.254639
1 0.815505 0.0606137 0.0492788 0.0820313 0.363037
1 0.577073 0.864316 0.0429688 0.0918804 0.284668
1 0.156701 0.0755208 0.0297476 0.0455395 0.273682
1 0.834135 0.177083 0.03125 0.0673077 0.253906
1 0.814904 0.0600962 0.0504808 0.079594 0.303955
1 0.813702 0.0614984 0.0504808 0.0738515 0.256836
1 0.814904 0.0659722 0.0480769 0.0758547 0.420654
1 0.836538 0.534188 0.0408654 0.0662393 0.323486
1 0.157752 0.0769899 0.030649 0.0479434 0.312256
1 0.985877 0.719017 0.0282452 0.0384615 0.274414
1 0.703726 0.82906 0.0600962 0.059829 0.26123
1 0.106295 0.614316 0.0259916 0.0555556 0.257568
1 0.876202 0.901709 0.0456731 0.0470086 0.256836
1 0.814904 0.0640358 0.0504808 0.0727831 0.393311
1 0.83774 0.535256 0.0432693 0.0619658 0.274414
1 0.874399 0.898504 0.0456731 0.0512821 0.271973
1 0.158053 0.0756544 0.03125 0.0442041 0.255371
1 0.814904 0.0635684 0.0504808 0.0755876 0.433105
1 0.157151 0.0743857 0.03125 0.0419338 0.260498
1 0.703125 0.827991 0.0649038 0.0576923 0.257568
1 0.813702 0.0640358 0.048077 0.0661058 0.387695
1 0.70012 0.82906 0.0625 0.0619658 0.319092
1 0.836538 0.53312 0.0408654 0.0641026 0.297363
1 0.157452 0.0755208 0.031851 0.0450053 0.276611
1 0.835337 0.181223 0.03125 0.0686432 0.275879
1 0.10622 0.61218 0.0255409 0.0534188 0.260498
1 0.813702 0.063101 0.0528846 0.0738515 0.349609
1 0.813101 0.0603633 0.0492789 0.0803953 0.407227
1 0.701923 0.830128 0.0673077 0.0619658 0.293457
1 0.838942 0.535256 0.0432693 0.0726496 0.262939
1 0.578726 0.869658 0.0456731 0.0961539 0.259766
1 0.8125 0.0629674 0.0528846 0.0770566 0.419678
1 0.15655 0.0741854 0.03125 0.0452724 0.289307
1 0.83774 0.534722 0.0444712 0.0662393 0.287842
1 0.699519 0.825855 0.0625 0.0598291 0.267334
1 0.105769 0.61218 0.0264423 0.0555556 0.260498
1 0.814303 0.051883 0.0516827 0.0794605 0.379395
1 0.701923 0.825855 0.0625 0.0619659 0.320068
1 0.577524 0.86218 0.0444712 0.0940171 0.311523
1 0.836538 0.535256 0.0432693 0.0705128 0.300781
1 0.157602 0.0753873 0.0288461 0.0401976 0.27124
1 0.105469 0.61218 0.0234375 0.0534188 0.255371
1 0.813702 0.0649038 0.0504808 0.0699786 0.351318
1 0.157452 0.076656 0.030649 0.0411325 0.262939
1 0.813101 0.0594952 0.0540865 0.0815972 0.376709
1 0.577975 0.86859 0.0435697 0.099359 0.348633
1 0.701923 0.825321 0.0625 0.059829 0.301514
1 0.15655 0.0770566 0.0294471 0.0440705 0.299072
1 0.83774 0.525107 0.0432693 0.0683761 0.273682
1 0.875 0.899573 0.0456731 0.0491453 0.272705
1 0.833534 0.177751 0.0276442 0.0697115 0.258301
1 0.8125 0.0612313 0.0528846 0.0735844 0.328613
1 0.83774 0.531918 0.0456731 0.0665064 0.277588
1 0.700721 0.826389 0.0600962 0.059829 0.259766
1 0.813702 0.0634348 0.0528846 0.0790598 0.304932
1 0.814303 0.0618323 0.0492789 0.0699786 0.328613
1 0.701322 0.827457 0.0612981 0.0566239 0.273682
1 0.15625 0.0735844 0.0300481 0.0419338 0.265869
1 0.83774 0.53312 0.0420673 0.0662393 0.264404
1 0.874399 0.896902 0.0456731 0.0448718 0.253174
1 0.814303 0.0648371 0.0492789 0.0746528 0.342529
1 0.158353 0.0769231 0.03125 0.0459402 0.295898
1 0.701923 0.827991 0.0649038 0.0619658 0.286865
1 0.813702 0.0629006 0.0528846 0.0761218 0.359375
1 0.15655 0.0749199 0.03125 0.042468 0.303223
1 0.838942 0.525107 0.0456731 0.0715812 0.291748
1 0.875 0.900107 0.0480769 0.0491453 0.269775
1 0.701322 0.827991 0.0637019 0.0619658 0.266602
1 0.832933 0.178152 0.0288461 0.0625 0.255371
1 0.985577 0.717415 0.0288462 0.0405983 0.251709
1 0.813702 0.0612981 0.0528846 0.0723825 0.410156
1 0.703125 0.825855 0.0649038 0.0598291 0.29834
1 0.157452 0.0749199 0.030649 0.0411325 0.296631
1 0.838942 0.524038 0.0456731 0.0662393 0.286133
1 0.578125 0.86859 0.0444712 0.103633 0.264404
1 0.834135 0.178552 0.03125 0.0694444 0.260498
1 0.986178 0.719017 0.0276443 0.0384615 0.253906
1 0.813101 0.0584268 0.0528846 0.0778579 0.38501
1 0.838341 0.525641 0.0456731 0.0705128 0.309082
1 0.70012 0.825855 0.0625 0.0619659 0.294922
1 0.15625 0.0757212 0.0294471 0.0405983 0.27124
1 0.832332 0.178285 0.0276442 0.0635684 0.252441
1 0.985577 0.720086 0.0288462 0.0384615 0.250244
1 0.8125 0.0528846 0.0540865 0.0785256 0.321777
1 0.701923 0.827991 0.0625 0.0576923 0.287842
1 0.838942 0.525641 0.0432693 0.0683761 0.286865
1 0.813702 0.0531684 0.0516827 0.0739517 0.288574
1 0.8125 0.0629006 0.0528846 0.0713141 0.27832
1 0.701923 0.828526 0.0600962 0.0576923 0.254639
1 0.576322 0.872863 0.0444712 0.094017 0.254639
1 0.813702 0.0531517 0.0528846 0.0790598 0.283691
1 0.813702 0.0653045 0.0492788 0.0675748 0.29248
1 0.157302 0.0775908 0.03125 0.0472756 0.262939
1 0.702524 0.827991 0.0637019 0.059829 0.250244
1 0.8125 0.0630342 0.0528846 0.0721154 0.323486
1 0.15625 0.0769899 0.031851 0.0431357 0.286865
1 0.70012 0.827991 0.0625 0.0576923 0.280518
1 0.834135 0.179754 0.0288461 0.0627671 0.254639
1 0.986779 0.719551 0.0264423 0.0352564 0.253174
1 0.874399 0.900641 0.0456731 0.0470086 0.253174
1 0.814904 0.061899 0.0516827 0.0754541 0.345947
1 0.156701 0.0746528 0.0315505 0.0475427 0.291016
1 0.875 0.89797 0.0456731 0.048077 0.259766
1 0.700721 0.823718 0.0637019 0.0598291 0.257568
1 0.83774 0.534055 0.0432693 0.0686431 0.252441
1 0.814303 0.0596287 0.0504807 0.0749199 0.310791
1 0.814303 0.0657051 0.0516827 0.0734509 0.373047
1 0.701923 0.82906 0.0600962 0.0576923 0.250977
1 0.813702 0.0534355 0.0504808 0.0774239 0.342529
1 0.699519 0.824786 0.0600962 0.0598291 0.29248
1 0.83774 0.525107 0.0432693 0.0662393 0.269775
1 0.1564 0.0746528 0.030649 0.0451389 0.265137
1 0.875 0.900107 0.0456731 0.051282 0.252441
1 0.813101 0.0631677 0.0552884 0.0798611 0.335449
1 0.703726 0.825321 0.0612981 0.0662393 0.275879
1 0.576923 0.875 0.0456731 0.0982906 0.265137
1 0.813702 0.0617655 0.0504808 0.0719818 0.32251
1 0.701923 0.828526 0.0576923 0.0555556 0.271973
1 0.83774 0.535791 0.0432693 0.0683761 0.265869
1 0.158053 0.0762553 0.0294471 0.0422009 0.264404
1 0.814904 0.0606303 0.0504808 0.0779915 0.328613
1 0.699519 0.823718 0.0600962 0.0598291 0.269043
1 0.83774 0.534722 0.0432693 0.0694444 0.259766
1 0.814303 0.0607639 0.0504807 0.0771902 0.320801
1 0.704327 0.820513 0.0661058 0.0747863 0.256836
1 0.8125 0.0600294 0.0504808 0.0730502 0.343262
1 0.701322 0.826923 0.0612981 0.0576923 0.268066
1 0.15595 0.075187 0.0303486 0.0408654 0.256104
1 0.813702 0.0629674 0.0504808 0.0709135 0.325195
1 0.699519 0.825321 0.0600962 0.059829 0.265869
1 0.83774 0.525508 0.0432693 0.0686432 0.254639
1 0.813702 0.0629674 0.0528846 0.0735844 0.312256
1 0.703125 0.820513 0.0649038 0.0705128 0.286133
1 0.838341 0.524573 0.0432693 0.0715812 0.281494
1 0.15655 0.0757879 0.0300481 0.0404647 0.269775
1 0.814904 0.0623665 0.0504808 0.0729167 0.339844
1 0.838942 0.525107 0.0432693 0.0662393 0.290283
1 0.701322 0.825321 0.0625 0.0587608 0.276611
1 0.15625 0.0745192 0.03125 0.045406 0.258301
1 0.813702 0.061031 0.0528846 0.0721154 0.362061
1 0.838341 0.526175 0.0420673 0.0641026 0.327637
1 0.701923 0.827991 0.0625 0.0555556 0.303955
1 0.15655 0.0762553 0.0309495 0.0440705 0.29248
1 0.986478 0.720086 0.0270432 0.0384615 0.267334
1 0.834135 0.179487 0.0300481 0.0667735 0.26123
1 0.107347 0.611645 0.0232873 0.0544872 0.257568
1 0.813702 0.0649706 0.0504808 0.072516 0.291016
1 0.701923 0.819444 0.0673077 0.0705128 0.27124
1 0.813101 0.0572917 0.0528846 0.0737179 0.294922
1 0.699519 0.824786 0.0600962 0.0576924 0.27832
1 0.157452 0.0735844 0.030649 0.0419338 0.263672
1 0.83774 0.525775 0.0408654 0.0702457 0.260498
1 0.834135 0.179087 0.03125 0.0675748 0.250244
1 0.813702 0.0629674 0.0528846 0.0709135 0.361084
1 0.701322 0.826923 0.0600962 0.0555556 0.313232
1 0.83774 0.526175 0.0408654 0.0694444 0.259033
1 0.813702 0.0633013 0.0528846 0.0769231 0.371094
1 0.838942 0.526709 0.0432693 0.0715812 0.338867
1 0.701923 0.828526 0.0625 0.0587607 0.32251
1 0.1564 0.0749867 0.0327524 0.046875 0.264404
1 0.813702 0.0625 0.0528846 0.0763889 0.380371
1 0.702524 0.826923 0.0612981 0.0587607 0.330322
1 0.83774 0.525641 0.0432693 0.0694444 0.283691
1 0.1564 0.0751202 0.031851 0.0447382 0.251709
1 0.813702 0.0614316 0.0528846 0.076656 0.384033
1 0.702524 0.827457 0.0625 0.0587607 0.309082
1 0.838942 0.524706 0.0432693 0.068109 0.284668
1 0.1564 0.0751202 0.0315505 0.0455395 0.27832
1 0.108398 0.613782 0.0241887 0.0555556 0.259033
1 0.813702 0.0602965 0.0528846 0.0775908 0.342529
1 0.838942 0.525508 0.0432693 0.0665064 0.264404
1 0.703125 0.82265 0.0625 0.0619659 0.263672
1 0.813702 0.053569 0.0528846 0.0782252 0.31665
1 0.838341 0.525641 0.0432693 0.0705128 0.291016
1 0.15595 0.0685096 0.030649 0.0430021 0.287842
1 0.701923 0.828526 0.0625 0.0587607 0.269043
1 0.985577 0.715812 0.0288462 0.0405983 0.262207
1 0.15595 0.0703793 0.0294471 0.0405983 0.365723
1 0.8125 0.0532853 0.0552885 0.0779915 0.359375
1 0.985877 0.715812 0.0282452 0.0384615 0.326904
1 0.701923 0.824786 0.0600962 0.0641026 0.321777
1 0.83774 0.526709 0.0420673 0.0662393 0.313965
1 0.10652 0.609509 0.0249399 0.0544872 0.309814
1 0.576322 0.871795 0.0432693 0.0961539 0.284668
1 0.832933 0.177083 0.0288461 0.0678419 0.280518
1 0.389123 0.96047 0.0204327 0.0320513 0.253174
1 0.813702 0.0564236 0.0528846 0.078125 0.422607
1 0.701923 0.82906 0.0625 0.059829 0.358398
1 0.157151 0.0714476 0.0294471 0.0403312 0.354004
1 0.986178 0.714744 0.0276443 0.0373931 0.350342
1 0.107497 0.607906 0.0241887 0.051282 0.345947
1 0.83774 0.530449 0.0420673 0.0683761 0.34082
1 0.389423 0.958333 0.0192307 0.0299145 0.291016
1 0.875601 0.905983 0.046875 0.0470085 0.262939
1 0.834135 0.17922 0.0300481 0.0673077 0.259766
1 0.8125 0.0607639 0.0576923 0.0758547 0.411133
1 0.701923 0.825855 0.0649038 0.0673077 0.407227
1 0.107121 0.607906 0.0261418 0.0534188 0.350342
1 0.83774 0.527911 0.0408654 0.0638355 0.345215
1 0.156851 0.0718483 0.0309495 0.0432692 0.34082
1 0.985877 0.714744 0.0282452 0.0384616 0.338867
1 0.576923 0.870727 0.0432693 0.0972222 0.328613
1 0.834135 0.178419 0.03125 0.0678419 0.314941
1 0.875 0.905983 0.0456731 0.0470085 0.297363
1 0.389123 0.959936 0.0222356 0.034188 0.275146
1 0.813702 0.0572917 0.0528846 0.0742521 0.438721
1 0.701923 0.827991 0.0625 0.0576923 0.415771
1 0.83774 0.526709 0.0408654 0.0641026 0.387695
1 0.157151 0.0711806 0.0294471 0.0395299 0.386719
1 0.986178 0.714744 0.0276443 0.0352564 0.368408
1 0.10652 0.607906 0.0246394 0.0491453 0.361084
1 0.833534 0.178018 0.030048 0.0667735 0.355713
1 0.875 0.903846 0.0456731 0.0448718 0.327637
1 0.577975 0.870192 0.0435697 0.0950855 0.293457
1 0.389423 0.958333 0.0210337 0.0309829 0.286865
1 0.486178 0.821581 0.0216346 0.0534188 0.266602
1 0.813101 0.0562901 0.0528846 0.0741186 0.486328
1 0.700721 0.826923 0.0625 0.0576923 0.458008
1 0.83774 0.527778 0.0408654 0.0651709 0.434082
1 0.156851 0.0721154 0.0294471 0.0387286 0.40918
1 0.832933 0.17735 0.0288461 0.0673077 0.406494
1 0.986178 0.713675 0.0276443 0.0363248 0.404541
1 0.106971 0.606838 0.0243389 0.051282 0.392334
1 0.874399 0.903846 0.046875 0.042735 0.349609
1 0.389423 0.958333 0.0204327 0.0320513 0.294189
1 0.576623 0.871795 0.0450721 0.099359 0.291748
1 0.486779 0.821581 0.0192308 0.0534188 0.282227
1 0.813702 0.0576255 0.0504808 0.0730502 0.39502
1 0.15655 0.0736512 0.0282452 0.0391293 0.38208
1 0.83774 0.527778 0.0408654 0.0651709 0.381104
1 0.701923 0.826923 0.0625 0.0587607 0.381104
1 0.986779 0.714744 0.0264423 0.034188 0.379395
1 0.832933 0.178419 0.0288461 0.0673077 0.359375
1 0.10637 0.606838 0.0240385 0.051282 0.356689
1 0.875 0.903846 0.0456731 0.0448718 0.306641
1 0.389123 0.959402 0.0204327 0.0309829 0.277588
1 0.576923 0.870727 0.0432693 0.0982906 0.258301
1 0.813702 0.0570413 0.0516827 0.0715478 0.508789
1 0.698918 0.82906 0.0600962 0.059829 0.467773
1 0.83774 0.527778 0.0408654 0.0651709 0.454346
1 0.157001 0.0718483 0.0300481 0.0395299 0.44458
1 0.986178 0.714744 0.0276443 0.0363248 0.429199
1 0.107197 0.607906 0.0247897 0.0502137 0.414062
1 0.834135 0.178152 0.03125 0.068109 0.401611
1 0.875 0.903846 0.0456731 0.0448718 0.381104
1 0.576923 0.86859 0.0420673 0.0929487 0.337158
1 0.389423 0.957799 0.0204327 0.0309829 0.311523
1 0.15625 0.602564 0.030649 0.0534188 0.276611
1 0.485577 0.819444 0.0228365 0.0544872 0.27124
1 0.432091 0.896368 0.016827 0.025641 0.254639
1 0.526142 0.494658 0.0210337 0.0480769 0.251709
1 0.813702 0.0558226 0.0528846 0.0694444 0.448486
1 0.70012 0.826923 0.0600962 0.059829 0.433105
1 0.157001 0.0724493 0.0300481 0.0396635 0.431152
1 0.83774 0.528312 0.0408654 0.0641026 0.412109
1 0.834135 0.177083 0.0300481 0.068109 0.407227
1 0.986178 0.714744 0.0276443 0.0363248 0.403564
1 0.107572 0.608974 0.023738 0.0502137 0.38501
1 0.874399 0.903312 0.0456731 0.0448718 0.34082
1 0.389423 0.959402 0.0204327 0.0320513 0.308105
1 0.576923 0.870727 0.0408654 0.0961539 0.303955
1 0.15625 0.604701 0.030649 0.051282 0.277588
1 0.486178 0.820513 0.0228365 0.0555556 0.262207
1 0.43149 0.89797 0.0168269 0.025641 0.259766
1 0.813702 0.057492 0.0528846 0.0701122 0.499023
1 0.701322 0.827457 0.0612981 0.0566239 0.453369
1 0.156701 0.0730502 0.0303486 0.039797 0.451416
1 0.83774 0.528312 0.0408654 0.0641026 0.442627
1 0.985577 0.714744 0.0288462 0.034188 0.422607
1 0.833534 0.178285 0.030048 0.0667735 0.413086
1 0.107121 0.607906 0.023738 0.0491453 0.406494
1 0.873798 0.903846 0.0456731 0.0448718 0.329346
1 0.389423 0.958868 0.0216346 0.0320513 0.318359
1 0.576923 0.871795 0.0420673 0.0961539 0.299072
1 0.486779 0.820513 0.0216346 0.0555556 0.270508
1 0.525841 0.494658 0.0204327 0.0470086 0.266602
1 0.15625 0.603098 0.03125 0.0512821 0.262939
1 0.432091 0.898504 0.0180289 0.025641 0.253174
1 0.813702 0.0571581 0.0504808 0.071047 0.5
1 0.156851 0.0723157 0.0294471 0.0396635 0.466797
1 0.701923 0.827457 0.0600962 0.0576923 0.446533
1 0.83774 0.528312 0.0408654 0.0651709 0.435059
1 0.985577 0.714744 0.0288462 0.0363248 0.435059
1 0.833534 0.178152 0.030048 0.0678419 0.418701
1 0.106671 0.608974 0.0249399 0.0491453 0.40918
1 0.576923 0.86859 0.0432693 0.0897436 0.353027
1 0.874399 0.903846 0.0456731 0.0448718 0.341553
1 0.389423 0.958333 0.0204327 0.0320513 0.29834
1 0.525841 0.494658 0.0204327 0.0470086 0.288574
1 0.486178 0.81891 0.0228365 0.0555556 0.281494
1 0.15655 0.603633 0.0300481 0.0512821 0.263672
1 0.813702 0.0582265 0.0504808 0.071047 0.489258
1 0.157151 0.0738515 0.0294471 0.0387286 0.458008
1 0.701923 0.826923 0.0600962 0.0576923 0.452393
1 0.83774 0.527244 0.0408654 0.0641026 0.448486
1 0.986178 0.715278 0.0276443 0.034188 0.414795
1 0.834135 0.17735 0.0288461 0.0683761 0.410156
1 0.106971 0.608974 0.023738 0.0491453 0.402588
1 0.875 0.902778 0.0456731 0.0448718 0.356689
1 0.389724 0.959402 0.0210336 0.0320513 0.338867
1 0.576923 0.869658 0.0432693 0.0961539 0.330322
1 0.432091 0.898504 0.016827 0.025641 0.265137
1 0.486779 0.819444 0.0216346 0.0555556 0.260498
1 0.526442 0.494124 0.0204327 0.0470086 0.256836
1 0.813702 0.0584936 0.0528846 0.071047 0.491211
1 0.157151 0.0743189 0.0300481 0.0401977 0.464844
1 0.986178 0.715812 0.0276443 0.0384615 0.448486
1 0.701923 0.827991 0.0612981 0.0576923 0.443604
1 0.838942 0.52938 0.0408653 0.0651709 0.433105
1 0.107121 0.60844 0.0255409 0.0502137 0.407227
1 0.834135 0.178953 0.03125 0.0694445 0.402588
1 0.875 0.903846 0.0480769 0.0448718 0.345215
1 0.389423 0.96047 0.0210337 0.0320513 0.338867
1 0.578125 0.86859 0.0432693 0.090812 0.309814
1 0.486178 0.820513 0.0216346 0.0576923 0.268066
1 0.813702 0.0587607 0.0516827 0.0699786 0.505859
1 0.701923 0.827991 0.0600962 0.0576923 0.458984
1 0.986178 0.715278 0.0276443 0.0363247 0.452393
1 0.157452 0.0743189 0.0300481 0.0385951 0.451416
1 0.838341 0.528846 0.0408654 0.0651709 0.44751
1 0.107197 0.609509 0.0250901 0.0491453 0.406494
1 0.834135 0.179487 0.03125 0.0673077 0.392334
1 0.875 0.903846 0.0480769 0.0459401 0.355713
1 0.577524 0.86859 0.0420673 0.0897436 0.341553
1 0.390024 0.959402 0.0204327 0.0299145 0.336426
1 0.1564 0.604701 0.0315505 0.051282 0.303223
1 0.432392 0.898504 0.0174279 0.0245727 0.263672
1 0.485577 0.820513 0.0240385 0.0576923 0.258301
1 0.813702 0.0594284 0.0516827 0.0702457 0.529297
1 0.701923 0.827991 0.0612981 0.0576923 0.478516
1 0.157151 0.0749867 0.0294471 0.0401977 0.466797
1 0.985877 0.715812 0.0282452 0.0363248 0.466797
1 0.838942 0.52938 0.0408653 0.0651709 0.451416
1 0.577524 0.869658 0.0420673 0.090812 0.432129
1 0.833534 0.17922 0.030048 0.0673077 0.422607
1 0.107272 0.610577 0.0249399 0.0502137 0.415771
1 0.875 0.903846 0.0480769 0.0448718 0.366699
1 0.389423 0.96047 0.0204327 0.0320513 0.339844
1 0.15625 0.604701 0.030649 0.051282 0.309082
1 0.432091 0.899573 0.016827 0.025641 0.279053
1 0.484375 0.820513 0.0264423 0.0576923 0.257568
1 0.813702 0.0596287 0.0504808 0.0698451 0.487305
1 0.157151 0.0746528 0.0300481 0.039797 0.448486
1 0.986178 0.715278 0.0276443 0.0373931 0.448486
1 0.701923 0.827991 0.0600962 0.0576923 0.44458
1 0.838341 0.530048 0.0420673 0.0659722 0.431152
1 0.107347 0.610577 0.0256911 0.0502137 0.402588
1 0.834135 0.179621 0.03125 0.0675748 0.394287
1 0.576923 0.869658 0.0420673 0.0897436 0.354004
1 0.875 0.903846 0.0480769 0.0459401 0.346924
1 0.389423 0.96047 0.0204327 0.0320513 0.320801
1 0.15625 0.605235 0.030649 0.0502137 0.299072
1 0.431791 0.899573 0.0174279 0.025641 0.266602
1 0.813702 0.0602965 0.0504808 0.069578 0.507812
1 0.157151 0.0745192 0.0300481 0.0389957 0.469727
1 0.986178 0.715812 0.0276443 0.0384615 0.466797
1 0.701923 0.827991 0.0600962 0.0576923 0.466797
1 0.83774 0.529915 0.0408654 0.0662393 0.448486
1 0.107272 0.610043 0.0252404 0.0512821 0.417725
1 0.833534 0.180288 0.030048 0.0678419 0.407227
1 0.875 0.903312 0.046875 0.0448718 0.355713
1 0.389423 0.96047 0.0204327 0.0320513 0.34082
1 0.576923 0.86859 0.0420673 0.090812 0.33374
1 0.1564 0.605235 0.03125 0.051282 0.32251
1 0.432091 0.899573 0.016827 0.025641 0.275146
1 0.525841 0.496261 0.0216346 0.0470086 0.263672
1 0.813702 0.0576923 0.0528846 0.0707799 0.490234
1 0.157302 0.075187 0.0297476 0.0384615 0.452393
1 0.986178 0.715812 0.0276443 0.0373932 0.448486
1 0.701923 0.827991 0.0600962 0.0576923 0.44458
1 0.838341 0.52938 0.0408654 0.0651709 0.434082
1 0.107497 0.610043 0.0250901 0.0512821 0.400635
1 0.834135 0.179754 0.0288461 0.0678419 0.393311
1 0.875 0.903846 0.046875 0.0448718 0.341553
1 0.577524 0.86859 0.0420673 0.090812 0.334473
1 0.389423 0.961004 0.0204327 0.0320513 0.321777
1 0.156701 0.604701 0.0309495 0.051282 0.309814
1 0.432091 0.899573 0.016827 0.025641 0.251709
1 0.813702 0.0576923 0.0528846 0.0702457 0.5
1 0.157151 0.0749199 0.0300481 0.0381944 0.474609
1 0.986178 0.715812 0.0276443 0.0363248 0.469727
1 0.701322 0.828526 0.0612981 0.0576923 0.454346
1 0.83774 0.52938 0.0408654 0.0651709 0.44165
1 0.107272 0.610043 0.0252404 0.0512821 0.414062
1 0.833534 0.179888 0.030048 0.0675748 0.408203
1 0.875 0.903846 0.0480769 0.0448718 0.357666
1 0.577073 0.86859 0.0429688 0.0897436 0.345947
1 0.389423 0.96047 0.0204327 0.0299145 0.32251
1 0.15655 0.604701 0.03125 0.0502137 0.306641
1 0.432091 0.899573 0.016827 0.0245726 0.252441
1 0.525841 0.496261 0.0216346 0.0470086 0.251709
1 0.485577 0.820513 0.0228365 0.0576923 0.250244
1 0.813702 0.0576255 0.0504808 0.0730502 0.39502
1 0.15655 0.0736512 0.0282452 0.0391293 0.38208
1 0.83774 0.527778 0.0408654 0.0651709 0.381104
1 0.701923 0.826923 0.0625 0.0587607 0.381104
1 0.986178 0.714744 0.0276443 0.034188 0.379395
1 0.832933 0.178419 0.0288461 0.0673077 0.360352
1 0.10637 0.606838 0.0240385 0.051282 0.357666
1 0.875 0.903846 0.0456731 0.0448718 0.305664
1 0.389123 0.959402 0.0204327 0.0309829 0.277588
1 0.576923 0.870727 0.0432693 0.0982906 0.258301
