1 0.840144 0.518162 0.0228365 0.0480769 0.252441
1 0.839543 0.520299 0.0300481 0.0555556 0.267334
1 0.41857 0.815171 0.0486779 0.059829 0.2854
1 0.838942 0.521902 0.0264423 0.0459402 0.279053
1 0.838341 0.524573 0.0264423 0.0459402 0.262207
1 0.838942 0.524573 0.0288462 0.0470086 0.287842
1 0.840144 0.522569 0.0288462 0.0467414 0.267334
1 0.840144 0.521902 0.0288462 0.0438034 0.277588
1 0.419471 0.819444 0.0504808 0.0619658 0.253174
1 0.839543 0.523504 0.0276443 0.0448718 0.279053
1 0.838341 0.520166 0.0288462 0.0451389 0.283691
1 0.838942 0.520299 0.0264423 0.0448718 0.299805
1 0.839543 0.521501 0.0264422 0.0446047 0.2854
1 0.838341 0.520833 0.0252404 0.0448718 0.309814
1 0.838942 0.519231 0.0252403 0.0416667 0.254639
1 0.838942 0.519231 0.0240385 0.0416667 0.250977
1 0.838942 0.521368 0.0288462 0.0438034 0.299805
1 0.841346 0.521368 0.0240385 0.042735 0.274414
1 0.810096 0.657051 0.0264423 0.0470086 0.255371
1 0.838942 0.521368 0.0252403 0.0438034 0.294189
1 0.839543 0.521368 0.0228366 0.0363248 0.252441
1 0.41887 0.818376 0.0516827 0.0683761 0.272705
1 0.840144 0.523504 0.0240385 0.0416667 0.291016
1 0.41887 0.816773 0.0504808 0.0673076 0.299805
1 0.840144 0.522436 0.0240385 0.0427351 0.293457
1 0.838942 0.522436 0.0228365 0.0405983 0.29248
1 0.419471 0.817842 0.0522837 0.0673076 0.29248
1 0.838942 0.521368 0.0264423 0.0448718 0.265137
1 0.838942 0.520833 0.0240385 0.0459402 0.256836
1 0.838942 0.521902 0.0252403 0.0448718 0.273682
1 0.840144 0.522436 0.0264423 0.0448718 0.268066
1 0.839543 0.522302 0.0264422 0.0451389 0.303955
1 0.839543 0.523504 0.0264422 0.0448718 0.328613
1 0.419171 0.817308 0.0516827 0.0641025 0.313965
1 0.840144 0.521368 0.0264423 0.0448718 0.29248
1 0.41887 0.816239 0.0528846 0.0683761 0.264404
1 0.838942 0.521902 0.0264423 0.042735 0.260498
1 0.840144 0.52297 0.0264423 0.0459402 0.308105
1 0.419471 0.819979 0.0516827 0.0683761 0.262939
1 0.840745 0.523504 0.0264422 0.042735 0.284668
1 0.840745 0.523504 0.0264422 0.0448718 0.275146
1 0.419471 0.806624 0.0504808 0.0662393 0.323486
1 0.840144 0.523504 0.0264423 0.042735 0.279053
1 0.420072 0.807158 0.0480769 0.0576923 0.313965
1 0.838942 0.528846 0.0252403 0.0395299 0.309814
1 0.342849 0.918803 0.0294471 0.0555556 0.291016
1 0.611779 0.984509 0.0240385 0.0309829 0.258301
1 0.810096 0.660256 0.0264423 0.0491453 0.256836
1 0.839543 0.528846 0.0252404 0.0416667 0.336426
1 0.419471 0.818376 0.0504808 0.0662393 0.331055
1 0.34345 0.918803 0.0282452 0.0534188 0.325928
1 0.611779 0.98344 0.0228365 0.0331196 0.286133
1 0.811298 0.661859 0.0240385 0.0459402 0.253906
1 0.439303 0.885684 0.0210336 0.0384615 0.250244
1 0.840144 0.529915 0.0264423 0.0427351 0.343262
1 0.41857 0.819444 0.0516827 0.0662393 0.336426
1 0.343149 0.919872 0.0300481 0.0555556 0.327637
1 0.158954 0.969017 0.0342548 0.0576923 0.301514
1 0.811298 0.661859 0.0264423 0.0480769 0.294922
1 0.611779 0.98344 0.0240385 0.0331196 0.27124
1 0.439303 0.886218 0.0228365 0.0416667 0.26123
1 0.839543 0.527244 0.0252404 0.0416667 0.408203
1 0.419471 0.81891 0.0516827 0.0651709 0.332031
1 0.811298 0.659722 0.0252403 0.0459402 0.324219
1 0.159105 0.967949 0.0327524 0.0576923 0.309082
1 0.343149 0.919872 0.0288462 0.0534188 0.308105
1 0.611779 0.984509 0.0240385 0.0309829 0.284668
1 0.464543 0.584402 0.0222356 0.051282 0.262939
1 0.258864 0.903846 0.0207332 0.0405983 0.26123
1 0.840144 0.527778 0.0252403 0.0405983 0.44458
1 0.41887 0.818376 0.0504808 0.0641025 0.414062
1 0.342849 0.917735 0.0288462 0.0534188 0.358398
1 0.158504 0.967949 0.0327524 0.0555556 0.343262
1 0.810697 0.660256 0.0240384 0.0438034 0.339844
1 0.611779 0.983707 0.0240385 0.0325855 0.335449
1 0.439303 0.885684 0.0216346 0.0405983 0.280518
1 0.458534 0.584402 0.0234375 0.051282 0.266602
1 0.456731 0.98531 0.0216346 0.0293803 0.250977
1 0.838942 0.527778 0.0252403 0.042735 0.439697
1 0.611178 0.984509 0.0228365 0.0309829 0.332031
1 0.810096 0.660791 0.0240385 0.0459402 0.32251
1 0.343149 0.916667 0.0282452 0.0534188 0.314941
1 0.158353 0.969017 0.031851 0.056624 0.311523
1 0.439002 0.886218 0.0216346 0.0384616 0.286865
1 0.458233 0.586004 0.0234375 0.0523504 0.279053
1 0.839543 0.526709 0.0252404 0.042735 0.495117
1 0.811298 0.659188 0.0240385 0.0448718 0.377441
1 0.343149 0.916667 0.0288462 0.0534188 0.363037
1 0.611779 0.983974 0.0240385 0.0320513 0.361084
1 0.421274 0.810898 0.046875 0.0555556 0.350342
1 0.159255 0.969551 0.0336538 0.0566239 0.346924
1 0.439303 0.885684 0.0216346 0.0405983 0.29248
1 0.458534 0.584936 0.0234375 0.0534188 0.286865
1 0.258864 0.90438 0.0213341 0.0405983 0.2854
1 0.892428 0.668803 0.0348557 0.0854701 0.279053
1 0.838942 0.527244 0.0252403 0.0416667 0.456055
1 0.811298 0.660256 0.0240385 0.0448718 0.351318
1 0.421274 0.811432 0.0456731 0.0566239 0.345215
1 0.34345 0.917201 0.0276442 0.0523504 0.34082
1 0.611779 0.983974 0.0216346 0.0320513 0.332031
1 0.158804 0.969017 0.0333534 0.056624 0.324219
1 0.438702 0.88515 0.0204327 0.0395299 0.30249
1 0.258413 0.904915 0.0213341 0.0405983 0.288574
1 0.458534 0.58547 0.0228365 0.0523504 0.266602
1 0.893029 0.669872 0.0336538 0.0844017 0.250977
1 0.838942 0.527778 0.0252403 0.0405983 0.483398
1 0.811298 0.660256 0.0264423 0.0459402 0.373047
1 0.34375 0.916667 0.0288461 0.0512821 0.362061
1 0.611178 0.984509 0.0228365 0.0309829 0.351318
1 0.158504 0.970086 0.0339543 0.0555556 0.338867
1 0.421274 0.811432 0.0456731 0.0544872 0.294922
1 0.439303 0.885684 0.0216346 0.0405983 0.290283
1 0.455829 0.986111 0.0210337 0.0277778 0.281494
1 0.458534 0.586538 0.0240385 0.0534188 0.279053
1 0.258413 0.904915 0.0207332 0.0384616 0.253174
1 0.838942 0.528312 0.0264423 0.0416667 0.501953
1 0.811298 0.660256 0.0240385 0.0459402 0.374756
1 0.343149 0.916667 0.0300481 0.0512821 0.358398
1 0.611178 0.98344 0.0240385 0.0331196 0.356689
1 0.158954 0.969017 0.0336538 0.0576923 0.348633
1 0.258113 0.904915 0.0210336 0.0384616 0.305664
1 0.458534 0.58547 0.0252404 0.0534188 0.300781
1 0.438702 0.885684 0.0222356 0.0405983 0.280518
1 0.425481 0.807158 0.0372596 0.0470085 0.27832
1 0.455529 0.985577 0.0216346 0.0288461 0.256104
1 0.839543 0.527778 0.0252404 0.0405983 0.500977
1 0.811298 0.660791 0.0240385 0.0448718 0.393311
1 0.611178 0.983974 0.0228365 0.0320513 0.367432
1 0.343149 0.917735 0.0288462 0.0534188 0.361084
1 0.159105 0.969551 0.0330529 0.0566239 0.352295
1 0.423678 0.808761 0.0408654 0.051282 0.29248
1 0.464543 0.586538 0.0234375 0.0534188 0.286865
1 0.455829 0.986912 0.0198318 0.0261752 0.283691
1 0.439303 0.886752 0.0216346 0.0405982 0.282227
1 0.258714 0.904915 0.0204327 0.0384616 0.276611
1 0.840144 0.527778 0.0264423 0.0405983 0.488281
1 0.811298 0.661859 0.0240385 0.0459402 0.385742
1 0.611779 0.983974 0.0240385 0.0320513 0.367432
1 0.34345 0.917735 0.0294471 0.0534188 0.346924
1 0.159255 0.970086 0.0342548 0.0576923 0.336426
1 0.421274 0.814103 0.047476 0.059829 0.309814
1 0.463942 0.586538 0.0240385 0.0534188 0.29834
1 0.45613 0.986645 0.0204327 0.0267094 0.282227
1 0.439303 0.886752 0.0216346 0.0405982 0.280518
1 0.540865 0.778846 0.0216346 0.0512821 0.274414
1 0.258714 0.905449 0.0210336 0.0395299 0.256836
1 0.840144 0.528846 0.0264423 0.0405983 0.480469
1 0.611779 0.983974 0.0240385 0.0320513 0.380371
1 0.343149 0.917201 0.0288462 0.0523504 0.373047
1 0.811298 0.662393 0.0252403 0.0448718 0.369385
1 0.159255 0.970086 0.0342548 0.0555556 0.345947
1 0.45613 0.986111 0.0210336 0.0277778 0.300781
1 0.439303 0.885684 0.0216346 0.0405983 0.29834
1 0.422476 0.811966 0.0456731 0.0555556 0.297363
1 0.459135 0.58547 0.0240385 0.0534188 0.287842
1 0.541466 0.777778 0.0216346 0.0480769 0.263672
1 0.258864 0.905983 0.0213341 0.0395299 0.250977
1 0.840144 0.528312 0.0264423 0.0405983 0.492188
1 0.611178 0.983974 0.0228365 0.0320513 0.386719
1 0.34345 0.918803 0.0288462 0.0534188 0.385742
1 0.811298 0.662393 0.0240385 0.0448718 0.380371
1 0.159255 0.97062 0.0336538 0.0566239 0.352295
1 0.421875 0.8125 0.046875 0.0576923 0.326904
1 0.439303 0.886752 0.0216346 0.0405982 0.314941
1 0.45613 0.986645 0.0204327 0.0267094 0.306641
1 0.893029 0.67094 0.0348557 0.0876069 0.301514
1 0.459135 0.586538 0.0240385 0.0534188 0.294189
1 0.541166 0.778846 0.0216346 0.0491453 0.275146
1 0.258413 0.905983 0.0210336 0.0384616 0.258301
1 0.840144 0.528846 0.0264423 0.0405983 0.46582
1 0.611178 0.98344 0.0240385 0.0331196 0.371094
1 0.342849 0.917735 0.0294471 0.0534188 0.365723
1 0.810697 0.662393 0.0252404 0.0459402 0.35498
1 0.159255 0.97062 0.0342548 0.0566239 0.338135
1 0.421575 0.8125 0.046875 0.0576923 0.321777
1 0.439002 0.886752 0.0222356 0.0405982 0.320801
1 0.45613 0.986111 0.0216346 0.0277778 0.300781
1 0.458534 0.586538 0.0252404 0.0544872 0.284668
1 0.540865 0.778846 0.0222355 0.0491453 0.262939
1 0.893029 0.67094 0.0360577 0.0876069 0.260498
1 0.839543 0.527778 0.0264422 0.0405983 0.489258
1 0.611178 0.98344 0.0240385 0.0331196 0.393311
1 0.343149 0.917735 0.0294471 0.0534188 0.38501
1 0.810697 0.661859 0.0252404 0.0459402 0.368408
1 0.159255 0.970086 0.0336538 0.0576923 0.358398
1 0.438702 0.886752 0.0216346 0.0405982 0.336426
1 0.421575 0.8125 0.046274 0.0576923 0.335449
1 0.45613 0.985844 0.0216346 0.0283119 0.321777
1 0.458534 0.586538 0.0240385 0.0534188 0.303223
1 0.536659 0.778846 0.0228365 0.0491453 0.2854
1 0.258413 0.905983 0.0216346 0.0384616 0.272705
1 0.840144 0.528846 0.0264423 0.0405983 0.46875
1 0.611779 0.983974 0.0240385 0.0320513 0.370117
1 0.343149 0.917201 0.0288462 0.0534188 0.357666
1 0.810697 0.662393 0.0252404 0.0448718 0.355713
1 0.159255 0.970086 0.0336538 0.0555556 0.335449
1 0.421875 0.811966 0.0456731 0.0555556 0.295898
1 0.439002 0.886752 0.0216346 0.0405982 0.295898
1 0.45613 0.986111 0.0204327 0.0277778 0.290283
1 0.458834 0.586538 0.0240385 0.0534188 0.281494
1 0.541166 0.778312 0.0216346 0.0491453 0.266602
1 0.839543 0.528846 0.0264422 0.0405983 0.485352
1 0.611779 0.983974 0.0240385 0.0320513 0.383057
1 0.810697 0.662393 0.0252404 0.0448718 0.373047
1 0.343149 0.917735 0.0288462 0.0534188 0.368408
1 0.159105 0.97062 0.0336538 0.0566239 0.350342
1 0.421875 0.811966 0.0456731 0.0555556 0.310791
1 0.439002 0.886752 0.0216346 0.0405982 0.309082
1 0.45613 0.986111 0.0216346 0.0277778 0.297363
1 0.458534 0.586538 0.0240385 0.0534188 0.293457
1 0.541166 0.778846 0.0216346 0.0491453 0.275146
1 0.838942 0.527778 0.0252403 0.042735 0.438721
1 0.611178 0.984509 0.0228365 0.0309829 0.332031
1 0.810096 0.660791 0.0240385 0.0459402 0.32251
1 0.343149 0.916667 0.0282452 0.0534188 0.314941
1 0.158353 0.969017 0.031851 0.056624 0.312256
1 0.439002 0.886218 0.0216346 0.0384616 0.286133
1 0.458233 0.586004 0.0234375 0.0523504 0.279053
