1 0.917067 0.931624 0.0456731 0.0555556 0.376709
1 0.980168 0.419872 0.0396634 0.082265 0.262207
1 0.763221 0.866453 0.0264423 0.0555556 0.275879
1 0.415264 0.686966 0.0372596 0.0897436 0.308105
1 0.361178 0.547009 0.0300481 0.0405983 0.2854
1 0.274038 0.688034 0.0324519 0.113248 0.288574
1 0.414363 0.686966 0.030649 0.0897436 0.343262
1 0.272761 0.689103 0.0301983 0.121795 0.273682
1 0.918269 0.951923 0.0504808 0.059829 0.269775
1 0.335337 0.684829 0.0240385 0.0384616 0.291016
1 0.272311 0.688034 0.0347055 0.115385 0.256836
1 0.274038 0.691239 0.0330529 0.119658 0.271973
1 0.336238 0.6875 0.0240385 0.042735 0.295898
1 0.918269 0.950855 0.0456731 0.0448718 0.267334
1 0.362079 0.549145 0.0276443 0.0438034 0.264404
1 0.698918 0.784188 0.0204327 0.0534188 0.26123
1 0.93089 0.0171942 0.0588943 0.0343884 0.250244
1 0.272536 0.692308 0.0366587 0.139957 0.273682
1 0.272536 0.684829 0.03125 0.119658 0.284668
1 0.274038 0.685897 0.0336539 0.123932 0.317383
1 0.33744 0.686966 0.0252404 0.042735 0.260498
1 0.273513 0.689103 0.0359075 0.121795 0.264404
1 0.272837 0.689103 0.0378606 0.132479 0.361084
1 0.272161 0.689103 0.0362079 0.123932 0.303223
1 0.336538 0.689103 0.0264423 0.0470085 0.250977
1 0.273137 0.690171 0.0336538 0.115385 0.330322
1 0.335938 0.6875 0.0252404 0.0480769 0.256104
1 0.274339 0.689103 0.0354567 0.122863 0.255371
1 0.335938 0.689637 0.0264423 0.0470086 0.296631
1 0.932692 0.0179955 0.0528847 0.0359909 0.286133
1 0.915865 0.951389 0.0456731 0.0448718 0.282959
1 0.932692 0.0154247 0.0528847 0.0308494 0.277588
1 0.274038 0.689637 0.031851 0.116453 0.29248
1 0.337139 0.6875 0.0282452 0.0438034 0.253174
1 0.274339 0.69765 0.0348558 0.121795 0.29248
1 0.336538 0.686966 0.0264423 0.0448718 0.283691
1 0.457332 0.0384615 0.0270433 0.063969 0.268066
1 0.273963 0.691239 0.035006 0.119658 0.264404
1 0.274564 0.692308 0.0338041 0.121795 0.252441
1 0.335337 0.685897 0.0276442 0.0448718 0.269043
1 0.929688 0.0163595 0.0588943 0.032719 0.251709
1 0.275316 0.683227 0.0383113 0.125 0.369385
1 0.336238 0.686966 0.0246394 0.042735 0.275146
1 0.336238 0.689103 0.0258414 0.0448718 0.254639
1 0.269832 0.691239 0.031851 0.123932 0.309082
1 0.360577 0.550748 0.0252404 0.0427351 0.263672
1 0.335036 0.688034 0.0252404 0.0470085 0.257568
1 0.273137 0.688568 0.0354567 0.122863 0.266602
1 0.336238 0.685897 0.0240385 0.042735 0.250244
1 0.272837 0.684295 0.0354568 0.129274 0.310791
1 0.272837 0.691239 0.030649 0.120727 0.321777
1 0.335938 0.686966 0.0276442 0.0470086 0.267334
1 0.272311 0.689103 0.0347055 0.130342 0.336426
1 0.915865 0.950321 0.0480769 0.0459401 0.290283
1 0.415264 0.686966 0.0354567 0.0929487 0.262939
1 0.337139 0.688034 0.0264423 0.042735 0.258301
1 0.698317 0.782586 0.0192308 0.0480769 0.253174
1 0.272536 0.690171 0.0336538 0.129274 0.313232
1 0.335337 0.689103 0.0258413 0.0427351 0.27124
1 0.361178 0.549145 0.0264423 0.0459402 0.265137
1 0.273513 0.690171 0.0323017 0.128205 0.259766
1 0.273963 0.690705 0.0338041 0.128205 0.273682
1 0.274038 0.691239 0.0324519 0.123932 0.325928
1 0.273963 0.692842 0.0326022 0.125 0.265869
1 0.274038 0.689637 0.0360577 0.13141 0.293457
1 0.361478 0.55235 0.0228365 0.0405983 0.256836
1 0.93149 0.0164263 0.0576923 0.0328526 0.288574
1 0.273137 0.686432 0.0336538 0.126068 0.272705
1 0.272837 0.692308 0.0330529 0.123932 0.284668
1 0.272837 0.689103 0.0360577 0.128205 0.309082
1 0.272912 0.695513 0.0347055 0.123932 0.299805
1 0.929688 0.0170272 0.0588943 0.0340545 0.299072
1 0.272536 0.696581 0.0360577 0.123932 0.304932
1 0.929087 0.0180622 0.0625 0.0361245 0.283691
1 0.273137 0.690171 0.0348558 0.126068 0.277588
1 0.930288 0.0121528 0.0564904 0.0243056 0.253174
1 0.272236 0.689103 0.0336538 0.126068 0.282227
1 0.929087 0.0112847 0.0540866 0.0225694 0.253174
1 0.273137 0.691239 0.0342548 0.123932 0.262939
1 0.272837 0.688034 0.0348558 0.127137 0.317383
1 0.929087 0.0148905 0.0552884 0.029781 0.286133
1 0.272536 0.689103 0.0348558 0.123932 0.267334
1 0.272837 0.695513 0.0354568 0.125 0.303223
1 0.930889 0.0177951 0.0600962 0.0355903 0.287842
1 0.930288 0.0130542 0.0552884 0.0261084 0.305664
1 0.272536 0.6875 0.0348558 0.127137 0.266602
1 0.361178 0.551816 0.0258414 0.0470086 0.26123
1 0.272837 0.6875 0.0330529 0.126068 0.326904
1 0.361779 0.551816 0.0252404 0.0438034 0.274414
1 0.336538 0.689103 0.0258414 0.0470085 0.271973
1 0.763221 0.88141 0.0264423 0.0448718 0.26123
1 0.930288 0.01666 0.0576923 0.03332 0.272705
1 0.273438 0.694444 0.0354567 0.126068 0.290283
1 0.272761 0.695513 0.0338041 0.123932 0.297363
1 0.930288 0.0180288 0.0612981 0.0360577 0.279053
1 0.361779 0.551282 0.0252404 0.0448718 0.256836
1 0.763221 0.881944 0.0264423 0.0480769 0.251709
1 0.930288 0.0173277 0.0612981 0.0346555 0.336426
1 0.272761 0.695513 0.035006 0.125 0.281494
1 0.930288 0.0178953 0.0625 0.0357906 0.31665
1 0.272761 0.697115 0.0338041 0.121795 0.266602
1 0.337139 0.688034 0.0264423 0.0480769 0.264404
1 0.929087 0.0144565 0.0600962 0.0289129 0.290283
1 0.336238 0.683761 0.0264423 0.0448718 0.265869
1 0.36238 0.549145 0.0264423 0.0448718 0.26123
1 0.273137 0.694979 0.0336538 0.126068 0.253906
1 0.335337 0.686966 0.0264423 0.0448718 0.335449
1 0.930288 0.0173277 0.0625 0.0346555 0.31665
1 0.361779 0.553419 0.0252404 0.042735 0.306641
1 0.698317 0.785256 0.0192308 0.0491453 0.294922
1 0.271935 0.695513 0.0348558 0.125 0.291016
1 0.913462 0.952457 0.0456731 0.048077 0.283691
1 0.914663 0.949786 0.0456731 0.0491453 0.373047
1 0.929688 0.0178285 0.0612981 0.0356571 0.36377
1 0.361779 0.55235 0.0246394 0.0405983 0.330322
1 0.336238 0.688034 0.0258414 0.0448718 0.32251
1 0.698317 0.78312 0.0192308 0.0470085 0.306641
1 0.763221 0.879273 0.0288462 0.0470085 0.296631
1 0.273438 0.691774 0.0342548 0.127137 0.267334
1 0.928486 0.0147569 0.0576923 0.0295139 0.368408
1 0.335938 0.686966 0.0276442 0.0470086 0.337158
1 0.914663 0.950855 0.0456731 0.0491453 0.336426
1 0.361779 0.554487 0.0264423 0.0448718 0.334473
1 0.698317 0.785256 0.0216346 0.0491453 0.330322
1 0.272536 0.694444 0.0342548 0.126068 0.307373
1 0.76262 0.878205 0.0300481 0.0502137 0.286865
1 0.414664 0.689103 0.0360577 0.0897436 0.274414
1 0.459135 0.040398 0.0264423 0.0669071 0.26123
1 0.929087 0.0135884 0.0576922 0.0271768 0.366699
1 0.272536 0.693376 0.0354568 0.128205 0.362061
1 0.335637 0.685897 0.0270433 0.0459401 0.361084
1 0.361779 0.55235 0.0240385 0.0416667 0.353027
1 0.914663 0.950855 0.0456731 0.048077 0.336426
1 0.698317 0.78312 0.0192308 0.0459402 0.327637
1 0.763221 0.872863 0.0288462 0.0459401 0.287842
1 0.361779 0.551282 0.0240385 0.0405983 0.414795
1 0.272536 0.691239 0.0336538 0.128205 0.412109
1 0.928486 0.0133881 0.0576923 0.0267762 0.407227
1 0.335938 0.684829 0.0264423 0.042735 0.389648
1 0.698317 0.780983 0.0192308 0.0470085 0.351318
1 0.914663 0.949786 0.0456731 0.0491453 0.351318
1 0.763221 0.873932 0.0276443 0.042735 0.321777
1 0.414062 0.686966 0.0348557 0.0876069 0.275146
1 0.458834 0.0390625 0.0252404 0.0645032 0.26123
1 0.929087 0.0127537 0.0564904 0.0255075 0.392334
1 0.361178 0.551816 0.0240385 0.0405983 0.392334
1 0.335337 0.685897 0.0258413 0.0448718 0.366699
1 0.273137 0.692308 0.0342548 0.126068 0.351318
1 0.697716 0.782051 0.0192308 0.0470085 0.334473
1 0.914663 0.948718 0.0456731 0.0491453 0.299805
1 0.76262 0.873932 0.0276443 0.0448719 0.29834
1 0.458834 0.0395299 0.0252404 0.0658387 0.265137
1 0.414062 0.6875 0.0342548 0.0886752 0.256104
1 0.929087 0.0130208 0.0564904 0.0260417 0.458008
1 0.361779 0.551282 0.0246394 0.0405983 0.430176
1 0.273137 0.690705 0.0348558 0.129274 0.430176
1 0.335938 0.684829 0.0264423 0.0448718 0.429199
1 0.698317 0.782051 0.0192308 0.0459402 0.386719
1 0.414664 0.686966 0.0360577 0.0886752 0.38501
1 0.914062 0.948718 0.0456731 0.0491453 0.38501
1 0.763221 0.873398 0.0288462 0.0448718 0.355713
1 0.459435 0.0397302 0.0252404 0.0662393 0.280518
1 0.929087 0.0123197 0.0576922 0.0246394 0.420654
1 0.273738 0.692308 0.0336539 0.125 0.408203
1 0.335938 0.685363 0.0264423 0.0459401 0.39502
1 0.361478 0.551282 0.0246394 0.0405983 0.394287
1 0.914062 0.949786 0.0456731 0.0491453 0.37207
1 0.414663 0.686966 0.0336538 0.0854701 0.352295
1 0.698918 0.784188 0.0192308 0.0470085 0.352295
1 0.76262 0.873932 0.0276443 0.0448719 0.329346
1 0.463642 0.0379274 0.0258413 0.0663729 0.309082
1 0.928486 0.0128205 0.0564903 0.025641 0.452393
1 0.361779 0.551282 0.0252404 0.0405983 0.430176
1 0.335637 0.685897 0.0264423 0.0448718 0.427246
1 0.272912 0.692308 0.0347055 0.126068 0.410156
1 0.914062 0.949252 0.046875 0.0448719 0.389648
1 0.698317 0.782051 0.0192308 0.0448718 0.366699
1 0.76262 0.873932 0.0276443 0.0438034 0.31665
1 0.463642 0.0388622 0.0270432 0.0665064 0.313232
1 0.414663 0.689103 0.0342548 0.0865384 0.310791
1 0.361178 0.551282 0.0258414 0.042735 0.438721
1 0.929087 0.0129541 0.0576922 0.0259081 0.432129
1 0.335637 0.684829 0.0276442 0.0470085 0.427246
1 0.273137 0.692308 0.0354567 0.127137 0.394287
1 0.914663 0.948718 0.0456731 0.0470085 0.393311
1 0.698317 0.781517 0.0204327 0.0448719 0.381104
1 0.762019 0.873932 0.0288462 0.0448719 0.362061
1 0.414663 0.688034 0.0348557 0.0854701 0.328613
1 0.463642 0.0387119 0.0264423 0.0668069 0.287842
1 0.6875 0.935898 0.0240385 0.0395299 0.263672
1 0.361779 0.551816 0.0246394 0.0416667 0.435059
1 0.929087 0.0136886 0.0576922 0.0273771 0.434082
1 0.335637 0.686966 0.0258413 0.0448718 0.416748
1 0.273513 0.691774 0.0347055 0.127137 0.40918
1 0.698317 0.782051 0.0204327 0.0448718 0.358398
1 0.763221 0.872863 0.0264423 0.0448719 0.357666
1 0.914663 0.948184 0.0456731 0.0470086 0.339844
1 0.464543 0.0391293 0.0264423 0.0673077 0.320801
1 0.414663 0.688568 0.0336538 0.0844017 0.273682
1 0.688702 0.936966 0.0228365 0.0405983 0.259766
1 0.930288 0.0163261 0.0600962 0.0326522 0.438721
1 0.361779 0.55235 0.0252404 0.042735 0.432129
1 0.335938 0.688034 0.0276442 0.0459402 0.416748
1 0.698317 0.78312 0.0204327 0.0470085 0.39502
1 0.273513 0.694444 0.0347055 0.128205 0.383057
1 0.914663 0.948718 0.0456731 0.0491453 0.370117
1 0.763221 0.873932 0.0288462 0.0470086 0.346924
1 0.463942 0.0407151 0.0264423 0.0681424 0.282959
1 0.929688 0.0164263 0.0600962 0.0328526 0.449463
1 0.361779 0.550748 0.0252404 0.0416667 0.439697
1 0.336238 0.686966 0.0270433 0.0448718 0.412109
1 0.914663 0.948184 0.0456731 0.0470086 0.401611
1 0.698317 0.782051 0.0192308 0.0448718 0.391357
1 0.273362 0.693376 0.0338041 0.128205 0.386719
1 0.763221 0.876068 0.0288462 0.0470085 0.338867
1 0.459736 0.0418002 0.0252404 0.0673077 0.29248
1 0.414062 0.689103 0.0324519 0.0833333 0.27124
1 0.688702 0.936966 0.0240385 0.0384616 0.251709
1 0.929688 0.0165932 0.0612981 0.0331864 0.467773
1 0.361779 0.55235 0.0246394 0.042735 0.450439
1 0.335938 0.688568 0.0270433 0.0459401 0.429199
1 0.914663 0.949252 0.0456731 0.0470086 0.418701
1 0.698317 0.78312 0.0192308 0.0470085 0.413086
1 0.273137 0.692308 0.0348558 0.128205 0.410156
1 0.763221 0.873932 0.0288462 0.0448719 0.359375
1 0.459435 0.0417334 0.0258414 0.0677083 0.304932
1 0.413762 0.691239 0.0330529 0.0854701 0.26123
1 0.688702 0.936966 0.0228365 0.0384616 0.250244
1 0.930288 0.0163595 0.0600962 0.032719 0.442627
1 0.361779 0.55235 0.0252404 0.042735 0.430176
1 0.335938 0.689103 0.0276442 0.0470085 0.408203
1 0.698317 0.782586 0.0192308 0.0459401 0.398926
1 0.914663 0.949252 0.0456731 0.0470086 0.387695
1 0.272761 0.69391 0.035006 0.126068 0.379395
1 0.763221 0.873932 0.0288462 0.0448719 0.34082
1 0.459135 0.0424846 0.0264423 0.0675414 0.2854
1 0.361478 0.551816 0.0252404 0.042735 0.457031
1 0.929087 0.0166934 0.0600962 0.0333868 0.455078
1 0.335938 0.688034 0.0276442 0.0448718 0.425293
1 0.698317 0.782051 0.0204327 0.0470085 0.413086
1 0.914663 0.948718 0.0456731 0.0470085 0.398926
1 0.273137 0.694444 0.0348558 0.127137 0.388672
1 0.76262 0.874466 0.0288462 0.0459402 0.367432
1 0.459135 0.0426683 0.0258413 0.0674412 0.288574
1 0.758413 0.173077 0.0216346 0.0387286 0.265869
1 0.688101 0.936966 0.0240385 0.0384616 0.264404
1 0.929087 0.01459 0.0576922 0.02918 0.445557
1 0.361779 0.55235 0.0252404 0.042735 0.428223
1 0.336238 0.689103 0.0270433 0.0448718 0.418701
1 0.698317 0.782051 0.0192308 0.0470085 0.403564
1 0.273738 0.695513 0.0336539 0.127137 0.381104
1 0.914663 0.948718 0.0456731 0.0470085 0.381104
1 0.763221 0.874466 0.0288462 0.0448718 0.344238
1 0.463942 0.0418002 0.0252404 0.0670406 0.269775
1 0.929087 0.0144899 0.0576922 0.0289797 0.457031
1 0.361779 0.553419 0.0252404 0.042735 0.449463
1 0.335938 0.689103 0.0270433 0.0448718 0.437744
1 0.698317 0.782051 0.0192308 0.0459402 0.420654
1 0.914663 0.948718 0.0456731 0.0470085 0.397949
1 0.273438 0.695513 0.0342548 0.126068 0.393311
1 0.76262 0.874466 0.0288462 0.0448718 0.358398
1 0.463642 0.0418169 0.0258413 0.0672743 0.275146
1 0.657452 0.814103 0.0192308 0.0448718 0.257568
1 0.758413 0.173344 0.0216346 0.0376603 0.250244
1 0.361178 0.551816 0.0240385 0.0405983 0.392334
1 0.929087 0.0127537 0.0564904 0.0255075 0.391357
1 0.335337 0.685897 0.0258413 0.0448718 0.366699
1 0.273137 0.692308 0.0342548 0.126068 0.351318
1 0.697716 0.782051 0.0192308 0.0470085 0.334473
1 0.914663 0.948718 0.0456731 0.0491453 0.299805
1 0.76262 0.873932 0.0276443 0.0448719 0.29834
1 0.458834 0.0395299 0.0252404 0.0658387 0.264404
1 0.414062 0.6875 0.0342548 0.0886752 0.255371
