1 0.68149 0.728633 0.03125 0.0576923 0.294922
1 0.612981 0.793803 0.0288462 0.0683761 0.257568
1 0.436599 0.816773 0.0354567 0.0395298 0.327637
1 0.438101 0.818376 0.0324519 0.0384615 0.262207
1 0.679087 0.748932 0.0336538 0.0769231 0.275146
1 0.436599 0.820513 0.03125 0.042735 0.253906
1 0.612981 0.79594 0.03125 0.0619659 0.262939
1 0.611779 0.799145 0.0288461 0.0662393 0.294189
1 0.611779 0.795406 0.0276442 0.0630342 0.250977
1 0.61238 0.798077 0.0300481 0.0641026 0.252441
1 0.61238 0.797543 0.0300481 0.0662393 0.289307
1 0.616587 0.79594 0.0288462 0.0662393 0.251709
1 0.611779 0.79594 0.0264423 0.0576924 0.270508
1 0.436599 0.821581 0.030048 0.0384616 0.253906
1 0.611779 0.79594 0.030048 0.0662393 0.257568
1 0.61238 0.79594 0.0300481 0.0662393 0.264404
1 0.612981 0.79594 0.0288462 0.0651709 0.286133
1 0.4378 0.819444 0.03125 0.0405983 0.259033
1 0.612981 0.796474 0.03125 0.0673077 0.251709
1 0.612981 0.79594 0.03125 0.0683761 0.256104
1 0.611779 0.792735 0.03125 0.0683761 0.258301
1 0.611779 0.793269 0.03125 0.0662393 0.325928
1 0.4372 0.817308 0.0330529 0.0405982 0.317383
1 0.4372 0.818376 0.0324519 0.042735 0.339844
1 0.612981 0.805021 0.0288462 0.0683761 0.313232
1 0.679087 0.751068 0.0336538 0.0705128 0.257568
1 0.4372 0.819444 0.0336539 0.0448718 0.344238
1 0.61238 0.798077 0.0300481 0.0662393 0.332031
1 0.679087 0.751603 0.0336538 0.0705128 0.304932
1 0.426082 0.238248 0.0354567 0.0550214 0.279785
1 0.4372 0.819444 0.0324519 0.0405983 0.390381
1 0.611779 0.79968 0.0288461 0.065171 0.34082
1 0.679087 0.752137 0.03125 0.0683761 0.309814
1 0.426382 0.238181 0.0342548 0.0514156 0.296631
1 0.4375 0.818376 0.03125 0.0405983 0.429199
1 0.611779 0.799145 0.0288461 0.0619659 0.373779
1 0.679087 0.75 0.03125 0.0683761 0.353027
1 0.425781 0.237447 0.0366587 0.0528846 0.32251
1 0.4372 0.818376 0.03125 0.0405983 0.396973
1 0.611779 0.799145 0.0288461 0.0641026 0.36377
1 0.426082 0.238515 0.0342548 0.0523504 0.308105
1 0.679087 0.750534 0.03125 0.0705128 0.29834
1 0.4372 0.817842 0.031851 0.0405983 0.470703
1 0.611779 0.799145 0.0288461 0.0641026 0.413086
1 0.679087 0.751068 0.03125 0.0705128 0.345947
1 0.426382 0.239383 0.0348557 0.0522169 0.338135
1 0.436899 0.818376 0.03125 0.0416667 0.418701
1 0.611779 0.798077 0.0288461 0.0619659 0.374756
1 0.680288 0.752137 0.03125 0.0694444 0.324219
1 0.425481 0.240118 0.0360577 0.053953 0.32251
1 0.4372 0.817842 0.031851 0.0384616 0.454346
1 0.61238 0.800214 0.0288461 0.0619658 0.394287
1 0.425781 0.239049 0.0354568 0.051282 0.347656
1 0.679087 0.752137 0.03125 0.0683761 0.326904
1 0.436599 0.817842 0.0330529 0.0405983 0.482422
1 0.611779 0.799145 0.030048 0.0630341 0.412109
1 0.426082 0.238849 0.0354567 0.0522169 0.351318
1 0.679087 0.751068 0.03125 0.0683761 0.342529
1 0.4372 0.819444 0.0324519 0.0405983 0.469727
1 0.612981 0.799145 0.0288462 0.0619659 0.407227
1 0.426683 0.239249 0.0348557 0.0514156 0.321777
1 0.679087 0.752137 0.03125 0.0683761 0.304932
1 0.4375 0.81891 0.0330529 0.0416667 0.472656
1 0.61238 0.801282 0.0300481 0.0641025 0.404541
1 0.426382 0.239917 0.0360577 0.0532853 0.332764
1 0.679087 0.753205 0.03125 0.0683761 0.324219
1 0.4375 0.818376 0.0324519 0.0405983 0.467773
1 0.612981 0.801816 0.0288462 0.0630341 0.400635
1 0.426382 0.239583 0.0366587 0.0534188 0.328613
1 0.679087 0.753205 0.03125 0.0683761 0.299805
1 0.4375 0.819444 0.0324519 0.0405983 0.473633
1 0.612981 0.801282 0.0288462 0.0641025 0.413086
1 0.426382 0.23985 0.0360577 0.053953 0.345215
1 0.679688 0.753205 0.03125 0.0683761 0.311523
1 0.436899 0.818376 0.0324519 0.0405983 0.458008
1 0.611779 0.800748 0.0288461 0.0630341 0.395996
1 0.426683 0.239316 0.0360577 0.0534188 0.319092
1 0.679087 0.752671 0.03125 0.0694444 0.303955
1 0.436899 0.817842 0.0324519 0.0416667 0.481445
1 0.611779 0.800214 0.0288461 0.0641026 0.413086
1 0.426683 0.238782 0.0360577 0.053953 0.338135
1 0.679087 0.751068 0.03125 0.0683761 0.325928
1 0.436899 0.818376 0.0324519 0.0405983 0.458008
1 0.611779 0.800748 0.0288461 0.0630341 0.387695
1 0.426683 0.239784 0.0360577 0.0535524 0.321777
1 0.679688 0.751603 0.03125 0.0694444 0.291016
1 0.436899 0.81891 0.0324519 0.0405983 0.481445
1 0.611779 0.801282 0.0288461 0.0630342 0.405518
1 0.426683 0.23985 0.0360577 0.053953 0.338135
1 0.679087 0.752137 0.03125 0.0683761 0.308105
1 0.4372 0.818376 0.03125 0.0405983 0.396973
1 0.611779 0.799145 0.0288461 0.0641026 0.36377
1 0.426082 0.238515 0.0342548 0.0523504 0.308105
1 0.679087 0.750534 0.03125 0.0705128 0.29834
