1 0.821514 0.823184 0.0336538 0.0534188 0.286133
1 0.379207 0.929487 0.0204327 0.0630342 0.286133
1 0.35637 0.617521 0.0330529 0.0555556 0.270508
1 0.379507 0.932692 0.0258414 0.076923 0.301514
1 0.358474 0.615919 0.0372596 0.0726496 0.282227
1 0.263221 0.362714 0.0450721 0.122863 0.445557
1 0.35637 0.615385 0.0384615 0.0662393 0.342529
1 0.820913 0.824786 0.0384616 0.0726496 0.264404
1 0.263822 0.35844 0.0408654 0.119658 0.308105
1 0.98768 0.609509 0.0246394 0.115385 0.341553
1 0.264573 0.371261 0.0411659 0.124466 0.31665
1 0.987981 0.417201 0.0240384 0.0972222 0.264404
1 0.356971 0.614316 0.0336539 0.0619658 0.251709
1 0.267428 0.362714 0.0438702 0.132479 0.263672
1 0.846154 0.216747 0.0745193 0.0932158 0.291016
1 0.776442 0.582265 0.0216346 0.0405983 0.251709
0 0.986478 0.603098 0.0270432 0.129273 0.279053
1 0.846154 0.215812 0.0745193 0.0902778 0.458008
1 0.263822 0.367521 0.0480769 0.135684 0.312256
1 0.845553 0.222356 0.0697115 0.0846688 0.339844
1 0.844952 0.220219 0.0733173 0.0782586 0.29248
1 0.265024 0.367521 0.046875 0.133547 0.318359
1 0.846154 0.218216 0.0769231 0.0785256 0.265137
1 0.846154 0.223825 0.0769231 0.0870726 0.377441
1 0.265325 0.364049 0.046875 0.129274 0.283691
1 0.265625 0.365385 0.047476 0.136752 0.293457
1 0.846154 0.221822 0.0697116 0.0809295 0.27832
1 0.846154 0.220353 0.0745193 0.088141 0.331055
1 0.265625 0.362447 0.046875 0.129808 0.269775
1 0.846755 0.215812 0.0733173 0.0950855 0.275146
1 0.844351 0.217415 0.0745193 0.0849359 0.300781
1 0.844952 0.217548 0.0685096 0.0803953 0.268066
1 0.986178 0.602564 0.0276443 0.126068 0.351318
1 0.264123 0.358707 0.0408654 0.106838 0.327637
1 0.846154 0.221421 0.0721154 0.079594 0.306641
1 0.264573 0.369658 0.0465745 0.129274 0.415771
1 0.842548 0.219551 0.0709135 0.0790598 0.299805
1 0.844952 0.218884 0.0757212 0.0841346 0.309082
1 0.844952 0.228165 0.0697115 0.081063 0.347656
1 0.266226 0.342415 0.0432692 0.0769231 0.268066
1 0.844952 0.22703 0.0769231 0.0838675 0.327637
1 0.844952 0.216747 0.0745193 0.0846688 0.324219
1 0.265325 0.352564 0.0450721 0.108974 0.288574
1 0.847356 0.221554 0.0697116 0.0761218 0.31665
1 0.265024 0.336806 0.0420673 0.0630342 0.255371
1 0.847356 0.22062 0.0757212 0.0870726 0.332031
1 0.266526 0.365385 0.0450721 0.126068 0.313965
1 0.846154 0.217949 0.0697116 0.0817308 0.286865
1 0.264423 0.366186 0.046274 0.133013 0.308105
1 0.844952 0.220353 0.0805288 0.0854701 0.256836
1 0.264573 0.36485 0.0441707 0.129274 0.361084
1 0.263822 0.362447 0.0426683 0.126068 0.26123
1 0.84375 0.219818 0.0697115 0.0827991 0.260498
1 0.844952 0.218483 0.0721154 0.079594 0.282227
1 0.264423 0.368056 0.0432692 0.123932 0.279785
1 0.265925 0.361111 0.0450721 0.118056 0.326904
1 0.846154 0.219418 0.0745193 0.0782586 0.27832
1 0.846154 0.218483 0.0733173 0.0860043 0.371094
1 0.264273 0.339209 0.0405649 0.0742522 0.315674
1 0.846154 0.215812 0.0745193 0.0897436 0.267334
1 0.848558 0.21688 0.0745193 0.0844017 0.275879
1 0.846154 0.216613 0.0721154 0.0801282 0.277588
1 0.264573 0.355769 0.0423678 0.108974 0.253174
1 0.265475 0.366987 0.0459736 0.125 0.275146
1 0.846154 0.215946 0.0769231 0.085203 0.257568
1 0.846154 0.21648 0.0721154 0.0830663 0.283691
1 0.266226 0.366453 0.0510817 0.132479 0.288574
1 0.845553 0.217014 0.0721154 0.0868056 0.253174
1 0.844952 0.215812 0.0769231 0.0844017 0.275879
1 0.846154 0.219151 0.0721154 0.0793269 0.326904
1 0.265174 0.366987 0.0477764 0.128739 0.266602
1 0.265024 0.362714 0.047476 0.137286 0.341553
1 0.84375 0.217147 0.0697115 0.0827992 0.332031
1 0.265024 0.369124 0.0486779 0.126068 0.331055
1 0.844351 0.218349 0.0733173 0.0894765 0.29834
1 0.266526 0.370192 0.0504808 0.133547 0.293457
1 0.846154 0.221154 0.0697116 0.082265 0.270508
1 0.265174 0.367254 0.0483774 0.129808 0.314941
1 0.845553 0.219551 0.0721154 0.0849359 0.257568
1 0.844351 0.218349 0.0733173 0.0884081 0.281494
1 0.265024 0.36485 0.046274 0.134615 0.267334
1 0.844351 0.21875 0.0745193 0.0790598 0.257568
1 0.265024 0.36485 0.046274 0.133547 0.252441
1 0.84375 0.217949 0.0733173 0.0844017 0.32251
1 0.265325 0.366453 0.0480769 0.126068 0.286865
1 0.845553 0.217147 0.0745193 0.0849359 0.300781
1 0.265325 0.367254 0.046875 0.125534 0.273682
1 0.846154 0.219551 0.0745193 0.0811966 0.346924
1 0.265325 0.366453 0.046875 0.130342 0.269775
1 0.844351 0.218216 0.0721154 0.0774573 0.343262
1 0.265475 0.357906 0.0459736 0.123932 0.32251
1 0.844952 0.219818 0.0745193 0.088141 0.309814
1 0.844952 0.217014 0.0745193 0.085203 0.269775
1 0.265024 0.358974 0.046274 0.127137 0.262207
1 0.84375 0.220353 0.0745193 0.0849359 0.265137
1 0.265325 0.367254 0.0492788 0.132479 0.359375
1 0.845553 0.222222 0.0745193 0.0886752 0.321777
1 0.844952 0.219017 0.0745193 0.0897436 0.374756
1 0.265475 0.367521 0.0483774 0.132479 0.297363
1 0.266076 0.366453 0.0471755 0.134615 0.310791
1 0.84375 0.216079 0.0769231 0.0865385 0.303955
1 0.844952 0.219017 0.0769231 0.090812 0.308105
1 0.265024 0.369124 0.0456731 0.132479 0.253906
1 0.844952 0.219284 0.0769231 0.0902778 0.318359
1 0.264874 0.365919 0.0477764 0.136752 0.307373
1 0.844952 0.214744 0.0745193 0.0849359 0.32251
1 0.264724 0.356838 0.047476 0.127137 0.304932
1 0.844952 0.21688 0.0745193 0.0811966 0.358398
1 0.265174 0.366987 0.0513822 0.133547 0.351318
1 0.357572 0.613248 0.0366587 0.0641026 0.288574
1 0.775841 0.574786 0.0240385 0.0405983 0.269775
1 0.377404 0.948718 0.0252404 0.0641026 0.269043
1 0.84375 0.220085 0.0733173 0.0849359 0.412109
1 0.265925 0.364583 0.0498798 0.137821 0.369385
1 0.357572 0.615385 0.0372596 0.0630342 0.320068
1 0.77524 0.575321 0.0252404 0.042735 0.267334
1 0.84375 0.220353 0.0745193 0.0849359 0.420654
1 0.265625 0.366987 0.0498798 0.134615 0.354004
1 0.357572 0.616987 0.0366587 0.0619658 0.32251
1 0.77524 0.575855 0.0240385 0.0384616 0.320068
1 0.583534 0.0112513 0.0300481 0.0225027 0.27124
1 0.84375 0.219818 0.0745193 0.0892094 0.483398
1 0.357873 0.614316 0.0360577 0.0598291 0.365723
1 0.265925 0.362179 0.0480769 0.13141 0.345215
1 0.776442 0.574786 0.0240385 0.0384616 0.309082
1 0.820913 0.827991 0.0384616 0.0619658 0.260498
1 0.84375 0.219685 0.0745193 0.0900107 0.413086
1 0.357572 0.615385 0.0360577 0.0630342 0.314941
1 0.77524 0.574786 0.0228365 0.0373932 0.300781
1 0.265625 0.369124 0.0480769 0.130342 0.282959
1 0.582933 0.0109842 0.0288462 0.0219685 0.262207
1 0.843149 0.220887 0.0745193 0.0886752 0.501953
1 0.264423 0.363782 0.046875 0.134615 0.427246
1 0.357572 0.616987 0.0366587 0.0630342 0.356689
1 0.776442 0.574786 0.0240385 0.0363248 0.332764
1 0.820913 0.827991 0.0384616 0.0630342 0.293457
1 0.377404 0.946581 0.0264423 0.0641026 0.287842
1 0.583534 0.0114183 0.03125 0.0228365 0.279785
1 0.84375 0.219818 0.0745193 0.0892094 0.449463
1 0.264724 0.363782 0.046274 0.133547 0.44751
1 0.357572 0.617521 0.0348558 0.0630342 0.330322
1 0.776442 0.575855 0.0228365 0.0384616 0.328613
1 0.584285 0.0114517 0.0309495 0.0229033 0.294189
1 0.378005 0.946581 0.0252404 0.0662393 0.259766
1 0.843149 0.220353 0.0745193 0.0876068 0.458008
1 0.264724 0.366453 0.047476 0.13141 0.403564
1 0.776442 0.574786 0.0240385 0.0373932 0.329346
1 0.357572 0.616987 0.0360577 0.0608974 0.318359
1 0.377404 0.944444 0.0252404 0.0641026 0.274414
1 0.583083 0.0112179 0.0309495 0.0224359 0.269043
1 0.844351 0.220085 0.0745193 0.0860043 0.460938
1 0.264724 0.363248 0.0480769 0.135684 0.449463
1 0.77524 0.573718 0.0240385 0.0395299 0.380371
1 0.356971 0.616987 0.0360577 0.0608974 0.344238
1 0.583534 0.0113515 0.03125 0.022703 0.315674
1 0.377404 0.943376 0.0276442 0.0662393 0.282959
1 0.820312 0.827991 0.0384615 0.0641026 0.263672
1 0.844351 0.219151 0.0733173 0.0873398 0.455078
1 0.265925 0.366987 0.0492789 0.132479 0.398926
1 0.775841 0.574786 0.0228365 0.0373932 0.342529
1 0.357572 0.617521 0.0366587 0.0619658 0.339844
1 0.377404 0.946047 0.0252404 0.0630342 0.262207
1 0.820913 0.827457 0.0372596 0.0641026 0.253174
1 0.844351 0.221421 0.0757212 0.0876068 0.454346
1 0.265925 0.368056 0.0498798 0.136752 0.389648
1 0.775841 0.574786 0.0240385 0.0395299 0.374756
1 0.357572 0.617521 0.0360577 0.0619658 0.341553
1 0.584135 0.0123531 0.0324519 0.0247062 0.284668
1 0.377704 0.946581 0.0270432 0.0651709 0.271973
1 0.820913 0.828526 0.0384616 0.065171 0.262207
1 0.844952 0.221154 0.0757212 0.0860043 0.454346
1 0.265925 0.36672 0.0498798 0.13515 0.422607
1 0.775841 0.575855 0.0240385 0.0384616 0.383057
1 0.357873 0.617521 0.0360577 0.0619658 0.338135
1 0.378005 0.945513 0.0264423 0.0641026 0.286865
1 0.583984 0.0124866 0.0315505 0.0249733 0.26123
1 0.844351 0.221955 0.0757212 0.0886752 0.489258
1 0.265775 0.367788 0.0501803 0.134615 0.457031
1 0.775841 0.575321 0.0240385 0.0384616 0.381104
1 0.357572 0.61859 0.0360577 0.0619658 0.352295
1 0.378005 0.946047 0.0264423 0.0641025 0.306641
1 0.584135 0.0132545 0.03125 0.0265091 0.269775
1 0.820913 0.827991 0.0384616 0.0641026 0.259033
1 0.844952 0.220753 0.0745193 0.0862714 0.477539
1 0.265625 0.368056 0.0498798 0.133547 0.42334
1 0.77524 0.575321 0.0240385 0.0384616 0.36377
1 0.357572 0.617521 0.0366587 0.0619658 0.338135
1 0.378005 0.945513 0.0276442 0.0641026 0.282959
1 0.844351 0.221154 0.0757212 0.088141 0.478516
1 0.265625 0.367788 0.0498798 0.136752 0.429199
1 0.775841 0.575321 0.0240385 0.0395299 0.404541
1 0.357572 0.616987 0.0360577 0.0619658 0.357666
1 0.378005 0.945513 0.0264423 0.0641026 0.296631
1 0.584135 0.0125868 0.0324519 0.0251736 0.274414
1 0.84375 0.220887 0.0745193 0.0865385 0.46582
1 0.265325 0.366453 0.0480769 0.132479 0.395996
1 0.775841 0.575321 0.0240385 0.0384616 0.370117
1 0.357572 0.616987 0.0360577 0.0619658 0.336426
1 0.378005 0.945513 0.0264423 0.0641026 0.273682
1 0.584135 0.0127204 0.0324519 0.0254407 0.259766
1 0.84375 0.221421 0.0745193 0.0860043 0.463867
1 0.775841 0.575855 0.0240385 0.0384616 0.383057
1 0.265775 0.363782 0.0477764 0.128205 0.381104
1 0.357572 0.617521 0.0360577 0.0619658 0.352295
1 0.377704 0.945513 0.0270432 0.0641026 0.283691
1 0.584135 0.0128539 0.0324519 0.0257078 0.277588
1 0.84375 0.219685 0.0745193 0.0900107 0.413086
1 0.357572 0.615385 0.0360577 0.0630342 0.314941
1 0.77524 0.574786 0.0228365 0.0373932 0.300781
1 0.265625 0.369124 0.0480769 0.130342 0.282959
1 0.582933 0.0109842 0.0288462 0.0219685 0.262207
