1 0.792067 0.419338 0.0264423 0.0673077 0.250244
1 0.789663 0.420406 0.0360577 0.0774573 0.306641
1 0.0898438 0.0452724 0.0429688 0.0905449 0.306641
1 0.509014 0.581197 0.0228365 0.0384616 0.254639
1 0.509615 0.582265 0.0228365 0.0470085 0.250244
1 0.511418 0.582265 0.0192308 0.0448718 0.262939
1 0.788462 0.341079 0.0348557 0.0464744 0.252441
1 0.0896935 0.0481437 0.0465745 0.0962874 0.253906
1 0.785457 0.427885 0.0276443 0.0758547 0.251709
1 0.0898438 0.0493456 0.0455228 0.0986912 0.274414
1 0.792067 0.425214 0.0288462 0.0785257 0.283691
1 0.509615 0.584402 0.0204327 0.0491453 0.256104
1 0.790865 0.423611 0.0264423 0.0742522 0.256836
1 0.786058 0.425748 0.0288461 0.0753205 0.283691
1 0.786058 0.428953 0.0252404 0.0747863 0.282959
1 0.510216 0.584402 0.0228365 0.042735 0.260498
1 0.786058 0.421474 0.0264423 0.0779915 0.294189
1 0.786058 0.425214 0.0276443 0.0769231 0.286865
1 0.786058 0.426816 0.0288461 0.082265 0.332764
1 0.828125 0.596154 0.0625 0.108974 0.291016
1 0.509615 0.586004 0.0204327 0.0459402 0.256836
1 0.82512 0.59562 0.0564904 0.0982906 0.317383
1 0.784856 0.423077 0.0288462 0.0747863 0.254639
1 0.826322 0.592949 0.0576923 0.103632 0.283691
1 0.786058 0.423611 0.0264423 0.0844017 0.259766
1 0.826322 0.597222 0.0576923 0.106838 0.319092
1 0.78726 0.424145 0.0276443 0.0801282 0.258301
1 0.789663 0.424145 0.0288462 0.082265 0.263672
1 0.826923 0.594551 0.0588942 0.106838 0.275146
1 0.510216 0.586538 0.0204327 0.042735 0.257568
1 0.786058 0.424145 0.0264423 0.073718 0.253906
1 0.825721 0.599359 0.0600962 0.102564 0.303223
1 0.82512 0.596688 0.0697116 0.107906 0.256836
1 0.827524 0.595086 0.0588943 0.106838 0.307373
1 0.826923 0.592949 0.0625 0.108974 0.294189
1 0.825721 0.597222 0.0600962 0.106838 0.274414
1 0.509615 0.580662 0.0216346 0.0438034 0.319092
1 0.82512 0.59188 0.0612981 0.113248 0.282959
1 0.788462 0.337607 0.0336539 0.0395299 0.250977
1 0.509615 0.581731 0.0216346 0.0438034 0.352295
1 0.789663 0.336004 0.0360577 0.0400641 0.259766
1 0.786659 0.428953 0.0252404 0.0747863 0.254639
1 0.509615 0.583333 0.0228365 0.0470086 0.369385
1 0.790264 0.329861 0.0336538 0.0389957 0.269043
1 0.0996094 0.022102 0.0240385 0.0442041 0.252441
1 0.509615 0.582265 0.0216346 0.0448718 0.39502
1 0.790264 0.42281 0.0264423 0.0769231 0.303955
1 0.825721 0.595086 0.0600962 0.105769 0.286865
1 0.510216 0.581731 0.0210336 0.042735 0.431152
1 0.825721 0.592949 0.0600962 0.104701 0.40918
1 0.789663 0.423077 0.0264423 0.0737179 0.315674
1 0.789663 0.333868 0.0360577 0.0395299 0.272705
1 0.0996845 0.0209001 0.0220853 0.0418002 0.259033
1 0.509315 0.582265 0.0204327 0.042735 0.413086
1 0.785457 0.42281 0.0264423 0.0763889 0.308105
1 0.788462 0.330662 0.0300481 0.0363248 0.259766
1 0.510216 0.582265 0.0216346 0.042735 0.433105
1 0.824519 0.596154 0.0600962 0.102564 0.362061
1 0.786058 0.423077 0.0264423 0.0769231 0.338135
1 0.789663 0.333333 0.0336539 0.0384615 0.311523
1 0.100811 0.0208333 0.0213341 0.0416667 0.279053
1 0.825721 0.596154 0.0576923 0.0982906 0.438721
1 0.510216 0.582799 0.0210336 0.0438034 0.399902
1 0.786058 0.421741 0.0264423 0.0774573 0.325928
1 0.0999099 0.0221688 0.0219351 0.0443376 0.306641
1 0.789663 0.334135 0.0360577 0.0384615 0.272705
1 0.509615 0.581197 0.0204327 0.0405983 0.437744
1 0.825721 0.59562 0.0588942 0.0982906 0.374756
1 0.790264 0.422543 0.0276443 0.0758547 0.351318
1 0.101262 0.0201322 0.0204327 0.0402644 0.291748
1 0.787861 0.333333 0.03125 0.0384615 0.274414
1 0.509315 0.580662 0.0222356 0.042735 0.46582
1 0.825721 0.595086 0.0576923 0.100427 0.401611
1 0.786058 0.423878 0.0264423 0.0769231 0.371094
1 0.78726 0.333066 0.03125 0.036859 0.306641
1 0.101487 0.0200988 0.0190805 0.0401977 0.293457
1 0.509615 0.581197 0.0210336 0.042735 0.44751
1 0.825721 0.592949 0.0600962 0.100427 0.359375
1 0.790865 0.424679 0.0264423 0.0758547 0.345215
1 0.78726 0.333333 0.03125 0.0395299 0.319092
1 0.102013 0.0199987 0.0192308 0.0399973 0.299805
1 0.509615 0.582265 0.0216346 0.042735 0.442627
1 0.825721 0.596154 0.0588942 0.0982906 0.383057
1 0.789663 0.425748 0.0264423 0.0779914 0.345947
1 0.789663 0.332265 0.0360577 0.0405983 0.30249
1 0.510216 0.582265 0.0216346 0.0416667 0.435791
1 0.826322 0.596154 0.0588943 0.0972222 0.332764
1 0.786058 0.424679 0.0264423 0.0763889 0.323486
1 0.788462 0.332265 0.03125 0.0373931 0.317383
1 0.509615 0.583333 0.0216346 0.042735 0.453369
1 0.826322 0.596154 0.0576923 0.0961539 0.398926
1 0.78726 0.425214 0.0264423 0.0779914 0.349609
1 0.789663 0.332799 0.0360577 0.0389957 0.326904
1 0.509615 0.582265 0.0216346 0.042735 0.428223
1 0.826322 0.596154 0.0588943 0.0972222 0.390381
1 0.786058 0.424679 0.0276443 0.0779914 0.345947
1 0.788462 0.332799 0.03125 0.0379274 0.320801
1 0.509615 0.582799 0.0216346 0.0438034 0.453369
1 0.826923 0.596154 0.0576923 0.0982906 0.414795
1 0.786058 0.424679 0.0264423 0.0790598 0.371094
1 0.788462 0.332799 0.0336539 0.0389957 0.341553
1 0.509916 0.583333 0.0216346 0.042735 0.434082
1 0.826322 0.596154 0.0588943 0.0982906 0.400635
1 0.786058 0.425214 0.0264423 0.0779914 0.345947
1 0.788462 0.331998 0.0336539 0.0389957 0.336426
1 0.509615 0.583333 0.0216346 0.042735 0.450439
1 0.826322 0.596154 0.0588943 0.0972222 0.429199
1 0.786058 0.425748 0.0264423 0.0774573 0.353027
1 0.788462 0.331731 0.0336539 0.0384615 0.334473
1 0.509315 0.582265 0.0204327 0.042735 0.413086
1 0.785457 0.42281 0.0264423 0.0763889 0.308105
1 0.788462 0.330662 0.0300481 0.0363248 0.259766
