1 0.872596 0.582265 0.061298 0.099359 0.299805
1 0.832933 0.409989 0.0264422 0.0774573 0.270508
1 0.680288 0.0186298 0.0300481 0.0372596 0.263672
1 0.871394 0.568376 0.0612981 0.113248 0.268066
1 0.590144 0.379274 0.0264423 0.0379273 0.267334
1 0.829327 0.3125 0.0384615 0.0384615 0.262939
1 0.870192 0.569444 0.0576923 0.107906 0.29834
1 0.830529 0.410791 0.0216346 0.0619658 0.281494
1 0.828125 0.311165 0.0384615 0.0411325 0.269775
1 0.832933 0.416132 0.0216346 0.0705128 0.259033
1 0.124962 0.045406 0.0379357 0.090812 0.291016
1 0.830529 0.313301 0.0360577 0.0459402 0.265869
1 0.829327 0.310096 0.0336538 0.036859 0.337158
1 0.830529 0.412927 0.0252404 0.0769231 0.257568
1 0.86899 0.575855 0.0625 0.114316 0.253906
1 0.830529 0.313301 0.0336538 0.0416667 0.321777
1 0.870192 0.579594 0.0576923 0.105769 0.294922
1 0.831731 0.412927 0.0252404 0.0721154 0.258301
1 0.830529 0.313301 0.0336538 0.0395299 0.325195
1 0.830529 0.313836 0.0336538 0.0411325 0.281494
1 0.870192 0.577991 0.0612981 0.107906 0.254639
1 0.828125 0.315705 0.0360577 0.0438034 0.310791
1 0.870793 0.580128 0.0612981 0.104701 0.251709
1 0.871394 0.57265 0.0649038 0.126068 0.253174
1 0.830529 0.313034 0.0348557 0.0373932 0.271973
1 0.834135 0.41453 0.0216346 0.065171 0.268066
1 0.828125 0.311966 0.0360577 0.0416667 0.275146
1 0.868389 0.574252 0.0600962 0.115385 0.32251
1 0.828726 0.314637 0.0360577 0.0363248 0.274414
1 0.867788 0.576923 0.0528846 0.104701 0.299805
1 0.830529 0.313301 0.0336538 0.0400641 0.299805
1 0.86899 0.579594 0.0504807 0.105769 0.287842
1 0.831731 0.314103 0.0336538 0.0422009 0.258301
1 0.870192 0.577991 0.0564903 0.106838 0.330322
1 0.830529 0.315171 0.0348557 0.0384616 0.259033
1 0.86899 0.581197 0.0600962 0.107906 0.386719
1 0.828125 0.315171 0.0384615 0.0405983 0.294922
1 0.867788 0.580128 0.0576923 0.113248 0.326904
1 0.829327 0.316239 0.0360577 0.0422009 0.281494
1 0.871394 0.571047 0.0625 0.11218 0.313965
1 0.829327 0.314103 0.0360577 0.0438034 0.312256
1 0.831731 0.412126 0.0252404 0.0699787 0.264404
1 0.86899 0.580128 0.0600962 0.106838 0.34082
1 0.829327 0.313568 0.0360577 0.0427351 0.27124
1 0.86899 0.57906 0.0552885 0.106838 0.392334
1 0.830529 0.316239 0.0336538 0.0443376 0.350342
1 0.830529 0.314637 0.0348557 0.0395299 0.313232
1 0.870192 0.577991 0.0600962 0.106838 0.390381
1 0.830529 0.313568 0.0372596 0.0405983 0.309814
1 0.830529 0.413996 0.0264423 0.0651709 0.250977
1 0.868389 0.581731 0.0600962 0.110043 0.420654
1 0.829928 0.314637 0.0372596 0.0416667 0.336426
1 0.830529 0.41453 0.0240384 0.0673077 0.263672
1 0.869591 0.57906 0.0600962 0.111111 0.343262
1 0.828726 0.316239 0.0360577 0.0352564 0.268066
1 0.869591 0.580662 0.0564904 0.107906 0.284668
1 0.830529 0.316239 0.0360577 0.0373932 0.256104
1 0.829327 0.314637 0.0360577 0.0405983 0.326904
1 0.868389 0.577991 0.0625 0.113248 0.265869
1 0.869591 0.57265 0.0612981 0.107906 0.399902
1 0.829327 0.316239 0.0360577 0.0389957 0.313232
1 0.86899 0.577457 0.0600962 0.112179 0.35498
1 0.829327 0.316774 0.0384615 0.0363248 0.273682
1 0.870192 0.580128 0.0600962 0.111111 0.398926
1 0.828726 0.317842 0.0348557 0.0395299 0.325928
1 0.830529 0.403846 0.0240384 0.0726496 0.277588
1 0.866587 0.57906 0.0564904 0.102564 0.373779
1 0.828125 0.314103 0.0360577 0.0357906 0.257568
1 0.86899 0.577457 0.0576923 0.111111 0.332764
1 0.828125 0.313836 0.0360577 0.0373932 0.289307
1 0.830529 0.317041 0.0348557 0.0400641 0.309082
1 0.86899 0.578526 0.0600962 0.113248 0.300781
1 0.86899 0.577991 0.0625 0.113248 0.299805
1 0.828726 0.316506 0.0372596 0.0379274 0.291748
1 0.86899 0.575855 0.0600962 0.117521 0.379395
1 0.829928 0.315171 0.0372596 0.0384616 0.332764
1 0.86899 0.576389 0.0600962 0.111111 0.391357
1 0.828125 0.316239 0.0360577 0.0395299 0.29834
1 0.86899 0.575321 0.0600962 0.110043 0.321777
1 0.830529 0.316506 0.0336538 0.0336538 0.284668
1 0.869591 0.57906 0.0588943 0.111111 0.296631
1 0.830529 0.315705 0.0336538 0.0405983 0.251709
1 0.86899 0.577991 0.0528846 0.106838 0.338867
1 0.86899 0.580128 0.0576923 0.106838 0.305664
1 0.868389 0.576923 0.0540865 0.111111 0.288574
1 0.829928 0.317842 0.0336538 0.0395299 0.271973
1 0.867788 0.57906 0.0600962 0.113248 0.310791
1 0.829327 0.317308 0.0360577 0.0384615 0.306641
1 0.86899 0.57906 0.0600962 0.111111 0.388672
1 0.829327 0.316239 0.0360577 0.0384615 0.301514
1 0.86899 0.577991 0.0600962 0.113248 0.35498
1 0.869591 0.580128 0.0600962 0.110043 0.364746
1 0.830529 0.317041 0.0336538 0.0373932 0.250244
1 0.869591 0.577991 0.0564904 0.111111 0.351318
1 0.830529 0.315705 0.0360577 0.0395299 0.279785
1 0.830529 0.402778 0.0264423 0.0779914 0.275146
1 0.86899 0.57906 0.0625 0.115385 0.315674
1 0.829928 0.316239 0.0372596 0.0405983 0.260498
1 0.829327 0.40438 0.0264423 0.0758547 0.253906
1 0.86899 0.581731 0.0576923 0.111111 0.402588
1 0.830529 0.316239 0.0336538 0.0384615 0.288574
1 0.86899 0.581731 0.0576923 0.112179 0.321777
1 0.829327 0.315705 0.0348557 0.0395299 0.263672
1 0.86899 0.574786 0.0600962 0.115385 0.27832
1 0.829928 0.315438 0.0348557 0.0379274 0.265137
1 0.867788 0.577991 0.0576923 0.111111 0.369385
1 0.828125 0.315171 0.0360577 0.0373931 0.294189
1 0.86899 0.577991 0.0588943 0.110043 0.368408
1 0.829327 0.315171 0.0360577 0.042735 0.266602
1 0.86899 0.576389 0.0588943 0.112179 0.356689
1 0.830529 0.31437 0.0360577 0.0395299 0.308105
1 0.870192 0.575321 0.0576923 0.111111 0.375732
1 0.829327 0.313836 0.0360577 0.0427351 0.306641
1 0.86899 0.575321 0.0588943 0.114316 0.411133
1 0.828125 0.315972 0.0372597 0.0384615 0.325928
1 0.831731 0.404915 0.0252404 0.0689103 0.307373
1 0.867788 0.573718 0.0600962 0.119658 0.299072
1 0.86839 0.573718 0.0612981 0.117521 0.449463
1 0.830529 0.313034 0.0360577 0.0389957 0.29248
1 0.830529 0.402244 0.0264423 0.0758547 0.250244
1 0.86899 0.577457 0.0600962 0.115385 0.35498
1 0.830529 0.313568 0.0360577 0.0384615 0.282227
1 0.86899 0.577991 0.0612981 0.117521 0.335449
1 0.829327 0.314103 0.0384615 0.042735 0.311523
1 0.86899 0.57906 0.0600962 0.115385 0.359375
1 0.829327 0.315171 0.0360577 0.0384616 0.31665
1 0.86839 0.575855 0.0612981 0.111111 0.38208
1 0.829327 0.314904 0.0360577 0.0389957 0.324219
1 0.829327 0.312233 0.0384615 0.0411325 0.294922
1 0.86899 0.576923 0.0625 0.117521 0.290283
1 0.83113 0.401709 0.0252403 0.0662393 0.256104
1 0.829327 0.311432 0.0360577 0.0405983 0.307373
1 0.83113 0.402244 0.0264423 0.0705128 0.296631
1 0.86899 0.575321 0.0625 0.114316 0.431152
1 0.829327 0.316239 0.0336538 0.0363248 0.355713
1 0.830529 0.405182 0.0264423 0.071047 0.269775
1 0.829928 0.316239 0.0360577 0.0373932 0.354004
1 0.86899 0.57906 0.0600962 0.113248 0.347656
1 0.86899 0.57906 0.0600962 0.115385 0.367432
1 0.829327 0.316239 0.0360577 0.0395299 0.365723
1 0.83113 0.40438 0.0264423 0.0705128 0.323486
1 0.915865 0.416667 0.0264423 0.0373932 0.283691
1 0.868389 0.57906 0.0625 0.113248 0.419678
1 0.830529 0.314103 0.0336538 0.0363248 0.38501
1 0.83113 0.405449 0.0264423 0.071047 0.342529
1 0.916466 0.412927 0.0276443 0.0384615 0.310791
1 0.591346 0.38328 0.0264423 0.0470086 0.29248
1 0.86899 0.577991 0.0600962 0.113248 0.524414
1 0.829327 0.31437 0.0360577 0.0363248 0.417725
1 0.830529 0.405983 0.0240384 0.0694444 0.369385
1 0.917067 0.413996 0.0264423 0.0352564 0.355713
1 0.591346 0.383013 0.0264423 0.0438034 0.329346
1 0.569712 0.0715812 0.0168269 0.0333868 0.256836
1 0.829327 0.31437 0.0336538 0.036859 0.389648
1 0.830529 0.405716 0.0252404 0.0731838 0.339844
1 0.86899 0.578526 0.0600962 0.113248 0.32251
1 0.915865 0.41453 0.0264423 0.0357906 0.312256
1 0.591346 0.384615 0.0264423 0.0443376 0.294189
1 0.56851 0.073718 0.016226 0.0339209 0.255371
1 0.86839 0.578526 0.0612981 0.114316 0.507812
1 0.829928 0.3125 0.0348557 0.0384615 0.44751
1 0.83113 0.405716 0.0264423 0.0721154 0.373047
1 0.916466 0.413462 0.0276443 0.0373931 0.351318
1 0.591346 0.383814 0.0264423 0.045406 0.339844
1 0.569712 0.071648 0.0168269 0.0348558 0.260498
1 0.86899 0.57906 0.0600962 0.111111 0.541016
1 0.829327 0.313568 0.0360577 0.0389957 0.432129
1 0.831731 0.405449 0.0264422 0.0715812 0.396973
1 0.915865 0.412393 0.0264423 0.0384615 0.34082
1 0.591346 0.384081 0.0264423 0.0438034 0.310791
1 0.86899 0.580128 0.0600962 0.111111 0.492188
1 0.829327 0.313034 0.0360577 0.0373932 0.458984
1 0.83113 0.410256 0.0264423 0.0715812 0.396973
1 0.915865 0.41453 0.0276443 0.0352564 0.360352
1 0.591346 0.384081 0.0264423 0.0448718 0.327637
1 0.868389 0.580128 0.0600962 0.113248 0.538086
1 0.829327 0.312767 0.0360577 0.0389957 0.474609
1 0.830529 0.405983 0.0264423 0.0705128 0.404541
1 0.915865 0.412927 0.0288462 0.0395299 0.352295
1 0.591346 0.383013 0.0264423 0.0459402 0.331055
1 0.86899 0.577457 0.0600962 0.111111 0.482422
1 0.829928 0.313568 0.0348557 0.0363248 0.467773
1 0.831731 0.411058 0.0264422 0.0715812 0.374756
1 0.915865 0.414797 0.0264423 0.0363248 0.365723
1 0.591947 0.384882 0.0252404 0.0443376 0.300781
1 0.569411 0.0742521 0.016226 0.0347222 0.251709
1 0.86899 0.580128 0.0612981 0.113248 0.518555
1 0.829928 0.31437 0.0360577 0.0373932 0.475586
1 0.83113 0.411058 0.0264423 0.0737179 0.376709
1 0.917067 0.41453 0.0288462 0.0384616 0.358398
1 0.591947 0.383547 0.0264423 0.045406 0.327637
1 0.953726 0.143697 0.0276443 0.034188 0.277588
1 0.829327 0.313568 0.0360577 0.0363248 0.466797
1 0.869591 0.579594 0.0600962 0.108974 0.407227
1 0.83113 0.411859 0.0264423 0.0715812 0.362061
1 0.917067 0.415331 0.0288462 0.036859 0.361084
1 0.591947 0.383547 0.0264423 0.0448718 0.323486
1 0.569712 0.0746528 0.0168269 0.0349893 0.275146
1 0.829327 0.31437 0.0360577 0.0373932 0.492188
1 0.86899 0.579594 0.0600962 0.110043 0.47168
1 0.83113 0.411325 0.0264423 0.0726496 0.38501
1 0.916466 0.416132 0.0276443 0.0373932 0.366699
1 0.591346 0.384615 0.0264423 0.0448718 0.344238
1 0.953125 0.145299 0.0264423 0.0347222 0.272705
1 0.569712 0.0753873 0.0168269 0.03539 0.271973
1 0.119141 0.0609642 0.0258413 0.05836 0.259033
1 0.86899 0.579594 0.0600962 0.107906 0.469727
1 0.829928 0.314103 0.0360577 0.036859 0.459961
1 0.830529 0.411325 0.0264423 0.0726496 0.357666
1 0.916466 0.415865 0.0288462 0.0373931 0.345947
1 0.591346 0.384081 0.0264423 0.0459402 0.312256
1 0.569111 0.0749199 0.0180288 0.0355235 0.256104
1 0.829327 0.314103 0.0360577 0.0373932 0.485352
1 0.86899 0.580662 0.0600962 0.110043 0.452393
1 0.83113 0.411325 0.0264423 0.073718 0.375732
1 0.915865 0.415598 0.0288462 0.0379273 0.366699
1 0.591346 0.383814 0.0264423 0.045406 0.339844
1 0.569411 0.0752537 0.0174279 0.0356571 0.287842
1 0.953726 0.144899 0.0276443 0.034188 0.252441
1 0.829928 0.314637 0.0360577 0.0363248 0.466797
1 0.86899 0.580128 0.0600962 0.108974 0.433105
1 0.83113 0.411325 0.0264423 0.0726496 0.360352
1 0.916466 0.416132 0.0276443 0.0373932 0.345947
1 0.591346 0.384615 0.0264423 0.0448718 0.310791
1 0.86899 0.580128 0.0600962 0.108974 0.495117
1 0.829327 0.314637 0.0360577 0.036859 0.487305
1 0.83113 0.411325 0.0264423 0.0726496 0.374756
1 0.916466 0.415598 0.0276443 0.0373932 0.359375
1 0.591346 0.384615 0.0264423 0.0448718 0.329346
1 0.953726 0.1457 0.0276443 0.0328526 0.254639
1 0.569712 0.0755876 0.0168269 0.034188 0.253906
1 0.829327 0.31437 0.0336538 0.036859 0.388672
1 0.830529 0.405716 0.0252404 0.0731838 0.339844
1 0.86899 0.57906 0.0600962 0.113248 0.321777
1 0.915865 0.41453 0.0264423 0.0357906 0.313232
1 0.591346 0.384615 0.0264423 0.0443376 0.294189
1 0.56851 0.0737847 0.016226 0.0337874 0.255371
