1 0.509615 0.178152 0.0240385 0.0512821 0.375732
1 0.507512 0.203793 0.031851 0.0555556 0.283691
1 0.84976 0.841346 0.0456731 0.100427 0.284668
1 0.506611 0.185363 0.0324519 0.0603632 0.274414
1 0.195012 0.182692 0.03125 0.0547543 0.265869
1 0.915865 0.827991 0.0264423 0.0502137 0.259766
1 0.848558 0.458868 0.0288461 0.0614316 0.256104
1 0.853365 0.831731 0.0456731 0.0972222 0.317383
1 0.50631 0.20179 0.0342548 0.0547543 0.295898
1 0.739183 0.55235 0.0456731 0.0940171 0.255371
1 0.737981 0.549145 0.0360577 0.0662393 0.273682
1 0.852764 0.832265 0.0420673 0.0897436 0.259766
1 0.506911 0.200053 0.0288461 0.0560898 0.258301
1 0.850962 0.836004 0.0456731 0.0972222 0.260498
1 0.852163 0.844017 0.0456731 0.0961539 0.318359
1 0.197716 0.200588 0.0315505 0.0641026 0.266602
1 0.507812 0.205128 0.0336538 0.0608974 0.256836
1 0.850962 0.833868 0.0456731 0.0908119 0.286133
1 0.852163 0.839209 0.0528846 0.0982906 0.351318
1 0.850962 0.836539 0.0432693 0.0897436 0.299805
1 0.739183 0.556624 0.0408654 0.0833333 0.250244
1 0.850962 0.83547 0.0480769 0.0929487 0.36377
1 0.849159 0.840812 0.048077 0.0918804 0.339844
1 0.739183 0.560897 0.0408654 0.0854701 0.255371
1 0.852163 0.838675 0.0456731 0.0918804 0.407227
1 0.854567 0.836539 0.0480769 0.0982906 0.332031
1 0.853365 0.834936 0.0456731 0.099359 0.276611
1 0.850962 0.834402 0.0480769 0.0897436 0.286865
1 0.196815 0.199786 0.0327524 0.0582265 0.269775
1 0.853365 0.838675 0.0444712 0.0993591 0.269775
1 0.741587 0.567308 0.0408654 0.0833333 0.253906
1 0.852765 0.836539 0.0504807 0.102564 0.361084
1 0.853365 0.837607 0.0480769 0.0940171 0.415771
1 0.852163 0.838675 0.046875 0.0982906 0.405518
1 0.196815 0.19805 0.0336539 0.0590278 0.250977
1 0.852163 0.837607 0.0480769 0.0982906 0.335449
1 0.853365 0.840812 0.0456731 0.0982906 0.303223
1 0.850962 0.839744 0.0456731 0.100427 0.269775
1 0.851562 0.834402 0.0456731 0.0961539 0.36377
1 0.030649 0.17922 0.0612981 0.0657051 0.317383
1 0.739784 0.557158 0.0408654 0.0876069 0.267334
1 0.852163 0.837607 0.0432693 0.0940171 0.345215
1 0.739183 0.558761 0.0396635 0.0801282 0.260498
1 0.850962 0.839744 0.0480769 0.100427 0.355713
1 0.740385 0.558761 0.0432693 0.0886752 0.279053
1 0.0300481 0.180155 0.0594952 0.0630342 0.264404
1 0.893029 0.309562 0.0192307 0.0448718 0.250244
1 0.851562 0.836004 0.0480769 0.0940171 0.275879
1 0.029973 0.179354 0.0558894 0.0641026 0.254639
1 0.373798 0.535791 0.134615 0.29594 0.253906
1 0.851562 0.837607 0.046875 0.100427 0.29834
1 0.851562 0.836004 0.0492788 0.102564 0.351318
1 0.740385 0.556624 0.0420673 0.0854701 0.260498
1 0.02971 0.179487 0.0558143 0.0625 0.259766
1 0.852163 0.836539 0.0456731 0.100427 0.30249
1 0.853365 0.83547 0.0504807 0.102564 0.254639
1 0.853365 0.838675 0.0456731 0.0982906 0.374756
1 0.741587 0.558761 0.0432693 0.0833333 0.30249
1 0.0300856 0.178686 0.056866 0.0635684 0.268066
1 0.853365 0.83547 0.0492788 0.106838 0.417725
1 0.0314378 0.178686 0.0588191 0.0608974 0.312256
1 0.740986 0.557692 0.0444712 0.0876069 0.30249
1 0.852163 0.837607 0.0480769 0.100427 0.420654
1 0.739784 0.560363 0.0444712 0.0876068 0.323486
1 0.0305364 0.178419 0.0579177 0.0619658 0.320068
1 0.851562 0.837073 0.046875 0.099359 0.38208
1 0.0320012 0.17922 0.0570913 0.0592949 0.299805
1 0.741587 0.557692 0.0432693 0.0854701 0.274414
1 0.853365 0.836539 0.0456731 0.100427 0.339844
1 0.853365 0.839744 0.0456731 0.0940171 0.35498
1 0.030311 0.180422 0.0555138 0.0582265 0.279785
1 0.853365 0.838675 0.0456731 0.0972222 0.30249
1 0.852163 0.84188 0.0432693 0.0972222 0.375732
1 0.850962 0.837607 0.0480769 0.0982906 0.376709
1 0.167969 0.38141 0.023137 0.0502137 0.287842
1 0.851562 0.84188 0.0456731 0.0961539 0.376709
1 0.031851 0.178686 0.0560397 0.0619658 0.265869
1 0.852163 0.837607 0.0432693 0.0940171 0.38208
1 0.852163 0.838675 0.046875 0.0929487 0.395996
1 0.0311373 0.180556 0.0549129 0.0598291 0.267334
1 0.852163 0.839744 0.0456731 0.100427 0.36377
1 0.0310246 0.180021 0.0546875 0.059562 0.304932
1 0.852163 0.842949 0.0480769 0.0982906 0.331055
1 0.0306115 0.178953 0.0576172 0.0651709 0.279785
1 0.850962 0.839744 0.0456731 0.0982906 0.386719
1 0.852163 0.840278 0.046875 0.0982906 0.320068
1 0.0308368 0.179754 0.0549129 0.0619658 0.250244
1 0.852163 0.837607 0.0480769 0.100427 0.350342
1 0.852163 0.838675 0.0456731 0.0940171 0.391357
1 0.167668 0.379808 0.0240385 0.0512821 0.272705
1 0.852163 0.838675 0.0480769 0.0929487 0.402588
1 0.0300105 0.180021 0.0571665 0.0598291 0.282227
1 0.850962 0.838675 0.046875 0.0940171 0.433105
1 0.853365 0.839744 0.0456731 0.0918804 0.422607
1 0.0314002 0.179754 0.0576923 0.0587607 0.281494
1 0.168269 0.380075 0.0246394 0.0518163 0.266602
1 0.741587 0.557692 0.0408654 0.0769231 0.263672
1 0.852765 0.839209 0.0456731 0.0972222 0.512695
1 0.0311749 0.180556 0.0561899 0.0582265 0.305664
1 0.740385 0.557158 0.0408654 0.0779914 0.293457
1 0.850962 0.840812 0.0456731 0.0972222 0.408203
1 0.0308744 0.180288 0.0557392 0.0625 0.277588
1 0.852163 0.838675 0.0480769 0.0982906 0.451416
1 0.030912 0.178819 0.0552133 0.0600961 0.306641
1 0.740986 0.558227 0.0420673 0.082265 0.29248
1 0.853365 0.838675 0.0456731 0.0918804 0.42627
1 0.0310998 0.179754 0.0558894 0.0592949 0.251709
1 0.852765 0.840812 0.0480769 0.0961539 0.495117
1 0.741587 0.559829 0.0432693 0.082265 0.318359
1 0.0316256 0.17922 0.0566406 0.0630342 0.311523
1 0.851562 0.840278 0.0480769 0.0982906 0.445557
1 0.0314378 0.178285 0.0565655 0.0622329 0.309082
1 0.741587 0.558227 0.0432693 0.082265 0.273682
1 0.852163 0.839744 0.046875 0.0982906 0.42334
1 0.0308368 0.178686 0.0586689 0.0608974 0.299072
1 0.16887 0.380342 0.0246394 0.0534188 0.262939
1 0.852163 0.841346 0.0456731 0.0972222 0.360352
1 0.852163 0.842415 0.0456731 0.0950855 0.33374
1 0.03125 0.176816 0.0569411 0.0619658 0.282959
1 0.741587 0.555556 0.0432693 0.0854701 0.280518
1 0.168269 0.377671 0.0240385 0.051282 0.265869
1 0.852163 0.844017 0.0480769 0.0982906 0.416748
1 0.167969 0.378739 0.0234375 0.0523504 0.330322
1 0.740385 0.553953 0.0432693 0.082265 0.325195
1 0.030649 0.177618 0.0575421 0.0603633 0.319092
1 0.195162 0.19765 0.0321514 0.0587607 0.279785
1 0.893029 0.303953 0.0192307 0.042735 0.272705
1 0.852765 0.844017 0.0456731 0.099359 0.462891
1 0.167969 0.379808 0.0234375 0.0512821 0.359375
1 0.894231 0.30422 0.0192307 0.0416667 0.33374
1 0.741587 0.559829 0.0432693 0.0833333 0.330322
1 0.507812 0.197382 0.0348557 0.0560897 0.308105
1 0.196214 0.194712 0.0330529 0.0579594 0.29834
1 0.0313251 0.178686 0.0561899 0.0603632 0.286133
1 0.848558 0.470086 0.0252404 0.0528846 0.268066
1 0.853365 0.844017 0.0456731 0.100427 0.488281
1 0.167969 0.377671 0.0252404 0.0534188 0.394287
1 0.741587 0.557692 0.0420673 0.0790598 0.37207
1 0.0307242 0.181624 0.0552885 0.0584936 0.338135
1 0.507512 0.19765 0.0342548 0.0576923 0.320801
1 0.89363 0.304754 0.0192307 0.042735 0.319092
1 0.195613 0.195379 0.0324519 0.0582265 0.308105
1 0.848558 0.471688 0.0264422 0.0544872 0.269775
1 0.916466 0.833333 0.0276443 0.0363247 0.251709
1 0.852163 0.844017 0.0480769 0.101496 0.543945
1 0.167969 0.378739 0.0240385 0.0518162 0.410156
1 0.0307993 0.180155 0.0555889 0.0603632 0.384033
1 0.741587 0.556624 0.0408654 0.0758547 0.375732
1 0.893029 0.303953 0.0192307 0.0405983 0.341553
1 0.195913 0.194979 0.03125 0.0560897 0.331055
1 0.507512 0.198451 0.0336539 0.0547543 0.328613
1 0.915865 0.832265 0.0276443 0.034188 0.294189
1 0.179087 0.28953 0.016226 0.0395299 0.291748
1 0.848558 0.471154 0.0240384 0.0523504 0.289307
1 0.852764 0.840812 0.046875 0.100427 0.609375
1 0.167819 0.377404 0.023738 0.0502137 0.458984
1 0.740986 0.554487 0.0408654 0.0769231 0.405518
1 0.507812 0.197382 0.0342548 0.0576923 0.383057
1 0.029973 0.180288 0.0576923 0.0603633 0.373779
1 0.89363 0.303419 0.0180288 0.0400641 0.35498
1 0.196214 0.190705 0.0318509 0.0534188 0.349609
1 0.916466 0.831731 0.0264423 0.0320513 0.310791
1 0.178786 0.290598 0.015024 0.0373931 0.306641
1 0.848558 0.470353 0.0240384 0.0534188 0.296631
1 0.4375 0.406517 0.0366587 0.0619658 0.265137
1 0.853365 0.840812 0.0456731 0.100427 0.53125
1 0.167819 0.379006 0.0225361 0.0496795 0.438721
1 0.741587 0.55609 0.0408654 0.0801282 0.394287
1 0.0305364 0.180021 0.0573167 0.0622329 0.391357
1 0.893029 0.303953 0.0168269 0.0395299 0.356689
1 0.507212 0.197115 0.0336538 0.0571581 0.324219
1 0.195613 0.193643 0.030649 0.0555556 0.320068
1 0.915865 0.831197 0.0264423 0.034188 0.301514
1 0.847356 0.469551 0.0240384 0.0534188 0.2854
1 0.852764 0.841346 0.046875 0.100427 0.619629
1 0.0295598 0.180689 0.056866 0.0611645 0.482422
1 0.168119 0.378205 0.023137 0.0502137 0.469727
1 0.741587 0.556624 0.0408654 0.0790598 0.457031
1 0.89363 0.303953 0.0180288 0.0400641 0.400635
1 0.507812 0.19765 0.0342548 0.0563568 0.376709
1 0.196214 0.193376 0.0318509 0.0560897 0.366699
1 0.915865 0.830128 0.0264423 0.034188 0.35498
1 0.848558 0.470086 0.0252404 0.0523504 0.339844
1 0.178936 0.290064 0.0159255 0.0384615 0.320801
1 0.667067 0.667735 0.0216346 0.0470086 0.253174
1 0.852764 0.840812 0.046875 0.100427 0.57666
1 0.167969 0.377671 0.0228365 0.0518162 0.458984
1 0.0297852 0.179487 0.0567158 0.0608974 0.456055
1 0.741587 0.557692 0.0408654 0.0790598 0.414062
1 0.89363 0.304754 0.0180288 0.0411325 0.37207
1 0.178786 0.291132 0.016226 0.0405983 0.343262
1 0.196514 0.190438 0.0321514 0.053953 0.342529
1 0.915865 0.830128 0.0264423 0.034188 0.336426
1 0.507812 0.198184 0.0336538 0.0566239 0.335449
1 0.848558 0.471421 0.0252404 0.0528846 0.301514
1 0.438401 0.407586 0.0354568 0.0630342 0.262939
1 0.852163 0.84188 0.0480769 0.0982906 0.605957
1 0.168119 0.378739 0.023137 0.051282 0.449463
1 0.0297852 0.18109 0.0570162 0.0592949 0.411133
1 0.740986 0.556624 0.0408654 0.0790598 0.395996
1 0.893029 0.303152 0.0168269 0.0389957 0.377441
1 0.196514 0.190171 0.0324519 0.0526175 0.357666
1 0.915865 0.830128 0.0264423 0.034188 0.350342
1 0.507512 0.196181 0.0336539 0.0544872 0.329346
1 0.178786 0.290865 0.016226 0.0400641 0.308105
1 0.848558 0.469017 0.0264422 0.0528846 0.299805
1 0.438401 0.407051 0.0366587 0.0614316 0.269043
1 0.852163 0.840812 0.0456731 0.0982906 0.583008
1 0.167668 0.37687 0.0252404 0.0523504 0.5
1 0.741587 0.557158 0.0408654 0.0801282 0.42627
1 0.0304237 0.182158 0.0558894 0.059562 0.42334
1 0.893029 0.302618 0.0180288 0.0400641 0.393311
1 0.507812 0.196047 0.0342548 0.0560898 0.375732
1 0.196815 0.190438 0.031851 0.0534188 0.373779
1 0.915865 0.830662 0.0288462 0.0363248 0.370117
1 0.178786 0.2914 0.015625 0.0400641 0.344238
1 0.848558 0.469284 0.0264422 0.0534188 0.314941
1 0.438101 0.406784 0.0372596 0.0614316 0.280518
1 0.666466 0.667735 0.0228365 0.0470086 0.262939
1 0.853365 0.839209 0.0456731 0.0982906 0.621582
1 0.168269 0.378739 0.023137 0.051282 0.464844
1 0.0312876 0.18109 0.0552133 0.0598291 0.427246
1 0.741587 0.555556 0.0408654 0.0790598 0.42627
1 0.196965 0.189637 0.031851 0.0528846 0.375732
1 0.893029 0.303152 0.0180288 0.0395299 0.365723
1 0.915865 0.830128 0.0264423 0.034188 0.345947
1 0.507812 0.197249 0.0336538 0.0550214 0.313965
1 0.179087 0.2914 0.015625 0.0395299 0.309814
1 0.849159 0.47062 0.0252403 0.0523504 0.309082
1 0.436899 0.395299 0.0384615 0.065171 0.265137
1 0.852764 0.841346 0.046875 0.099359 0.596191
1 0.168269 0.378205 0.0240385 0.0518162 0.461914
1 0.030649 0.182025 0.0572416 0.0606303 0.446533
1 0.741587 0.557158 0.0408654 0.0801282 0.387695
1 0.893029 0.303953 0.0192307 0.0405983 0.386719
1 0.196214 0.193243 0.0324519 0.056891 0.385742
1 0.916466 0.830662 0.0276443 0.0352564 0.356689
1 0.508413 0.19765 0.0348558 0.0574252 0.344238
1 0.848558 0.471154 0.0264422 0.0555556 0.34082
1 0.178786 0.292201 0.016226 0.0411325 0.291748
1 0.118389 0.303953 0.0213341 0.0486111 0.272705
1 0.438101 0.407051 0.0378606 0.0619658 0.270508
1 0.852163 0.840812 0.046875 0.0982906 0.603027
1 0.168269 0.379274 0.0240385 0.0523504 0.459961
1 0.742188 0.557692 0.0408654 0.0790598 0.448486
1 0.0304988 0.183093 0.0570914 0.0603633 0.429199
1 0.196214 0.193243 0.0330529 0.0555555 0.396973
1 0.89363 0.303686 0.0180288 0.0389957 0.38208
1 0.917067 0.831197 0.0264423 0.034188 0.346924
1 0.508413 0.19765 0.0342548 0.0555556 0.341553
1 0.848558 0.47062 0.0264422 0.0534188 0.330322
1 0.438101 0.407318 0.0366587 0.0614316 0.269775
1 0.178786 0.292201 0.016226 0.0395299 0.262207
1 0.647236 0.471154 0.0204327 0.0363248 0.258301
1 0.11854 0.303953 0.0210337 0.0459402 0.253906
1 0.852764 0.840278 0.046875 0.0982906 0.624512
1 0.0307993 0.182425 0.0573918 0.0603632 0.476562
1 0.168119 0.379274 0.0240385 0.0528846 0.463867
1 0.741587 0.557692 0.0408654 0.0811966 0.453369
1 0.196214 0.19351 0.0324519 0.0563568 0.414062
1 0.893029 0.304487 0.0168269 0.0405983 0.405518
1 0.916466 0.831197 0.0264423 0.034188 0.352295
1 0.508113 0.198985 0.0342548 0.0566239 0.350342
1 0.848558 0.471154 0.0264422 0.0544872 0.337158
1 0.438702 0.407853 0.0372596 0.0619658 0.287842
1 0.178636 0.291667 0.015625 0.0395299 0.276611
1 0.667067 0.672543 0.0216346 0.0502137 0.27124
1 0.118389 0.303953 0.0210337 0.0470086 0.269043
1 0.647837 0.471688 0.0192307 0.0363248 0.262207
1 0.852764 0.840812 0.046875 0.0982906 0.60498
1 0.167969 0.378739 0.0249399 0.0528846 0.461914
1 0.0309495 0.182559 0.0561899 0.0600961 0.457031
1 0.741587 0.557692 0.0408654 0.0811966 0.419678
1 0.196364 0.193109 0.0330529 0.0563568 0.392334
1 0.893029 0.303953 0.0180288 0.0405983 0.377441
1 0.915865 0.831197 0.0288462 0.0352564 0.342529
1 0.508413 0.198451 0.0348558 0.0566239 0.336426
1 0.848558 0.47062 0.0264422 0.0544872 0.32251
1 0.438101 0.407051 0.0372596 0.0619658 0.2854
1 0.178185 0.292201 0.016226 0.0405983 0.283691
1 0.118051 0.303953 0.0211088 0.0470086 0.260498
1 0.667067 0.672009 0.0240385 0.0512821 0.250977
1 0.852765 0.840812 0.0456731 0.0982906 0.609375
1 0.167969 0.377938 0.0246394 0.0528846 0.495117
1 0.0306115 0.182559 0.0564153 0.0606303 0.449463
1 0.741587 0.556624 0.0432693 0.0833333 0.446533
1 0.89363 0.303953 0.0180288 0.0416667 0.412109
1 0.196214 0.193109 0.0330529 0.056891 0.405518
1 0.508413 0.198184 0.0348558 0.0571581 0.362061
1 0.916466 0.831197 0.0276443 0.034188 0.362061
1 0.848558 0.470887 0.0264422 0.0544871 0.345947
1 0.178486 0.292201 0.016226 0.0405983 0.313965
1 0.438101 0.407318 0.0372596 0.0625 0.291016
1 0.118239 0.303953 0.0213341 0.0480769 0.281494
1 0.667067 0.672009 0.0228365 0.0512821 0.279053
1 0.647837 0.471421 0.0216346 0.0373931 0.263672
1 0.852765 0.840812 0.0456731 0.0982906 0.601074
1 0.167969 0.378472 0.0240385 0.0523504 0.47168
1 0.0307617 0.182959 0.0564153 0.059562 0.448486
1 0.741587 0.557692 0.0408654 0.0811966 0.428223
1 0.196514 0.192975 0.0327524 0.0563568 0.391357
1 0.89363 0.30422 0.0180288 0.0411325 0.381104
1 0.915865 0.831731 0.0264423 0.0341881 0.347656
1 0.508413 0.198184 0.0348558 0.0566239 0.330322
1 0.848558 0.470887 0.0264422 0.053953 0.324219
1 0.178486 0.292201 0.016226 0.0400641 0.27832
1 0.438101 0.407051 0.0372596 0.0619658 0.272705
1 0.118389 0.303686 0.0210337 0.0470086 0.265869
1 0.852163 0.840812 0.0456731 0.0982906 0.609375
1 0.167819 0.378739 0.0243389 0.0523504 0.487305
1 0.0305364 0.183093 0.0570162 0.0600962 0.47168
1 0.741587 0.557692 0.0408654 0.0811966 0.42627
1 0.196214 0.193109 0.0327524 0.0560898 0.405518
1 0.89363 0.303953 0.0180288 0.0405983 0.398926
1 0.915865 0.831197 0.0264423 0.034188 0.365723
1 0.508413 0.198184 0.0348558 0.0563568 0.343262
1 0.848558 0.47062 0.0264422 0.0534188 0.338135
1 0.438101 0.407051 0.0372596 0.0619658 0.289307
1 0.118352 0.303686 0.0211088 0.0464744 0.283691
1 0.178636 0.292201 0.0159255 0.0395299 0.282959
1 0.667067 0.671474 0.0228365 0.0502137 0.256836
1 0.853365 0.840812 0.0456731 0.100427 0.53125
1 0.167819 0.379006 0.0225361 0.0496795 0.438721
1 0.741587 0.55609 0.0408654 0.0801282 0.394287
1 0.0305739 0.180021 0.0572416 0.0622329 0.390381
1 0.893029 0.303953 0.0168269 0.0395299 0.356689
1 0.507212 0.197249 0.0336538 0.056891 0.325195
1 0.195613 0.193643 0.030649 0.0555556 0.320068
1 0.915865 0.831197 0.0264423 0.034188 0.300781
1 0.847356 0.469551 0.0240384 0.0534188 0.2854
