1 0.482572 0.456464 0.0534856 0.0956197 0.371094
1 0.483474 0.4375 0.0570914 0.0918803 0.318359
1 0.483774 0.443109 0.0534856 0.079594 0.267334
1 0.483474 0.442842 0.0594952 0.090812 0.286133
1 0.483774 0.445246 0.0552885 0.0892094 0.281494
1 0.482572 0.446047 0.0546875 0.0763889 0.307373
1 0.482572 0.445513 0.0576923 0.0833333 0.328613
1 0.484075 0.443376 0.0510817 0.0844017 0.26123
1 0.482873 0.443376 0.0564904 0.0886752 0.385742
1 0.482572 0.445513 0.0564904 0.0876069 0.309082
1 0.481971 0.446581 0.0540865 0.0886752 0.309082
1 0.483474 0.443376 0.0540865 0.0801282 0.282959
1 0.483474 0.447115 0.0504808 0.0844017 0.327637
1 0.482572 0.445513 0.0564904 0.079594 0.279785
1 0.484075 0.444444 0.0546875 0.0801282 0.359375
1 0.482873 0.44765 0.0546875 0.0886752 0.446533
1 0.483774 0.445513 0.0552885 0.082265 0.303955
1 0.482572 0.448184 0.0552885 0.0801282 0.293457
1 0.481971 0.446047 0.0564904 0.0833333 0.250977
1 0.512019 0.799145 0.0366587 0.076923 0.306641
1 0.481671 0.444979 0.0534856 0.0811966 0.291748
1 0.511418 0.79968 0.0360577 0.0737179 0.270508
1 0.48107 0.446848 0.0558894 0.0892094 0.313232
1 0.51262 0.799145 0.0348557 0.0790599 0.299805
1 0.48107 0.44391 0.0534856 0.0811966 0.291748
1 0.481971 0.448718 0.0540865 0.0865384 0.29248
1 0.482572 0.446047 0.0540865 0.0876069 0.291748
1 0.48137 0.447115 0.0564904 0.0897436 0.258301
1 0.48137 0.4375 0.0492788 0.0790599 0.279785
1 0.513221 0.798077 0.0384615 0.076923 0.268066
1 0.48107 0.444712 0.0528846 0.0886752 0.314941
1 0.512921 0.806624 0.0354567 0.0769231 0.291748
1 0.48137 0.444979 0.0540865 0.0854701 0.33374
1 0.511418 0.799145 0.0372596 0.082265 0.289307
1 0.481971 0.44391 0.0540865 0.082265 0.328613
1 0.482272 0.444444 0.0534856 0.0844017 0.2854
1 0.483173 0.445513 0.0528846 0.082265 0.286865
1 0.512019 0.799145 0.0336538 0.0747863 0.253906
1 0.482272 0.444712 0.0528846 0.0844017 0.286865
1 0.482572 0.444979 0.0516827 0.0811966 0.314941
1 0.480769 0.444444 0.0540865 0.0854701 0.286133
1 0.482572 0.444712 0.0528846 0.0811966 0.303223
1 0.482572 0.44391 0.0510818 0.082265 0.30249
1 0.482572 0.446581 0.0528846 0.0811966 0.310791
1 0.482873 0.444979 0.0510817 0.0844017 0.309082
1 0.511418 0.798077 0.0348558 0.0811966 0.291016
1 0.481971 0.44765 0.0552885 0.0849359 0.287842
1 0.512019 0.807692 0.0372596 0.0790599 0.252441
1 0.481971 0.448451 0.0540865 0.0833333 0.311523
1 0.482272 0.44765 0.0522836 0.0833333 0.296631
1 0.51232 0.809829 0.0378606 0.0758547 0.251709
1 0.482572 0.446314 0.0522837 0.0860043 0.281494
1 0.51262 0.806624 0.0372596 0.0811966 0.256836
1 0.481971 0.445513 0.0510818 0.0833333 0.347656
1 0.482572 0.44391 0.0504807 0.0790599 0.318359
1 0.512019 0.807158 0.0360577 0.0779915 0.26123
1 0.481971 0.446581 0.0528846 0.0822649 0.277588
1 0.482572 0.443643 0.0516827 0.0806624 0.297363
1 0.512019 0.807692 0.0360577 0.0790599 0.272705
1 0.481971 0.444177 0.0516827 0.0806624 0.371094
1 0.534255 0.681624 0.0180289 0.0576923 0.262939
1 0.511418 0.800214 0.0336539 0.0769231 0.26123
1 0.48137 0.448184 0.0528846 0.0833333 0.264404
1 0.481971 0.442842 0.0546875 0.0854701 0.338135
1 0.51232 0.802885 0.0372596 0.0801282 0.276611
1 0.482272 0.444979 0.0528846 0.0790598 0.403564
1 0.51262 0.805556 0.0366587 0.0769231 0.265137
1 0.480769 0.447383 0.0528846 0.0838675 0.369385
1 0.51262 0.799145 0.0372596 0.0790599 0.306641
1 0.533654 0.683226 0.0180289 0.0587607 0.256836
1 0.48137 0.444979 0.0528846 0.0833333 0.388672
1 0.51232 0.798077 0.0360577 0.0790598 0.270508
1 0.481671 0.445513 0.0528846 0.0801282 0.401611
1 0.513221 0.805556 0.0360577 0.0790599 0.275879
1 0.482572 0.438568 0.0528846 0.082265 0.326904
1 0.482572 0.436699 0.0516827 0.0811966 0.370117
1 0.533954 0.681624 0.0192307 0.0555556 0.267334
1 0.481971 0.439637 0.0504807 0.0806624 0.388672
1 0.533654 0.681624 0.0180289 0.0555556 0.325195
1 0.511418 0.79968 0.0348558 0.0779915 0.287842
1 0.581731 0.409455 0.0252404 0.042735 0.250977
1 0.482572 0.439637 0.0510818 0.0822649 0.472656
1 0.51262 0.80235 0.0360577 0.0790599 0.345215
1 0.534255 0.681624 0.0180289 0.0555556 0.313232
1 0.582933 0.411859 0.0252404 0.0416667 0.251709
1 0.482272 0.441239 0.0522836 0.0838675 0.485352
1 0.511719 0.798077 0.0354568 0.0790598 0.339844
1 0.534255 0.680556 0.0192308 0.0576923 0.313232
1 0.582933 0.413996 0.0264423 0.0448718 0.259033
1 0.61238 0.58547 0.0288461 0.0534188 0.253906
1 0.481971 0.441239 0.0522837 0.082265 0.551758
1 0.511418 0.798077 0.0348558 0.076923 0.342529
1 0.533954 0.680556 0.0174279 0.0555556 0.294189
1 0.582782 0.413996 0.0243389 0.0400641 0.271973
1 0.612981 0.586538 0.0288462 0.0534188 0.27124
1 0.482272 0.439103 0.0516827 0.0801282 0.60498
1 0.511418 0.798611 0.0348558 0.0790599 0.367432
1 0.534255 0.679487 0.0180289 0.0534188 0.341553
1 0.582933 0.415598 0.0228365 0.0379273 0.291016
1 0.611779 0.586538 0.0276442 0.051282 0.276611
1 0.616587 0.39156 0.0288462 0.0827992 0.250244
1 0.483173 0.441506 0.0516827 0.082265 0.508789
1 0.511418 0.798077 0.0342548 0.0790598 0.351318
1 0.533654 0.679487 0.016226 0.0534188 0.296631
1 0.611779 0.586538 0.0264423 0.051282 0.259766
1 0.581731 0.416132 0.0240385 0.0395299 0.258301
1 0.481971 0.441774 0.0516827 0.082265 0.574707
1 0.511719 0.797009 0.0354568 0.0790598 0.455078
1 0.534255 0.679487 0.0168269 0.0544872 0.339844
1 0.61238 0.586004 0.0276442 0.0523504 0.307373
1 0.582933 0.415064 0.0252404 0.0405983 0.29834
1 0.617788 0.392094 0.0300481 0.0838675 0.282959
1 0.482572 0.442308 0.0516827 0.0790599 0.541016
1 0.512019 0.796474 0.0336538 0.0790599 0.424316
1 0.534255 0.679487 0.0168269 0.0555556 0.317383
1 0.611779 0.586004 0.0288461 0.0523504 0.291016
1 0.582782 0.416934 0.0243389 0.0395299 0.276611
1 0.617788 0.393162 0.0288462 0.0844017 0.250977
1 0.481971 0.442308 0.0516827 0.079594 0.548828
1 0.512019 0.798077 0.0348558 0.0790598 0.406494
1 0.533954 0.678953 0.0174279 0.0555556 0.327637
1 0.61238 0.586538 0.0288461 0.051282 0.297363
1 0.583083 0.416667 0.0261418 0.0416667 0.27832
1 0.617788 0.393162 0.03125 0.0833333 0.262939
1 0.482572 0.442041 0.0516827 0.0806624 0.550781
1 0.512921 0.798077 0.0378606 0.0790598 0.429199
1 0.534255 0.678419 0.0192308 0.0555556 0.339844
1 0.611779 0.586538 0.0288461 0.0534188 0.312256
1 0.617788 0.393697 0.0300481 0.0854701 0.294922
1 0.583083 0.416934 0.0261418 0.0416667 0.273682
1 0.482873 0.442308 0.0510817 0.0801282 0.552734
1 0.513221 0.798611 0.0372596 0.0790599 0.396973
1 0.533954 0.679487 0.0174279 0.0555556 0.331055
1 0.61238 0.587607 0.0276442 0.0512821 0.294189
1 0.582933 0.417735 0.0252404 0.0395299 0.290283
1 0.61899 0.393429 0.0288461 0.0849359 0.272705
1 0.482572 0.44391 0.0516827 0.0801282 0.550781
1 0.513822 0.799145 0.0384615 0.0790599 0.416748
1 0.534255 0.679487 0.0180289 0.0555556 0.332031
1 0.612981 0.588141 0.0288462 0.0523504 0.308105
1 0.583083 0.418269 0.0261418 0.0416667 0.287842
1 0.617788 0.394231 0.03125 0.0833333 0.276611
1 0.482572 0.44391 0.0510818 0.0790599 0.555664
1 0.513221 0.799145 0.0372596 0.076923 0.469727
1 0.534255 0.678953 0.0186298 0.0544872 0.352295
1 0.61238 0.588675 0.0276442 0.0534188 0.309082
1 0.582933 0.418803 0.0252404 0.0411325 0.282227
1 0.617788 0.394765 0.03125 0.082265 0.279785
1 0.482572 0.444444 0.0516827 0.0811966 0.580566
1 0.513221 0.800214 0.0372596 0.0790599 0.491211
1 0.534255 0.680556 0.0180289 0.0555556 0.361084
1 0.61238 0.588675 0.0276442 0.0512821 0.320068
1 0.617788 0.395032 0.03125 0.0822649 0.293457
1 0.582933 0.419338 0.0252404 0.0427351 0.287842
1 0.483173 0.444444 0.0516827 0.0811966 0.550781
1 0.513221 0.799145 0.0372596 0.0790599 0.443604
1 0.534255 0.679487 0.0192308 0.0555556 0.343262
1 0.611779 0.588675 0.0288461 0.0523504 0.290283
1 0.582332 0.418803 0.0264423 0.0427351 0.273682
1 0.617788 0.395299 0.03125 0.082265 0.269775
1 0.482572 0.444444 0.0516827 0.0811966 0.569824
1 0.513221 0.799145 0.0372596 0.0790599 0.448486
1 0.534255 0.679487 0.0192308 0.0566239 0.356689
1 0.611779 0.588141 0.0288461 0.0523504 0.312256
1 0.583083 0.417468 0.0261418 0.0422009 0.287842
1 0.617788 0.394765 0.03125 0.082265 0.271973
1 0.482572 0.444177 0.0522837 0.0806624 0.549805
1 0.513221 0.799145 0.0372596 0.0790599 0.432129
1 0.534255 0.679487 0.0180289 0.0566239 0.338135
1 0.611779 0.588675 0.0288461 0.0512821 0.291748
1 0.583083 0.418803 0.0261418 0.0416667 0.27832
1 0.617788 0.395299 0.03125 0.082265 0.263672
1 0.482572 0.444444 0.0516827 0.0806624 0.564941
1 0.513221 0.79968 0.0372596 0.0779915 0.453369
1 0.534255 0.679487 0.0180289 0.0555556 0.351318
1 0.611779 0.588675 0.0288461 0.0512821 0.313232
1 0.582332 0.418803 0.0264423 0.0416667 0.288574
1 0.617788 0.395299 0.03125 0.082265 0.27124
1 0.483173 0.441506 0.0516827 0.082265 0.508789
1 0.511418 0.798077 0.0342548 0.0790598 0.351318
1 0.533654 0.679487 0.016226 0.0534188 0.296631
1 0.611779 0.586538 0.0264423 0.051282 0.259766
1 0.581731 0.416132 0.0240385 0.0395299 0.258301
