1 0.558894 0.832265 0.0588943 0.0683761 0.357666
1 0.559495 0.855769 0.0540865 0.0662393 0.314941
1 0.518329 0.607372 0.0408654 0.0811966 0.294189
1 0.655649 0.610043 0.0300481 0.0811966 0.291016
1 0.263371 0.488515 0.0249399 0.0763889 0.282959
1 0.647837 0.604701 0.0336538 0.0876069 0.284668
1 0.558293 0.839209 0.0552885 0.0694444 0.283691
1 0.514123 0.587073 0.0384615 0.090812 0.279785
1 0.26232 0.49359 0.0252404 0.0683761 0.253174
1 0.646635 0.592949 0.0288462 0.0833333 0.317383
1 0.514423 0.594017 0.0396635 0.0833333 0.279785
1 0.558293 0.849359 0.0480769 0.0662393 0.270508
1 0.261418 0.503739 0.0246394 0.0651709 0.253174
1 0.646635 0.596154 0.0240385 0.0865384 0.286133
1 0.261118 0.50641 0.0216346 0.0673077 0.27124
1 0.559796 0.85203 0.0606971 0.0801281 0.282227
1 0.514423 0.60844 0.0444712 0.0897436 0.257568
1 0.649639 0.603633 0.0348558 0.0897436 0.250977
1 0.514423 0.592949 0.0408654 0.0854701 0.269043
1 0.518029 0.597222 0.0432692 0.0790598 0.276611
1 0.649639 0.603633 0.03125 0.0897436 0.265137
1 0.514423 0.599359 0.0492788 0.0961539 0.26123
1 0.65024 0.603098 0.0360577 0.099359 0.306641
1 0.515625 0.60203 0.0432693 0.090812 0.290283
1 0.515926 0.596688 0.0426683 0.0854701 0.288574
1 0.649038 0.598291 0.0336538 0.0918803 0.274414
1 0.515024 0.601496 0.0432693 0.0940171 0.396973
1 0.649038 0.602564 0.0336538 0.0982906 0.358398
1 0.515625 0.599359 0.0444712 0.0876069 0.294189
1 0.647837 0.603633 0.0336538 0.0897436 0.252441
1 0.514123 0.599359 0.0432692 0.0811966 0.291748
1 0.515926 0.596688 0.0456731 0.0886752 0.325195
1 0.649639 0.597756 0.0336539 0.090812 0.283691
1 0.559495 0.852564 0.0564904 0.0726496 0.265137
1 0.515024 0.602564 0.0450721 0.0886752 0.265137
1 0.515625 0.595086 0.0456731 0.0897436 0.253174
1 0.515325 0.607906 0.0420673 0.0854701 0.367432
1 0.649038 0.598825 0.0336538 0.0886752 0.305664
1 0.515625 0.598291 0.0438702 0.0876069 0.320801
1 0.649038 0.598291 0.0360577 0.0918803 0.300781
1 0.516226 0.604701 0.0408654 0.0854701 0.325928
1 0.649038 0.603633 0.0336538 0.090812 0.315674
1 0.559495 0.854701 0.0540865 0.065171 0.250244
1 0.647837 0.603098 0.0336538 0.090812 0.354004
1 0.513822 0.598825 0.0396635 0.0865385 0.327637
1 0.262019 0.506544 0.0246394 0.068109 0.260498
1 0.516827 0.598291 0.0444712 0.0854701 0.32251
1 0.649038 0.597756 0.0324519 0.0886752 0.264404
1 0.515024 0.602564 0.0456731 0.0876068 0.33374
1 0.647236 0.60203 0.0348557 0.0950855 0.268066
1 0.516226 0.592949 0.0444712 0.0876069 0.378418
1 0.649038 0.592949 0.0336538 0.0897436 0.349609
1 0.515625 0.598291 0.0444712 0.0897436 0.347656
1 0.649038 0.598825 0.0336538 0.0940171 0.324219
1 0.517428 0.598825 0.0432692 0.0897436 0.369385
1 0.65024 0.599359 0.0336539 0.090812 0.346924
1 0.260817 0.495459 0.0222356 0.0699786 0.276611
1 0.515325 0.596154 0.0438702 0.0844017 0.306641
1 0.515625 0.597756 0.0456731 0.0876069 0.266602
1 0.65024 0.597222 0.0336539 0.0918803 0.272705
1 0.516226 0.596688 0.0420673 0.0844017 0.255371
1 0.516226 0.597222 0.0420673 0.0865385 0.311523
1 0.650841 0.599359 0.0348558 0.0940171 0.29834
1 0.518029 0.597222 0.0432692 0.0897436 0.326904
1 0.651442 0.598291 0.0336539 0.0940171 0.319092
1 0.515625 0.597222 0.0444712 0.0854701 0.378418
1 0.65024 0.597756 0.0336539 0.0886752 0.313232
1 0.261418 0.494124 0.0222356 0.0683761 0.279053
1 0.516226 0.597222 0.0444712 0.0865385 0.295898
1 0.65024 0.598291 0.0348558 0.0897436 0.254639
1 0.516526 0.595086 0.0438702 0.0854701 0.277588
1 0.650841 0.596154 0.0336539 0.0918804 0.256836
1 0.515926 0.598291 0.0408654 0.0790598 0.262207
1 0.649639 0.599893 0.0348558 0.0833333 0.257568
1 0.516226 0.603633 0.0396635 0.0876069 0.265137
1 0.517127 0.606303 0.0408654 0.0897436 0.307373
1 0.649038 0.598291 0.0336538 0.0897436 0.272705
1 0.649639 0.597756 0.0324519 0.0876069 0.309814
1 0.515625 0.595086 0.0420673 0.0854701 0.30249
1 0.517127 0.594551 0.0450721 0.0886752 0.286133
1 0.649639 0.594551 0.0324519 0.0865384 0.253174
1 0.516526 0.597222 0.0396635 0.0876069 0.347656
1 0.649639 0.597222 0.03125 0.0854701 0.254639
1 0.515625 0.598291 0.0432693 0.0854701 0.29248
1 0.649038 0.598291 0.0336538 0.0876069 0.279785
1 0.515625 0.597222 0.0420673 0.0854701 0.325195
1 0.649038 0.597756 0.0324519 0.0918803 0.286133
1 0.517428 0.597756 0.0450721 0.0929487 0.360352
1 0.647837 0.601496 0.0408654 0.0982906 0.275146
1 0.515024 0.604701 0.0420673 0.090812 0.311523
1 0.517428 0.599893 0.0420673 0.0950855 0.329346
1 0.517428 0.598291 0.0432692 0.0897436 0.384033
1 0.515625 0.596154 0.0420673 0.0833333 0.32251
1 0.647837 0.602564 0.0324519 0.0918804 0.294922
1 0.515926 0.596688 0.0444712 0.0865384 0.328613
1 0.649639 0.597756 0.0348558 0.0897436 0.254639
1 0.517428 0.597756 0.0456731 0.0886752 0.347656
1 0.649038 0.602564 0.0324519 0.0940171 0.266602
1 0.515625 0.598291 0.0420673 0.0854701 0.326904
1 0.649038 0.602564 0.0336538 0.0940171 0.273682
1 0.516226 0.598825 0.0432693 0.0865385 0.396973
1 0.649038 0.600427 0.0336538 0.0950855 0.332764
1 0.516226 0.595086 0.0444712 0.0929487 0.324219
1 0.517428 0.593483 0.0444711 0.0918803 0.368408
1 0.649038 0.599359 0.0336538 0.0897436 0.296631
1 0.515024 0.597222 0.0426682 0.0844017 0.344238
1 0.648438 0.599359 0.0336538 0.0918803 0.300781
1 0.515625 0.599359 0.0432693 0.0876069 0.400635
1 0.649038 0.601496 0.0336538 0.0918804 0.318359
1 0.517428 0.594017 0.0414664 0.0833333 0.338867
1 0.649038 0.60203 0.0336538 0.0940171 0.270508
1 0.516526 0.597222 0.0432693 0.0897436 0.342529
1 0.649639 0.601496 0.0324519 0.0950855 0.27832
1 0.517728 0.596154 0.0432693 0.0876068 0.303223
1 0.515625 0.599359 0.0420673 0.0897436 0.308105
1 0.649038 0.601496 0.0336538 0.0918804 0.259033
1 0.516526 0.594017 0.0420673 0.0865384 0.407227
1 0.649038 0.599359 0.0336538 0.0940171 0.319092
1 0.261719 0.503205 0.0234375 0.0662393 0.27124
1 0.516827 0.598291 0.0426683 0.0897436 0.393311
1 0.649038 0.599359 0.0336538 0.0940171 0.386719
1 0.26277 0.503739 0.023137 0.0641026 0.314941
1 0.558293 0.846688 0.0528846 0.0641026 0.253174
1 0.51863 0.596154 0.0426683 0.0876068 0.442627
1 0.649038 0.598825 0.0336538 0.0961538 0.350342
1 0.557993 0.849359 0.0546875 0.0641026 0.299805
1 0.26247 0.502671 0.0249399 0.0683761 0.286133
1 0.953125 0.755876 0.0360577 0.0544872 0.253174
1 0.518329 0.595086 0.046274 0.0876068 0.435059
1 0.649639 0.599359 0.0348558 0.0929487 0.420654
1 0.262169 0.50414 0.0225361 0.0643696 0.32251
1 0.953125 0.75641 0.0360577 0.0534188 0.273682
1 0.558293 0.849359 0.0528846 0.059829 0.269043
1 0.515325 0.600427 0.0426683 0.0918803 0.462891
1 0.649038 0.597222 0.0336538 0.0918803 0.458008
1 0.558293 0.849359 0.0540865 0.0619659 0.386719
1 0.262019 0.503205 0.0234375 0.0641026 0.326904
1 0.953726 0.754808 0.0360577 0.0534188 0.287842
1 0.515625 0.599893 0.0414663 0.090812 0.411133
1 0.648438 0.597222 0.0324519 0.0897436 0.390381
1 0.261719 0.502137 0.0222356 0.0641026 0.314941
1 0.558293 0.847222 0.0528846 0.0619658 0.258301
1 0.953125 0.755876 0.0360577 0.0544872 0.252441
1 0.515024 0.599893 0.0408654 0.0886752 0.479492
1 0.649038 0.597222 0.0336538 0.0918803 0.466797
1 0.262921 0.502671 0.0228365 0.0641026 0.357666
1 0.557692 0.848825 0.0528846 0.0608974 0.33374
1 0.953125 0.757479 0.0360577 0.0555556 0.301514
1 0.301683 0.282051 0.0324519 0.0715812 0.264404
1 0.0259165 0.744658 0.0458233 0.0448718 0.254639
1 0.517428 0.597222 0.0432692 0.0897436 0.436768
1 0.649038 0.598291 0.03125 0.090812 0.392334
1 0.558293 0.848291 0.0528846 0.0619658 0.33374
1 0.262921 0.504407 0.0228365 0.0638354 0.324219
1 0.953726 0.757479 0.0360577 0.0555556 0.27832
1 0.301683 0.282051 0.031851 0.071047 0.268066
1 0.515625 0.597222 0.0420673 0.0876069 0.469727
1 0.649038 0.599359 0.0336538 0.0897436 0.443604
1 0.557692 0.848291 0.0528846 0.059829 0.337158
1 0.26277 0.503072 0.022536 0.0643696 0.332031
1 0.953125 0.75641 0.0360577 0.0523504 0.295898
1 0.301683 0.283654 0.0324519 0.0715812 0.265137
1 0.515625 0.597222 0.0420673 0.0876069 0.483398
1 0.649038 0.598291 0.0336538 0.0897436 0.460938
1 0.26247 0.50227 0.0249399 0.0659722 0.374756
1 0.557993 0.848291 0.0534856 0.0619658 0.362061
1 0.953125 0.755342 0.0372597 0.0534187 0.30249
1 0.301082 0.281517 0.0336539 0.0705128 0.282959
1 0.0261418 0.745192 0.0453726 0.0459401 0.273682
1 0.515926 0.598291 0.0414663 0.0897436 0.473633
1 0.649639 0.599359 0.0324519 0.0897436 0.443604
1 0.557993 0.849359 0.0534856 0.0619659 0.359375
1 0.262921 0.504407 0.0228365 0.0638354 0.327637
1 0.953125 0.75641 0.0360577 0.0534188 0.279053
1 0.0288837 0.748398 0.0460487 0.0491453 0.250244
1 0.516226 0.599359 0.0420673 0.0876069 0.488281
1 0.649639 0.600427 0.0324519 0.0897436 0.450439
1 0.558894 0.849359 0.0528846 0.0641026 0.357666
1 0.263221 0.504274 0.0240385 0.065171 0.353027
1 0.953726 0.757479 0.0372596 0.0534188 0.304932
1 0.301983 0.282586 0.0336539 0.0737179 0.259033
1 0.515926 0.599359 0.0408654 0.0876069 0.500977
1 0.649639 0.600427 0.0324519 0.0876069 0.473633
1 0.263522 0.503205 0.0240385 0.0630342 0.37207
1 0.558894 0.849893 0.0528846 0.0619658 0.34082
1 0.953726 0.757479 0.0360577 0.0534188 0.29248
1 0.0283579 0.748932 0.0448468 0.0448719 0.280518
1 0.301683 0.282051 0.0336539 0.0715812 0.270508
1 0.515926 0.600427 0.0414663 0.0876069 0.511719
1 0.649639 0.600962 0.0324519 0.0886752 0.476562
1 0.263522 0.504808 0.0234375 0.065171 0.378418
1 0.558894 0.850427 0.0528846 0.0630341 0.368408
1 0.954327 0.757479 0.0360577 0.0534188 0.299072
1 0.0289964 0.747863 0.0458233 0.0470086 0.269043
1 0.301683 0.282586 0.0336539 0.0715812 0.262939
1 0.515625 0.599359 0.0408654 0.0876069 0.483398
1 0.649038 0.600427 0.0336538 0.0897436 0.456055
1 0.263522 0.504273 0.0246394 0.0641026 0.360352
1 0.558594 0.849893 0.0534856 0.0619658 0.35498
1 0.953726 0.75641 0.0372596 0.0534188 0.286865
1 0.0289964 0.747863 0.0452224 0.0448719 0.266602
1 0.301683 0.282586 0.0336539 0.0715812 0.253906
1 0.515625 0.598825 0.0408654 0.0886752 0.508789
1 0.649038 0.599893 0.0336538 0.0886752 0.470703
1 0.263221 0.504274 0.0246394 0.065171 0.380371
1 0.558293 0.849359 0.0528846 0.0619659 0.371094
1 0.953125 0.75641 0.0360577 0.0534188 0.301514
1 0.0281701 0.747863 0.0449219 0.0470086 0.273682
1 0.301382 0.282051 0.0336539 0.0726496 0.269043
1 0.515625 0.599359 0.0408654 0.0876069 0.489258
1 0.649639 0.600427 0.0324519 0.0886752 0.449463
1 0.263371 0.50414 0.023738 0.0643696 0.357666
1 0.558293 0.848825 0.0528846 0.0619658 0.347656
1 0.953125 0.756944 0.0360577 0.0534188 0.291016
1 0.0283203 0.747863 0.0452224 0.0470086 0.270508
1 0.515625 0.599359 0.0420673 0.0876069 0.499023
1 0.649038 0.600962 0.0336538 0.0886752 0.460938
1 0.263221 0.504274 0.0240385 0.065171 0.376709
1 0.558293 0.849359 0.0528846 0.0619659 0.359375
1 0.953125 0.757479 0.0360577 0.0534188 0.30249
1 0.0261418 0.744658 0.0458233 0.0448718 0.2854
1 0.515625 0.599893 0.0414663 0.090812 0.411133
1 0.648438 0.597222 0.0324519 0.0897436 0.390381
1 0.261719 0.502137 0.0222356 0.0641026 0.314941
1 0.558293 0.847222 0.0528846 0.0619658 0.258301
1 0.953125 0.755876 0.0360577 0.0544872 0.252441
