1 0.390325 0.347489 0.0216346 0.0528846 0.343262
1 0.591947 0.75641 0.0276443 0.0641026 0.287842
1 0.388522 0.355235 0.0258414 0.0555555 0.276611
1 0.388822 0.373932 0.0246394 0.0448718 0.287842
1 0.894231 0.966346 0.0552884 0.0673077 0.275146
1 0.589543 0.754273 0.03125 0.0544872 0.269043
1 0.8125 0.0685096 0.0240385 0.0531517 0.259766
1 0.389123 0.374466 0.0270433 0.0571581 0.256836
1 0.838942 0.452457 0.0192307 0.0438034 0.255371
1 0.840144 0.453526 0.0180288 0.0427351 0.303223
1 0.590144 0.760684 0.0264423 0.0523504 0.256836
1 0.838942 0.449786 0.0168269 0.0422009 0.268066
1 0.83774 0.452457 0.0168269 0.0438034 0.304932
1 0.838942 0.450855 0.0192307 0.0405983 0.255371
1 0.839543 0.45406 0.0180288 0.0422009 0.256104
1 0.838942 0.452991 0.0168269 0.0416667 0.253174
1 0.838942 0.450321 0.0192307 0.0459401 0.250977
1 0.838942 0.451389 0.0192307 0.042735 0.26123
1 0.839543 0.451923 0.0192307 0.0438034 0.281494
1 0.838942 0.452991 0.0192307 0.0438034 0.267334
1 0.840144 0.451389 0.0204327 0.0416667 0.27124
1 0.839543 0.452457 0.0192307 0.0459402 0.270508
1 0.840144 0.452724 0.0192308 0.0432693 0.291016
1 0.840144 0.450588 0.0192308 0.0438034 0.27124
1 0.838942 0.456197 0.0192307 0.0405983 0.257568
1 0.811298 0.0649038 0.0228365 0.0450053 0.250977
1 0.838942 0.456197 0.0192307 0.0416667 0.29834
1 0.8125 0.0633013 0.0216347 0.0416667 0.279053
1 0.38762 0.36859 0.0276443 0.0496795 0.27124
1 0.28125 0.200187 0.0228365 0.0451389 0.269043
1 0.839543 0.455128 0.0192307 0.0438034 0.318359
1 0.811899 0.0643697 0.0240384 0.0435363 0.27832
1 0.590144 0.766026 0.0276443 0.048077 0.27832
1 0.38732 0.36859 0.0288461 0.0507479 0.265869
1 0.839543 0.454327 0.0192307 0.042735 0.388672
1 0.280649 0.202457 0.0228365 0.0443376 0.303955
1 0.38762 0.369658 0.0276443 0.0486111 0.30249
1 0.589994 0.763889 0.0267427 0.0491453 0.291748
1 0.8125 0.0627003 0.0240385 0.0415331 0.287842
1 0.840144 0.455929 0.0192308 0.0395299 0.387695
1 0.28095 0.201656 0.0222356 0.0438034 0.325928
1 0.590144 0.763889 0.0264423 0.0459401 0.321777
1 0.38732 0.368857 0.0282452 0.0502137 0.31665
1 0.811899 0.0613649 0.0228366 0.0424679 0.309814
1 0.838942 0.456731 0.0180288 0.0416667 0.385742
1 0.280649 0.20406 0.0216346 0.0432692 0.324219
1 0.811298 0.0614316 0.0228365 0.0430021 0.300781
1 0.589543 0.764957 0.0264423 0.0470085 0.29834
1 0.387019 0.36859 0.0276442 0.0496795 0.297363
1 0.828125 0.328526 0.0216347 0.0277778 0.251709
1 0.840144 0.453526 0.0192308 0.0416667 0.460938
1 0.590144 0.762821 0.0264423 0.0470086 0.346924
1 0.811899 0.0614316 0.0240384 0.042468 0.343262
1 0.28125 0.202991 0.0228365 0.0443376 0.335449
1 0.38762 0.36859 0.0282452 0.0491453 0.335449
1 0.829327 0.326923 0.0216346 0.0277778 0.262939
1 0.839543 0.45406 0.0180288 0.0416667 0.453369
1 0.8125 0.0626335 0.0240385 0.0435363 0.339844
1 0.589543 0.762821 0.0264423 0.0480769 0.315674
1 0.387921 0.369124 0.0282452 0.0491453 0.310791
1 0.28125 0.202457 0.0216346 0.0448718 0.309814
1 0.829327 0.328526 0.0216346 0.028312 0.259766
1 0.839543 0.454861 0.0180288 0.0422009 0.46582
1 0.8125 0.0620326 0.0240385 0.0420673 0.354004
1 0.589543 0.763889 0.0264423 0.0470086 0.334473
1 0.38762 0.367521 0.0276443 0.048077 0.328613
1 0.28095 0.203259 0.0216346 0.0432692 0.317383
1 0.828726 0.32906 0.0216346 0.0288461 0.286865
1 0.838942 0.454594 0.0192307 0.0416667 0.475586
1 0.811899 0.0612981 0.0228366 0.0422009 0.356689
1 0.588942 0.762821 0.0276442 0.0491453 0.35498
1 0.38762 0.366987 0.0276443 0.0491453 0.342529
1 0.280724 0.201522 0.0238882 0.0443376 0.323486
1 0.828726 0.32906 0.0216346 0.0267094 0.295898
1 0.840144 0.455662 0.0168269 0.0416667 0.438721
1 0.590144 0.763355 0.0264423 0.048077 0.34082
1 0.811899 0.0622329 0.0228366 0.0419338 0.336426
1 0.28095 0.203659 0.0222356 0.0446047 0.329346
1 0.387921 0.367521 0.0270433 0.048077 0.320801
1 0.828726 0.327991 0.0216346 0.0288461 0.30249
1 0.840144 0.456197 0.0192308 0.0411325 0.419678
1 0.811899 0.0634348 0.0240384 0.0440705 0.351318
1 0.387921 0.368323 0.0282452 0.0507479 0.346924
1 0.590144 0.762821 0.0264423 0.0491453 0.343262
1 0.28125 0.204327 0.0228365 0.0443376 0.326904
1 0.829327 0.329861 0.0216346 0.028312 0.264404
1 0.840144 0.455929 0.0192308 0.0411325 0.424316
1 0.8125 0.0633013 0.0240385 0.042735 0.353027
1 0.388221 0.367521 0.0288462 0.0491453 0.338867
1 0.590144 0.762821 0.0264423 0.0491453 0.338867
1 0.28155 0.204327 0.0228365 0.0440705 0.326904
1 0.830529 0.329861 0.0216346 0.028312 0.309082
1 0.840144 0.456464 0.0180288 0.0411325 0.44751
1 0.811899 0.0635684 0.0228366 0.0432692 0.371094
1 0.38762 0.368323 0.0276443 0.0491453 0.351318
1 0.590144 0.763889 0.0264423 0.0491453 0.351318
1 0.28125 0.205262 0.0228365 0.0451389 0.332031
1 0.830529 0.329594 0.0216346 0.0288461 0.29834
1 0.840144 0.456197 0.0192308 0.0416667 0.433105
1 0.811298 0.0641693 0.0240385 0.0436699 0.352295
1 0.38762 0.368056 0.0288462 0.0491453 0.332764
1 0.590144 0.763889 0.0276443 0.0491453 0.332031
1 0.28125 0.204327 0.0240385 0.0448718 0.311523
1 0.829327 0.329861 0.0216346 0.028312 0.301514
1 0.840144 0.455662 0.0192308 0.0405983 0.458984
1 0.811899 0.0643697 0.0240384 0.0444712 0.37207
1 0.38762 0.367788 0.0288462 0.0502137 0.349609
1 0.589543 0.762821 0.0276442 0.0491453 0.346924
1 0.28125 0.20446 0.0234375 0.0451389 0.345215
1 0.829327 0.32906 0.0228365 0.0288461 0.311523
1 0.840144 0.456197 0.0192308 0.0405983 0.429199
1 0.8125 0.0641693 0.0240385 0.043937 0.355713
1 0.589994 0.763355 0.0267427 0.048077 0.332764
1 0.388221 0.367521 0.0288462 0.0491453 0.331055
1 0.28125 0.204728 0.0228365 0.0451389 0.320801
1 0.829928 0.32906 0.0228365 0.0288461 0.304932
1 0.840144 0.456731 0.0192308 0.0395299 0.44165
1 0.8125 0.0638355 0.0240385 0.0430021 0.371094
1 0.387921 0.367521 0.0288461 0.0491453 0.349609
1 0.589994 0.763355 0.0267427 0.048077 0.349609
1 0.28125 0.204995 0.0228365 0.0446047 0.337158
1 0.829327 0.329594 0.0216346 0.0288461 0.305664
1 0.838942 0.456731 0.0180288 0.0416667 0.385742
1 0.280649 0.20406 0.0216346 0.0432692 0.324219
1 0.811298 0.0614316 0.0228365 0.0430021 0.300781
1 0.387019 0.36859 0.0276442 0.0496795 0.29834
1 0.589543 0.764957 0.0264423 0.0470085 0.29834
1 0.828125 0.328526 0.0216347 0.0277778 0.252441
