1 0.259916 0.558761 0.0342548 0.0491453 0.255371
1 0.84375 0.928419 0.0360577 0.0534188 0.269043
1 0.84375 0.926282 0.0384615 0.0384616 0.291016
1 0.258413 0.57906 0.0396635 0.0491453 0.286133
1 0.182392 0.0352397 0.0219351 0.0430355 0.269043
1 0.576773 0.821581 0.038762 0.0448718 0.265869
1 0.841346 0.926816 0.03125 0.0459402 0.27124
1 0.185096 0.0355903 0.0189303 0.0492788 0.27124
1 0.258864 0.576923 0.0357572 0.0534188 0.269043
1 0.182692 0.0339376 0.0216346 0.0435029 0.252441
1 0.259315 0.57906 0.0360577 0.0459402 0.252441
1 0.259014 0.584402 0.0366586 0.0523504 0.256104
1 0.260817 0.581197 0.0378606 0.0491453 0.313232
1 0.844952 0.928419 0.0384615 0.0491453 0.262939
1 0.581731 0.826923 0.0348558 0.042735 0.26123
1 0.259014 0.583333 0.0372596 0.0534188 0.253174
1 0.260517 0.580128 0.0408654 0.051282 0.256836
1 0.261118 0.580662 0.0348558 0.042735 0.2854
1 0.844952 0.929487 0.0336538 0.042735 0.252441
1 0.259165 0.581731 0.0375601 0.0502137 0.259766
1 0.258564 0.583333 0.0369591 0.0491453 0.269043
1 0.842548 0.932158 0.0360577 0.0459401 0.277588
1 0.259014 0.584402 0.0360577 0.051282 0.255371
1 0.259916 0.580128 0.0390625 0.0544872 0.272705
1 0.182993 0.0371261 0.0234375 0.0562233 0.251709
1 0.259165 0.580128 0.0375601 0.0534188 0.270508
1 0.259165 0.581731 0.0369591 0.0512821 0.29834
1 0.842548 0.932692 0.0360577 0.0470085 0.253906
1 0.182542 0.0382612 0.0255409 0.058093 0.250977
1 0.259615 0.581197 0.0390625 0.0512821 0.27124
1 0.260066 0.57906 0.0399639 0.051282 0.269775
1 0.182542 0.0371928 0.0252404 0.0530182 0.275879
1 0.259315 0.57906 0.0366586 0.0491453 0.269043
1 0.259465 0.57906 0.0381611 0.0502137 0.280518
1 0.181641 0.0356571 0.0249399 0.0526175 0.259766
1 0.842548 0.928419 0.0372597 0.0438034 0.256836
1 0.843149 0.928419 0.0360578 0.0448719 0.293457
1 0.939904 0.156384 0.0492788 0.117521 0.279053
1 0.259165 0.580128 0.0357572 0.0502137 0.252441
1 0.259014 0.582265 0.0360577 0.0491453 0.287842
1 0.843149 0.929487 0.0348557 0.042735 0.268066
1 0.182993 0.0379941 0.0228365 0.0538194 0.253906
1 0.940505 0.158921 0.0504807 0.119658 0.306641
1 0.842548 0.928953 0.0360577 0.0438035 0.282959
1 0.182091 0.0360577 0.0216346 0.0534188 0.265869
1 0.259165 0.57906 0.0369591 0.0523504 0.252441
1 0.938702 0.159188 0.0516827 0.120192 0.321777
1 0.259615 0.578526 0.0384615 0.0502137 0.267334
1 0.259766 0.582265 0.0375601 0.0555556 0.253906
1 0.259014 0.580128 0.0402644 0.0534188 0.291016
1 0.182843 0.0351396 0.0240385 0.0515158 0.265137
1 0.843149 0.929487 0.0360578 0.0470086 0.259033
1 0.259615 0.57906 0.0396635 0.051282 0.286865
1 0.939904 0.159722 0.0516827 0.123932 0.273682
1 0.84375 0.929487 0.0336538 0.0448719 0.255371
1 0.258714 0.580128 0.0390625 0.051282 0.275146
1 0.843149 0.929487 0.0348557 0.0470086 0.27124
1 0.182542 0.0370092 0.0216346 0.0509816 0.269775
1 0.940505 0.163462 0.0492788 0.118056 0.268066
1 0.939904 0.163729 0.0480769 0.116453 0.253906
1 0.939904 0.160524 0.0456731 0.11485 0.259033
1 0.182392 0.0390625 0.0234375 0.0530182 0.253174
1 0.842548 0.931624 0.0336538 0.0438034 0.264404
1 0.183143 0.0380609 0.0210336 0.0499466 0.259033
1 0.941106 0.161993 0.0480769 0.116186 0.319092
1 0.259014 0.580662 0.0378606 0.0512821 0.258301
1 0.940505 0.161325 0.0480769 0.11485 0.253174
1 0.259465 0.580128 0.0381611 0.0544872 0.251709
1 0.941106 0.157853 0.0480769 0.11485 0.32251
1 0.259315 0.57906 0.0372596 0.051282 0.291016
1 0.842548 0.933761 0.0348558 0.0470085 0.272705
1 0.183293 0.0376436 0.0228365 0.0502471 0.262207
1 0.259315 0.576923 0.0384615 0.051282 0.259033
1 0.258864 0.580128 0.038161 0.0534188 0.269775
1 0.940505 0.163061 0.0504807 0.120459 0.343262
1 0.939303 0.163061 0.0492788 0.118857 0.308105
1 0.259916 0.581197 0.0378606 0.0555556 0.269043
1 0.259615 0.577457 0.0384615 0.0544872 0.251709
1 0.259615 0.577991 0.0384615 0.0534188 0.260498
1 0.35637 0.147837 0.0264423 0.0373932 0.252441
1 0.259615 0.576923 0.0390625 0.0555556 0.35498
1 0.182091 0.0333701 0.0234375 0.0510483 0.317383
1 0.841947 0.936966 0.0348557 0.0448718 0.296631
1 0.938702 0.161058 0.0504807 0.11859 0.267334
1 0.259916 0.577991 0.0384615 0.0523504 0.381104
1 0.182993 0.0345219 0.0228365 0.0502137 0.325195
1 0.842548 0.939637 0.0336538 0.0470085 0.26123
1 0.259916 0.578526 0.0390625 0.0534188 0.381104
1 0.182993 0.0344551 0.0246394 0.0531517 0.321777
1 0.847356 0.938568 0.0360578 0.048077 0.29248
1 0.939904 0.160256 0.0480769 0.118056 0.287842
1 0.260216 0.57906 0.0378606 0.051282 0.410156
1 0.182692 0.0346555 0.0234375 0.0502137 0.35498
1 0.847356 0.936966 0.0360578 0.0470085 0.309814
1 0.35637 0.151977 0.0276442 0.0357906 0.287842
1 0.311298 0.211939 0.0192308 0.0494124 0.265137
1 0.260066 0.577991 0.0381611 0.051282 0.44751
1 0.182993 0.0326022 0.0228365 0.0496461 0.379395
1 0.842548 0.936966 0.0336538 0.0448718 0.343262
1 0.939904 0.158787 0.0492788 0.118857 0.315674
1 0.58113 0.833868 0.0348558 0.0373932 0.26123
1 0.356971 0.153312 0.0264423 0.0347222 0.253174
1 0.939303 0.804487 0.0348557 0.0662393 0.253174
1 0.337139 0.0167268 0.0216346 0.0334535 0.251709
1 0.259916 0.577991 0.0384615 0.051282 0.400635
1 0.182091 0.0331864 0.0219351 0.0492788 0.361084
1 0.842548 0.9375 0.0336538 0.0459401 0.312256
1 0.335938 0.0177618 0.0216346 0.0355235 0.276611
1 0.355769 0.154113 0.0264423 0.036859 0.250244
1 0.260066 0.576923 0.0381611 0.0502137 0.472656
1 0.182993 0.032719 0.0228365 0.0491453 0.406494
1 0.842548 0.935898 0.0336538 0.0448718 0.388672
1 0.939904 0.158654 0.0480769 0.115919 0.374756
1 0.337139 0.0168269 0.0228365 0.0336538 0.330322
1 0.939904 0.803419 0.0336538 0.0662393 0.31665
1 0.35637 0.152778 0.0276442 0.0363248 0.314941
1 0.58113 0.832799 0.0348558 0.0395299 0.272705
1 0.264423 0.460203 0.0276442 0.0389957 0.263672
1 0.688702 0.918803 0.0252404 0.0363248 0.256836
1 0.857572 0.803953 0.0348557 0.0373931 0.253174
1 0.259916 0.576923 0.0378606 0.0502137 0.429199
1 0.183293 0.0329861 0.0228365 0.0502137 0.384033
1 0.842548 0.934829 0.0336538 0.0448718 0.352295
1 0.939904 0.157719 0.0480769 0.113782 0.339844
1 0.337139 0.0175614 0.0228365 0.0351229 0.326904
1 0.939904 0.80235 0.0348557 0.0662393 0.309082
1 0.35637 0.152778 0.0264423 0.036859 0.299805
1 0.857572 0.804487 0.0336539 0.0384615 0.265137
1 0.58113 0.832799 0.0348558 0.0395299 0.259033
1 0.264123 0.459936 0.0276442 0.0395299 0.251709
1 0.259315 0.576923 0.0390625 0.0491453 0.462891
1 0.182692 0.0341213 0.023137 0.0500801 0.401611
1 0.939904 0.159455 0.0504807 0.115385 0.373047
1 0.842548 0.936966 0.0348558 0.0448718 0.370117
1 0.336538 0.0178953 0.0228365 0.0357906 0.324219
1 0.939904 0.805556 0.0348557 0.0662393 0.309082
1 0.580529 0.833333 0.0348558 0.0384616 0.283691
1 0.35607 0.153579 0.0270433 0.0363248 0.275879
1 0.259615 0.577991 0.0384615 0.051282 0.47168
1 0.939904 0.159722 0.0492788 0.116987 0.422607
1 0.182692 0.0319845 0.0246394 0.0500801 0.39502
1 0.841947 0.936966 0.0348557 0.0470085 0.379395
1 0.355769 0.154247 0.0276442 0.036859 0.325195
1 0.336538 0.0177618 0.0234375 0.0355235 0.320068
1 0.938702 0.803419 0.0336538 0.0641025 0.312256
1 0.58113 0.832265 0.0348558 0.0405983 0.30249
1 0.263522 0.461271 0.0282452 0.0395299 0.262207
1 0.688702 0.918803 0.0264423 0.0363248 0.253174
1 0.259916 0.577991 0.0384615 0.051282 0.458984
1 0.941106 0.158253 0.0480769 0.115385 0.38501
1 0.182843 0.0352564 0.0225361 0.0507479 0.38208
1 0.842548 0.936966 0.0336538 0.0448718 0.367432
1 0.939904 0.80235 0.0336538 0.0641025 0.306641
1 0.35637 0.153579 0.0264423 0.0363248 0.296631
1 0.581881 0.832265 0.0333534 0.0384615 0.286865
1 0.337139 0.0178285 0.0216346 0.0356571 0.2854
1 0.264724 0.46047 0.0270433 0.0400641 0.262939
1 0.688702 0.919338 0.0240385 0.0352564 0.253906
1 0.259916 0.577991 0.0390625 0.051282 0.467773
1 0.940505 0.161592 0.0504807 0.121261 0.443604
1 0.183293 0.0363248 0.0240385 0.0515492 0.379395
1 0.846755 0.938034 0.0360577 0.0470085 0.365723
1 0.940505 0.804487 0.0348557 0.0662393 0.30249
1 0.581731 0.833333 0.0348558 0.0405983 0.29834
1 0.35637 0.154647 0.0276442 0.0373932 0.280518
1 0.33744 0.0184963 0.0234375 0.0369925 0.269775
1 0.310998 0.215011 0.0204327 0.0507479 0.265869
1 0.264724 0.461004 0.0276443 0.0405983 0.26123
1 0.688702 0.918803 0.0252404 0.0363248 0.258301
1 0.259916 0.577991 0.0384615 0.0491453 0.467773
1 0.939904 0.16266 0.0504807 0.11859 0.445557
1 0.183293 0.0363081 0.0240385 0.0507812 0.391357
1 0.84375 0.939103 0.0336538 0.0448718 0.358398
1 0.940505 0.804487 0.0348557 0.0662393 0.311523
1 0.581731 0.833333 0.0348558 0.0395299 0.279785
1 0.688702 0.918803 0.0252404 0.0363248 0.274414
1 0.33774 0.0189637 0.0240385 0.0379274 0.269043
1 0.356671 0.155182 0.0282452 0.0379274 0.259766
1 0.939904 0.162126 0.0504807 0.117521 0.487305
1 0.260066 0.57906 0.0381611 0.051282 0.478516
1 0.183143 0.0367087 0.023738 0.0513154 0.410156
1 0.847356 0.938034 0.0360578 0.0448718 0.367432
1 0.940505 0.804487 0.0348557 0.0662393 0.311523
1 0.35637 0.154647 0.0282452 0.036859 0.295898
1 0.337139 0.0183627 0.0228365 0.0367254 0.283691
1 0.58113 0.833333 0.0348558 0.0395299 0.281494
1 0.688702 0.918803 0.0240385 0.0363248 0.268066
1 0.310697 0.215545 0.0204327 0.0496795 0.262939
1 0.264423 0.461538 0.0276442 0.0389957 0.256836
1 0.260066 0.578526 0.038762 0.0502137 0.458984
1 0.940505 0.16226 0.0492788 0.116186 0.437744
1 0.183143 0.0365251 0.0246394 0.0514156 0.38208
1 0.842548 0.938568 0.0348558 0.0448718 0.344238
1 0.942308 0.80235 0.0336539 0.0619658 0.301514
1 0.688702 0.918803 0.0264423 0.0363248 0.268066
1 0.35607 0.154781 0.0294471 0.0376602 0.265869
1 0.581881 0.833333 0.0357572 0.0395299 0.259033
1 0.337139 0.01873 0.0240385 0.0374599 0.253906
1 0.259916 0.577991 0.0384615 0.051282 0.481445
1 0.939904 0.163194 0.0492788 0.118056 0.436768
1 0.183293 0.0365251 0.0240385 0.0514156 0.405518
1 0.842548 0.938034 0.0348558 0.0448718 0.369385
1 0.942308 0.80235 0.0336539 0.0619658 0.309814
1 0.688702 0.918803 0.0264423 0.0363248 0.290283
1 0.35637 0.154647 0.0288461 0.0373932 0.277588
1 0.581881 0.833333 0.0357572 0.0395299 0.277588
1 0.337139 0.0186632 0.0240385 0.0373264 0.26123
1 0.264123 0.461538 0.0282452 0.0400641 0.255371
1 0.856971 0.809829 0.0336538 0.0320513 0.252441
1 0.310697 0.215144 0.0204327 0.0504808 0.250977
1 0.260066 0.578526 0.0381611 0.051282 0.467773
1 0.940505 0.163194 0.0492788 0.116987 0.424316
1 0.183293 0.0366587 0.0240385 0.0512821 0.383057
1 0.842548 0.938568 0.0336538 0.0438034 0.35498
1 0.942308 0.801282 0.0336539 0.0619658 0.2854
1 0.581731 0.833333 0.0348558 0.0384616 0.262939
1 0.688702 0.918803 0.0252404 0.0363248 0.262207
1 0.259916 0.57906 0.0384615 0.051282 0.486328
1 0.939904 0.162927 0.0504807 0.116453 0.412109
1 0.183293 0.0366587 0.0240385 0.0511485 0.403564
1 0.842548 0.939103 0.0348558 0.0448718 0.371094
1 0.942308 0.801816 0.0348557 0.0598291 0.291016
1 0.58113 0.833333 0.0348558 0.0384616 0.277588
1 0.688702 0.918803 0.0252404 0.0352564 0.275146
1 0.35637 0.155182 0.0288461 0.0373932 0.266602
1 0.337139 0.0186966 0.0240385 0.0373932 0.259033
1 0.310998 0.215545 0.0204327 0.0496795 0.258301
1 0.259916 0.577991 0.0384615 0.051282 0.400635
1 0.182091 0.0331864 0.0219351 0.0492788 0.361084
1 0.842548 0.9375 0.0336538 0.0459401 0.312256
1 0.335938 0.0177618 0.0216346 0.0355235 0.277588
1 0.355769 0.154113 0.0264423 0.036859 0.250244
