1 0.722356 0.729701 0.0384615 0.0619658 0.304932
1 0.53095 0.518162 0.0180288 0.0491453 0.273682
1 0.51863 0.65812 0.047476 0.0534188 0.250977
1 0.722356 0.751068 0.0336538 0.059829 0.252441
1 0.722957 0.733974 0.0396635 0.0662393 0.341553
1 0.528846 0.525641 0.0204327 0.0555556 0.280518
1 0.722957 0.749466 0.0420673 0.0673077 0.380371
1 0.722356 0.75 0.0384615 0.0619658 0.299805
1 0.528846 0.541667 0.0234375 0.0491453 0.258301
1 0.530048 0.543803 0.0204327 0.0491453 0.275146
1 0.723558 0.747863 0.0384615 0.059829 0.262939
1 0.724159 0.751068 0.046875 0.0747863 0.291016
1 0.720553 0.75 0.0432692 0.0608975 0.269775
1 0.519231 0.686966 0.0564904 0.0662393 0.254639
1 0.723558 0.747329 0.0408654 0.0619659 0.328613
1 0.520733 0.685363 0.0576923 0.0662393 0.320801
1 0.722356 0.753205 0.0384615 0.0662393 0.256836
1 0.530048 0.544872 0.0216346 0.051282 0.254639
1 0.723558 0.746795 0.0420673 0.0694444 0.265869
1 0.520733 0.683761 0.0570914 0.0683761 0.26123
1 0.520132 0.686966 0.0564904 0.0694445 0.271973
1 0.528846 0.544872 0.0210337 0.0555556 0.256836
1 0.723558 0.752137 0.0408654 0.0683761 0.256836
1 0.723558 0.75 0.0384615 0.0630342 0.296631
1 0.977163 0.622863 0.0456731 0.162393 0.305664
1 0.722356 0.748932 0.0408654 0.0705128 0.281494
1 0.978966 0.619658 0.0420673 0.138889 0.259033
1 0.722356 0.752671 0.0408654 0.0683761 0.270508
1 0.723558 0.751603 0.0408654 0.065171 0.265137
1 0.528245 0.542735 0.0204327 0.051282 0.256104
1 0.977464 0.620192 0.0450721 0.144231 0.307373
1 0.722356 0.754273 0.0384615 0.0683761 0.29248
1 0.722957 0.752137 0.0408654 0.0641026 0.268066
1 0.723558 0.752137 0.0408654 0.0641026 0.294922
1 0.521635 0.688034 0.0564904 0.0598291 0.266602
1 0.722356 0.751603 0.0396635 0.065171 0.299072
1 0.528546 0.543803 0.0222356 0.0491453 0.274414
1 0.722356 0.753205 0.0408654 0.0641026 0.265869
1 0.528245 0.544338 0.0228365 0.0480769 0.269043
1 0.722356 0.751068 0.0432693 0.0662393 0.252441
1 0.688702 0.946581 0.0889423 0.106838 0.295898
1 0.722356 0.754273 0.0408654 0.0641026 0.252441
1 0.723558 0.750534 0.0432693 0.0683761 0.280518
1 0.528245 0.544338 0.0204327 0.051282 0.258301
1 0.722356 0.75 0.0408654 0.0641025 0.251709
1 0.723558 0.753205 0.0408654 0.0683761 0.265869
1 0.528546 0.542735 0.0216346 0.0470086 0.251709
1 0.723558 0.747863 0.0408654 0.0705129 0.306641
1 0.519832 0.685898 0.0588943 0.0619658 0.264404
1 0.528846 0.544338 0.0192307 0.0459402 0.26123
1 0.722356 0.750534 0.0408654 0.0683761 0.253906
1 0.528846 0.544872 0.0204327 0.0491453 0.252441
1 0.722356 0.753205 0.0408654 0.0683761 0.259766
1 0.722356 0.75 0.0408654 0.0694444 0.259766
1 0.722356 0.746261 0.0456731 0.0726496 0.274414
1 0.721154 0.747863 0.0408654 0.0758547 0.254639
1 0.721154 0.746795 0.0456731 0.0747864 0.30249
1 0.688702 0.949786 0.0877404 0.100427 0.282227
1 0.719952 0.746795 0.0432692 0.0705128 0.268066
1 0.722356 0.75 0.0408654 0.0683761 0.250244
1 0.722356 0.75 0.0408654 0.0705128 0.306641
1 0.529447 0.544872 0.0210337 0.0491453 0.262939
1 0.721154 0.749466 0.0432692 0.073718 0.269775
1 0.719952 0.748932 0.0408654 0.0705128 0.271973
1 0.686899 0.948451 0.0961538 0.103098 0.304932
1 0.719952 0.748932 0.0408654 0.0694444 0.262939
1 0.721154 0.748932 0.0432692 0.0683761 0.2854
1 0.721154 0.748932 0.0456731 0.0705128 0.273682
1 0.528846 0.542735 0.0204327 0.0470086 0.256104
1 0.719952 0.75 0.0432692 0.0715812 0.352295
1 0.528245 0.542735 0.0216346 0.0491453 0.331055
1 0.442007 0.655983 0.03125 0.0641026 0.272705
1 0.722356 0.747329 0.0408654 0.0694444 0.384033
1 0.529447 0.541667 0.0204327 0.0470086 0.352295
1 0.721154 0.751068 0.0444711 0.0683761 0.387695
1 0.528846 0.541667 0.0216346 0.0491453 0.336426
1 0.0451472 0.863248 0.0617488 0.0747863 0.290283
1 0.44381 0.65812 0.030649 0.0641026 0.282959
1 0.159405 0.560897 0.0195312 0.0448718 0.260498
1 0.722356 0.75 0.0408654 0.0662393 0.412109
1 0.528846 0.540598 0.0210337 0.0470085 0.363037
1 0.159706 0.559829 0.0186298 0.0448718 0.311523
1 0.444111 0.659188 0.0288462 0.0598291 0.304932
1 0.722356 0.748398 0.0408654 0.0662393 0.438721
1 0.529447 0.538996 0.0204327 0.0480769 0.399902
1 0.0430439 0.865919 0.058744 0.0694444 0.327637
1 0.159555 0.561966 0.0168269 0.0416667 0.319092
1 0.326923 0.53312 0.0504808 0.0534188 0.306641
1 0.442909 0.660256 0.0288462 0.0576923 0.306641
1 0.722356 0.748398 0.0408654 0.0662393 0.384033
1 0.528245 0.538996 0.0198318 0.0470086 0.37207
1 0.159255 0.561966 0.0174279 0.042735 0.308105
1 0.44351 0.660256 0.0276443 0.0576923 0.297363
1 0.722356 0.749466 0.0408654 0.0673077 0.463867
1 0.529447 0.53953 0.0204327 0.0459401 0.419678
1 0.159856 0.560897 0.0186298 0.0438034 0.361084
1 0.44381 0.660256 0.0294471 0.0576923 0.346924
1 0.327524 0.532586 0.0492788 0.0512821 0.303223
1 0.044997 0.864316 0.0585938 0.0705128 0.264404
1 0.524038 0.685898 0.046875 0.0619658 0.256104
1 0.722356 0.748932 0.0408654 0.0662393 0.419678
1 0.529447 0.540598 0.0204327 0.0470085 0.373779
1 0.159555 0.561966 0.0183293 0.0448718 0.330322
1 0.44381 0.660256 0.0288461 0.0576923 0.318359
1 0.326923 0.53312 0.0492788 0.0534188 0.313965
1 0.0450721 0.86218 0.0551382 0.0683761 0.280518
1 0.524038 0.685363 0.0456731 0.0608974 0.257568
1 0.722356 0.748932 0.0408654 0.0641025 0.436768
1 0.528846 0.53953 0.0192307 0.0448718 0.403564
1 0.159706 0.560897 0.0189303 0.0448718 0.357666
1 0.444111 0.659722 0.0288462 0.0566239 0.342529
1 0.326923 0.53312 0.0492788 0.0512821 0.262207
1 0.0442458 0.864316 0.0548377 0.0683761 0.256104
1 0.528846 0.538462 0.0216346 0.0448718 0.435059
1 0.722356 0.747863 0.0408654 0.065171 0.431152
1 0.159405 0.560897 0.0186298 0.0448718 0.38208
1 0.444111 0.659188 0.0288462 0.0576923 0.342529
1 0.327524 0.53312 0.0498798 0.0534188 0.301514
1 0.522837 0.685363 0.0492788 0.0619658 0.299805
1 0.0452036 0.865385 0.0541241 0.0683761 0.299072
1 0.722356 0.75 0.0408654 0.0662393 0.446533
1 0.528846 0.53953 0.0204327 0.0448718 0.42334
1 0.159856 0.560897 0.0183293 0.0438034 0.384033
1 0.444111 0.660256 0.0288462 0.0566239 0.34082
1 0.0450721 0.86485 0.0570914 0.0683761 0.313232
1 0.528846 0.53953 0.0216346 0.0470085 0.443604
1 0.722356 0.749466 0.0408654 0.0662393 0.439697
1 0.159555 0.560897 0.0186298 0.0448718 0.379395
1 0.444111 0.660791 0.0288462 0.0576923 0.343262
1 0.0453914 0.865919 0.0579552 0.0705129 0.280518
1 0.326923 0.53312 0.0504808 0.0555556 0.27832
1 0.529447 0.53953 0.0216346 0.0459401 0.451416
1 0.722356 0.749466 0.0408654 0.0651709 0.440674
1 0.159856 0.561966 0.0180289 0.042735 0.356689
1 0.44351 0.660256 0.0294471 0.0619658 0.338867
1 0.0450721 0.866453 0.0561899 0.0705128 0.29248
1 0.326923 0.533654 0.0504808 0.0555556 0.291016
1 0.529147 0.540598 0.0204327 0.0459401 0.460938
1 0.722356 0.75 0.0408654 0.0662393 0.453369
1 0.159255 0.561432 0.0180288 0.0438034 0.361084
1 0.440204 0.662393 0.0294471 0.0576923 0.342529
1 0.045598 0.863782 0.0575421 0.0715812 0.314941
1 0.326923 0.533654 0.0504808 0.0555556 0.305664
1 0.523438 0.688034 0.047476 0.0619658 0.270508
1 0.529147 0.540598 0.0216346 0.0470085 0.44165
1 0.722356 0.749466 0.0408654 0.0651709 0.427246
1 0.158954 0.561432 0.0186298 0.0438034 0.346924
1 0.442909 0.660791 0.0300481 0.0630342 0.334473
1 0.0446214 0.865385 0.0573918 0.0705128 0.320068
1 0.327524 0.53312 0.0504808 0.0555556 0.290283
1 0.529147 0.53953 0.0216346 0.0491453 0.454346
1 0.722356 0.748932 0.0408654 0.0662393 0.44458
1 0.159105 0.560897 0.0186298 0.0438034 0.369385
1 0.442909 0.661325 0.0300481 0.0630342 0.351318
1 0.327524 0.534188 0.0498798 0.0555556 0.317383
1 0.0446402 0.866453 0.0555514 0.073718 0.304932
1 0.529447 0.540064 0.0216346 0.0480769 0.44165
1 0.722356 0.748932 0.0408654 0.065171 0.428223
1 0.159255 0.561966 0.0186298 0.042735 0.344238
1 0.443209 0.660256 0.0300481 0.0619658 0.336426
1 0.0447529 0.865919 0.0568284 0.0726496 0.29248
1 0.327524 0.53312 0.0504808 0.0534188 0.280518
1 0.529447 0.540064 0.0216346 0.0470085 0.459961
1 0.722356 0.749466 0.0408654 0.0651709 0.44165
1 0.159255 0.561966 0.0186298 0.042735 0.360352
1 0.442909 0.660256 0.0300481 0.0619658 0.342529
1 0.0449219 0.866453 0.0570913 0.0726496 0.305664
1 0.327224 0.533654 0.0504807 0.0544872 0.276611
1 0.722356 0.748398 0.0408654 0.0662393 0.384033
1 0.528245 0.538996 0.0198318 0.0470086 0.37207
1 0.159255 0.561966 0.0174279 0.042735 0.309082
1 0.44351 0.660256 0.0276443 0.0576923 0.297363
