1 0.490986 0.792201 0.0252404 0.0491453 0.309082
1 0.487981 0.798611 0.03125 0.0512821 0.265869
1 0.665865 0.793803 0.0240385 0.0705128 0.255371
1 0.726562 0.750534 0.03125 0.0619659 0.267334
1 0.664062 0.799145 0.0264423 0.0619659 0.255371
1 0.663462 0.797009 0.03125 0.0662393 0.251709
1 0.663462 0.798077 0.0288462 0.0619659 0.264404
1 0.664663 0.799145 0.0276442 0.0641026 0.271973
1 0.664663 0.797543 0.0300481 0.0630342 0.259033
1 0.664062 0.800214 0.0288462 0.0630342 0.293457
1 0.664062 0.797543 0.0276443 0.0641025 0.27124
1 0.663462 0.79968 0.0264423 0.0662393 0.273682
1 0.664062 0.799145 0.0240385 0.0662393 0.281494
1 0.663462 0.797009 0.0300481 0.0662393 0.264404
1 0.664663 0.797543 0.0288462 0.0683761 0.255371
1 0.663462 0.797543 0.0288462 0.0673077 0.264404
1 0.664663 0.798611 0.0276442 0.0608975 0.264404
1 0.664663 0.797009 0.0288462 0.0662393 0.262207
1 0.664663 0.798077 0.0264423 0.0641026 0.288574
1 0.664663 0.798077 0.0288462 0.0662393 0.254639
1 0.664062 0.797543 0.0288462 0.0694444 0.289307
1 0.664663 0.79594 0.0288462 0.0662393 0.263672
1 0.663462 0.792735 0.0288462 0.0662393 0.266602
1 0.663462 0.793269 0.0288462 0.065171 0.312256
1 0.663462 0.807692 0.0288462 0.0662393 0.313965
1 0.465144 0.233974 0.0360577 0.0544872 0.263672
1 0.664062 0.797543 0.0288462 0.0662393 0.344238
1 0.727163 0.758547 0.0336539 0.0683761 0.279785
1 0.464543 0.234041 0.0360577 0.0543536 0.26123
1 0.663462 0.79968 0.0288462 0.065171 0.370117
1 0.465144 0.234509 0.0348558 0.0502137 0.287842
1 0.663462 0.800214 0.0288462 0.0641026 0.403564
1 0.464543 0.233974 0.0372596 0.0534188 0.330322
1 0.726562 0.757479 0.0336538 0.0662393 0.277588
1 0.663462 0.79968 0.0288462 0.0630342 0.384033
1 0.465144 0.232839 0.0348558 0.0514156 0.301514
1 0.664062 0.800214 0.0288462 0.0641026 0.430176
1 0.465144 0.233707 0.0354567 0.0502137 0.345215
1 0.727163 0.758547 0.0336539 0.0673077 0.301514
1 0.664062 0.800214 0.0288462 0.0641026 0.39502
1 0.464543 0.234776 0.0366586 0.0518162 0.311523
1 0.727163 0.758547 0.0324519 0.0673077 0.291748
1 0.664062 0.801816 0.0276443 0.0619659 0.40918
1 0.464543 0.232839 0.0360577 0.0492788 0.339844
1 0.728365 0.759615 0.0336539 0.0662393 0.299805
1 0.663462 0.800748 0.0288462 0.0641026 0.440674
1 0.465144 0.232839 0.0360577 0.0503472 0.357666
1 0.727163 0.758547 0.0336539 0.0662393 0.326904
1 0.664663 0.800214 0.0288462 0.0641026 0.429199
1 0.465144 0.23344 0.0348558 0.0502137 0.330322
1 0.727764 0.758547 0.0336539 0.0662393 0.290283
1 0.664663 0.804487 0.0288462 0.0641025 0.430176
1 0.465144 0.234241 0.0372596 0.0518162 0.33374
1 0.727764 0.760684 0.0336539 0.0662393 0.311523
1 0.663462 0.805021 0.0288462 0.0651709 0.42334
1 0.465144 0.233974 0.0372596 0.0507479 0.339844
1 0.727163 0.760684 0.0336539 0.0662393 0.294922
1 0.664062 0.803419 0.0288462 0.0641025 0.433105
1 0.465144 0.234241 0.0360577 0.0507479 0.35498
1 0.728365 0.76015 0.0336539 0.0673077 0.295898
1 0.664062 0.803419 0.0300481 0.0641025 0.414795
1 0.465445 0.233373 0.0366587 0.0503472 0.334473
1 0.727163 0.76015 0.0336539 0.0673077 0.287842
1 0.664062 0.803419 0.0288462 0.0641025 0.438721
1 0.465144 0.233173 0.0366587 0.0512821 0.348633
1 0.727163 0.759615 0.0336539 0.0673077 0.303223
1 0.664663 0.803419 0.0288462 0.0641025 0.414795
1 0.465745 0.23344 0.0360577 0.0507479 0.331055
1 0.727163 0.759615 0.0336539 0.0662393 0.275879
1 0.664062 0.803953 0.0288462 0.0641026 0.431152
1 0.465445 0.233707 0.0366587 0.0502137 0.350342
1 0.727163 0.759615 0.0336539 0.0662393 0.295898
1 0.663462 0.79968 0.0288462 0.0630342 0.38501
1 0.465144 0.233173 0.0348558 0.0512821 0.301514
