1 0.464543 0.0508647 0.0534856 0.0665398 0.262207
1 0.467548 0.0493456 0.046875 0.0546207 0.282959
1 0.469351 0.0641026 0.0444712 0.0638355 0.282227
1 0.46845 0.0631677 0.0426683 0.0550214 0.254639
1 0.467248 0.068109 0.046875 0.0608974 0.263672
1 0.467548 0.0520166 0.0504807 0.0599626 0.260498
1 0.465144 0.0669738 0.0486779 0.0596955 0.265137
1 0.467548 0.0518162 0.0432693 0.056891 0.254639
1 0.468149 0.06664 0.0426682 0.0520833 0.299805
1 0.46875 0.0662393 0.046875 0.0523504 0.282227
1 0.466947 0.0640358 0.0450721 0.0575588 0.318359
1 0.466947 0.0690438 0.0444712 0.0544872 0.294189
1 0.466346 0.0663061 0.0480769 0.0551549 0.286865
1 0.466346 0.0687767 0.0456731 0.0520833 0.27832
1 0.466947 0.0695112 0.0444712 0.0532853 0.287842
1 0.466947 0.0540198 0.046875 0.0616987 0.306641
1 0.466346 0.065438 0.047476 0.0552885 0.258301
1 0.466947 0.0663729 0.046875 0.0499466 0.26123
1 0.468149 0.0669738 0.0438702 0.0567575 0.270508
1 0.466947 0.0658387 0.046875 0.0550214 0.27832
1 0.467849 0.0639022 0.048077 0.0548878 0.341553
1 0.608774 0.209001 0.0384615 0.0606303 0.253174
1 0.466346 0.0658387 0.046875 0.053953 0.321777
1 0.466947 0.0655048 0.046875 0.0527511 0.286865
1 0.467548 0.0682425 0.0444712 0.0544872 0.256836
1 0.466947 0.0661058 0.046875 0.0542201 0.256104
1 0.466046 0.0659722 0.0450721 0.0520833 0.254639
1 0.606971 0.21047 0.0384615 0.0614316 0.265869
1 0.607572 0.211271 0.0360577 0.0608974 0.299805
1 0.466346 0.0646368 0.046274 0.0512821 0.269043
1 0.607572 0.210337 0.0372596 0.0611645 0.264404
1 0.607572 0.211806 0.0396635 0.0635684 0.280518
1 0.465144 0.0634348 0.046875 0.0566239 0.27124
1 0.606971 0.211538 0.0384615 0.0630342 0.264404
1 0.465745 0.0637019 0.046875 0.056891 0.262207
1 0.465745 0.0629006 0.046274 0.0542201 0.259766
1 0.465745 0.0508814 0.0480769 0.0552885 0.26123
1 0.606971 0.20633 0.0372596 0.0616987 0.320068
1 0.466046 0.0630342 0.046274 0.0520833 0.262939
1 0.607572 0.209402 0.0360577 0.0625 0.325928
1 0.466346 0.0622329 0.046875 0.0534188 0.310791
1 0.728365 0.129941 0.0288461 0.0504808 0.254639
1 0.607572 0.211672 0.0372596 0.0627671 0.362061
1 0.465745 0.0596955 0.0480769 0.0534188 0.290283
1 0.606971 0.210604 0.0360577 0.0616987 0.369385
1 0.466346 0.0626335 0.0456731 0.0512821 0.337158
1 0.728365 0.13141 0.030048 0.0507479 0.250244
1 0.606971 0.208333 0.0360577 0.0608974 0.406494
1 0.465745 0.0618323 0.0480769 0.0536859 0.369385
1 0.727764 0.129274 0.0300481 0.0518162 0.294922
1 0.607572 0.209402 0.0360577 0.0625 0.356689
1 0.466346 0.0611645 0.0456731 0.051015 0.325928
1 0.728365 0.129808 0.0288461 0.0518162 0.256104
1 0.607572 0.210337 0.0372596 0.0622329 0.422607
1 0.466346 0.0603633 0.0456731 0.0504808 0.406494
1 0.728365 0.129541 0.0288461 0.0502137 0.309082
1 0.606971 0.209135 0.0360577 0.0625 0.407227
1 0.466046 0.0604968 0.046274 0.0523504 0.37207
1 0.728365 0.129541 0.0288461 0.0502137 0.274414
1 0.606971 0.209936 0.0360577 0.0608974 0.401611
1 0.465745 0.0611645 0.0456731 0.0486111 0.397949
1 0.728966 0.129941 0.0300481 0.0499466 0.2854
1 0.606971 0.209001 0.0360577 0.0611645 0.413086
1 0.465745 0.0602297 0.0456731 0.0507479 0.410156
1 0.728365 0.129274 0.0288461 0.0496795 0.308105
1 0.607572 0.209402 0.0360577 0.0625 0.404541
1 0.466947 0.0612981 0.0456731 0.0499466 0.386719
1 0.728365 0.131143 0.0288461 0.0502137 0.266602
1 0.466346 0.0612981 0.046274 0.0526175 0.414795
1 0.607572 0.209669 0.0372596 0.0630342 0.414795
1 0.728966 0.130609 0.0300481 0.0515491 0.275146
1 0.466046 0.061031 0.046875 0.051015 0.435059
1 0.606971 0.21047 0.0360577 0.0625 0.421631
1 0.728365 0.130342 0.0288461 0.0502137 0.29834
1 0.465745 0.0627671 0.046875 0.0518162 0.453369
1 0.607572 0.210203 0.0360577 0.0619658 0.425293
1 0.728365 0.131944 0.0288461 0.051015 0.321777
1 0.466647 0.0615652 0.046274 0.0506143 0.434082
1 0.606971 0.210203 0.0360577 0.0619658 0.391357
1 0.728365 0.13101 0.0288461 0.0507479 0.304932
1 0.466346 0.0620326 0.0456731 0.0508814 0.450439
1 0.606971 0.209936 0.0360577 0.0619658 0.410156
1 0.728365 0.130876 0.0288461 0.051282 0.332764
1 0.466346 0.061899 0.0456731 0.0503472 0.420654
1 0.606971 0.210203 0.0360577 0.0619658 0.387695
1 0.728365 0.131143 0.0288461 0.0507479 0.301514
1 0.466046 0.0616987 0.046274 0.0504808 0.439697
1 0.606971 0.210069 0.0360577 0.0622329 0.408203
1 0.728365 0.131143 0.0288461 0.0507479 0.324219
1 0.607572 0.209402 0.0360577 0.0625 0.356689
1 0.466346 0.0611645 0.0456731 0.051015 0.325928
1 0.728365 0.129808 0.0288461 0.0518162 0.256104
