1 0.122897 0.0173611 0.0225361 0.0347222 0.265137
1 0.120192 0.0144899 0.0216346 0.0289797 0.252441
1 0.549279 0.854701 0.0360577 0.117521 0.265869
1 0.397236 0.818376 0.0552885 0.0833333 0.294922
1 0.121695 0.0151242 0.023137 0.0302484 0.256836
1 0.394832 0.823718 0.0516827 0.0715813 0.273682
1 0.396935 0.818376 0.0534856 0.0811966 0.27124
1 0.396034 0.821047 0.0516827 0.0801282 0.341553
1 0.121244 0.0170272 0.0240385 0.0340545 0.257568
1 0.395433 0.820513 0.0540865 0.0726496 0.29248
1 0.396034 0.819444 0.0522837 0.0726496 0.266602
1 0.395132 0.820513 0.0558894 0.0769231 0.303223
1 0.394832 0.819444 0.0540865 0.0779914 0.310791
1 0.120643 0.0162927 0.0219351 0.0325855 0.256104
1 0.39363 0.817308 0.0576923 0.0758547 0.255371
1 0.319111 0.686432 0.0180288 0.0395299 0.250244
1 0.394832 0.810898 0.0558894 0.0747863 0.264404
1 0.396635 0.821581 0.0552884 0.0811966 0.275879
1 0.394832 0.82265 0.0534856 0.076923 0.269775
1 0.394832 0.814103 0.0564904 0.0833333 0.269775
1 0.394531 0.815171 0.0546875 0.0769231 0.253174
1 0.39363 0.811966 0.0540865 0.076923 0.260498
1 0.930288 0.616453 0.03125 0.0512821 0.254639
1 0.39363 0.824252 0.0540865 0.0801281 0.250244
1 0.394231 0.821581 0.0552885 0.0790599 0.275879
1 0.394832 0.820513 0.0582933 0.0769231 0.275146
1 0.395132 0.814103 0.0552885 0.0769231 0.27124
1 0.31851 0.684295 0.0180289 0.0405983 0.255371
1 0.39363 0.817842 0.0534856 0.0705128 0.299805
1 0.317308 0.686966 0.0174279 0.0405983 0.291748
1 0.929087 0.612714 0.0324519 0.0534188 0.277588
1 0.427885 0.298611 0.03125 0.0619658 0.270508
1 0.119892 0.0152244 0.023137 0.0304487 0.256836
1 0.394832 0.821581 0.0564904 0.076923 0.362061
1 0.317909 0.686966 0.0180289 0.0405983 0.326904
1 0.930288 0.61218 0.0336538 0.0523504 0.304932
1 0.121094 0.0155248 0.0228365 0.0310497 0.275146
1 0.951322 0.264957 0.0264422 0.0512821 0.267334
1 0.429087 0.298611 0.0324519 0.0619658 0.253174
1 0.393029 0.815171 0.0552885 0.0726496 0.393311
1 0.317909 0.688034 0.0180289 0.042735 0.341553
1 0.120944 0.0154581 0.0246394 0.0309161 0.309082
1 0.930288 0.613782 0.0336538 0.0534188 0.30249
1 0.428185 0.301282 0.031851 0.0619658 0.282227
1 0.318209 0.686966 0.0180289 0.0405983 0.395996
1 0.120944 0.013989 0.023738 0.0279781 0.371094
1 0.394832 0.824252 0.0564904 0.0737179 0.370117
1 0.930288 0.615385 0.03125 0.0491453 0.341553
1 0.38762 0.563034 0.0300481 0.0363248 0.290283
1 0.428486 0.299679 0.0300481 0.0598291 0.275879
1 0.0495793 0.037944 0.0261418 0.0386952 0.267334
1 0.39393 0.82265 0.0570913 0.0726496 0.456055
1 0.318209 0.686432 0.0174279 0.0384616 0.425293
1 0.120944 0.0133547 0.0225361 0.0267094 0.362061
1 0.930288 0.61485 0.03125 0.0512821 0.361084
1 0.428185 0.29968 0.03125 0.0625 0.318359
1 0.386719 0.564103 0.0294471 0.0363248 0.313965
1 0.0504808 0.0374099 0.0255409 0.0360243 0.270508
1 0.317308 0.688034 0.0168269 0.0384615 0.402588
1 0.120155 0.0142895 0.0223107 0.0285791 0.359375
1 0.930288 0.615385 0.03125 0.0491453 0.325195
1 0.394531 0.82265 0.0570913 0.076923 0.320068
1 0.0491098 0.0394131 0.024677 0.0381611 0.283691
1 0.387019 0.564103 0.0276442 0.0363248 0.27124
1 0.39393 0.823718 0.0558894 0.0758547 0.453369
1 0.31851 0.686432 0.0168269 0.0384616 0.437744
1 0.120944 0.0138889 0.023738 0.0277778 0.404541
1 0.930288 0.616453 0.03125 0.0512821 0.368408
1 0.0498798 0.0376769 0.0262921 0.0392294 0.327637
1 0.387019 0.564103 0.0288462 0.0363248 0.31665
1 0.428185 0.299679 0.030649 0.0630342 0.284668
1 0.951322 0.264156 0.0264422 0.0512821 0.274414
1 0.395433 0.82265 0.0552885 0.0726496 0.435791
1 0.317909 0.686966 0.0168269 0.0384616 0.421631
1 0.121244 0.0146234 0.023137 0.0292468 0.408203
1 0.930288 0.616453 0.03125 0.0512821 0.341553
1 0.0498047 0.0381277 0.0258413 0.0393964 0.327637
1 0.387019 0.564103 0.0300481 0.0384615 0.309814
1 0.428486 0.300748 0.03125 0.0630342 0.303955
1 0.951923 0.264957 0.0264423 0.0512821 0.265869
1 0.394231 0.821581 0.0564904 0.0726496 0.486328
1 0.317909 0.686966 0.0168269 0.0384616 0.449463
1 0.121094 0.0145566 0.0234375 0.0291132 0.416748
1 0.930288 0.616453 0.0324519 0.0491453 0.347656
1 0.38732 0.564103 0.0300481 0.0373931 0.303223
1 0.428185 0.300748 0.03125 0.0630342 0.300781
1 0.950721 0.264423 0.0264423 0.0502137 0.264404
1 0.0495042 0.0395299 0.0258413 0.0380609 0.260498
1 0.394832 0.821047 0.0540865 0.0705128 0.50293
1 0.317308 0.685897 0.0180289 0.0405983 0.480469
1 0.120944 0.0144231 0.023137 0.0288462 0.44165
1 0.930288 0.616453 0.0324519 0.0491453 0.374756
1 0.38732 0.564103 0.0294471 0.0363248 0.329346
1 0.0495042 0.0391126 0.0271935 0.0400975 0.310791
1 0.428486 0.300481 0.030649 0.0619658 0.282959
1 0.950721 0.263622 0.0264423 0.0502137 0.250977
1 0.395132 0.821047 0.0540865 0.0726496 0.491211
1 0.317909 0.685897 0.0168269 0.0384616 0.456055
1 0.121244 0.0149573 0.0228365 0.0299145 0.40918
1 0.930288 0.615385 0.03125 0.0512821 0.346924
1 0.38762 0.564103 0.0288462 0.0363248 0.32251
1 0.0498798 0.0409322 0.0259916 0.0396635 0.295898
1 0.428486 0.29968 0.030649 0.0619658 0.291016
1 0.950721 0.263355 0.0264423 0.0502137 0.255371
1 0.394832 0.821047 0.0552885 0.0715812 0.489258
1 0.317909 0.686966 0.0180289 0.0384616 0.460938
1 0.121094 0.0148571 0.023137 0.0297142 0.414062
1 0.930288 0.616453 0.0324519 0.0512821 0.37207
1 0.38732 0.564637 0.030649 0.0373931 0.311523
1 0.428486 0.300748 0.03125 0.0635684 0.293457
1 0.0500301 0.0408654 0.0264423 0.0400641 0.282959
1 0.350661 0.118323 0.030649 0.0347222 0.256104
1 0.394531 0.821581 0.0552885 0.0726496 0.495117
1 0.31851 0.686966 0.0180289 0.0384616 0.455078
1 0.121394 0.0151576 0.023137 0.0303152 0.400635
1 0.93089 0.617521 0.0324519 0.0512821 0.360352
1 0.38732 0.565171 0.03125 0.0384615 0.297363
1 0.428486 0.301816 0.03125 0.0619658 0.288574
1 0.0504056 0.0410657 0.0264423 0.0400641 0.286133
1 0.951923 0.265491 0.0264423 0.0512821 0.279053
1 0.394832 0.82265 0.0552885 0.0726496 0.529297
1 0.318209 0.688034 0.0174279 0.0405983 0.46875
1 0.120944 0.0152244 0.023137 0.0304487 0.407227
1 0.930288 0.618056 0.0336538 0.0523504 0.377441
1 0.387019 0.564637 0.0300481 0.0373931 0.329346
1 0.0501803 0.0411325 0.0267428 0.0401977 0.308105
1 0.428486 0.30235 0.030649 0.0641026 0.293457
1 0.951322 0.265491 0.0264422 0.0512821 0.270508
1 0.394832 0.82265 0.0546875 0.0726496 0.487305
1 0.317909 0.688034 0.0180289 0.0405983 0.454346
1 0.120643 0.0154247 0.0240385 0.0308494 0.38501
1 0.930288 0.618056 0.0336538 0.051282 0.366699
1 0.0501803 0.0411993 0.0276442 0.0400641 0.30249
1 0.387019 0.565171 0.0300481 0.0384615 0.294189
1 0.428486 0.30235 0.03125 0.0635684 0.288574
1 0.951923 0.265491 0.0264423 0.0512821 0.26123
1 0.394531 0.822115 0.0546875 0.0737179 0.505859
1 0.318209 0.6875 0.0180289 0.0405983 0.480469
1 0.120944 0.0153579 0.0240385 0.0307158 0.405518
1 0.930288 0.616987 0.0324519 0.0512821 0.384033
1 0.428486 0.301282 0.03125 0.0630342 0.320801
1 0.387019 0.565171 0.03125 0.0384615 0.309082
1 0.05003 0.041867 0.0270433 0.0396635 0.305664
1 0.951923 0.265759 0.0264423 0.0518162 0.273682
1 0.394531 0.821581 0.0546875 0.0726496 0.487305
1 0.31851 0.688034 0.0180289 0.0395299 0.457031
1 0.121094 0.0154247 0.023738 0.0308494 0.396973
1 0.930288 0.617521 0.03125 0.0512821 0.364746
1 0.428786 0.301816 0.03125 0.0641026 0.303955
1 0.38732 0.565171 0.030649 0.0373931 0.279785
1 0.0501052 0.0418002 0.0267428 0.0389957 0.275879
1 0.394531 0.821581 0.0552885 0.0726496 0.496094
1 0.31851 0.688034 0.0180289 0.0384615 0.472656
1 0.120944 0.0149907 0.023738 0.0299813 0.418701
1 0.930288 0.61859 0.0324519 0.051282 0.381104
1 0.05003 0.0413996 0.0265926 0.0385951 0.313232
1 0.428486 0.30235 0.03125 0.0641026 0.309082
1 0.387019 0.565171 0.030649 0.0384615 0.289307
1 0.317308 0.688034 0.0168269 0.0384615 0.402588
1 0.120155 0.0143229 0.0223107 0.0286458 0.359375
1 0.930288 0.615385 0.03125 0.0491453 0.325195
1 0.394531 0.82265 0.0570913 0.076923 0.319092
1 0.0491098 0.0394131 0.024677 0.0381611 0.283691
1 0.387019 0.564103 0.0276442 0.0363248 0.27124
