1 0.528245 0.517094 0.0300481 0.0480769 0.312256
1 0.186599 0.865385 0.0228365 0.0555556 0.250244
1 0.278846 0.491987 0.0348558 0.0566239 0.273682
1 0.036546 0.715812 0.0416917 0.0448718 0.251709
1 0.525841 0.522569 0.0390625 0.0531517 0.260498
1 0.524038 0.519364 0.0432693 0.0616987 0.255371
1 0.527043 0.52297 0.0396635 0.051282 0.257568
1 0.525841 0.521902 0.0396635 0.0502137 0.267334
1 0.0395132 0.722222 0.0404147 0.0448718 0.251709
1 0.526442 0.523371 0.0372596 0.0472756 0.291748
1 0.52494 0.521234 0.0378606 0.0536859 0.280518
1 0.526442 0.523504 0.0408654 0.051282 0.275146
1 0.278846 0.506544 0.031851 0.0488782 0.274414
1 0.0399639 0.72703 0.0405649 0.0512821 0.270508
1 0.526142 0.524038 0.0414663 0.0502137 0.305664
1 0.525841 0.52297 0.0420673 0.051282 0.308105
1 0.52494 0.525641 0.0402644 0.0512821 0.299805
1 0.279147 0.50641 0.0336539 0.0502137 0.259033
1 0.0394944 0.724893 0.0439078 0.0523504 0.279785
1 0.0390625 0.726496 0.0447716 0.051282 0.270508
1 0.524339 0.526175 0.0390625 0.0480769 0.256104
1 0.0394381 0.719017 0.0435697 0.042735 0.287842
1 0.524038 0.524038 0.0396635 0.0502137 0.268066
1 0.52524 0.526709 0.0378606 0.0491453 0.269043
1 0.523438 0.526175 0.0396635 0.0491453 0.303955
1 0.524639 0.525641 0.0408654 0.0480769 0.307373
1 0.523438 0.525107 0.0390625 0.0491453 0.283691
1 0.0383864 0.720086 0.0450721 0.0491453 0.266602
1 0.252404 0.661325 0.0276442 0.0598291 0.253174
1 0.0400391 0.725427 0.0422175 0.0491453 0.282959
1 0.524639 0.526175 0.0384615 0.0512821 0.255371
1 0.251653 0.59188 0.0423678 0.0427351 0.291748
1 0.523438 0.526709 0.0408654 0.0491453 0.269043
1 0.0368465 0.722222 0.041241 0.0405983 0.257568
1 0.524038 0.523371 0.0408654 0.0515492 0.262207
1 0.251502 0.589744 0.0426683 0.0405983 0.258301
1 0.253305 0.660256 0.0282452 0.0576923 0.253174
1 0.253606 0.597222 0.0408654 0.042735 0.259033
0 0.781851 0.0703793 0.112981 0.140759 0.250244
1 0.252855 0.59562 0.0429688 0.0405983 0.257568
1 0.253305 0.596154 0.0432693 0.042735 0.275146
1 0.252404 0.590812 0.0426683 0.0448718 0.250977
1 0.250901 0.590812 0.0414664 0.0416667 0.251709
1 0.252254 0.592949 0.0465745 0.0480769 0.271973
1 0.252103 0.592949 0.0438702 0.0405983 0.257568
1 0.254357 0.663462 0.0258414 0.0555556 0.277588
1 0.0390625 0.721154 0.0441707 0.0512821 0.259033
1 0.0390437 0.720086 0.0451097 0.0491453 0.251709
1 0.523438 0.524573 0.0408654 0.051282 0.263672
1 0.0385367 0.72062 0.0461238 0.0566239 0.262939
1 0.252404 0.597756 0.0456731 0.0448718 0.251709
1 0.253005 0.597222 0.046274 0.0448718 0.303955
1 0.523438 0.524573 0.0408654 0.0502137 0.257568
1 0.252404 0.592949 0.0444712 0.0459402 0.293457
1 0.0393442 0.721154 0.0445087 0.0523504 0.266602
1 0.252103 0.593483 0.0450721 0.0459402 0.279785
1 0.0386869 0.719551 0.0441707 0.051282 0.284668
1 0.252103 0.595086 0.0444711 0.0491453 0.275146
1 0.0382362 0.720086 0.0443209 0.0480769 0.337158
1 0.523137 0.52297 0.0396635 0.0491453 0.29248
1 0.250901 0.596154 0.0432692 0.0405983 0.271973
1 0.252254 0.671474 0.0267428 0.0619658 0.252441
1 0.252554 0.599359 0.0447716 0.0448718 0.339844
1 0.0407151 0.72062 0.0426683 0.0502137 0.332031
1 0.524038 0.523638 0.0396635 0.051015 0.30249
1 0.253155 0.671474 0.0264423 0.0608974 0.287842
1 0.279147 0.502137 0.0330529 0.0534188 0.272705
1 0.0402832 0.723291 0.0432317 0.0491453 0.357666
1 0.252404 0.598291 0.0438702 0.0459402 0.328613
1 0.524339 0.520833 0.0408654 0.0534188 0.320801
1 0.279372 0.500935 0.0338041 0.0558226 0.279053
1 0.253305 0.661325 0.0294471 0.0598291 0.275879
1 0.0398888 0.721688 0.0420673 0.0480769 0.373779
1 0.524038 0.520299 0.0402644 0.0512821 0.37207
1 0.252103 0.597222 0.0426683 0.042735 0.34082
1 0.253906 0.661859 0.0270433 0.0576923 0.300781
1 0.542668 0.444979 0.0240385 0.034188 0.279785
1 0.279147 0.50227 0.0330529 0.0531517 0.275879
1 0.0397386 0.721154 0.043119 0.0480769 0.425293
1 0.523438 0.521902 0.0420673 0.0491453 0.402588
1 0.251803 0.598291 0.0426683 0.0405983 0.383057
1 0.253305 0.663462 0.0264423 0.0555556 0.314941
1 0.279748 0.501202 0.0324519 0.0531517 0.291016
1 0.542067 0.444444 0.0228365 0.034188 0.286865
1 0.524038 0.522302 0.0396635 0.0494124 0.370117
1 0.0404334 0.721154 0.0408278 0.0459401 0.365723
1 0.251803 0.598291 0.0426683 0.042735 0.332764
1 0.279147 0.500134 0.0324519 0.0552884 0.290283
1 0.541466 0.445513 0.0228365 0.034188 0.282227
1 0.253005 0.663996 0.0264423 0.0555556 0.272705
1 0.524038 0.522436 0.0408654 0.0491453 0.452393
1 0.0401893 0.721154 0.0423678 0.0470086 0.435059
1 0.251803 0.597222 0.0426683 0.042735 0.403564
1 0.279447 0.500534 0.0330529 0.0534188 0.338867
1 0.253155 0.668803 0.0261418 0.0598291 0.337158
1 0.542067 0.44391 0.0234375 0.034188 0.320068
1 0.523438 0.521501 0.0408654 0.051015 0.42627
1 0.0394944 0.721154 0.0427058 0.0491453 0.414062
1 0.252103 0.597222 0.0444711 0.042735 0.410156
1 0.542067 0.444979 0.0234375 0.0352564 0.310791
1 0.279748 0.501068 0.031851 0.0523504 0.309814
1 0.253756 0.666133 0.0270433 0.0544872 0.306641
1 0.523137 0.521368 0.0408654 0.0502137 0.458984
1 0.0396822 0.721154 0.0420297 0.0470086 0.435791
1 0.251953 0.597222 0.0441707 0.042735 0.40918
1 0.541767 0.444444 0.0240385 0.0352564 0.311523
1 0.253606 0.665598 0.0276442 0.0555556 0.308105
1 0.279372 0.499199 0.0314003 0.0518163 0.271973
1 0.524038 0.520299 0.0408654 0.0512821 0.46875
1 0.0399639 0.721154 0.0417668 0.0470086 0.451416
1 0.251803 0.598291 0.0450721 0.0438034 0.433105
1 0.253606 0.666133 0.0276442 0.0555556 0.345947
1 0.279447 0.498665 0.0330529 0.053953 0.328613
1 0.542067 0.444444 0.0228365 0.0352564 0.320068
1 0.524038 0.521902 0.0396635 0.0502137 0.452393
1 0.0404147 0.721154 0.0414664 0.0491453 0.44458
1 0.252103 0.598291 0.0438702 0.042735 0.428223
1 0.254207 0.666667 0.0270433 0.0534188 0.320801
1 0.542067 0.445513 0.0228365 0.0325855 0.29834
1 0.279447 0.5 0.031851 0.0523504 0.279053
1 0.0401142 0.722222 0.0435697 0.051282 0.451416
1 0.523438 0.522436 0.0420673 0.051282 0.450439
1 0.252254 0.599359 0.0435697 0.0427351 0.404541
1 0.253305 0.668803 0.0270433 0.0619658 0.348633
1 0.542067 0.446581 0.0240385 0.0352564 0.32251
1 0.279447 0.499466 0.0330529 0.0544872 0.320068
1 0.523438 0.523504 0.0420673 0.0502137 0.46875
1 0.0403395 0.721688 0.043119 0.0491453 0.443604
1 0.252404 0.599359 0.0432692 0.0427351 0.414062
1 0.253305 0.668803 0.0270433 0.0598291 0.353027
1 0.280048 0.499466 0.0324519 0.0523504 0.347656
1 0.542067 0.44578 0.0240385 0.034188 0.328613
1 0.523438 0.523504 0.0408654 0.0502137 0.486328
1 0.0402644 0.722222 0.0428185 0.0502136 0.455078
1 0.251502 0.600427 0.046875 0.0448718 0.430176
1 0.279748 0.500534 0.0324519 0.0523504 0.368408
1 0.253005 0.669872 0.0264423 0.0598291 0.366699
1 0.542067 0.446581 0.0234375 0.034188 0.337158
1 0.523738 0.523638 0.0414663 0.051015 0.464844
1 0.0407151 0.722222 0.0426683 0.0491453 0.430176
1 0.252254 0.599359 0.0447716 0.0427351 0.401611
1 0.279748 0.500134 0.0336538 0.0531517 0.347656
1 0.252704 0.668803 0.0270433 0.0598291 0.345215
1 0.542067 0.446047 0.0240385 0.034188 0.323486
1 0.523438 0.523504 0.0408654 0.0502137 0.483398
1 0.0404334 0.721154 0.0426307 0.0491453 0.44458
1 0.251803 0.599359 0.0438702 0.0427351 0.433105
1 0.279748 0.500534 0.0330529 0.0534188 0.37207
1 0.253005 0.668803 0.0270433 0.0619658 0.360352
1 0.542067 0.446047 0.0240385 0.0352564 0.347656
1 0.523738 0.524439 0.0408654 0.0494124 0.467773
1 0.0405837 0.722222 0.0426307 0.0491453 0.430176
1 0.252103 0.599359 0.0444711 0.0416667 0.407227
1 0.253305 0.668803 0.0264423 0.0598291 0.348633
1 0.279748 0.5 0.0330529 0.0523504 0.332031
1 0.542067 0.446581 0.0240385 0.034188 0.328613
1 0.523438 0.524439 0.0408654 0.0494124 0.487305
1 0.0401893 0.722222 0.0429688 0.0480769 0.453369
1 0.251953 0.599359 0.0441707 0.0427351 0.416748
1 0.253005 0.668803 0.0264423 0.0598291 0.36377
1 0.279748 0.5 0.0330529 0.0523504 0.345947
1 0.542067 0.446581 0.0240385 0.034188 0.342529
1 0.524038 0.522302 0.0396635 0.0494124 0.370117
1 0.0404334 0.721154 0.0408278 0.0459401 0.365723
1 0.251803 0.598291 0.0426683 0.042735 0.33374
1 0.279147 0.500134 0.0324519 0.0552884 0.290283
1 0.541466 0.445513 0.0228365 0.034188 0.282227
1 0.253005 0.663996 0.0264423 0.0555556 0.272705
