1 0.524639 0.852564 0.0228365 0.0491453 0.256104
1 0.926683 0.886752 0.0288461 0.0576923 0.263672
1 0.222957 0.115919 0.0444711 0.0996261 0.270508
1 0.22476 0.108974 0.0480769 0.0964209 0.300781
1 0.925481 0.883547 0.0288462 0.0555556 0.294189
1 0.522536 0.849359 0.0258414 0.0576923 0.26123
1 0.925481 0.88141 0.0288462 0.0534188 0.319092
1 0.523438 0.848291 0.0240385 0.0555556 0.30249
1 0.925481 0.88141 0.0300481 0.0555556 0.32251
1 0.522837 0.849359 0.0252404 0.0566239 0.299805
1 0.926082 0.88141 0.0288462 0.051282 0.361084
1 0.523438 0.849359 0.0234375 0.0534188 0.334473
1 0.925481 0.880876 0.0300481 0.0544872 0.383057
1 0.523438 0.848291 0.0240385 0.0555556 0.351318
1 0.925481 0.879808 0.0288462 0.0523504 0.338867
1 0.522837 0.848825 0.0240385 0.0534188 0.329346
1 0.925481 0.879273 0.0288462 0.0523504 0.380371
1 0.523438 0.848825 0.0252404 0.0534188 0.376709
1 0.524038 0.849893 0.0240385 0.0534188 0.353027
1 0.926082 0.880342 0.0300481 0.0534187 0.349609
1 0.925481 0.878205 0.03125 0.0534188 0.378418
1 0.523438 0.848291 0.0252404 0.0512821 0.374756
1 0.926082 0.878739 0.0300481 0.0523504 0.393311
1 0.523438 0.848291 0.0240385 0.0523504 0.385742
1 0.926082 0.878739 0.0288462 0.0523504 0.378418
1 0.524038 0.849359 0.0240385 0.0512821 0.376709
1 0.0824069 0.1044 0.0148738 0.0310497 0.253906
1 0.926683 0.879273 0.0288461 0.0544872 0.395996
1 0.523738 0.850427 0.0246394 0.0555556 0.38208
1 0.926082 0.879273 0.0300481 0.0534187 0.389648
1 0.524038 0.849359 0.0252404 0.0534188 0.383057
1 0.926082 0.880342 0.0300481 0.0534187 0.392334
1 0.523438 0.850427 0.0252404 0.0544872 0.384033
1 0.05311 0.0416667 0.0163762 0.0325855 0.253174
1 0.119742 0.0669738 0.0255409 0.0313836 0.253174
1 0.926082 0.880342 0.0288462 0.0534187 0.379395
1 0.523438 0.849893 0.0252404 0.0544872 0.369385
1 0.0530349 0.0415331 0.0174279 0.0323184 0.250244
1 0.926082 0.879808 0.0300481 0.0534188 0.394287
1 0.523738 0.849359 0.0258413 0.0555556 0.387695
1 0.0530349 0.0418002 0.0171274 0.0323184 0.254639
1 0.926683 0.879808 0.0288461 0.0534188 0.381104
1 0.523738 0.849359 0.0252404 0.0555556 0.369385
1 0.926082 0.879273 0.0300481 0.0534187 0.400635
1 0.523738 0.849893 0.0258413 0.0544872 0.381104
1 0.925481 0.879808 0.0288462 0.0523504 0.338867
1 0.522837 0.848825 0.0240385 0.0534188 0.329346
