1 0.0682091 0.34375 0.0369591 0.0491453 0.272705
1 0.932091 0.753205 0.0432693 0.048077 0.271973
1 0.933894 0.756944 0.0480769 0.0523504 0.256836
1 0.0682091 0.342949 0.0348558 0.0438034 0.257568
1 0.0697115 0.344551 0.0363582 0.0491453 0.288574
1 0.935096 0.75641 0.045673 0.0470085 0.262939
1 0.932692 0.75641 0.0432693 0.0384616 0.265137
1 0.0697115 0.344818 0.0324519 0.0448718 0.254639
1 0.0686599 0.347222 0.0341046 0.0470086 0.267334
1 0.932692 0.75641 0.0432693 0.0448718 0.255371
1 0.0682091 0.347222 0.0342548 0.048077 0.264404
1 0.93149 0.757479 0.0432693 0.0448718 0.259766
1 0.932692 0.755342 0.0456731 0.042735 0.267334
1 0.932692 0.753205 0.0444712 0.0448718 0.250977
1 0.933293 0.756944 0.0432693 0.042735 0.326904
1 0.0679087 0.348291 0.0360577 0.0555555 0.286865
1 0.932692 0.75641 0.0444712 0.042735 0.283691
1 0.0692608 0.34562 0.0377103 0.0523504 0.263672
1 0.0684345 0.345086 0.0381611 0.0512821 0.275146
1 0.0683594 0.34562 0.0362079 0.0555556 0.269775
1 0.0686599 0.345353 0.0345553 0.0507479 0.258301
1 0.0683594 0.348291 0.0335036 0.0470086 0.265137
1 0.0685847 0.345887 0.035006 0.0502137 0.269775
1 0.932091 0.753739 0.046875 0.042735 0.279785
1 0.93149 0.753739 0.0456731 0.042735 0.265137
1 0.932692 0.75641 0.0456731 0.0470085 0.256836
1 0.0686599 0.346154 0.0363582 0.0534188 0.27124
1 0.0694862 0.344551 0.0374099 0.0544872 0.265869
1 0.0682091 0.346688 0.0351562 0.0502137 0.265137
1 0.0688101 0.346688 0.0345553 0.0502137 0.258301
1 0.93149 0.75641 0.0456731 0.0405983 0.253906
1 0.932692 0.754273 0.046875 0.0448718 0.271973
1 0.932692 0.754808 0.0456731 0.0480769 0.250244
1 0.93149 0.752671 0.0456731 0.0448718 0.269043
1 0.932692 0.753205 0.0456731 0.0470085 0.282959
1 0.0688852 0.34562 0.0362079 0.0523504 0.251709
1 0.0691857 0.346154 0.0359074 0.0523504 0.27124
1 0.0693359 0.346688 0.0368089 0.0555556 0.253906
1 0.93149 0.755342 0.0456731 0.0470085 0.279785
1 0.932692 0.755342 0.0480769 0.0470085 0.29834
1 0.932091 0.753739 0.046875 0.0470086 0.269775
1 0.0695613 0.34562 0.0366587 0.0523504 0.253906
1 0.932692 0.755342 0.0456731 0.0448718 0.33374
1 0.0693359 0.346688 0.0357572 0.0502137 0.325195
1 0.746394 0.228032 0.0360577 0.0663728 0.274414
1 0.932692 0.755342 0.0456731 0.0459402 0.367432
1 0.0694111 0.345887 0.0357572 0.0518163 0.318359
1 0.746995 0.228566 0.0324519 0.0631677 0.283691
1 0.932091 0.757479 0.046875 0.0470085 0.38208
1 0.0690355 0.348024 0.0365084 0.0528846 0.332764
1 0.746394 0.227831 0.0336538 0.0646368 0.280518
1 0.447115 0.798611 0.0264423 0.034188 0.255371
1 0.932692 0.755342 0.0456731 0.0448718 0.403564
1 0.0691106 0.346154 0.0357572 0.0518162 0.349609
1 0.447115 0.796474 0.0252404 0.030983 0.300781
1 0.932091 0.75641 0.046875 0.0448718 0.446533
1 0.0694111 0.344818 0.0357572 0.0512821 0.383057
1 0.446514 0.797009 0.0240385 0.0299146 0.314941
1 0.338341 0.119658 0.0276442 0.036859 0.272705
1 0.746394 0.227297 0.0336538 0.0641026 0.256836
1 0.932692 0.755342 0.0456731 0.0448718 0.37207
1 0.0691857 0.34562 0.035607 0.0512821 0.342529
1 0.445914 0.796474 0.0252404 0.0320513 0.293457
1 0.932091 0.754273 0.0456731 0.0448718 0.454346
1 0.0691106 0.345086 0.0363582 0.0523504 0.413086
1 0.446514 0.794872 0.0264423 0.0320513 0.361084
1 0.746394 0.226229 0.0336538 0.0619658 0.281494
1 0.338341 0.119925 0.0288462 0.0373932 0.277588
1 0.93149 0.754273 0.0456731 0.0448718 0.433105
1 0.0690355 0.344551 0.0353065 0.0518162 0.384033
1 0.446514 0.79594 0.0252404 0.0320513 0.348633
1 0.746394 0.227564 0.0324519 0.0619658 0.287842
1 0.338041 0.120593 0.0282452 0.0373932 0.269043
1 0.93149 0.755342 0.046875 0.0448718 0.448486
1 0.0689603 0.34562 0.0357572 0.0502137 0.407227
1 0.446514 0.79594 0.0264423 0.0320513 0.353027
1 0.746394 0.225561 0.0336538 0.0633013 0.300781
1 0.932091 0.755876 0.0456731 0.0448719 0.446533
1 0.0688101 0.34562 0.0360577 0.0507479 0.415771
1 0.446514 0.79594 0.0246394 0.0320513 0.350342
1 0.33774 0.121795 0.0300481 0.0381944 0.280518
1 0.746394 0.225962 0.0336538 0.0630342 0.280518
1 0.932692 0.755876 0.0456731 0.0448719 0.437744
1 0.0693359 0.345086 0.0365084 0.0523504 0.410156
1 0.446815 0.794872 0.0252404 0.0320513 0.379395
1 0.746394 0.226763 0.0336538 0.0614316 0.308105
1 0.338341 0.120994 0.0282452 0.0373932 0.253174
1 0.932692 0.75641 0.046875 0.0448718 0.484375
1 0.0692608 0.345086 0.0369591 0.0534188 0.407227
1 0.446514 0.79594 0.0252404 0.0320513 0.375732
1 0.746394 0.225694 0.0360577 0.0641026 0.301514
1 0.93149 0.756944 0.0456731 0.0448718 0.474609
1 0.0692608 0.345887 0.0362079 0.0528846 0.399902
1 0.446815 0.796474 0.0258413 0.030983 0.345215
1 0.746394 0.226362 0.0336538 0.0622329 0.325195
1 0.932692 0.756944 0.0456731 0.0448718 0.499023
1 0.0692608 0.346421 0.0363582 0.0534188 0.40918
1 0.446514 0.796474 0.0252404 0.0320513 0.373779
1 0.746995 0.226562 0.0336538 0.0629006 0.337158
1 0.338341 0.121928 0.0288462 0.0387286 0.250977
1 0.932692 0.756944 0.0456731 0.0438034 0.460938
1 0.0691106 0.346688 0.0366587 0.0528846 0.392334
1 0.446514 0.796474 0.0258413 0.0320513 0.34082
1 0.746394 0.226429 0.0336538 0.0620994 0.327637
1 0.932091 0.75641 0.0456731 0.042735 0.46875
1 0.0691106 0.346154 0.0360577 0.0523504 0.405518
1 0.446514 0.79594 0.0264423 0.0320513 0.363037
1 0.746394 0.22703 0.0336538 0.0625 0.338867
1 0.338341 0.122463 0.0300481 0.0395299 0.256836
1 0.932692 0.756944 0.0456731 0.0438034 0.458984
1 0.0691857 0.346688 0.0360577 0.0523504 0.39502
1 0.446514 0.797009 0.0264423 0.0320513 0.345947
1 0.746394 0.226496 0.0336538 0.0625 0.325195
1 0.932091 0.756944 0.046875 0.0438034 0.485352
1 0.0691106 0.346421 0.0363582 0.0523504 0.411133
1 0.446514 0.79594 0.0264423 0.0320513 0.350342
1 0.746394 0.226229 0.0336538 0.0625 0.34082
1 0.932692 0.755342 0.0456731 0.0448718 0.37207
1 0.0691857 0.34562 0.035607 0.0512821 0.341553
1 0.445914 0.796474 0.0252404 0.0320513 0.293457
