1 0.238582 0.173611 0.0522836 0.0806624 0.327637
1 0.23107 0.174947 0.0733173 0.114316 0.262207
1 0.233924 0.175614 0.0748197 0.118323 0.319092
1 0.230168 0.172276 0.0793269 0.126068 0.359375
1 0.227464 0.191506 0.0793269 0.115385 0.258301
1 0.229718 0.169605 0.0778245 0.130876 0.338135
1 0.23137 0.18149 0.078726 0.121528 0.255371
1 0.228065 0.176015 0.0739183 0.115919 0.351318
1 0.232422 0.171608 0.0724159 0.121528 0.308105
1 0.228666 0.181624 0.0757211 0.127671 0.262207
1 0.226863 0.173344 0.0751202 0.121261 0.512695
1 0.230919 0.177083 0.0754207 0.11859 0.429199
1 0.227614 0.178686 0.0736178 0.111645 0.364746
1 0.227163 0.169338 0.0769231 0.127671 0.305664
1 0.227464 0.171875 0.0757212 0.118323 0.455078
1 0.228365 0.175748 0.0769231 0.118056 0.405518
1 0.229267 0.180021 0.0703125 0.11485 0.341553
1 0.230469 0.177484 0.0736178 0.11672 0.454346
1 0.230168 0.17508 0.0745192 0.121528 0.358398
1 0.229267 0.176282 0.0757212 0.119658 0.406494
1 0.23137 0.176015 0.0751202 0.126603 0.334473
1 0.229718 0.180422 0.0712139 0.115652 0.487305
1 0.228365 0.178419 0.0757211 0.121261 0.416748
1 0.229117 0.177885 0.0769231 0.120727 0.454346
1 0.227764 0.184295 0.0799279 0.129274 0.472656
1 0.229117 0.178819 0.0757212 0.122062 0.433105
1 0.228966 0.181624 0.0763221 0.125 0.458008
1 0.227764 0.173344 0.077524 0.123397 0.532227
1 0.229718 0.173344 0.0745192 0.116453 0.469727
1 0.230919 0.178686 0.0745192 0.11485 0.452393
1 0.230168 0.179487 0.0763221 0.122863 0.458008
1 0.229567 0.174679 0.0733173 0.123932 0.352295
1 0.229868 0.179487 0.0766226 0.120192 0.330322
1 0.228365 0.175214 0.0739183 0.113248 0.463867
1 0.228365 0.177217 0.0745192 0.120459 0.425293
1 0.23107 0.173745 0.0727164 0.11672 0.377441
1 0.230619 0.178018 0.0766226 0.115118 0.321777
1 0.230619 0.177083 0.0766226 0.120192 0.412109
1 0.230018 0.175881 0.0754207 0.12687 0.457031
1 0.23107 0.174813 0.078125 0.126335 0.401611
1 0.23137 0.174546 0.0751202 0.122062 0.38501
1 0.229567 0.174279 0.0769231 0.12687 0.405518
1 0.230769 0.179754 0.0793269 0.130876 0.38208
1 0.229718 0.174947 0.0790264 0.129808 0.365723
1 0.23107 0.173344 0.0745192 0.126068 0.368408
1 0.23152 0.174546 0.0760216 0.126335 0.402588
1 0.229267 0.176549 0.0763221 0.124466 0.480469
1 0.230469 0.176816 0.0757212 0.121795 0.415771
1 0.229567 0.174813 0.0751202 0.129006 0.44458
1 0.228966 0.178953 0.0745192 0.119124 0.420654
1 0.230469 0.178686 0.0757212 0.124466 0.44165
1 0.230168 0.181624 0.0721154 0.122329 0.38501
1 0.228966 0.177618 0.0769231 0.13141 0.403564
1 0.229117 0.175748 0.0769231 0.120726 0.401611
1 0.229567 0.174279 0.0763221 0.121528 0.410156
1 0.23107 0.179621 0.0727164 0.115118 0.327637
1 0.230769 0.176816 0.077524 0.125534 0.490234
1 0.230769 0.176282 0.0721154 0.124466 0.533203
1 0.229718 0.175748 0.0760216 0.134615 0.451416
1 0.230469 0.175214 0.0751202 0.126068 0.422607
1 0.229117 0.176015 0.0757212 0.122329 0.438721
1 0.230769 0.176816 0.0763221 0.126068 0.46875
1 0.229868 0.176816 0.0754207 0.126068 0.520508
1 0.228666 0.175347 0.0763221 0.12313 0.480469
1 0.229117 0.176816 0.0754207 0.125534 0.396973
1 0.230469 0.173745 0.0745192 0.12687 0.475586
1 0.229567 0.172543 0.078125 0.128205 0.508789
1 0.228966 0.169338 0.0748197 0.124466 0.518555
1 0.229117 0.171474 0.0763221 0.13141 0.53418
1 0.229267 0.17508 0.0763221 0.124733 0.539062
1 0.228365 0.174279 0.0775241 0.124733 0.601074
1 0.229267 0.180823 0.0772236 0.127137 0.523438
1 0.228666 0.180021 0.0763221 0.123397 0.606934
1 0.229417 0.182959 0.0763221 0.120192 0.578613
1 0.228666 0.180021 0.0757211 0.120726 0.552734
1 0.229267 0.180556 0.0757212 0.121795 0.577637
1 0.229567 0.178552 0.0751202 0.123665 0.581543
1 0.228966 0.183093 0.0769231 0.123665 0.551758
1 0.229868 0.181624 0.0757212 0.122329 0.561035
1 0.229267 0.181624 0.0769231 0.122863 0.59375
1 0.229267 0.18109 0.0769231 0.120192 0.59082
1 0.228666 0.182025 0.078125 0.124199 0.59082
1 0.229267 0.181223 0.077524 0.122062 0.575684
1 0.229117 0.181891 0.0772236 0.120192 0.57666
1 0.229267 0.180823 0.0772236 0.127137 0.523438
