0 0.259916 0.406784 0.123798 0.36485 0.252441
0 0.276142 0.422075 0.178486 0.414396 0.27832
0 0.274114 0.392561 0.139273 0.375134 0.324219
0 0.255108 0.395833 0.149038 0.351496 0.305664
0 0.255108 0.391627 0.154447 0.384482 0.470703
0 0.263371 0.395032 0.112079 0.343483 0.253906
0 0.271334 0.377738 0.131611 0.342815 0.357666
0 0.266526 0.378673 0.131611 0.338809 0.550781
0 0.254808 0.400374 0.13101 0.340278 0.349609
0 0.267428 0.403579 0.136418 0.348825 0.272705
0 0.257061 0.378205 0.136719 0.32906 0.309082
0 0.267728 0.354701 0.128005 0.369658 0.275879
0 0.263522 0.40625 0.116587 0.366987 0.288574
0 0.261268 0.415064 0.13131 0.339744 0.313965
0 0.257812 0.388622 0.154447 0.374466 0.338135
0 0.270433 0.415865 0.123798 0.330662 0.348633
0 0.264423 0.369391 0.133413 0.36485 0.459961
0 0.270733 0.412927 0.144832 0.370726 0.456055
0 0.269832 0.358974 0.153245 0.392094 0.475586
0 0.265024 0.354434 0.129808 0.361645 0.341553
0 0.264724 0.365318 0.151442 0.402911 0.434082
0 0.265625 0.388421 0.140024 0.390892 0.373047
0 0.272536 0.367588 0.141226 0.387687 0.501953
0 0.273438 0.387286 0.135817 0.376068 0.625977
0 0.26247 0.361912 0.140325 0.374466 0.373047
0 0.270433 0.361912 0.134615 0.368056 0.387695
0 0.259465 0.367521 0.131911 0.382479 0.352295
0 0.259916 0.36011 0.132813 0.37273 0.514648
0 0.264724 0.370994 0.155649 0.377671 0.381104
0 0.266827 0.369925 0.134014 0.365919 0.488281
0 0.266977 0.368323 0.148137 0.383013 0.551758
0 0.261268 0.356571 0.163762 0.39156 0.39502
0 0.264874 0.389891 0.151743 0.409322 0.2854
0 0.26232 0.368323 0.144231 0.38515 0.380371
0 0.260817 0.383814 0.134615 0.371261 0.395996
0 0.260667 0.362714 0.140925 0.385684 0.324219
0 0.26232 0.356838 0.133413 0.365385 0.344238
0 0.260817 0.3539 0.130409 0.363782 0.324219
0 0.267728 0.396902 0.124399 0.365385 0.253906
