1 0.386418 0.597222 0.0516827 0.149573 0.256836
0 0.172776 0.209535 0.214543 0.318109 0.259766
1 0.838341 0.684829 0.0528846 0.0576923 0.26123
0 0.165903 0.216079 0.186223 0.305021 0.319092
0 0.165865 0.226763 0.191406 0.375534 0.484375
1 0.17518 0.236044 0.204928 0.342014 0.294189
1 0.170673 0.221154 0.211538 0.307692 0.299805
1 0.174579 0.225561 0.209736 0.292468 0.481445
1 0.174279 0.210871 0.192909 0.301549 0.427246
0 0.160006 0.213675 0.172776 0.303419 0.431152
0 0.165602 0.221421 0.198242 0.348825 0.414795
0 0.165565 0.219685 0.195913 0.344284 0.299072
0 0.166016 0.223558 0.200421 0.325321 0.295898
0 0.164513 0.225828 0.204026 0.340011 0.364746
1 0.389423 0.600962 0.046875 0.148504 0.269043
0 0.166917 0.236645 0.198618 0.34188 0.267334
1 0.169471 0.228365 0.205529 0.323184 0.259766
1 0.172326 0.212607 0.205829 0.316774 0.296631
1 0.171424 0.220353 0.193209 0.300214 0.279053
0 0.174617 0.215278 0.208459 0.304487 0.308105
1 0.17503 0.219284 0.214243 0.319444 0.378418
1 0.157715 0.200321 0.177359 0.352564 0.328613
0 0.169434 0.214209 0.229642 0.330662 0.288574
1 0.171124 0.217949 0.205829 0.338141 0.321777
1 0.17672 0.213942 0.222882 0.339744 0.385742
1 0.172476 0.220353 0.208534 0.340278 0.352295
1 0.173528 0.212206 0.217248 0.362981 0.308105
1 0.177246 0.213675 0.21582 0.324786 0.408203
1 0.174279 0.212607 0.20613 0.302885 0.279053
1 0.173715 0.209669 0.205454 0.3125 0.527344
1 0.173528 0.219418 0.211839 0.315438 0.491211
1 0.173077 0.214477 0.204327 0.295406 0.562988
1 0.172814 0.216747 0.20906 0.320246 0.297363
1 0.172476 0.215278 0.203726 0.309829 0.431152
1 0.167105 0.220353 0.20305 0.322115 0.470703
1 0.171575 0.220353 0.201322 0.313568 0.434082
1 0.836538 0.686966 0.0504807 0.0555556 0.262939
1 0.172776 0.21875 0.205529 0.3125 0.256836
1 0.175331 0.216613 0.214243 0.314637 0.398926
1 0.176382 0.21688 0.217548 0.315705 0.415771
1 0.16872 0.217014 0.199519 0.301015 0.622559
1 0.175331 0.21688 0.213041 0.319444 0.443604
1 0.172626 0.213408 0.208233 0.31891 0.541992
1 0.836538 0.686966 0.0504807 0.0576923 0.309082
1 0.173077 0.214477 0.20613 0.313568 0.510742
1 0.170823 0.215011 0.203425 0.310897 0.386719
1 0.173528 0.214209 0.208834 0.31891 0.46582
1 0.173978 0.213809 0.208534 0.319177 0.539062
1 0.173828 0.21461 0.208233 0.318109 0.535156
1 0.172927 0.215011 0.205829 0.317308 0.494141
1 0.83714 0.685898 0.0504807 0.0555556 0.26123
1 0.173978 0.215278 0.208534 0.317308 0.508789
1 0.174842 0.215545 0.211614 0.319979 0.464844
1 0.175331 0.216613 0.214243 0.314637 0.397949
