0 0.316632 0.224092 0.173227 0.262286 0.263672
1 0.417368 0.880342 0.128005 0.232906 0.280518
0 0.302584 0.245793 0.226562 0.390892 0.266602
0 0.307692 0.234509 0.183894 0.324252 0.313232
0 0.314603 0.242989 0.194712 0.344151 0.36377
1 0.3125 0.230235 0.194712 0.305021 0.367432
1 0.311599 0.227297 0.195313 0.299145 0.360352
1 0.308894 0.222489 0.176683 0.30235 0.29248
1 0.313702 0.232906 0.194712 0.277778 0.481445
1 0.311899 0.221421 0.18149 0.276175 0.460938
0 0.305589 0.221955 0.172476 0.282051 0.387695
0 0.315505 0.229434 0.198918 0.3125 0.31665
1 0.312425 0.224893 0.205679 0.309829 0.26123
1 0.30649 0.222489 0.195312 0.283654 0.309082
0 0.309796 0.226496 0.18149 0.294338 0.332031
1 0.305814 0.228032 0.185246 0.288595 0.311523
1 0.307617 0.218884 0.182843 0.295673 0.256104
0 0.301382 0.227631 0.208534 0.309696 0.408203
1 0.307392 0.232105 0.192909 0.298611 0.255371
1 0.309796 0.239316 0.190505 0.303419 0.378418
1 0.314378 0.222756 0.196965 0.295406 0.281494
1 0.311899 0.229167 0.189904 0.284188 0.309082
0 0.310096 0.219284 0.204327 0.278312 0.325928
1 0.310096 0.229434 0.20012 0.298611 0.381104
1 0.310772 0.223691 0.188552 0.296741 0.254639
1 0.307993 0.225427 0.191106 0.305021 0.347656
1 0.309495 0.227497 0.1875 0.29821 0.321777
1 0.3128 0.222489 0.202524 0.309295 0.493164
1 0.3128 0.221822 0.194712 0.302083 0.421631
1 0.320237 0.227831 0.210487 0.330662 0.401611
1 0.312425 0.227297 0.19366 0.291667 0.483398
1 0.313026 0.222756 0.192458 0.282051 0.412109
1 0.313401 0.223558 0.190505 0.285791 0.435059
1 0.312575 0.222756 0.194561 0.298077 0.552734
1 0.309796 0.227297 0.202524 0.290598 0.571777
1 0.311599 0.223024 0.189904 0.279915 0.591797
1 0.312425 0.232105 0.19366 0.286859 0.44458
1 0.313401 0.227564 0.194111 0.287927 0.538086
1 0.311599 0.227831 0.196514 0.291132 0.476562
1 0.313777 0.229968 0.198167 0.293269 0.389648
1 0.315204 0.228365 0.189904 0.290064 0.367432
1 0.3122 0.229167 0.197716 0.291667 0.378418
1 0.194712 0.604167 0.0435697 0.0876069 0.289307
1 0.313401 0.226763 0.198918 0.298077 0.485352
1 0.311599 0.225294 0.198918 0.294071 0.582031
1 0.309796 0.223291 0.194111 0.285256 0.599121
1 0.195312 0.611645 0.0426683 0.0801282 0.269775
1 0.314603 0.224893 0.199519 0.296474 0.53418
1 0.194712 0.609509 0.0426683 0.082265 0.281494
1 0.319111 0.223825 0.215144 0.305021 0.583984
1 0.195613 0.60844 0.0426683 0.0833333 0.2854
1 0.312575 0.223157 0.198167 0.288729 0.596191
1 0.195613 0.610577 0.0405649 0.0811966 0.265869
1 0.311899 0.22289 0.197716 0.292468 0.515625
1 0.313401 0.223825 0.20012 0.299679 0.619629
1 0.312575 0.223024 0.195763 0.29594 0.639648
1 0.195913 0.608974 0.0432692 0.0854701 0.269043
1 0.311298 0.223024 0.194712 0.294338 0.609375
1 0.3122 0.224092 0.19351 0.296474 0.624512
1 0.313176 0.224092 0.193359 0.296474 0.644043
1 0.313176 0.224893 0.198167 0.29968 0.582031
1 0.313026 0.226763 0.198468 0.298077 0.485352
