1 0.429387 0.232906 0.197716 0.286325 0.275146
0 0.430889 0.237113 0.204327 0.365518 0.303955
0 0.435397 0.232639 0.185096 0.313034 0.37207
0 0.435096 0.234241 0.199519 0.305021 0.269775
0 0.438702 0.243323 0.203125 0.330128 0.381104
0 0.4375 0.236111 0.200721 0.307692 0.341553
1 0.429087 0.235844 0.192308 0.315171 0.353027
1 0.428486 0.230502 0.189904 0.305556 0.367432
1 0.425481 0.225694 0.171875 0.307692 0.332031
1 0.435697 0.239316 0.20613 0.274573 0.488281
1 0.428486 0.223825 0.177885 0.270299 0.403564
0 0.426983 0.219284 0.178486 0.267628 0.373779
0 0.435697 0.229634 0.199519 0.301416 0.293457
1 0.430288 0.2289 0.198317 0.304487 0.269775
1 0.42488 0.222222 0.1875 0.280983 0.350342
0 0.419772 0.231237 0.162861 0.280048 0.373779
1 0.425781 0.232305 0.184495 0.2918 0.354004
1 0.422476 0.222489 0.167668 0.285256 0.364746
0 0.426082 0.227564 0.195913 0.304487 0.558105
1 0.42488 0.233173 0.188702 0.29594 0.29248
1 0.429387 0.242254 0.188101 0.308761 0.44165
1 0.434495 0.22289 0.189904 0.292468 0.309814
1 0.428786 0.230168 0.186899 0.286458 0.363037
0 0.436298 0.223157 0.205529 0.275908 0.401611
1 0.428185 0.229968 0.192909 0.305021 0.428223
0 0.439303 0.237714 0.200721 0.293803 0.422607
1 0.429688 0.223024 0.186298 0.308226 0.269043
1 0.421875 0.230769 0.175481 0.286325 0.495117
1 0.428486 0.225694 0.182692 0.299679 0.381104
1 0.431791 0.219551 0.190505 0.308761 0.548828
0 0.441106 0.235844 0.227163 0.336538 0.27832
1 0.430288 0.22062 0.188702 0.300748 0.474609
1 0.436298 0.230569 0.205529 0.313435 0.529297
1 0.432692 0.233707 0.195913 0.292201 0.512695
1 0.430288 0.222756 0.185096 0.281517 0.367432
1 0.431791 0.224893 0.185096 0.285791 0.488281
1 0.429688 0.223291 0.188101 0.307158 0.563965
1 0.43149 0.232305 0.197115 0.315304 0.57373
1 0.429688 0.223291 0.185096 0.28953 0.572754
1 0.427284 0.230502 0.176683 0.299145 0.332764
1 0.440505 0.226229 0.200721 0.295406 0.530273
1 0.435998 0.226229 0.197115 0.296474 0.478516
1 0.432692 0.226496 0.188702 0.300748 0.395996
1 0.440805 0.229434 0.207332 0.298611 0.314941
1 0.432692 0.229968 0.198317 0.296474 0.430176
1 0.432091 0.229434 0.192308 0.286859 0.540039
1 0.435697 0.224893 0.199519 0.292201 0.583984
1 0.435096 0.229233 0.197115 0.291533 0.549805
1 0.440805 0.22476 0.208534 0.301015 0.584961
1 0.441707 0.225962 0.209135 0.298611 0.504883
1 0.439002 0.22516 0.204928 0.297543 0.46875
1 0.442909 0.22516 0.213341 0.303419 0.506836
1 0.4375 0.229501 0.200721 0.287794 0.611328
1 0.4372 0.230168 0.198918 0.290732 0.601074
1 0.441406 0.22476 0.206731 0.300481 0.571777
1 0.433894 0.229167 0.192308 0.28953 0.577637
1 0.434495 0.229634 0.197115 0.2918 0.550781
1 0.432692 0.229968 0.198317 0.296474 0.429199
