1 0.435697 0.433227 0.0498798 0.0897436 0.320801
1 0.464543 0.692842 0.0300481 0.0673077 0.267334
1 0.435096 0.427618 0.0438702 0.0977564 0.443604
1 0.458534 0.690171 0.0288462 0.0747864 0.265137
1 0.436599 0.442575 0.0498798 0.0838675 0.269775
1 0.456731 0.689103 0.0240385 0.0662393 0.260498
1 0.436899 0.436966 0.046875 0.0886752 0.299072
1 0.432692 0.437767 0.0552885 0.0961539 0.344238
1 0.0459736 0.339209 0.0444712 0.141026 0.250244
1 0.0434383 0.337607 0.0447341 0.141026 0.307373
1 0.434495 0.438034 0.0486779 0.0929487 0.287842
1 0.435697 0.439103 0.0486779 0.0876069 0.269043
1 0.0429688 0.338408 0.0404147 0.137286 0.255371
1 0.435697 0.440171 0.046274 0.0865385 0.303223
1 0.434495 0.440171 0.0444712 0.0876069 0.280518
1 0.0441519 0.339209 0.0430063 0.134615 0.300781
1 0.457031 0.694444 0.031851 0.0726496 0.256104
1 0.457632 0.693376 0.0330529 0.0790599 0.291016
1 0.0435885 0.338141 0.0426307 0.134615 0.294189
1 0.434495 0.440705 0.046274 0.090812 0.27124
1 0.0441707 0.334669 0.0405649 0.136218 0.377441
1 0.0440017 0.33547 0.0412034 0.138889 0.274414
1 0.458534 0.692308 0.0336538 0.0790599 0.250244
1 0.0461238 0.336538 0.0455228 0.134615 0.324219
1 0.458534 0.691773 0.03125 0.0833333 0.301514
1 0.133714 0.555556 0.108173 0.211538 0.271973
1 0.4372 0.439637 0.0492789 0.090812 0.270508
1 0.131573 0.550214 0.0974309 0.196581 0.399902
1 0.0449219 0.336538 0.0417668 0.130342 0.282959
1 0.457933 0.693376 0.0330529 0.0790599 0.266602
1 0.435998 0.439904 0.048077 0.0892094 0.253174
1 0.0459548 0.337073 0.0406025 0.136752 0.256836
1 0.0449031 0.338141 0.0418044 0.143162 0.327637
1 0.13116 0.547943 0.101863 0.198985 0.269043
1 0.0445463 0.336004 0.0422175 0.135684 0.256104
1 0.457332 0.691239 0.0336538 0.0811966 0.269043
1 0.130108 0.557158 0.111178 0.212607 0.257568
1 0.435397 0.440171 0.047476 0.0897436 0.256104
1 0.456731 0.691239 0.0330529 0.0769231 0.266602
1 0.457332 0.691239 0.0348558 0.0811966 0.258301
1 0.0440017 0.337073 0.0418044 0.135684 0.250977
1 0.435697 0.438568 0.0456731 0.0929487 0.300781
1 0.0449407 0.336004 0.0408278 0.13515 0.279053
1 0.045598 0.336271 0.0423678 0.138355 0.279785
1 0.434495 0.436966 0.0480769 0.0929487 0.263672
1 0.457332 0.693376 0.0336538 0.0790599 0.251709
1 0.45643 0.694444 0.0330529 0.0779914 0.256104
1 0.435096 0.439904 0.046274 0.0897436 0.253906
1 0.457933 0.695513 0.0348557 0.0801282 0.2854
1 0.435397 0.43937 0.047476 0.0924145 0.279785
1 0.434796 0.43937 0.047476 0.0929487 0.263672
1 0.457332 0.693376 0.0336538 0.0790599 0.250977
1 0.457933 0.692308 0.0336538 0.0790599 0.262207
1 0.130709 0.548211 0.109375 0.204861 0.262207
1 0.457933 0.682692 0.0360577 0.0833333 0.262939
1 0.434796 0.436432 0.0504808 0.0950855 0.311523
1 0.457332 0.693376 0.0360577 0.0790599 0.281494
1 0.434495 0.436165 0.046875 0.0940171 0.360352
1 0.457031 0.691774 0.0348557 0.0779915 0.291016
1 0.434495 0.436432 0.046875 0.0950855 0.378418
1 0.129545 0.553285 0.112305 0.203259 0.301514
1 0.457933 0.692842 0.0348557 0.076923 0.279785
1 0.435397 0.439637 0.047476 0.090812 0.448486
1 0.457332 0.695513 0.0336538 0.0747863 0.309814
1 0.435096 0.436966 0.047476 0.0929487 0.496094
1 0.456731 0.694444 0.0336539 0.0769231 0.364746
1 0.435397 0.439103 0.047476 0.0929487 0.399902
1 0.456731 0.694444 0.0336539 0.0790598 0.361084
1 0.434796 0.440438 0.047476 0.0934829 0.498047
1 0.457332 0.694444 0.0342548 0.0769231 0.40918
1 0.131611 0.553552 0.110877 0.200588 0.303223
1 0.434495 0.440171 0.0456731 0.090812 0.448486
1 0.457632 0.694444 0.0330529 0.0747863 0.346924
1 0.0438702 0.342949 0.0375601 0.13515 0.310791
1 0.131348 0.553285 0.1093 0.196848 0.273682
1 0.434495 0.439637 0.046875 0.090812 0.482422
1 0.457632 0.696581 0.0330529 0.0747863 0.369385
1 0.434796 0.438568 0.046274 0.0918803 0.474609
1 0.129958 0.551816 0.110276 0.202991 0.406494
1 0.457031 0.695513 0.0336538 0.0769231 0.362061
1 0.0432692 0.344551 0.0365084 0.13141 0.303223
1 0.435096 0.439103 0.046875 0.0902778 0.492188
1 0.457933 0.694444 0.0330529 0.0747863 0.36377
1 0.130859 0.553419 0.109075 0.201923 0.260498
1 0.435096 0.440705 0.047476 0.090812 0.484375
1 0.457933 0.696581 0.0336538 0.0769231 0.367432
1 0.434796 0.440705 0.047476 0.090812 0.482422
1 0.457933 0.696581 0.0336538 0.0769231 0.38501
1 0.434796 0.441239 0.0480769 0.0913462 0.496094
1 0.457933 0.696581 0.0336538 0.0769231 0.391357
1 0.0431941 0.344284 0.0396635 0.137286 0.306641
1 0.131273 0.552885 0.110051 0.205128 0.253174
1 0.434495 0.440705 0.0480769 0.090812 0.476562
1 0.457332 0.695513 0.0336538 0.0769231 0.376709
1 0.0431378 0.345086 0.0399264 0.135684 0.257568
1 0.434495 0.440438 0.046875 0.0918804 0.498047
1 0.457332 0.695513 0.0336538 0.0779915 0.411133
1 0.0431002 0.343483 0.0406025 0.139957 0.279053
1 0.130559 0.554354 0.110577 0.205395 0.275146
1 0.435096 0.440171 0.046875 0.0918803 0.477539
1 0.457332 0.695513 0.0336538 0.0769231 0.381104
1 0.0433444 0.344017 0.0401142 0.137821 0.282959
1 0.435096 0.440438 0.0480769 0.0913462 0.485352
1 0.457332 0.696047 0.0336538 0.0769231 0.386719
1 0.0434195 0.344551 0.0399639 0.136752 0.271973
1 0.435397 0.439103 0.047476 0.0929487 0.399902
1 0.456731 0.694444 0.0336539 0.0790598 0.361084
