1 0.555288 0.705128 0.0805288 0.136752 0.582031
1 0.553486 0.705128 0.0793269 0.141026 0.286133
1 0.555288 0.712607 0.0889423 0.143162 0.291748
1 0.555288 0.711539 0.0889423 0.142094 0.300781
1 0.553486 0.706197 0.0877404 0.134615 0.253174
1 0.552284 0.714744 0.078125 0.138889 0.385742
1 0.553786 0.717949 0.0847356 0.148504 0.383057
1 0.553786 0.706731 0.0907452 0.150641 0.345215
1 0.553786 0.709402 0.0871395 0.138889 0.504883
1 0.553486 0.71047 0.0877404 0.149573 0.308105
1 0.554087 0.705128 0.0841346 0.155983 0.451416
1 0.554087 0.709402 0.0817307 0.157051 0.400635
1 0.554688 0.717949 0.0841346 0.147436 0.53125
1 0.551983 0.711539 0.0835337 0.151709 0.44751
1 0.556791 0.70406 0.0823318 0.149573 0.38501
1 0.554087 0.713675 0.0865385 0.153846 0.53418
1 0.555889 0.708868 0.0889423 0.148504 0.434082
1 0.555288 0.71047 0.0817308 0.147436 0.675781
1 0.553486 0.70406 0.0769231 0.153846 0.570801
1 0.555288 0.714744 0.0805288 0.138889 0.35498
1 0.552284 0.715812 0.0817307 0.143162 0.491211
1 0.551082 0.712607 0.0817308 0.152778 0.346924
1 0.554087 0.708333 0.0841346 0.151709 0.524414
1 0.554688 0.711539 0.0805288 0.143162 0.52832
1 0.554087 0.721154 0.078125 0.130342 0.44458
1 0.555889 0.711539 0.0853365 0.149573 0.57373
1 0.557392 0.713675 0.0751202 0.145299 0.624512
1 0.553486 0.707265 0.0829327 0.146368 0.437744
1 0.55619 0.711539 0.0823318 0.145299 0.456055
1 0.554988 0.713141 0.078726 0.138889 0.479492
1 0.555288 0.712607 0.0853365 0.155983 0.562988
1 0.55619 0.709402 0.0811298 0.151709 0.501953
1 0.552284 0.717949 0.0793269 0.145299 0.625977
1 0.555288 0.711539 0.0841346 0.151709 0.499023
1 0.552584 0.715278 0.0811298 0.153846 0.592773
1 0.55649 0.71047 0.0829327 0.145299 0.548828
1 0.554087 0.706197 0.0817307 0.145299 0.575684
1 0.553486 0.711004 0.0841346 0.144231 0.654785
1 0.553486 0.715812 0.0829327 0.147436 0.543945
1 0.553185 0.713141 0.078726 0.144231 0.498047
1 0.554087 0.714744 0.0877404 0.150641 0.501953
1 0.552284 0.707265 0.0829327 0.147436 0.494141
1 0.552584 0.705662 0.0811298 0.152778 0.602051
1 0.555288 0.71047 0.0769231 0.141026 0.414062
1 0.554087 0.707799 0.0805288 0.148504 0.491211
1 0.555288 0.711004 0.0793269 0.139957 0.543945
1 0.554087 0.708333 0.0841346 0.145299 0.601074
1 0.556791 0.71047 0.0859375 0.146368 0.474609
1 0.555889 0.709402 0.0841346 0.147436 0.481445
1 0.554688 0.703526 0.0817307 0.150641 0.475586
1 0.553786 0.709402 0.0847356 0.143162 0.466797
1 0.552284 0.714744 0.0805288 0.138889 0.377441
1 0.553486 0.708333 0.0805288 0.145299 0.519531
1 0.554387 0.711539 0.0811298 0.143162 0.477539
1 0.553786 0.713141 0.0811298 0.146368 0.524414
1 0.554988 0.716346 0.0811298 0.138889 0.543945
1 0.551983 0.714744 0.0799279 0.151709 0.518555
1 0.555589 0.712073 0.0799279 0.145299 0.536133
1 0.557091 0.713675 0.0745192 0.143162 0.522461
1 0.555288 0.711539 0.0805288 0.145299 0.485352
1 0.555288 0.711539 0.0817308 0.143162 0.467773
1 0.554688 0.711004 0.0829327 0.141026 0.486328
1 0.555889 0.71047 0.0829327 0.143162 0.542969
1 0.555889 0.71047 0.0829327 0.145299 0.559082
1 0.55649 0.709402 0.0829327 0.149573 0.57959
1 0.553185 0.709402 0.0811298 0.141026 0.643555
1 0.555288 0.708333 0.0841346 0.145299 0.514648
1 0.55619 0.708333 0.0835337 0.149573 0.49707
1 0.555889 0.709936 0.0853365 0.143162 0.548828
1 0.554688 0.712607 0.0817307 0.145299 0.555664
1 0.555889 0.71047 0.0829327 0.145299 0.570801
1 0.554087 0.711538 0.0853365 0.150641 0.489258
1 0.555288 0.708333 0.0853365 0.147436 0.486328
1 0.556791 0.706197 0.0823318 0.15812 0.607422
1 0.557692 0.709402 0.0853365 0.155983 0.57373
1 0.55649 0.702991 0.0841346 0.147436 0.59375
1 0.55619 0.709402 0.0835337 0.155983 0.597168
1 0.555288 0.712073 0.0841346 0.149573 0.643555
1 0.555589 0.711539 0.0859375 0.151709 0.70752
1 0.555889 0.712607 0.0853365 0.151709 0.629883
1 0.555288 0.714744 0.0853365 0.149573 0.725586
1 0.555889 0.717949 0.0853365 0.146368 0.675781
1 0.554688 0.715278 0.0853365 0.147436 0.695801
1 0.555889 0.71688 0.0829327 0.147436 0.687012
1 0.555889 0.715812 0.0817308 0.147436 0.708008
1 0.555288 0.717949 0.0829327 0.147436 0.688477
1 0.555889 0.716346 0.0829327 0.147436 0.711426
1 0.554988 0.715812 0.0847356 0.149573 0.714844
1 0.555288 0.714744 0.0829327 0.149573 0.716309
1 0.554688 0.715812 0.0853365 0.151709 0.725586
1 0.554688 0.71688 0.0841346 0.149573 0.705078
1 0.554387 0.71688 0.0835337 0.147436 0.689941
1 0.555889 0.712607 0.0865385 0.151709 0.629883
