1 0.480769 0.490919 0.0673077 0.103632 0.319092
1 0.606971 0.16867 0.0576923 0.106036 0.27832
1 0.479267 0.494124 0.0721154 0.114316 0.305664
1 0.480168 0.492788 0.0661058 0.105235 0.306641
1 0.60637 0.173878 0.0492788 0.0747863 0.27832
1 0.48137 0.49172 0.0649038 0.105235 0.254639
1 0.482572 0.492521 0.0673077 0.104701 0.275146
1 0.476562 0.495192 0.0612981 0.103632 0.260498
1 0.606971 0.180288 0.0528846 0.0913462 0.263672
1 0.480769 0.48985 0.0697115 0.106838 0.320801
1 0.483173 0.488515 0.0667068 0.10203 0.252441
1 0.480168 0.490652 0.0661058 0.10844 0.286865
1 0.477764 0.497863 0.0673077 0.106838 0.264404
1 0.480168 0.494124 0.0709135 0.110043 0.257568
1 0.476562 0.49813 0.0637019 0.103098 0.291748
1 0.479567 0.498932 0.063702 0.101496 0.250977
1 0.479868 0.496795 0.0691106 0.105769 0.27124
1 0.477464 0.48985 0.0612981 0.100427 0.255371
1 0.479868 0.489316 0.0685096 0.103632 0.281494
1 0.478365 0.48985 0.0649039 0.104701 0.258301
1 0.481671 0.487714 0.0691106 0.105769 0.412109
1 0.477464 0.48985 0.0685096 0.110043 0.275146
1 0.480168 0.485844 0.0709135 0.105235 0.276611
1 0.479267 0.489583 0.0691106 0.104167 0.268066
1 0.481971 0.487179 0.0685096 0.104701 0.274414
1 0.609375 0.163996 0.0528846 0.100962 0.267334
1 0.481671 0.487714 0.0685096 0.104701 0.257568
1 0.606971 0.174412 0.0504807 0.088141 0.274414
1 0.478666 0.495994 0.0709135 0.106303 0.265137
1 0.480769 0.490652 0.0721154 0.106303 0.341553
1 0.605769 0.170673 0.0516827 0.0892094 0.280518
1 0.476562 0.495192 0.0643029 0.102564 0.357666
1 0.605769 0.177885 0.0480769 0.0844017 0.328613
1 0.477764 0.499199 0.0673077 0.103098 0.384033
1 0.605769 0.180556 0.0480769 0.0844017 0.300781
1 0.475962 0.498397 0.0673077 0.102564 0.359375
1 0.605168 0.182158 0.0492788 0.0844017 0.287842
1 0.478365 0.494925 0.0685096 0.100962 0.359375
1 0.605769 0.17922 0.0480769 0.0844017 0.295898
1 0.477764 0.493323 0.0697115 0.103098 0.315674
1 0.606971 0.180288 0.0492788 0.0860043 0.294189
1 0.478365 0.497329 0.0691106 0.100427 0.308105
1 0.60637 0.182692 0.0492788 0.0854701 0.293457
1 0.479567 0.496261 0.0721154 0.102564 0.332031
1 0.605769 0.185096 0.0528846 0.0886752 0.320068
1 0.477764 0.496528 0.0709135 0.103098 0.345215
1 0.605769 0.185096 0.0528846 0.0918804 0.323486
1 0.478365 0.494658 0.0727164 0.102564 0.329346
1 0.60637 0.181891 0.0504807 0.0897436 0.284668
1 0.478365 0.49359 0.0745192 0.104701 0.379395
1 0.605769 0.182826 0.0504807 0.0926816 0.314941
1 0.478365 0.495192 0.0733173 0.103632 0.363037
1 0.605769 0.184295 0.0528846 0.0913462 0.313965
1 0.477764 0.496261 0.0709135 0.101496 0.346924
1 0.605769 0.184161 0.0528846 0.0900107 0.306641
