1 0.333534 0.601496 0.0504808 0.113248 0.350342
1 0.328726 0.611645 0.0456731 0.110043 0.295898
1 0.332933 0.613782 0.046875 0.114316 0.315674
1 0.33143 0.61218 0.0570913 0.119658 0.280518
1 0.33113 0.605235 0.0504807 0.125 0.264404
1 0.330529 0.604167 0.0486779 0.116453 0.325928
1 0.333534 0.61218 0.0492789 0.115385 0.300781
1 0.331731 0.610043 0.0492788 0.115385 0.280518
1 0.33113 0.608974 0.0570913 0.117521 0.320801
1 0.330529 0.611111 0.0564904 0.134615 0.319092
1 0.333534 0.602564 0.0456731 0.119658 0.268066
1 0.329627 0.611111 0.0546875 0.126068 0.294189
1 0.329026 0.608974 0.0558894 0.121795 0.427246
1 0.331731 0.604167 0.0444712 0.120726 0.345215
1 0.332332 0.605769 0.0480769 0.123932 0.323486
1 0.333834 0.607906 0.0492789 0.126068 0.269775
1 0.332332 0.607906 0.0576923 0.127137 0.363037
1 0.329928 0.603633 0.0552885 0.119658 0.33374
1 0.332332 0.611645 0.0480769 0.116453 0.2854
1 0.333534 0.605769 0.0600961 0.126068 0.384033
1 0.33113 0.606838 0.0522837 0.119658 0.274414
1 0.331731 0.610043 0.0504808 0.123932 0.303955
1 0.33143 0.608974 0.0510817 0.117521 0.407227
1 0.33143 0.611111 0.0522837 0.123932 0.324219
1 0.333834 0.607906 0.0534856 0.126068 0.317383
1 0.33143 0.610043 0.0534856 0.123932 0.396973
1 0.332933 0.611645 0.0492789 0.120726 0.312256
1 0.331731 0.61218 0.0492788 0.126068 0.271973
1 0.331731 0.608974 0.0504808 0.123932 0.253906
1 0.329928 0.604701 0.046875 0.121795 0.396973
1 0.330228 0.607906 0.0516827 0.125 0.402588
1 0.33113 0.610577 0.0504807 0.123932 0.314941
1 0.329928 0.61218 0.0504808 0.123932 0.270508
1 0.330529 0.60844 0.0492788 0.121795 0.337158
1 0.332332 0.607906 0.0504808 0.128205 0.32251
1 0.332332 0.610043 0.0504808 0.121795 0.259766
1 0.332031 0.606838 0.047476 0.123932 0.311523
1 0.332031 0.607906 0.0486779 0.123932 0.306641
1 0.33113 0.608974 0.0504807 0.126068 0.312256
1 0.33113 0.61218 0.0504807 0.126068 0.283691
1 0.330829 0.61218 0.0480769 0.121795 0.305664
1 0.330228 0.611645 0.0486779 0.11859 0.281494
1 0.332332 0.612714 0.046875 0.120726 0.280518
1 0.33113 0.611111 0.0504807 0.126068 0.289307
1 0.330529 0.610043 0.0528846 0.123932 0.276611
1 0.332933 0.611111 0.0480769 0.119658 0.258301
1 0.332332 0.614316 0.0480769 0.119658 0.334473
1 0.330529 0.611111 0.0480769 0.119658 0.320801
1 0.330829 0.608974 0.0498798 0.123932 0.35498
1 0.33113 0.611645 0.0492788 0.120726 0.314941
1 0.332933 0.61485 0.0480769 0.11859 0.329346
1 0.33113 0.611645 0.0498798 0.120726 0.321777
1 0.331731 0.611111 0.0504808 0.122863 0.309814
1 0.33113 0.611111 0.0504807 0.123932 0.369385
1 0.33143 0.609509 0.0498798 0.119658 0.317383
1 0.332332 0.611111 0.0492789 0.120726 0.300781
1 0.331731 0.610577 0.0492788 0.123932 0.341553
1 0.331731 0.608974 0.0504808 0.123932 0.44751
1 0.332031 0.610577 0.0498798 0.121795 0.338867
1 0.334135 0.608974 0.0504808 0.121795 0.323486
1 0.332031 0.611645 0.0504808 0.119658 0.287842
1 0.331731 0.612714 0.0480769 0.11859 0.349609
1 0.332031 0.61218 0.0498798 0.121795 0.370117
1 0.33113 0.611111 0.0504807 0.117521 0.305664
1 0.330529 0.610577 0.0480769 0.122863 0.309814
1 0.330529 0.60844 0.0504808 0.125 0.327637
1 0.330228 0.607906 0.0492789 0.128205 0.365723
1 0.33143 0.607906 0.0486779 0.127137 0.365723
1 0.330529 0.607906 0.0516827 0.130342 0.385742
1 0.33113 0.61218 0.0504807 0.126068 0.38208
1 0.330529 0.608974 0.0528846 0.128205 0.47168
1 0.33113 0.613248 0.0492788 0.126068 0.34082
1 0.329928 0.613248 0.0456731 0.126068 0.439697
1 0.330529 0.614316 0.0456731 0.123932 0.391357
1 0.329928 0.615385 0.046875 0.121795 0.431152
1 0.329928 0.612714 0.047476 0.122863 0.436768
1 0.330529 0.613248 0.047476 0.122863 0.436768
1 0.33113 0.616453 0.0480769 0.126068 0.455078
1 0.33113 0.616453 0.0480769 0.123932 0.47168
1 0.330829 0.616453 0.047476 0.126068 0.479492
1 0.33113 0.616453 0.0492788 0.123932 0.462891
1 0.330829 0.615385 0.0486779 0.126068 0.488281
1 0.33113 0.616453 0.0486779 0.126068 0.459961
1 0.330829 0.616453 0.0486779 0.123932 0.46875
1 0.33113 0.613248 0.0492788 0.126068 0.34082
