1 0.873197 0.790598 0.0637019 0.0833333 0.271973
1 0.873197 0.790598 0.0612981 0.0811966 0.286865
1 0.870793 0.78953 0.0600962 0.068376 0.263672
1 0.871394 0.797009 0.0625 0.076923 0.256104
1 0.871995 0.801282 0.0637019 0.0876068 0.35498
1 0.872596 0.791667 0.0649038 0.0811966 0.313232
1 0.872596 0.794872 0.0625 0.0747863 0.308105
1 0.874399 0.78953 0.0661057 0.0726496 0.250977
1 0.873798 0.793803 0.0625 0.076923 0.250977
1 0.873798 0.786325 0.0625 0.0769231 0.252441
1 0.86899 0.787927 0.0661057 0.082265 0.274414
1 0.872596 0.790598 0.0649038 0.0801281 0.317383
1 0.871394 0.792735 0.0649038 0.0854701 0.346924
1 0.871995 0.794872 0.0661057 0.0790598 0.352295
1 0.871394 0.792735 0.0673077 0.0790599 0.443604
1 0.871394 0.79594 0.0625 0.0758547 0.325928
1 0.871995 0.797009 0.0637019 0.076923 0.342529
1 0.870793 0.798611 0.0612981 0.0737179 0.291016
1 0.871394 0.79594 0.0625 0.0779915 0.359375
1 0.871995 0.797009 0.0637019 0.0811965 0.306641
1 0.872596 0.797543 0.063702 0.0758547 0.294922
1 0.871394 0.799145 0.0637019 0.0801282 0.34082
1 0.871394 0.798077 0.0649038 0.0801282 0.349609
1 0.871394 0.797009 0.0649038 0.0790598 0.339844
1 0.871394 0.798077 0.0625 0.0790598 0.335449
1 0.871394 0.797009 0.0625 0.076923 0.319092
1 0.871394 0.797543 0.0625 0.0758547 0.324219
