1 0.14393 0.892094 0.0324519 0.0683761 0.287842
1 0.144832 0.897436 0.0348558 0.0844017 0.253174
1 0.145433 0.897436 0.0354567 0.0876068 0.271973
1 0.14378 0.900107 0.0366587 0.0865384 0.253906
1 0.144531 0.896368 0.0366587 0.0854701 0.251709
1 0.14363 0.898504 0.0372596 0.0844017 0.269043
1 0.144531 0.896368 0.0378606 0.0865384 0.279785
1 0.144231 0.898504 0.0372596 0.0844017 0.279053
1 0.14393 0.895299 0.0363582 0.0833333 0.272705
1 0.144231 0.894231 0.0372596 0.0833333 0.283691
1 0.144531 0.894765 0.0366587 0.0801282 0.31665
1 0.144231 0.896902 0.0348558 0.0779915 0.352295
1 0.14363 0.893697 0.0348558 0.0779914 0.362061
1 0.144081 0.894765 0.0348558 0.0811966 0.344238
1 0.144231 0.896368 0.0360577 0.0811966 0.396973
1 0.701923 0.715812 0.0336538 0.0726496 0.299805
1 0.144531 0.895833 0.0348558 0.0790599 0.350342
1 0.702524 0.714744 0.0336538 0.073718 0.299072
1 0.144381 0.897436 0.0348558 0.0811966 0.354004
1 0.144531 0.897436 0.0354567 0.0811966 0.379395
1 0.701923 0.715812 0.0336538 0.0705128 0.320801
1 0.144832 0.895833 0.0348558 0.0801282 0.373779
1 0.144832 0.89797 0.0357572 0.0833333 0.378418
1 0.702524 0.714744 0.0348557 0.0747863 0.286865
1 0.144982 0.898504 0.0354567 0.0811966 0.378418
1 0.702524 0.714744 0.0348557 0.073718 0.274414
1 0.144832 0.898504 0.0357572 0.0811966 0.378418
1 0.701923 0.714209 0.0360577 0.0758547 0.307373
1 0.144832 0.897436 0.0366587 0.0811966 0.363037
1 0.701923 0.714744 0.0360577 0.0726496 0.257568
1 0.144531 0.89797 0.0360577 0.0844017 0.386719
1 0.701923 0.713675 0.0336538 0.0726496 0.283691
1 0.144531 0.89797 0.0360577 0.082265 0.37207
1 0.144531 0.897436 0.0360577 0.0811966 0.377441
1 0.701923 0.715278 0.0336538 0.0715812 0.252441
1 0.14393 0.894765 0.0348558 0.0811966 0.345215
