1 0.36899 0.117755 0.0745192 0.149105 0.342529
1 0.367488 0.112179 0.0721154 0.154915 0.437744
1 0.365685 0.109509 0.0745192 0.155983 0.309082
1 0.365986 0.111645 0.0793269 0.157318 0.389648
1 0.369291 0.11071 0.0739183 0.150374 0.348633
1 0.366887 0.114183 0.0847356 0.173344 0.259033
1 0.365986 0.108173 0.0733173 0.153846 0.411133
1 0.366587 0.111111 0.0769231 0.161859 0.300781
1 0.36869 0.107338 0.0751202 0.154981 0.305664
1 0.367188 0.113482 0.0757211 0.145366 0.310791
1 0.746394 0.78312 0.108173 0.318376 0.291748
1 0.363882 0.111912 0.0769231 0.153312 0.273682
1 0.366587 0.108574 0.0769231 0.156784 0.517578
1 0.735577 0.797543 0.139423 0.321581 0.366699
1 0.366587 0.110844 0.0661058 0.145833 0.496094
1 0.365385 0.111645 0.078125 0.154915 0.478516
1 0.363281 0.111912 0.0829327 0.165865 0.258301
1 0.364784 0.108307 0.0769231 0.154113 0.355713
1 0.365986 0.112146 0.0733173 0.159789 0.251709
1 0.367788 0.1043 0.0745192 0.156784 0.424316
1 0.366587 0.114283 0.0703125 0.150708 0.309082
1 0.366286 0.113649 0.0727164 0.157318 0.359375
1 0.367188 0.109241 0.0757211 0.154915 0.294189
1 0.365385 0.108674 0.0709134 0.153913 0.418701
1 0.365685 0.111245 0.078726 0.157853 0.362061
1 0.365685 0.113381 0.078726 0.153045 0.448486
1 0.361779 0.118189 0.0769231 0.151977 0.483398
1 0.364784 0.112981 0.0769231 0.154915 0.38501
1 0.365986 0.107772 0.0721154 0.153312 0.457031
1 0.365986 0.110443 0.0745193 0.152778 0.414062
1 0.365084 0.108307 0.0691106 0.1461 0.412109
1 0.368389 0.110811 0.0751202 0.162994 0.312256
1 0.74399 0.794872 0.117789 0.32906 0.260498
1 0.368389 0.112447 0.0769231 0.161859 0.399902
1 0.364784 0.112313 0.0745193 0.155716 0.433105
1 0.362981 0.112179 0.0793269 0.165331 0.415771
1 0.36238 0.112447 0.078125 0.15438 0.414795
1 0.362981 0.0986912 0.0793269 0.1664 0.481445
1 0.745192 0.805021 0.134615 0.372863 0.282959
1 0.364183 0.112179 0.0751202 0.158654 0.351318
1 0.365986 0.102431 0.0757212 0.170139 0.283691
1 0.366587 0.106571 0.0757212 0.16453 0.427246
1 0.364784 0.105769 0.0745193 0.162927 0.453369
1 0.367488 0.111946 0.0769231 0.157519 0.348633
1 0.365385 0.109108 0.0817308 0.1664 0.396973
1 0.365385 0.106303 0.0763221 0.164263 0.401611
1 0.364784 0.109776 0.0793269 0.159188 0.403564
1 0.363882 0.109208 0.0757211 0.157652 0.42334
1 0.366587 0.107238 0.0769231 0.160791 0.39502
1 0.364784 0.111779 0.0793269 0.160524 0.437744
1 0.363582 0.108307 0.0757212 0.154915 0.510742
1 0.365385 0.114583 0.0745193 0.152511 0.380371
0 0.726562 0.815171 0.163461 0.354701 0.29834
1 0.364183 0.108974 0.0769231 0.165598 0.462891
1 0.364483 0.107939 0.0727163 0.161258 0.454346
1 0.363882 0.11258 0.0733173 0.160524 0.47168
1 0.364183 0.113248 0.0769231 0.155449 0.413086
0 0.698167 0.794872 0.276743 0.391026 0.376709
1 0.363582 0.112447 0.0757212 0.159188 0.417725
0 0.74399 0.800748 0.137019 0.344017 0.421631
1 0.360276 0.107639 0.0769231 0.159989 0.395996
1 0.36238 0.108307 0.0751202 0.157318 0.456055
0 0.692909 0.791132 0.25601 0.373932 0.309814
1 0.363582 0.109909 0.0745192 0.15625 0.472656
1 0.36268 0.107906 0.0775241 0.157051 0.518555
1 0.364183 0.105235 0.0745193 0.155983 0.594727
1 0.362981 0.106437 0.077524 0.155182 0.422607
1 0.730769 0.804487 0.146635 0.34188 0.282227
1 0.363582 0.106704 0.078125 0.161058 0.44165
1 0.362981 0.111779 0.0769231 0.15812 0.365723
1 0.362981 0.11258 0.078125 0.162126 0.429199
1 0.363281 0.111912 0.0793269 0.159188 0.554688
1 0.732572 0.799145 0.163462 0.364316 0.270508
1 0.361779 0.112179 0.078125 0.155182 0.421631
1 0.361779 0.113248 0.077524 0.156517 0.303223
1 0.725361 0.794872 0.15024 0.314103 0.268066
1 0.36268 0.10804 0.0763221 0.159989 0.511719
1 0.746394 0.808761 0.134615 0.361111 0.284668
1 0.362079 0.112046 0.077524 0.156784 0.492188
1 0.36268 0.110443 0.0757212 0.153846 0.457031
1 0.36238 0.103866 0.0769231 0.157652 0.420654
1 0.748798 0.80235 0.123798 0.346154 0.310791
1 0.360577 0.106971 0.078726 0.156784 0.436768
1 0.361478 0.104834 0.0763221 0.155716 0.545898
1 0.361178 0.108674 0.077524 0.15605 0.349609
1 0.359976 0.108841 0.078125 0.156784 0.500977
1 0.36238 0.113381 0.0757211 0.152511 0.515625
1 0.361178 0.111779 0.0769231 0.15438 0.526367
1 0.362079 0.110176 0.0763221 0.157318 0.57373
1 0.629808 0.786859 0.0384615 0.0470085 0.254639
1 0.361178 0.110844 0.0769231 0.154915 0.547852
1 0.361478 0.114316 0.078125 0.156517 0.473633
1 0.362079 0.114049 0.0769231 0.155716 0.487305
1 0.360577 0.112847 0.078125 0.157853 0.546875
1 0.361178 0.111245 0.0769231 0.153312 0.535156
1 0.360577 0.112413 0.078726 0.157652 0.540039
1 0.360577 0.112981 0.078125 0.155983 0.519531
1 0.360577 0.113214 0.078125 0.153913 0.508789
1 0.361178 0.108674 0.0769231 0.15605 0.349609
