1 0.484375 0.499466 0.125 0.184829 0.437744
1 0.483173 0.482906 0.13101 0.205128 0.525391
1 0.48137 0.481838 0.132212 0.207265 0.391357
1 0.491887 0.482105 0.153245 0.192842 0.26123
1 0.485577 0.478633 0.126202 0.200855 0.378418
1 0.486178 0.476496 0.137019 0.208333 0.291748
1 0.494291 0.481571 0.128005 0.209936 0.458984
1 0.482572 0.493056 0.140625 0.193376 0.413086
1 0.486779 0.483173 0.132212 0.203526 0.318359
1 0.486178 0.484776 0.136418 0.203526 0.360352
1 0.487079 0.4789 0.130409 0.191774 0.301514
1 0.48738 0.475694 0.133413 0.212073 0.345947
1 0.483173 0.478632 0.129808 0.193376 0.338135
1 0.489183 0.499866 0.140625 0.209669 0.283691
1 0.478365 0.480235 0.143029 0.205128 0.275879
1 0.481971 0.474893 0.137019 0.208333 0.464844
1 0.486478 0.479434 0.137019 0.207799 0.398926
1 0.485577 0.486111 0.139423 0.209402 0.384033
1 0.490084 0.486645 0.135216 0.202991 0.638672
1 0.492188 0.482906 0.138221 0.211538 0.315674
1 0.490385 0.487447 0.147837 0.211004 0.286865
1 0.482873 0.491186 0.126803 0.184295 0.361084
1 0.487079 0.479434 0.141226 0.203526 0.575684
1 0.485577 0.498397 0.147837 0.201923 0.313232
1 0.488882 0.48985 0.152644 0.219017 0.370117
1 0.489483 0.483974 0.140024 0.190171 0.303223
1 0.489784 0.485043 0.137019 0.198718 0.289307
1 0.488281 0.486645 0.141827 0.206197 0.362061
1 0.49369 0.490652 0.135216 0.205662 0.250244
1 0.487981 0.482906 0.137019 0.212607 0.443604
1 0.491587 0.488782 0.135216 0.212607 0.395996
1 0.489183 0.4789 0.138221 0.219551 0.335449
1 0.490685 0.486378 0.138822 0.208868 0.44165
1 0.486779 0.479167 0.138221 0.212607 0.33374
1 0.488582 0.484509 0.140625 0.21047 0.379395
1 0.490986 0.482372 0.135817 0.214744 0.299072
1 0.488281 0.481571 0.134014 0.206731 0.332031
1 0.486178 0.481303 0.135817 0.21047 0.35498
1 0.488582 0.478098 0.139423 0.217949 0.26123
1 0.48738 0.477564 0.137019 0.209402 0.499023
1 0.485577 0.476496 0.137019 0.21047 0.469727
1 0.487981 0.477297 0.134615 0.216346 0.410156
1 0.489483 0.475427 0.134014 0.213675 0.36377
1 0.488281 0.477831 0.138221 0.213141 0.486328
1 0.489784 0.482105 0.135817 0.205662 0.259033
1 0.489183 0.483974 0.135817 0.20406 0.386719
1 0.487981 0.481036 0.138221 0.208868 0.251709
1 0.487981 0.48344 0.137019 0.208333 0.310791
1 0.488882 0.48344 0.135817 0.208333 0.299072
1 0.488582 0.484241 0.137019 0.208868 0.296631
1 0.488582 0.485043 0.137019 0.208333 0.320068
1 0.487981 0.48531 0.138221 0.206731 0.299072
