1 0.40625 0.793803 0.0564904 0.0961539 0.339844
1 0.405048 0.775641 0.0570913 0.102564 0.320068
1 0.405349 0.771368 0.0510817 0.0854701 0.294189
1 0.402644 0.78953 0.0528846 0.0897436 0.309082
1 0.404447 0.784722 0.0486779 0.0876068 0.257568
1 0.403245 0.784722 0.0564904 0.0865384 0.265137
1 0.405649 0.780983 0.0588942 0.0897436 0.350342
1 0.403245 0.784188 0.0528846 0.0865384 0.262207
1 0.405048 0.775107 0.0600962 0.0950854 0.263672
1 0.40655 0.778846 0.0534856 0.0940171 0.335449
1 0.404447 0.776175 0.0552884 0.0918804 0.319092
1 0.404447 0.778846 0.0552884 0.0961539 0.27832
1 0.403846 0.787393 0.0564904 0.0876068 0.274414
1 0.404447 0.777778 0.0576923 0.0961539 0.32251
1 0.405649 0.780983 0.0528846 0.0918804 0.312256
1 0.403245 0.78953 0.0588943 0.0972222 0.310791
1 0.403846 0.78312 0.0588943 0.0940171 0.430176
1 0.403245 0.785256 0.0540865 0.0854701 0.291016
1 0.402644 0.77938 0.0540865 0.0886752 0.410156
1 0.405649 0.774573 0.0540866 0.0918803 0.282227
1 0.404748 0.782051 0.0558894 0.0940171 0.448486
1 0.403245 0.786325 0.0540865 0.0876068 0.37207
1 0.403245 0.778846 0.0540865 0.0876068 0.332764
1 0.40595 0.78312 0.0582933 0.0897436 0.379395
1 0.403846 0.786325 0.0570914 0.0918804 0.305664
1 0.403245 0.777244 0.0540865 0.0886752 0.392334
1 0.404447 0.775107 0.0564904 0.101496 0.338867
1 0.404447 0.785256 0.0534856 0.0876068 0.394287
1 0.405349 0.786325 0.0594952 0.0854701 0.433105
1 0.40595 0.785256 0.0552885 0.0854701 0.427246
1 0.404447 0.787927 0.0540865 0.0833333 0.39502
1 0.404447 0.780449 0.0558894 0.0854701 0.286133
1 0.404447 0.785791 0.0552884 0.0844017 0.42334
1 0.403546 0.784722 0.0558894 0.0844017 0.325928
1 0.403245 0.785791 0.0516827 0.0833333 0.327637
1 0.403846 0.788462 0.0528846 0.0811966 0.305664
1 0.404748 0.77938 0.0540865 0.0886752 0.336426
1 0.402344 0.786325 0.0540866 0.0854701 0.310791
1 0.402945 0.777778 0.0552885 0.0918803 0.309082
1 0.403846 0.787393 0.0540865 0.0854701 0.330322
1 0.404447 0.775107 0.0528846 0.0897436 0.281494
1 0.403846 0.785256 0.0552884 0.0876068 0.262207
1 0.402945 0.778312 0.0510817 0.0897436 0.30249
1 0.404147 0.778846 0.0540865 0.0918804 0.348633
1 0.402644 0.776709 0.0540865 0.090812 0.35498
1 0.404447 0.778846 0.0552884 0.0876068 0.313965
1 0.404147 0.776709 0.0534856 0.0876068 0.330322
1 0.403846 0.777778 0.0516827 0.0854701 0.305664
1 0.404748 0.778312 0.0540865 0.0886752 0.324219
1 0.403846 0.785256 0.0540865 0.0854701 0.269775
1 0.403245 0.785256 0.0546875 0.0876068 0.299072
1 0.403846 0.788462 0.0540865 0.0833333 0.32251
1 0.404447 0.776709 0.0528846 0.0876068 0.284668
1 0.402644 0.787927 0.0534856 0.0833333 0.256104
1 0.403846 0.778846 0.0528846 0.0854701 0.315674
1 0.403846 0.788462 0.0540865 0.0854701 0.291016
1 0.403846 0.790598 0.0564904 0.0854701 0.301514
1 0.403846 0.787927 0.0540865 0.0854701 0.2854
1 0.403245 0.777778 0.0528846 0.0854701 0.276611
1 0.403846 0.777778 0.0528846 0.0833333 0.283691
1 0.403546 0.778312 0.0534856 0.0854701 0.305664
1 0.403846 0.777244 0.0540865 0.0876069 0.275879
1 0.404447 0.778312 0.0540865 0.0865384 0.305664
1 0.403546 0.787393 0.0546875 0.0865384 0.36377
1 0.403245 0.779915 0.0546875 0.0886752 0.280518
1 0.403846 0.785791 0.0564904 0.0854701 0.297363
1 0.403846 0.788462 0.0552884 0.082265 0.303223
1 0.402945 0.788462 0.0540865 0.0876068 0.35498
1 0.403546 0.786325 0.0540865 0.0854701 0.368408
1 0.402644 0.787393 0.0540865 0.0833333 0.357666
1 0.403846 0.786325 0.0546875 0.0854701 0.290283
1 0.403245 0.777778 0.0540865 0.0854701 0.353027
1 0.402644 0.784188 0.0534856 0.0833333 0.405518
1 0.403245 0.782051 0.0552885 0.0833333 0.422607
1 0.403245 0.780983 0.0552885 0.0876069 0.460938
1 0.402644 0.784188 0.0552885 0.0854701 0.525391
1 0.402644 0.782051 0.0564904 0.0854702 0.572754
1 0.403546 0.784188 0.0540865 0.0865384 0.495117
1 0.402945 0.784188 0.0546875 0.0854701 0.563965
1 0.403245 0.784722 0.0540865 0.0833333 0.522461
1 0.403245 0.784188 0.0540865 0.0833333 0.536133
1 0.403846 0.782586 0.0552884 0.0854701 0.570801
1 0.403846 0.784188 0.0540865 0.0833333 0.543945
1 0.403846 0.785256 0.0552884 0.0865384 0.57959
1 0.404147 0.784722 0.0546875 0.0844017 0.57666
1 0.403846 0.786325 0.0552884 0.0854701 0.583008
1 0.403846 0.784722 0.0552884 0.0854701 0.559082
1 0.403846 0.784188 0.0552884 0.0854701 0.570801
1 0.403846 0.784188 0.0546875 0.0854701 0.556641
1 0.403846 0.784188 0.0540865 0.0854701 0.569824
1 0.403546 0.784188 0.0540865 0.0865384 0.496094
