1 0.75601 0.489316 0.0576923 0.0683761 0.276611
1 0.754808 0.502671 0.0540865 0.0566239 0.272705
1 0.754808 0.49172 0.0576923 0.0614316 0.296631
1 0.75601 0.490118 0.0600962 0.0582265 0.255371
1 0.757212 0.506277 0.0600962 0.0558226 0.269043
1 0.756611 0.491987 0.0588943 0.0619658 0.254639
1 0.754808 0.492254 0.0576923 0.0582265 0.254639
1 0.754808 0.490919 0.0600962 0.0587607 0.259033
1 0.755409 0.491453 0.0564904 0.0576923 0.269043
1 0.755409 0.492521 0.0588943 0.0608974 0.269775
1 0.75601 0.491186 0.0576923 0.0582265 0.264404
1 0.75601 0.509749 0.0576923 0.0574252 0.303955
1 0.754808 0.498397 0.0576923 0.0555556 0.291748
1 0.754808 0.511218 0.0600962 0.0555556 0.323486
1 0.755409 0.51015 0.0600962 0.0576923 0.349609
1 0.75601 0.509482 0.0600962 0.0579594 0.299805
1 0.754808 0.509615 0.0600962 0.0555556 0.389648
1 0.754808 0.510684 0.0600962 0.0576923 0.390381
1 0.754808 0.510817 0.0600962 0.0552885 0.371094
1 0.754808 0.509615 0.0600962 0.0566239 0.421631
1 0.755409 0.508413 0.0588943 0.0558226 0.355713
1 0.755409 0.508681 0.0600962 0.0574252 0.402588
1 0.755409 0.509615 0.0588943 0.0566239 0.400635
1 0.755409 0.509749 0.0600962 0.0574252 0.425293
1 0.755409 0.509482 0.0588943 0.0558227 0.386719
1 0.754808 0.508413 0.0600962 0.0558226 0.39502
1 0.754808 0.509081 0.0600962 0.0555556 0.391357
1 0.754808 0.509081 0.0600962 0.0555556 0.411133
1 0.75601 0.509081 0.0600962 0.0587607 0.300781
