1 0.253155 0.523638 0.0922476 0.155716 0.338867
1 0.191406 0.620727 0.063101 0.100427 0.274414
1 0.252554 0.516026 0.0880409 0.150641 0.515625
1 0.704327 0.866987 0.0432692 0.0779914 0.325928
1 0.972957 0.168803 0.0432692 0.0737179 0.300781
1 0.190655 0.619658 0.0655048 0.119658 0.300781
1 0.255859 0.519097 0.0868389 0.151977 0.268066
1 0.25631 0.518697 0.100962 0.163462 0.312256
1 0.253005 0.519231 0.0877404 0.155983 0.282227
1 0.252404 0.511752 0.0901442 0.15812 0.314941
1 0.252554 0.521501 0.0892428 0.153579 0.431152
1 0.191106 0.621795 0.0703125 0.142094 0.264404
1 0.251202 0.530449 0.0913461 0.15812 0.356689
1 0.254657 0.518162 0.0850361 0.145299 0.443604
1 0.253906 0.518162 0.0865385 0.160256 0.389648
1 0.251803 0.52297 0.0907452 0.145299 0.439697
1 0.253756 0.518162 0.0898438 0.151709 0.555664
1 0.192308 0.613782 0.0745192 0.123932 0.395996
1 0.254808 0.520166 0.0913461 0.147703 0.514648
1 0.190956 0.611111 0.0670072 0.130342 0.286865
1 0.254207 0.52297 0.0901442 0.146368 0.504883
1 0.192007 0.616453 0.0697115 0.122863 0.288574
1 0.25015 0.514957 0.0934495 0.147436 0.253174
1 0.252103 0.51656 0.0955529 0.154915 0.401611
1 0.254207 0.515091 0.0973558 0.151442 0.479492
1 0.252855 0.527244 0.0904447 0.143162 0.357666
1 0.253606 0.518029 0.0985577 0.145566 0.509766
1 0.193209 0.61218 0.0694111 0.120726 0.332031
1 0.254958 0.524573 0.0910457 0.153846 0.34082
1 0.252554 0.516159 0.0898438 0.155716 0.416748
1 0.254507 0.519765 0.0883414 0.150641 0.374756
1 0.195312 0.613248 0.0739183 0.121795 0.262207
1 0.254507 0.523371 0.0919471 0.14984 0.336426
1 0.193209 0.61859 0.0757211 0.123932 0.289307
1 0.252855 0.523504 0.0976562 0.157051 0.284668
1 0.705529 0.873398 0.048077 0.0779915 0.265869
1 0.255709 0.525107 0.0901442 0.149573 0.37207
1 0.192608 0.616453 0.0715144 0.121795 0.260498
1 0.252103 0.528312 0.09375 0.152778 0.374756
1 0.253305 0.524038 0.09375 0.153846 0.398926
1 0.252254 0.520299 0.0922476 0.15812 0.474609
1 0.192758 0.619658 0.0733173 0.126068 0.349609
1 0.254207 0.52297 0.0895433 0.146368 0.477539
1 0.192308 0.619658 0.0748197 0.123932 0.303955
1 0.251653 0.515491 0.0880409 0.148504 0.480469
1 0.192608 0.611645 0.0709135 0.122863 0.367432
1 0.255409 0.522436 0.0925481 0.155983 0.452393
1 0.193209 0.613248 0.0691106 0.119658 0.424316
1 0.19381 0.616453 0.0739183 0.122863 0.427246
1 0.254357 0.523504 0.0922476 0.153846 0.348633
1 0.252103 0.520833 0.0883414 0.147436 0.402588
1 0.192308 0.614316 0.0721154 0.121795 0.356689
1 0.249399 0.52297 0.0925481 0.153846 0.280518
1 0.250451 0.520166 0.0850361 0.143429 0.408203
1 0.251202 0.514423 0.0913461 0.154915 0.523438
1 0.191406 0.611111 0.0751202 0.13141 0.331055
1 0.251803 0.523504 0.0877404 0.149573 0.375732
1 0.192308 0.614316 0.0715144 0.119658 0.257568
1 0.192608 0.611111 0.0715144 0.121795 0.291748
1 0.252704 0.521368 0.0895433 0.147436 0.341553
1 0.194261 0.61218 0.0766226 0.125 0.339844
1 0.252404 0.519097 0.0907452 0.15625 0.46582
1 0.192909 0.615385 0.0739183 0.126068 0.424316
1 0.19366 0.613782 0.0772236 0.127137 0.338135
1 0.252554 0.521902 0.0910457 0.154915 0.327637
1 0.706731 0.878205 0.0480769 0.076923 0.250977
1 0.19381 0.616453 0.0754207 0.121795 0.341553
1 0.254207 0.521368 0.0901442 0.152778 0.286133
1 0.253005 0.515491 0.094351 0.160256 0.256104
1 0.19351 0.616453 0.0751202 0.120727 0.321777
1 0.251653 0.525107 0.0934495 0.148504 0.296631
1 0.251803 0.521902 0.0913461 0.147436 0.276611
1 0.192608 0.616987 0.0739183 0.125 0.253174
1 0.251502 0.520433 0.0901442 0.145032 0.458984
1 0.533353 0.958333 0.0823318 0.0833333 0.255371
1 0.19381 0.619124 0.0727163 0.122863 0.250977
1 0.251953 0.519231 0.0898438 0.154915 0.448486
1 0.192608 0.616453 0.0721154 0.120727 0.422607
1 0.251953 0.517628 0.0922476 0.147436 0.397949
1 0.19381 0.619658 0.0727163 0.121795 0.361084
1 0.252704 0.520833 0.0907452 0.149573 0.282227
1 0.252855 0.521234 0.0910457 0.151976 0.345215
1 0.251803 0.521501 0.0901442 0.151442 0.34082
1 0.252704 0.518697 0.0895433 0.146368 0.39502
1 0.192157 0.619124 0.0727163 0.11859 0.262939
1 0.252855 0.518697 0.0928486 0.154915 0.326904
1 0.252554 0.519231 0.0934495 0.149573 0.353027
1 0.252404 0.518029 0.0919471 0.151977 0.539062
1 0.251803 0.514423 0.0895433 0.155983 0.26123
1 0.253305 0.517628 0.0913462 0.152778 0.352295
1 0.192608 0.613248 0.0742187 0.119658 0.309082
1 0.253305 0.520299 0.0925481 0.154915 0.369385
1 0.253005 0.518296 0.0925481 0.149306 0.383057
1 0.192007 0.614316 0.0763221 0.117521 0.327637
1 0.533654 0.956464 0.0805289 0.0870727 0.260498
1 0.251502 0.519231 0.093149 0.153846 0.286865
1 0.252554 0.516026 0.0922476 0.154915 0.369385
1 0.535457 0.951389 0.0805288 0.0972222 0.253906
1 0.191857 0.61859 0.0742188 0.119658 0.303955
1 0.252103 0.51656 0.0901442 0.152778 0.282959
1 0.535457 0.955128 0.0805288 0.0897436 0.290283
1 0.704327 0.879273 0.048077 0.0747863 0.286133
1 0.252704 0.516026 0.0901442 0.147436 0.366699
1 0.192608 0.619658 0.0736178 0.126068 0.353027
1 0.534255 0.955662 0.0805289 0.0886752 0.296631
1 0.533654 0.956464 0.0805289 0.0870727 0.299072
1 0.251653 0.518029 0.0904447 0.145566 0.29248
1 0.192758 0.617521 0.0745192 0.121795 0.282959
1 0.527644 0.207933 0.0348558 0.0665064 0.258301
1 0.533654 0.955395 0.0817308 0.0892094 0.44458
1 0.251502 0.517094 0.0907452 0.144231 0.383057
1 0.192157 0.617521 0.0748197 0.123932 0.365723
1 0.704928 0.879808 0.046875 0.0758547 0.275146
1 0.527945 0.206197 0.0348558 0.0667735 0.274414
1 0.534255 0.956731 0.0805289 0.0865384 0.293457
1 0.192909 0.617521 0.0739183 0.117521 0.256836
1 0.192308 0.616987 0.0733173 0.11859 0.320068
1 0.533654 0.958333 0.0805289 0.0833333 0.294922
1 0.527644 0.209535 0.0348558 0.065438 0.286865
1 0.251953 0.521902 0.0922476 0.146368 0.286133
1 0.704327 0.880876 0.0456731 0.0726496 0.264404
1 0.192608 0.61859 0.0739183 0.121795 0.357666
1 0.704327 0.882479 0.0456731 0.0747863 0.329346
1 0.251803 0.524038 0.0925481 0.147436 0.312256
1 0.533654 0.959936 0.079327 0.0801282 0.294189
1 0.528245 0.211004 0.0342548 0.0662393 0.256836
1 0.192458 0.617521 0.0742188 0.119658 0.328613
1 0.251052 0.520299 0.0916466 0.146368 0.315674
1 0.533654 0.959936 0.079327 0.0801282 0.300781
1 0.527644 0.211939 0.0336538 0.0643697 0.260498
1 0.533954 0.958868 0.0793269 0.082265 0.370117
1 0.252404 0.520299 0.0919471 0.148504 0.313232
1 0.704327 0.880342 0.0456731 0.0705128 0.300781
1 0.192758 0.61485 0.0736178 0.121795 0.27832
1 0.527644 0.209535 0.0348558 0.0649039 0.27124
1 0.533654 0.958868 0.0781251 0.082265 0.291748
1 0.705529 0.880876 0.046875 0.0726496 0.286865
1 0.528245 0.210203 0.0336538 0.0646368 0.267334
1 0.533954 0.959936 0.0793269 0.0801282 0.311523
1 0.705529 0.882479 0.048077 0.0726496 0.290283
1 0.528245 0.211806 0.0348557 0.0657051 0.281494
1 0.528546 0.211806 0.0348558 0.0651709 0.275146
1 0.705529 0.88141 0.0456731 0.0726496 0.269043
1 0.192458 0.61859 0.0739183 0.120726 0.299072
1 0.533654 0.959936 0.079327 0.0801282 0.279785
1 0.528245 0.211939 0.0348557 0.0659722 0.276611
1 0.705529 0.88141 0.046875 0.0726496 0.275879
1 0.534255 0.958868 0.079327 0.082265 0.27832
1 0.528245 0.211138 0.0354568 0.0659722 0.268066
1 0.706731 0.880876 0.0444712 0.0673077 0.251709
1 0.528245 0.211271 0.0348557 0.0662393 0.282959
1 0.706731 0.88141 0.0444712 0.0683761 0.279785
1 0.533654 0.957799 0.0805289 0.0844017 0.264404
1 0.533954 0.958868 0.0799279 0.082265 0.272705
1 0.528245 0.211672 0.0348557 0.0659722 0.264404
1 0.528245 0.212073 0.0348557 0.0662393 0.274414
1 0.533654 0.959402 0.079327 0.0811966 0.265137
1 0.534255 0.956731 0.0805289 0.0865384 0.293457
1 0.192909 0.617521 0.0739183 0.117521 0.258301
