1 0.8125 0.321581 0.104567 0.142094 0.414062
1 0.901442 0.159322 0.0841347 0.111378 0.279785
1 0.807091 0.314637 0.0997596 0.125 0.282959
1 0.902644 0.168536 0.0901442 0.104968 0.325928
1 0.903846 0.154781 0.0853365 0.112714 0.435059
1 0.970553 0.618056 0.0588943 0.206197 0.330322
1 0.813101 0.328526 0.102163 0.134615 0.354004
1 0.904447 0.162126 0.0877404 0.109509 0.335449
1 0.811298 0.330395 0.103365 0.147436 0.336426
1 0.904447 0.163462 0.0889422 0.110043 0.265137
1 0.905048 0.157853 0.0841347 0.105235 0.478516
1 0.8125 0.320513 0.0985577 0.13141 0.467773
1 0.968149 0.617521 0.0637019 0.198718 0.400635
1 0.811298 0.32265 0.105769 0.136752 0.332031
1 0.972356 0.615385 0.0552884 0.205128 0.29248
1 0.903846 0.157585 0.0865385 0.100962 0.279785
1 0.811298 0.323985 0.0985577 0.127671 0.313965
1 0.905649 0.163462 0.0853366 0.0977564 0.281494
1 0.810096 0.326923 0.103365 0.139957 0.252441
1 0.90625 0.159722 0.0841347 0.105235 0.503906
1 0.8125 0.325588 0.0997596 0.149573 0.445557
1 0.968149 0.615385 0.0637019 0.219017 0.268066
1 0.8125 0.322115 0.105769 0.129274 0.388672
1 0.904447 0.165732 0.0829328 0.103365 0.374756
1 0.96875 0.611645 0.0625 0.21688 0.310791
1 0.905048 0.160657 0.0841347 0.101763 0.279785
1 0.810096 0.324786 0.108173 0.144231 0.481445
1 0.904447 0.16266 0.0853366 0.101496 0.415771
1 0.969351 0.605769 0.0612981 0.202991 0.314941
1 0.8125 0.327991 0.0961538 0.144231 0.402588
1 0.971154 0.613782 0.0576923 0.20406 0.325928
1 0.904447 0.16266 0.0817307 0.100962 0.299805
1 0.970853 0.610043 0.0582932 0.205128 0.358398
1 0.903846 0.161058 0.0865385 0.11031 0.305664
1 0.811899 0.325053 0.0961539 0.139957 0.353027
1 0.971154 0.611111 0.0576923 0.214744 0.309814
1 0.905048 0.1664 0.0853365 0.104167 0.448486
1 0.971154 0.606303 0.0576923 0.223291 0.410156
1 0.8125 0.322382 0.105769 0.136218 0.269775
1 0.902644 0.166934 0.0889423 0.100427 0.380371
1 0.969051 0.610577 0.061899 0.212607 0.379395
1 0.808894 0.326389 0.103365 0.137821 0.336426
1 0.8125 0.328259 0.0961538 0.149038 0.341553
1 0.903846 0.167468 0.0865385 0.105235 0.484375
1 0.969351 0.616453 0.0612981 0.200855 0.448486
1 0.811899 0.334135 0.0997596 0.145833 0.432129
1 0.813702 0.319979 0.100961 0.150641 0.394287
1 0.969351 0.611645 0.0612981 0.213675 0.289307
1 0.907452 0.163996 0.0841346 0.102564 0.282959
1 0.811298 0.331197 0.102163 0.137821 0.374756
1 0.903846 0.167735 0.0865385 0.101496 0.311523
1 0.811899 0.31891 0.100962 0.13141 0.394287
1 0.903846 0.160657 0.0889423 0.105502 0.352295
1 0.969351 0.608974 0.0612981 0.205128 0.308105
1 0.969351 0.603633 0.0612981 0.211538 0.421631
1 0.811298 0.321047 0.102163 0.130342 0.416748
1 0.904447 0.161859 0.0829328 0.099359 0.341553
1 0.811298 0.325855 0.0997596 0.128205 0.482422
1 0.972957 0.611111 0.0540865 0.21047 0.363037
1 0.971755 0.611645 0.0564903 0.201923 0.373779
1 0.813702 0.330128 0.0985577 0.136752 0.35498
1 0.90625 0.159989 0.0877403 0.102831 0.334473
1 0.972656 0.609509 0.0546875 0.189103 0.336426
1 0.902644 0.160791 0.0829327 0.0950855 0.300781
1 0.810096 0.327991 0.0985577 0.133547 0.251709
1 0.810697 0.327724 0.103365 0.137286 0.348633
1 0.902644 0.159455 0.0889423 0.10844 0.299805
1 0.901442 0.16226 0.0853365 0.106036 0.303955
1 0.808894 0.327991 0.0985577 0.13141 0.436768
1 0.971454 0.604701 0.0570913 0.205128 0.416748
1 0.903846 0.161859 0.0841347 0.104167 0.303223
1 0.811298 0.326923 0.0973558 0.144231 0.317383
1 0.970553 0.608974 0.0588943 0.215812 0.308105
1 0.903245 0.163194 0.0841346 0.110577 0.271973
1 0.813702 0.326656 0.100961 0.144231 0.379395
1 0.903846 0.162393 0.0817308 0.105235 0.364746
1 0.971755 0.603633 0.0564903 0.212607 0.320068
1 0.811899 0.327991 0.103365 0.131944 0.491211
1 0.905048 0.163194 0.0865385 0.102564 0.395996
1 0.811899 0.324252 0.100962 0.13515 0.478516
1 0.972356 0.611111 0.0552884 0.200855 0.425293
1 0.903846 0.162927 0.0841347 0.10203 0.368408
1 0.811298 0.325855 0.105769 0.147436 0.341553
1 0.903846 0.155849 0.0889423 0.106571 0.311523
1 0.811899 0.326389 0.100962 0.142094 0.453369
1 0.971154 0.605903 0.0576923 0.213408 0.355713
1 0.905048 0.165598 0.0865385 0.102564 0.332031
1 0.810096 0.324252 0.0985577 0.129274 0.357666
1 0.902644 0.163595 0.0841347 0.0985577 0.265137
1 0.811298 0.330662 0.0985577 0.130342 0.358398
1 0.811298 0.331998 0.0985577 0.138889 0.345947
1 0.903846 0.16266 0.0841347 0.0972222 0.31665
1 0.811899 0.326389 0.0973557 0.13141 0.339844
1 0.903846 0.162794 0.0841347 0.10016 0.297363
1 0.809495 0.32906 0.102163 0.13782 0.320068
1 0.811298 0.326389 0.102163 0.133547 0.462891
1 0.970553 0.609509 0.0588943 0.215812 0.445557
1 0.905048 0.155716 0.0853365 0.103632 0.338135
1 0.810697 0.324786 0.103365 0.132479 0.532227
1 0.903846 0.163729 0.0817308 0.0956197 0.37207
1 0.972356 0.611111 0.0552884 0.213675 0.251709
1 0.970553 0.610043 0.0588943 0.215812 0.463867
1 0.811298 0.322115 0.103365 0.148504 0.458008
1 0.903846 0.163996 0.0841347 0.104167 0.391357
1 0.8125 0.321047 0.100961 0.142094 0.536133
1 0.972356 0.608974 0.0552884 0.207265 0.44165
1 0.90625 0.165999 0.0817307 0.101229 0.393311
1 0.810697 0.325321 0.103365 0.139957 0.583008
1 0.90625 0.159455 0.0865385 0.105235 0.403564
1 0.970252 0.61218 0.0594952 0.209402 0.303955
1 0.810096 0.327991 0.100961 0.138889 0.489258
1 0.970252 0.610043 0.0594952 0.21047 0.414062
1 0.904447 0.161058 0.0817307 0.104167 0.362061
1 0.810096 0.32906 0.0985577 0.139957 0.460938
1 0.969351 0.610043 0.0612981 0.209402 0.454346
1 0.905048 0.158387 0.0865385 0.107372 0.265137
1 0.96845 0.613248 0.0631009 0.201923 0.414062
1 0.810096 0.326656 0.0961538 0.139957 0.379395
1 0.903846 0.164797 0.0865385 0.0892094 0.269043
1 0.969952 0.608974 0.0600962 0.213675 0.503906
1 0.814904 0.324252 0.105769 0.134615 0.474609
1 0.905048 0.157318 0.0841347 0.0956197 0.318359
1 0.8125 0.323718 0.100961 0.138355 0.461914
1 0.969952 0.610043 0.0600962 0.211538 0.434082
1 0.90625 0.15625 0.0817307 0.0990919 0.351318
1 0.813702 0.322382 0.105769 0.138355 0.52832
1 0.969952 0.611111 0.0600962 0.208333 0.495117
1 0.90625 0.15812 0.0829327 0.0977564 0.399902
1 0.970853 0.60844 0.0582932 0.205128 0.57666
1 0.811298 0.324252 0.103365 0.137821 0.549805
1 0.905649 0.157585 0.0829328 0.0988248 0.411133
1 0.969952 0.608974 0.0600962 0.202991 0.480469
1 0.808293 0.328793 0.103365 0.146902 0.433105
1 0.903846 0.157051 0.0865385 0.102564 0.324219
1 0.969351 0.606303 0.0612981 0.21047 0.495117
1 0.811298 0.32265 0.102163 0.139957 0.455078
1 0.903245 0.152244 0.0889422 0.0972222 0.294922
1 0.810096 0.323985 0.0985577 0.138355 0.393311
1 0.905048 0.155983 0.0817308 0.0924145 0.373047
1 0.969952 0.607906 0.0600962 0.205128 0.250977
1 0.8125 0.328259 0.100961 0.14156 0.575684
1 0.90625 0.157051 0.0841347 0.099359 0.346924
1 0.969952 0.610043 0.0600962 0.207265 0.334473
1 0.810096 0.324786 0.100961 0.137821 0.571777
1 0.96875 0.611111 0.0625 0.206197 0.523438
1 0.905649 0.153713 0.0841346 0.0985577 0.334473
1 0.810096 0.324786 0.105769 0.146368 0.460938
1 0.969051 0.612714 0.061899 0.206197 0.44165
1 0.904447 0.156784 0.0853366 0.102564 0.374756
1 0.811298 0.324786 0.100961 0.144231 0.445557
1 0.969952 0.606838 0.0600962 0.202991 0.377441
1 0.905048 0.156384 0.0841347 0.0998932 0.341553
1 0.811298 0.322917 0.103365 0.149038 0.643555
1 0.90625 0.154113 0.0829327 0.100962 0.376709
1 0.969952 0.610043 0.0600962 0.207265 0.332764
1 0.813101 0.322115 0.103365 0.145299 0.557129
1 0.96875 0.611111 0.0625 0.209402 0.363037
1 0.905048 0.155048 0.0841347 0.102297 0.350342
1 0.811899 0.318109 0.102163 0.139423 0.567871
1 0.969351 0.60844 0.0612981 0.208333 0.39502
1 0.905048 0.162393 0.0841347 0.104701 0.371094
1 0.811298 0.319177 0.100961 0.140491 0.53125
1 0.969952 0.61218 0.0600962 0.209402 0.469727
1 0.903846 0.164797 0.0865385 0.103098 0.317383
1 0.811298 0.319444 0.0997596 0.142094 0.580566
1 0.903846 0.16453 0.0865385 0.104167 0.38208
1 0.969351 0.610043 0.0612981 0.211538 0.353027
1 0.811899 0.317842 0.100962 0.141026 0.652344
1 0.903846 0.163061 0.0865385 0.103098 0.507812
1 0.969651 0.606838 0.0606971 0.20406 0.317383
1 0.8125 0.32265 0.100961 0.143162 0.558105
1 0.904447 0.163462 0.0865384 0.103098 0.356689
1 0.969651 0.610043 0.0606971 0.213675 0.26123
1 0.811899 0.323184 0.100962 0.141026 0.606934
1 0.903846 0.165598 0.0853365 0.10203 0.522461
1 0.969651 0.610043 0.0606971 0.213675 0.383057
1 0.195613 0.642094 0.0303486 0.051282 0.269775
1 0.8125 0.338141 0.104567 0.138355 0.574707
1 0.970252 0.611111 0.0594952 0.211538 0.514648
1 0.903846 0.166266 0.0853365 0.10016 0.499023
1 0.811298 0.333868 0.103365 0.135684 0.60498
1 0.970553 0.613248 0.0588943 0.207265 0.512695
1 0.903846 0.1664 0.0841347 0.0982906 0.495117
1 0.811899 0.332265 0.104567 0.137821 0.601074
1 0.970553 0.61218 0.0588943 0.211538 0.508789
1 0.905048 0.163996 0.0865385 0.0982906 0.507812
1 0.195613 0.639957 0.0294471 0.0491453 0.269043
1 0.810096 0.324519 0.102164 0.141026 0.554688
1 0.904447 0.161993 0.0841346 0.10016 0.511719
1 0.969651 0.613248 0.0606971 0.209402 0.477539
1 0.810096 0.326122 0.103365 0.147436 0.562988
1 0.905048 0.167468 0.0865385 0.0964209 0.483398
1 0.969651 0.614316 0.0606971 0.209402 0.38208
1 0.195613 0.641026 0.0303486 0.051282 0.257568
1 0.810096 0.326122 0.103365 0.14797 0.558105
1 0.905048 0.166667 0.0865385 0.099359 0.511719
1 0.970553 0.614316 0.0588943 0.201923 0.388672
1 0.195763 0.641026 0.0309495 0.0502137 0.264404
1 0.810096 0.32719 0.103365 0.150107 0.562012
1 0.905048 0.166934 0.0865385 0.101496 0.529297
1 0.969351 0.611645 0.0612981 0.20406 0.515625
1 0.810697 0.323718 0.102163 0.146368 0.577637
1 0.905048 0.165865 0.0853365 0.0988248 0.49707
1 0.969952 0.611111 0.0600962 0.202991 0.486328
1 0.810697 0.323184 0.103365 0.149573 0.59082
1 0.904447 0.165999 0.0865384 0.099359 0.517578
1 0.969351 0.611111 0.0612981 0.207265 0.500977
1 0.195613 0.639957 0.0309495 0.051282 0.264404
1 0.810096 0.326389 0.103365 0.145299 0.577637
1 0.904447 0.166132 0.0865384 0.0996261 0.500977
1 0.969351 0.61218 0.0612981 0.207265 0.49707
1 0.810096 0.327457 0.103365 0.142094 0.556641
1 0.903846 0.1664 0.0865385 0.099359 0.505859
1 0.969351 0.613248 0.0612981 0.205128 0.448486
1 0.195763 0.641026 0.0309495 0.0491453 0.257568
1 0.8125 0.32265 0.100961 0.143162 0.558105
1 0.904447 0.163462 0.0865384 0.103098 0.355713
1 0.969651 0.610043 0.0606971 0.213675 0.26123
