1 0.829327 0.206998 0.0264423 0.0619658 0.268066
1 0.314002 0.325855 0.0763221 0.125 0.252441
1 0.917067 0.620727 0.0564903 0.0940171 0.258301
1 0.316707 0.33093 0.0829327 0.122329 0.253906
1 0.523438 0.61859 0.0739182 0.209402 0.357666
1 0.314904 0.332799 0.0769231 0.11859 0.346924
1 0.915865 0.621795 0.0540865 0.0811966 0.262207
1 0.520733 0.625 0.0811298 0.217949 0.252441
1 0.521635 0.619124 0.0793269 0.213675 0.27124
1 0.522837 0.61218 0.0793269 0.213675 0.392334
1 0.918269 0.626068 0.0600962 0.0940171 0.294189
1 0.316106 0.332265 0.0817308 0.142094 0.274414
1 0.519531 0.621261 0.0895432 0.208333 0.486328
1 0.317308 0.330128 0.0835336 0.120192 0.37207
1 0.516226 0.620192 0.0793269 0.21688 0.401611
1 0.51863 0.61859 0.0841346 0.207265 0.410156
1 0.317608 0.331197 0.078726 0.114316 0.352295
1 0.521034 0.616987 0.078125 0.220085 0.347656
1 0.915865 0.622863 0.0552885 0.0790599 0.271973
1 0.519231 0.619124 0.0871394 0.228632 0.253174
1 0.523438 0.61218 0.0865385 0.21047 0.314941
1 0.917067 0.61859 0.0528847 0.0811966 0.299072
1 0.520433 0.613248 0.078125 0.213675 0.450439
1 0.915865 0.620727 0.0504807 0.0790598 0.272705
1 0.524339 0.616453 0.0811298 0.215812 0.39502
1 0.319712 0.329861 0.0805288 0.127671 0.309082
1 0.917067 0.619658 0.0504807 0.0811966 0.253906
1 0.916466 0.622863 0.0516827 0.0811966 0.402588
1 0.521034 0.613248 0.0913462 0.233974 0.38501
1 0.51863 0.617521 0.0859375 0.213675 0.419678
1 0.915265 0.621261 0.0504807 0.0747863 0.286133
1 0.917067 0.621795 0.0504807 0.0726496 0.332031
1 0.524038 0.618056 0.0769231 0.214744 0.250244
1 0.514423 0.620727 0.0829327 0.207265 0.396973
1 0.519231 0.61859 0.078726 0.209402 0.452393
1 0.314904 0.32906 0.0805288 0.117521 0.265137
1 0.51863 0.619124 0.0805289 0.226496 0.419678
1 0.315805 0.333333 0.078726 0.121795 0.342529
1 0.522236 0.61859 0.078125 0.196581 0.392334
1 0.316406 0.327991 0.0805289 0.11859 0.315674
1 0.521635 0.610043 0.0769231 0.209402 0.448486
1 0.316707 0.32906 0.078726 0.11859 0.373779
1 0.917067 0.618056 0.0528847 0.0790598 0.26123
1 0.52524 0.618056 0.0769231 0.212607 0.519531
1 0.31851 0.333868 0.0817308 0.119658 0.315674
1 0.917067 0.619658 0.0528847 0.0726496 0.250977
1 0.523438 0.620727 0.0817307 0.209402 0.398926
1 0.317308 0.332799 0.0817308 0.11859 0.331055
1 0.917067 0.617521 0.0528847 0.0758547 0.301514
1 0.523438 0.61218 0.0769231 0.196581 0.439697
1 0.915865 0.619658 0.0528846 0.0769231 0.267334
1 0.519231 0.621261 0.0805289 0.213675 0.254639
1 0.516226 0.615385 0.0877404 0.211538 0.345215
1 0.518029 0.610043 0.0865385 0.215812 0.59375
1 0.316707 0.332799 0.0793269 0.128205 0.36377
1 0.51863 0.61859 0.079327 0.208333 0.395996
1 0.317308 0.331464 0.0763221 0.120192 0.27832
1 0.521935 0.610043 0.0751202 0.215812 0.385742
1 0.915865 0.619658 0.0528846 0.0769231 0.256104
1 0.317308 0.331731 0.077524 0.115385 0.251709
1 0.31851 0.331998 0.0769231 0.116987 0.396973
1 0.521935 0.613248 0.0733173 0.209402 0.383057
1 0.915865 0.620192 0.0552885 0.082265 0.310791
1 0.520433 0.615919 0.0709135 0.20406 0.535156
1 0.316707 0.326923 0.078125 0.120727 0.398926
1 0.915865 0.621261 0.0552885 0.0811966 0.299072
1 0.521034 0.613782 0.0841346 0.212607 0.46582
1 0.317909 0.331197 0.0805289 0.126068 0.325928
1 0.917067 0.619124 0.0528847 0.0769231 0.274414
1 0.520132 0.61218 0.0859375 0.220085 0.458008
1 0.31851 0.330662 0.0811298 0.124466 0.310791
1 0.409255 0.165064 0.0715144 0.104167 0.282959
1 0.519231 0.614316 0.078125 0.217949 0.484375
1 0.317308 0.328526 0.0793269 0.116453 0.290283
1 0.315805 0.332799 0.0811298 0.114316 0.338135
1 0.51863 0.619124 0.0757211 0.208333 0.325195
1 0.522837 0.614316 0.0679087 0.211538 0.405518
1 0.408053 0.165331 0.0673077 0.099359 0.270508
1 0.316106 0.327991 0.0793269 0.120727 0.269775
1 0.316707 0.331464 0.078125 0.121795 0.374756
1 0.520433 0.611111 0.0757212 0.215812 0.370117
1 0.519832 0.615385 0.078125 0.202991 0.419678
1 0.317308 0.330128 0.0757211 0.114316 0.345947
1 0.519531 0.615385 0.0733173 0.205128 0.490234
1 0.316106 0.328793 0.078125 0.120727 0.398926
1 0.521635 0.61859 0.0697115 0.202991 0.391357
1 0.317308 0.330662 0.0799279 0.111111 0.352295
1 0.520433 0.61859 0.0757212 0.213675 0.523438
1 0.316106 0.326923 0.0817308 0.127671 0.412109
1 0.915865 0.620727 0.0528846 0.0790598 0.269043
1 0.409255 0.168136 0.0697115 0.10203 0.265869
1 0.520733 0.61485 0.0679087 0.201923 0.457031
1 0.317909 0.329861 0.0769231 0.122329 0.442627
1 0.317308 0.334936 0.078125 0.127671 0.351318
1 0.915865 0.622863 0.0504807 0.0811966 0.27124
1 0.520433 0.61485 0.0793269 0.206197 0.492188
1 0.316406 0.334936 0.0769231 0.122863 0.361084
1 0.916466 0.621795 0.0516827 0.0769231 0.256836
1 0.51863 0.615385 0.0769231 0.207265 0.361084
1 0.316707 0.335203 0.078125 0.124466 0.329346
1 0.916466 0.620192 0.0528846 0.082265 0.266602
1 0.516827 0.616987 0.0769231 0.202991 0.526367
1 0.314904 0.32906 0.0817308 0.11218 0.336426
1 0.522536 0.61218 0.0721154 0.198718 0.587891
1 0.316707 0.329594 0.0793269 0.121261 0.376709
1 0.915865 0.621261 0.0528846 0.0811966 0.282959
1 0.51863 0.614316 0.0745192 0.206197 0.630859
1 0.917067 0.621261 0.0528847 0.0779914 0.286133
1 0.317909 0.330929 0.0841346 0.118056 0.277588
1 0.519231 0.613782 0.0709135 0.199786 0.625977
1 0.317308 0.33093 0.0841346 0.114316 0.345215
1 0.917067 0.621261 0.0528847 0.0747863 0.296631
1 0.521034 0.611111 0.0715144 0.205128 0.672363
1 0.316106 0.331197 0.0829327 0.111645 0.482422
1 0.915865 0.620727 0.0528846 0.0769231 0.357666
1 0.520132 0.610043 0.078125 0.198718 0.558105
1 0.316406 0.332265 0.0847356 0.111111 0.338135
1 0.915265 0.623397 0.0528846 0.0811966 0.269043
1 0.521635 0.61218 0.0805288 0.200855 0.57373
1 0.317007 0.329327 0.0823317 0.115385 0.332764
1 0.915865 0.620727 0.0528846 0.0811966 0.290283
1 0.521635 0.61218 0.0757212 0.202991 0.414795
1 0.520433 0.61485 0.0733173 0.205128 0.490234
1 0.317007 0.331731 0.078726 0.117521 0.356689
1 0.915865 0.623932 0.0528846 0.0811966 0.279053
1 0.519832 0.616453 0.0805288 0.205128 0.574707
1 0.317007 0.32906 0.078726 0.117521 0.412109
1 0.915865 0.621795 0.0528846 0.0790599 0.305664
1 0.51893 0.617521 0.0745193 0.201923 0.493164
1 0.316106 0.331197 0.0829327 0.127137 0.328613
1 0.915865 0.619658 0.0552885 0.0769231 0.306641
1 0.521034 0.612714 0.0721154 0.198718 0.454346
1 0.316106 0.330395 0.0841346 0.119124 0.38208
1 0.915265 0.619658 0.0528846 0.0790598 0.251709
1 0.316707 0.32906 0.0805289 0.121795 0.462891
1 0.519231 0.616453 0.0745192 0.200855 0.419678
1 0.915265 0.620727 0.0528846 0.0811966 0.275879
1 0.518029 0.617521 0.0745192 0.200855 0.538086
1 0.317909 0.325321 0.0793269 0.122863 0.400635
1 0.915865 0.620727 0.0528846 0.0769231 0.385742
1 0.520132 0.614316 0.077524 0.202991 0.53125
1 0.317608 0.32906 0.0829327 0.114316 0.438721
1 0.915865 0.620727 0.0528846 0.0790598 0.381104
1 0.521034 0.614316 0.0745193 0.202991 0.563965
1 0.317007 0.331197 0.0811298 0.116453 0.458008
1 0.915865 0.620727 0.0528846 0.0779914 0.411133
1 0.519231 0.61485 0.078125 0.207265 0.539062
1 0.316707 0.332799 0.0805289 0.116453 0.460938
1 0.917067 0.621795 0.0528847 0.0747863 0.415771
1 0.519231 0.616453 0.0757212 0.20406 0.547852
1 0.316707 0.330662 0.0829327 0.119658 0.511719
1 0.915865 0.619658 0.0528846 0.0726496 0.378418
1 0.51863 0.615385 0.0769231 0.207265 0.464844
1 0.317308 0.333868 0.0829327 0.122863 0.448486
1 0.916466 0.619658 0.0516827 0.0747863 0.380371
1 0.518329 0.615385 0.0757212 0.209402 0.625977
1 0.316707 0.327457 0.0817308 0.122329 0.500977
1 0.915865 0.620727 0.0504807 0.0747863 0.477539
1 0.519832 0.617521 0.0745193 0.205128 0.57666
1 0.317308 0.333868 0.0805289 0.11859 0.490234
1 0.915865 0.619658 0.0504807 0.0726496 0.435059
1 0.519231 0.617521 0.0721154 0.202991 0.582031
1 0.316406 0.333066 0.0817308 0.116987 0.469727
1 0.915264 0.61859 0.0516827 0.0726496 0.403564
1 0.520433 0.617521 0.0757212 0.207265 0.607422
1 0.317007 0.3336 0.0811298 0.11485 0.489258
1 0.915865 0.619658 0.0504807 0.0726496 0.420654
1 0.519531 0.61859 0.0763221 0.205128 0.57666
1 0.316707 0.333868 0.0805289 0.117521 0.479492
1 0.915865 0.620192 0.0504807 0.073718 0.448486
1 0.519231 0.61859 0.078125 0.205128 0.548828
1 0.317007 0.336806 0.0817308 0.121261 0.494141
1 0.916466 0.621261 0.0516827 0.0747863 0.404541
1 0.521034 0.617521 0.0757212 0.207265 0.605957
1 0.317308 0.336538 0.0811298 0.119658 0.475586
1 0.915865 0.621261 0.0504807 0.0747863 0.46875
1 0.520132 0.616453 0.0757212 0.207265 0.625977
1 0.316106 0.336538 0.0829327 0.120726 0.500977
1 0.916466 0.622329 0.0516827 0.0758547 0.478516
1 0.520132 0.615919 0.0751202 0.206197 0.631836
1 0.316707 0.334669 0.0829327 0.118056 0.487305
1 0.916466 0.621795 0.0516827 0.0747863 0.44165
1 0.519832 0.615385 0.0769231 0.209402 0.647949
1 0.316106 0.336004 0.0841346 0.122863 0.493164
1 0.915865 0.621261 0.0516827 0.0758547 0.467773
1 0.520733 0.615385 0.0763221 0.209402 0.653809
1 0.316106 0.336271 0.0829327 0.120727 0.475586
1 0.916466 0.621261 0.0516827 0.073718 0.458008
1 0.520433 0.61485 0.0763221 0.208333 0.63623
1 0.916466 0.621795 0.0516827 0.0726496 0.464844
1 0.315805 0.336271 0.0823317 0.118056 0.455078
1 0.51863 0.615385 0.0769231 0.207265 0.46582
1 0.317308 0.333868 0.0829327 0.122863 0.44751
1 0.916466 0.619658 0.0516827 0.0747863 0.381104
