1 0.604718 0.428686 0.0766226 0.162927 0.433105
1 0.859375 0.15201 0.0817307 0.18957 0.277588
1 0.600962 0.419338 0.0757212 0.160256 0.527344
1 0.602764 0.415064 0.0853365 0.147436 0.2854
1 0.604417 0.416132 0.0748197 0.146368 0.279785
1 0.603365 0.413462 0.0733173 0.148504 0.379395
1 0.853365 0.152477 0.0841346 0.180088 0.274414
1 0.601562 0.425214 0.078125 0.152778 0.427246
1 0.605168 0.428419 0.0769231 0.161325 0.362061
1 0.855769 0.150641 0.0841347 0.181624 0.267334
1 0.60637 0.423878 0.078125 0.160791 0.367432
1 0.602163 0.418536 0.078125 0.166132 0.485352
1 0.857572 0.146768 0.0865384 0.171741 0.383057
1 0.600361 0.420673 0.0793269 0.169338 0.387695
1 0.853365 0.149072 0.0841346 0.199185 0.266602
1 0.602163 0.427885 0.078125 0.159188 0.50293
1 0.945312 0.307158 0.109375 0.161325 0.354004
1 0.859375 0.164931 0.09375 0.216079 0.348633
1 0.601562 0.417735 0.0769231 0.174145 0.343262
1 0.853365 0.145166 0.0877404 0.190438 0.288574
1 0.603516 0.417735 0.0766226 0.154915 0.286865
1 0.602764 0.42735 0.078125 0.16453 0.536133
1 0.853365 0.150908 0.0853365 0.197115 0.29248
1 0.604718 0.421741 0.0838341 0.167201 0.332764
1 0.857572 0.143429 0.0925481 0.198184 0.263672
1 0.601562 0.425748 0.0817307 0.160256 0.617676
1 0.855168 0.149272 0.0877404 0.176883 0.555664
1 0.40595 0.368056 0.115385 0.231838 0.339844
1 0.942909 0.28312 0.114183 0.13515 0.317383
1 0.854567 0.149072 0.0841347 0.18957 0.398926
1 0.601112 0.412927 0.0742188 0.153846 0.395996
1 0.941707 0.286325 0.116586 0.166132 0.250244
1 0.603966 0.420406 0.0757211 0.152778 0.289307
1 0.602764 0.415598 0.078125 0.162393 0.457031
1 0.853966 0.148771 0.0877404 0.185363 0.352295
1 0.600962 0.413729 0.0685096 0.155449 0.286133
1 0.852163 0.142762 0.0841346 0.193109 0.2854
1 0.602013 0.418002 0.0844351 0.171474 0.452393
1 0.856971 0.149706 0.0889423 0.195246 0.445557
1 0.603365 0.422009 0.0817308 0.168803 0.551758
1 0.853966 0.142127 0.0853366 0.18957 0.439697
1 0.851562 0.148504 0.0841347 0.199786 0.38501
1 0.601562 0.419872 0.0793269 0.17094 0.320068
1 0.858173 0.140224 0.0985577 0.189103 0.50293
1 0.604567 0.420406 0.0841346 0.167735 0.453369
1 0.941106 0.297543 0.117788 0.182692 0.376709
1 0.601562 0.418536 0.0769231 0.167201 0.430176
1 0.856971 0.1456 0.0877403 0.174079 0.378418
1 0.855168 0.142628 0.0853366 0.188568 0.389648
1 0.600361 0.413729 0.0805288 0.167201 0.373779
1 0.409856 0.357639 0.112981 0.241453 0.349609
1 0.602163 0.422543 0.078125 0.165598 0.413086
1 0.94381 0.301015 0.11238 0.19391 0.265137
1 0.855769 0.145065 0.0889423 0.19972 0.467773
1 0.601562 0.415064 0.0793269 0.167735 0.452393
1 0.601562 0.423611 0.0817307 0.163462 0.546875
1 0.854567 0.144899 0.0889423 0.195246 0.450439
1 0.942007 0.302618 0.115986 0.196047 0.30249
1 0.602163 0.423344 0.078125 0.159722 0.533203
1 0.858173 0.145967 0.0889423 0.197382 0.364746
1 0.944111 0.306891 0.111779 0.191774 0.354004
1 0.59976 0.42735 0.078125 0.155983 0.613281
1 0.854567 0.149806 0.0889423 0.189704 0.476562
1 0.942608 0.299412 0.114784 0.161859 0.379395
1 0.854567 0.146501 0.0865385 0.193109 0.429199
1 0.600962 0.420406 0.0793269 0.162393 0.429199
0 0.552885 0.200053 0.0649038 0.10203 0.354004
1 0.94381 0.295406 0.11238 0.167735 0.265869
1 0.600962 0.421741 0.0793269 0.163996 0.555664
1 0.941106 0.306357 0.117788 0.198184 0.321777
1 0.851562 0.147035 0.0805288 0.200588 0.277588
1 0.602013 0.417201 0.0796274 0.15812 0.484375
1 0.854567 0.142895 0.0865385 0.1875 0.414795
1 0.944111 0.291132 0.111779 0.160256 0.370117
1 0.601562 0.413462 0.0745193 0.159188 0.538086
1 0.853365 0.140625 0.0841346 0.193109 0.364746
1 0.943209 0.293336 0.113582 0.16867 0.325195
1 0.602314 0.4164 0.0742188 0.162927 0.599121
1 0.942909 0.297075 0.114183 0.16867 0.325195
1 0.602314 0.418803 0.0790264 0.159188 0.542969
1 0.944111 0.301749 0.111779 0.176416 0.314941
1 0.59976 0.422543 0.0769231 0.159188 0.461914
1 0.853365 0.142328 0.0865385 0.193443 0.318359
1 0.94351 0.288929 0.112981 0.159322 0.252441
1 0.600962 0.419872 0.0769231 0.165598 0.472656
1 0.854567 0.151175 0.0913462 0.196581 0.329346
1 0.94351 0.294605 0.112981 0.160791 0.30249
1 0.599159 0.413462 0.0769231 0.163462 0.525391
1 0.852163 0.141059 0.0841346 0.193844 0.403564
1 0.600962 0.406517 0.0757212 0.169872 0.611328
1 0.941106 0.281517 0.110577 0.145833 0.347656
1 0.853365 0.139022 0.0865385 0.197382 0.34082
1 0.59976 0.422276 0.0769231 0.159722 0.401611
1 0.944712 0.291934 0.110577 0.166667 0.295898
1 0.853966 0.148204 0.0877404 0.187567 0.293457
1 0.855769 0.143697 0.0865385 0.191774 0.452393
1 0.602163 0.410256 0.0769231 0.171474 0.438721
1 0.943209 0.291733 0.113582 0.17508 0.308105
1 0.602314 0.415865 0.0790264 0.165064 0.486328
1 0.855769 0.142762 0.0889423 0.193109 0.352295
1 0.944111 0.299613 0.111779 0.172142 0.332031
1 0.600361 0.414797 0.0745193 0.167201 0.525391
1 0.855769 0.141026 0.0841347 0.188034 0.443604
1 0.942308 0.294872 0.115385 0.172009 0.36377
1 0.600811 0.417201 0.0796274 0.168803 0.44458
1 0.94381 0.298077 0.11238 0.179487 0.381104
1 0.853966 0.139423 0.0877404 0.195513 0.369385
1 0.601562 0.420406 0.0793269 0.167735 0.462891
1 0.942909 0.302083 0.114183 0.177885 0.359375
1 0.854567 0.142361 0.0913462 0.199252 0.351318
1 0.600811 0.41453 0.0748197 0.165598 0.477539
1 0.853966 0.142361 0.0913462 0.198718 0.374756
1 0.94351 0.281784 0.112981 0.147436 0.309814
1 0.602013 0.417735 0.0796274 0.157051 0.458984
1 0.852163 0.146401 0.0889423 0.187967 0.279053
1 0.942308 0.29387 0.115385 0.159055 0.256836
1 0.600962 0.419071 0.0769231 0.165064 0.490234
1 0.854567 0.144498 0.0889423 0.189637 0.338867
1 0.602163 0.416667 0.078125 0.169872 0.508789
1 0.854567 0.142862 0.0889423 0.199853 0.35498
1 0.942909 0.292668 0.114183 0.171074 0.332764
1 0.854567 0.150407 0.0889423 0.188502 0.435791
1 0.601112 0.421741 0.0814303 0.165064 0.429199
1 0.601562 0.419605 0.0805288 0.161859 0.557129
1 0.853365 0.146768 0.0841346 0.18563 0.517578
1 0.942909 0.294338 0.114183 0.167201 0.343262
1 0.601562 0.420406 0.0757212 0.162393 0.522461
1 0.855769 0.147837 0.0877403 0.192041 0.431152
1 0.94351 0.30442 0.112981 0.179621 0.394287
1 0.601112 0.416132 0.0814303 0.169872 0.587891
1 0.858173 0.151042 0.09375 0.201122 0.490234
1 0.941707 0.30028 0.116586 0.185764 0.416748
1 0.602163 0.413996 0.078125 0.161325 0.574707
1 0.856971 0.146601 0.0841347 0.183293 0.495117
1 0.944411 0.294872 0.111178 0.163462 0.420654
1 0.855769 0.147736 0.0889423 0.18316 0.581543
1 0.601112 0.423611 0.0766226 0.166667 0.521484
1 0.94351 0.29761 0.112981 0.164396 0.388672
1 0.601562 0.416667 0.078125 0.16453 0.537109
1 0.856971 0.141026 0.0913462 0.186432 0.492188
1 0.94351 0.29594 0.112981 0.168803 0.362061
1 0.600962 0.418269 0.0805288 0.162393 0.478516
1 0.854567 0.148638 0.0865385 0.18937 0.462891
1 0.94351 0.298544 0.112981 0.17321 0.367432
1 0.59976 0.416132 0.0805288 0.16453 0.514648
1 0.853365 0.148771 0.0865385 0.182158 0.44458
1 0.942909 0.292268 0.114183 0.167601 0.281494
1 0.602163 0.415598 0.078125 0.16453 0.525391
1 0.855769 0.146902 0.0841347 0.182692 0.499023
1 0.94351 0.293202 0.112981 0.17321 0.381104
1 0.602163 0.415598 0.0769231 0.168803 0.546875
1 0.855168 0.147035 0.0853366 0.184028 0.511719
1 0.943209 0.296474 0.113582 0.174145 0.361084
1 0.602163 0.415598 0.0793269 0.16453 0.602051
1 0.854567 0.141159 0.0865385 0.187767 0.522461
1 0.94351 0.293536 0.112981 0.169338 0.397949
1 0.601112 0.413996 0.0790264 0.163462 0.658203
1 0.854567 0.13929 0.0877403 0.18937 0.575684
1 0.942909 0.293002 0.114183 0.165064 0.522461
1 0.602314 0.416132 0.0790264 0.16453 0.551758
1 0.853365 0.138221 0.0841346 0.18563 0.436768
1 0.942608 0.292468 0.114784 0.17094 0.430176
1 0.602163 0.415598 0.0793269 0.17094 0.53125
1 0.942909 0.292468 0.114183 0.169872 0.486328
1 0.855168 0.138355 0.0925481 0.19391 0.44458
1 0.603966 0.422009 0.0817308 0.174145 0.420654
1 0.854567 0.139156 0.0877403 0.191774 0.397949
1 0.944111 0.289263 0.111779 0.157585 0.393311
1 0.602163 0.418002 0.0805288 0.171474 0.506836
1 0.944111 0.298077 0.111779 0.174679 0.480469
1 0.855168 0.141326 0.0877404 0.192775 0.424316
1 0.854567 0.141526 0.0913462 0.192374 0.57666
1 0.602013 0.416667 0.0844351 0.17094 0.574707
1 0.944111 0.284188 0.111779 0.142094 0.546875
1 0.854567 0.148237 0.0865385 0.186966 0.566895
1 0.942909 0.293803 0.114183 0.159722 0.479492
1 0.602314 0.42281 0.0814303 0.168269 0.457031
1 0.854567 0.148371 0.0865385 0.187767 0.472656
1 0.94351 0.287861 0.111779 0.149706 0.440674
1 0.602013 0.416667 0.0796274 0.167735 0.434082
1 0.854567 0.141693 0.0889423 0.191506 0.57373
1 0.94381 0.291667 0.11238 0.175214 0.541992
1 0.602314 0.422543 0.0766226 0.166667 0.535156
1 0.602764 0.424679 0.0769231 0.167735 0.57959
1 0.854567 0.149038 0.0865385 0.191774 0.562988
1 0.94351 0.291934 0.112981 0.171474 0.491211
1 0.457332 0.316774 0.138221 0.162393 0.258301
1 0.854567 0.1461 0.0877403 0.188568 0.59375
1 0.94351 0.288929 0.112981 0.157185 0.510742
1 0.602764 0.419872 0.0817308 0.168803 0.481445
1 0.943209 0.293536 0.113582 0.168803 0.517578
1 0.853365 0.150107 0.0865385 0.19391 0.511719
1 0.602163 0.422543 0.078125 0.167735 0.503906
1 0.602764 0.422543 0.0793269 0.172009 0.602051
1 0.943209 0.293002 0.113582 0.172009 0.559082
1 0.852765 0.145833 0.0877404 0.19765 0.509766
1 0.943209 0.291934 0.113582 0.161859 0.615234
1 0.852764 0.144498 0.0889423 0.194979 0.614258
1 0.602013 0.421207 0.0796274 0.166132 0.583984
1 0.943209 0.296942 0.113582 0.165732 0.550781
1 0.601562 0.421474 0.0805288 0.17094 0.511719
1 0.852163 0.146768 0.0913462 0.197382 0.452393
1 0.94351 0.300147 0.112981 0.164663 0.656738
1 0.600361 0.42094 0.0805288 0.166667 0.626953
1 0.852163 0.146501 0.0841346 0.190972 0.494141
1 0.943209 0.302885 0.113582 0.161859 0.598145
1 0.602314 0.422276 0.0790264 0.167201 0.562988
1 0.853365 0.142762 0.0889423 0.197382 0.540039
1 0.600962 0.422276 0.0805288 0.162927 0.648926
1 0.944111 0.290131 0.111779 0.139824 0.632324
1 0.852163 0.143296 0.0889423 0.195246 0.571777
1 0.942909 0.298344 0.114183 0.166667 0.648926
1 0.601562 0.422543 0.0817307 0.165598 0.598145
1 0.853966 0.147035 0.0877404 0.195246 0.577637
1 0.94351 0.299079 0.112981 0.1668 0.654785
1 0.601562 0.423077 0.0805288 0.16453 0.607422
1 0.853966 0.147403 0.0877404 0.192374 0.601074
1 0.942909 0.303152 0.114183 0.166667 0.605957
1 0.853365 0.150507 0.0889423 0.192575 0.562012
1 0.601562 0.426015 0.0817307 0.165064 0.560059
1 0.942909 0.303419 0.114183 0.168803 0.652344
1 0.602764 0.424679 0.0805289 0.16453 0.622559
1 0.854567 0.149539 0.0889423 0.19558 0.561035
1 0.942909 0.30235 0.114183 0.17094 0.666504
1 0.602013 0.423878 0.0820312 0.167201 0.613281
1 0.853365 0.148371 0.0889423 0.196848 0.583008
1 0.942909 0.301282 0.114183 0.168803 0.658203
1 0.602163 0.422276 0.0805288 0.163996 0.606934
1 0.853365 0.148504 0.0889423 0.195513 0.541992
1 0.942308 0.302284 0.115385 0.171074 0.669922
1 0.602013 0.423077 0.0820312 0.168803 0.632324
1 0.854567 0.145867 0.0889423 0.192241 0.608398
1 0.942308 0.303419 0.115385 0.169338 0.643555
1 0.602163 0.423878 0.0817308 0.166132 0.641602
1 0.853966 0.146935 0.0889423 0.190104 0.591797
1 0.457933 0.320513 0.145433 0.166667 0.259766
1 0.942308 0.303686 0.115385 0.166132 0.621582
1 0.602163 0.424679 0.0817308 0.163462 0.599121
1 0.853365 0.147302 0.0889423 0.188301 0.552734
1 0.457332 0.321848 0.147236 0.168803 0.271973
1 0.943209 0.296942 0.113582 0.165732 0.550781
1 0.601562 0.421474 0.0805288 0.17094 0.511719
1 0.852163 0.146768 0.0913462 0.197382 0.452393
