1 0.813702 0.761752 0.0288461 0.059829 0.257568
1 0.814904 0.762821 0.0300481 0.0619658 0.256104
1 0.814904 0.771368 0.03125 0.0619659 0.267334
1 0.814303 0.761752 0.030048 0.059829 0.265869
1 0.814904 0.762286 0.0288462 0.0608974 0.300781
1 0.814904 0.762821 0.0288462 0.059829 0.324219
1 0.814303 0.762821 0.0288462 0.059829 0.290283
1 0.814904 0.763889 0.03125 0.059829 0.331055
1 0.814904 0.764957 0.0300481 0.0587607 0.301514
1 0.725962 0.92094 0.0528846 0.0833334 0.29248
1 0.814904 0.763889 0.0288462 0.0576923 0.317383
1 0.814303 0.762821 0.030048 0.059829 0.341553
1 0.725962 0.915598 0.0552885 0.0876068 0.325928
1 0.814904 0.763889 0.0288462 0.0587607 0.330322
1 0.814904 0.764957 0.03125 0.059829 0.334473
1 0.725962 0.917735 0.0552885 0.0876068 0.286133
1 0.814904 0.763889 0.03125 0.059829 0.33374
1 0.814904 0.763889 0.0300481 0.0587607 0.345947
1 0.814904 0.763889 0.03125 0.059829 0.336426
1 0.814904 0.763355 0.03125 0.0598291 0.358398
1 0.725962 0.916132 0.0564904 0.0886752 0.258301
1 0.814904 0.763889 0.03125 0.059829 0.334473
1 0.814904 0.763889 0.03125 0.059829 0.345947
1 0.814303 0.762821 0.0288462 0.059829 0.290283
