1 0.876877 0.678679 0.0840841 0.102102 0.432129
1 0.0503754 0.71997 0.0573574 0.084084 0.373047
1 0.828829 0.341592 0.0744745 0.114114 0.279053
1 0.872072 0.668919 0.0744745 0.0885886 0.377441
1 0.042042 0.716216 0.0630631 0.0855856 0.358398
1 0.874475 0.671171 0.0744745 0.0975976 0.29834
1 0.571472 0.358483 0.0762763 0.0930931 0.26123
1 0.0478979 0.716216 0.0663664 0.0975976 0.270508
1 0.871472 0.675676 0.0780781 0.0960961 0.373779
1 0.566366 0.364489 0.0852853 0.0945946 0.344238
1 0.875075 0.678679 0.0792793 0.0990991 0.338135
1 0.876877 0.660661 0.0888889 0.111111 0.275879
1 0.0437688 0.716967 0.0641141 0.0945946 0.260498
1 0.572072 0.361862 0.0858859 0.103604 0.397949
1 0.0451952 0.714715 0.0588589 0.0960961 0.355713
1 0.873273 0.672673 0.0816817 0.0960961 0.293457
1 0.876877 0.674174 0.0792793 0.102102 0.385742
1 0.0474287 0.720721 0.0543919 0.09009 0.304932
1 0.572973 0.363363 0.0804805 0.0975976 0.275879
1 0.874475 0.671171 0.0816816 0.0990991 0.431152
1 0.04497 0.716967 0.0624625 0.103604 0.416748
1 0.570571 0.360736 0.0804805 0.104354 0.361084
1 0.576276 0.358859 0.0798799 0.0945946 0.294189
1 0.87988 0.671922 0.0876877 0.100601 0.260498
1 0.874475 0.675676 0.0792793 0.105105 0.384033
1 0.04497 0.720721 0.065015 0.0990991 0.321777
1 0.573273 0.366366 0.0762763 0.0900901 0.31665
1 0.874475 0.681682 0.0816816 0.0930931 0.356689
1 0.873273 0.673423 0.0828829 0.105105 0.46582
1 0.0427177 0.719219 0.0612613 0.102102 0.305664
1 0.570571 0.361487 0.0792793 0.101351 0.293457
1 0.873273 0.668168 0.0816817 0.102102 0.366699
1 0.574775 0.362613 0.0756757 0.0878378 0.329346
1 0.0460961 0.714715 0.054955 0.0930932 0.313965
1 0.873273 0.675676 0.0768769 0.102102 0.514648
1 0.0448949 0.719219 0.0647147 0.0990991 0.2854
1 0.874475 0.668168 0.0840841 0.100601 0.344238
1 0.873273 0.671171 0.0768769 0.0960961 0.625
1 0.571772 0.363363 0.0792793 0.0960961 0.456055
1 0.0432432 0.716216 0.0624625 0.105105 0.428223
1 0.825225 0.321697 0.0696697 0.0923423 0.265869
1 0.873273 0.668168 0.0816817 0.105105 0.473633
1 0.572372 0.358108 0.0804804 0.0945946 0.38501
1 0.0433183 0.714715 0.0563063 0.0960961 0.294189
1 0.873874 0.672673 0.0816817 0.0930931 0.356689
1 0.872072 0.674174 0.0792793 0.102102 0.535156
1 0.56997 0.365991 0.0768769 0.0938439 0.351318
1 0.0434685 0.717718 0.0569069 0.096096 0.253174
1 0.872072 0.674174 0.0816817 0.105105 0.460938
1 0.570571 0.362613 0.0816817 0.0983483 0.321777
1 0.0448949 0.714715 0.0555556 0.0990991 0.314941
1 0.873874 0.67042 0.0852853 0.114114 0.374756
1 0.045045 0.716216 0.0693694 0.108108 0.319092
1 0.570871 0.363363 0.0810811 0.102102 0.313965
1 0.873273 0.672673 0.0768769 0.102102 0.572754
1 0.041967 0.714715 0.0621622 0.0960961 0.323486
1 0.571171 0.363363 0.0816817 0.0908408 0.2854
1 0.870871 0.678679 0.0744745 0.0930931 0.482422
1 0.570571 0.368619 0.0744745 0.0900901 0.269775
1 0.0419107 0.717718 0.055518 0.096096 0.259766
1 0.873874 0.671171 0.0804804 0.100601 0.438721
1 0.571171 0.361111 0.0852853 0.0975976 0.308105
1 0.0442943 0.715465 0.0594595 0.0945946 0.29834
1 0.872072 0.675676 0.0768768 0.100601 0.498047
1 0.0418731 0.719219 0.0640015 0.0990991 0.38501
1 0.572973 0.360736 0.0828829 0.0975976 0.38208
1 0.872072 0.671171 0.0828829 0.0960961 0.455078
1 0.570571 0.362237 0.0804805 0.0953454 0.305664
1 0.0440128 0.718469 0.0603228 0.0975976 0.296631
1 0.877478 0.671922 0.0804805 0.0990991 0.398926
1 0.043994 0.719219 0.0654655 0.0990991 0.274414
1 0.0441441 0.717718 0.0572072 0.0915916 0.390381
1 0.873273 0.675676 0.0768769 0.0930931 0.358398
1 0.571772 0.363363 0.0744745 0.0900901 0.317383
1 0.873273 0.675676 0.0804805 0.0990991 0.507812
1 0.0444257 0.71997 0.0631006 0.100601 0.351318
1 0.874475 0.674174 0.0768769 0.0960961 0.512695
1 0.0447447 0.717718 0.0615616 0.0975976 0.456055
1 0.573574 0.361111 0.0828829 0.0960961 0.304932
1 0.870871 0.678679 0.0792793 0.102102 0.542969
1 0.0421171 0.71997 0.0602102 0.0930931 0.42334
1 0.571472 0.366366 0.0834835 0.0975976 0.397949
1 0.872072 0.677177 0.0792793 0.0990991 0.513672
1 0.0433934 0.720721 0.060961 0.0990991 0.384033
1 0.56997 0.364114 0.0804805 0.0945946 0.294922
1 0.872072 0.677177 0.0792793 0.0990991 0.625
1 0.56967 0.364114 0.0774775 0.0855856 0.472656
1 0.0424925 0.719219 0.0636637 0.102102 0.472656
1 0.872072 0.674174 0.0840841 0.0990991 0.516602
1 0.0427928 0.717718 0.0653153 0.0990992 0.406494
1 0.873273 0.66967 0.0780781 0.0960961 0.565918
1 0.569069 0.355856 0.0762763 0.0975976 0.500977
1 0.0416104 0.714715 0.0603228 0.0930932 0.495117
1 0.874475 0.675676 0.0816816 0.0990991 0.646973
1 0.0430743 0.717718 0.0640015 0.0975976 0.432129
1 0.571772 0.364114 0.0828829 0.0915916 0.408203
0 0.0548423 0.505631 0.109685 0.130631 0.255371
1 0.873273 0.675676 0.0804805 0.0930931 0.496094
1 0.0436186 0.716216 0.0644144 0.0960961 0.494141
1 0.572673 0.361862 0.0834835 0.0968469 0.337158
1 0.872072 0.675676 0.0792793 0.0975976 0.569824
1 0.0414227 0.717718 0.0658033 0.102102 0.36377
1 0.568769 0.363363 0.0768769 0.0930931 0.353027
1 0.872673 0.677177 0.0828829 0.0990991 0.536133
1 0.042211 0.719219 0.0636261 0.0990991 0.393311
1 0.569069 0.359985 0.0786787 0.0983484 0.299805
1 0.870871 0.66967 0.0768769 0.0930931 0.478516
1 0.0436186 0.718469 0.059009 0.0975976 0.393311
1 0.571772 0.35961 0.0792793 0.101351 0.337158
1 0.872072 0.674174 0.0804804 0.103604 0.650391
1 0.56967 0.355856 0.0774775 0.0968468 0.437744
1 0.0416667 0.715466 0.0635135 0.0960961 0.369385
1 0.872673 0.675676 0.0768769 0.0930931 0.44165
1 0.043994 0.717718 0.0627628 0.096096 0.283691
1 0.287988 0.0561186 0.107508 0.112237 0.266602
1 0.573574 0.357733 0.0780781 0.102102 0.257568
1 0.873874 0.674174 0.0780781 0.0990991 0.503906
1 0.873273 0.675676 0.0792793 0.0930931 0.560059
1 0.573273 0.358859 0.0810811 0.103604 0.429199
0 0.053003 0.504505 0.106006 0.127628 0.401611
1 0.0441441 0.719219 0.065015 0.0960961 0.377441
1 0.314715 0.349099 0.0576577 0.0885886 0.279053
1 0.872072 0.672673 0.0768768 0.0930931 0.513672
1 0.0421922 0.714715 0.0687688 0.0945946 0.357666
1 0.572372 0.359234 0.0804804 0.102102 0.308105
1 0.872673 0.677928 0.0804805 0.0960961 0.526367
1 0.572673 0.358859 0.0822823 0.107357 0.338867
1 0.0451952 0.71997 0.0644144 0.096096 0.323486
1 0.873273 0.674174 0.0816817 0.0960961 0.484375
1 0.0429617 0.717718 0.0621246 0.096096 0.393311
1 0.286487 0.0586524 0.109309 0.117305 0.294922
1 0.872072 0.66967 0.0792793 0.0930931 0.542969
1 0.0424737 0.716967 0.0631006 0.100601 0.339844
1 0.872673 0.674925 0.0792793 0.0945946 0.476562
1 0.0432432 0.716216 0.062012 0.0915916 0.440674
0 0.0550676 0.507508 0.110135 0.132132 0.34082
1 0.873273 0.674174 0.0792793 0.0960961 0.518555
1 0.0415916 0.71997 0.0618619 0.0975976 0.370117
1 0.288363 0.0542417 0.106757 0.108483 0.283691
1 0.873273 0.67042 0.0792793 0.0945946 0.469727
1 0.042042 0.717718 0.0627628 0.0930931 0.348633
1 0.872072 0.674174 0.0792793 0.0975976 0.422607
1 0.0425676 0.716216 0.0641141 0.0930931 0.330322
1 0.572372 0.351351 0.0816817 0.108108 0.303223
1 0.873273 0.675676 0.0780781 0.0975976 0.551758
1 0.043262 0.719219 0.0648273 0.0960961 0.473633
1 0.287988 0.0578078 0.111111 0.115616 0.303223
1 0.873273 0.677928 0.0792793 0.0945946 0.496094
1 0.0433934 0.720721 0.0624625 0.0960961 0.460938
1 0.286487 0.0585586 0.110511 0.117117 0.275879
1 0.873273 0.674174 0.0792793 0.105105 0.494141
1 0.0436937 0.718469 0.0624625 0.0990991 0.390381
0 0.0632132 0.507132 0.126426 0.138138 0.295898
1 0.873273 0.674925 0.0804805 0.0975976 0.581543
1 0.0426614 0.71997 0.0639264 0.096096 0.46582
1 0.29039 0.0581363 0.103904 0.113457 0.320801
1 0.873273 0.677177 0.0792793 0.103604 0.536133
1 0.0429429 0.720721 0.0627628 0.0990991 0.393311
0 0.0566066 0.50488 0.111261 0.133634 0.279053
1 0.873273 0.677177 0.0792793 0.0990991 0.404541
1 0.043994 0.722222 0.060961 0.0945946 0.334473
1 0.873273 0.677177 0.0792793 0.0990991 0.510742
1 0.287387 0.0581832 0.102703 0.116366 0.376709
1 0.0429617 0.720721 0.0660285 0.0990991 0.368408
1 0.872072 0.671171 0.0792793 0.0960961 0.477539
1 0.0417605 0.716216 0.0678303 0.0990991 0.450439
1 0.824625 0.326577 0.0708708 0.100601 0.328613
1 0.287763 0.0566817 0.107958 0.113363 0.325195
1 0.872673 0.673423 0.0804805 0.0945946 0.488281
1 0.0435248 0.718469 0.065503 0.0960961 0.445557
1 0.29009 0.0581832 0.107508 0.116366 0.402588
1 0.873273 0.674174 0.0780781 0.0945946 0.503906
1 0.0433183 0.719219 0.065015 0.0960961 0.477539
1 0.872072 0.672673 0.0792793 0.0990991 0.59375
1 0.0433746 0.717718 0.0667042 0.0990992 0.491211
1 0.290165 0.0581832 0.106757 0.116366 0.392334
1 0.871472 0.672673 0.0780781 0.0960961 0.624512
1 0.0430931 0.717718 0.065015 0.0975976 0.559082
1 0.571472 0.355856 0.0786787 0.100601 0.415771
1 0.873273 0.671171 0.0792793 0.0990991 0.498047
1 0.0436186 0.717718 0.0686186 0.0990992 0.42334
0 0.0566441 0.507883 0.113288 0.135135 0.565918
1 0.874475 0.671171 0.0792793 0.0990991 0.52832
1 0.0438438 0.719219 0.0683183 0.102102 0.481445
1 0.873273 0.672673 0.0792793 0.0960961 0.483398
1 0.0435248 0.720721 0.0676051 0.102102 0.396973
1 0.873273 0.675676 0.0816817 0.0990991 0.448486
1 0.0432432 0.720721 0.0693694 0.105105 0.44751
1 0.29039 0.0579955 0.107508 0.115991 0.282959
1 0.874475 0.674174 0.0816816 0.0990991 0.584961
1 0.0445195 0.719219 0.0668168 0.102102 0.482422
1 0.571772 0.362237 0.0816817 0.102853 0.366699
1 0.825826 0.325075 0.0708709 0.0975976 0.253174
1 0.872072 0.674174 0.0792793 0.102102 0.499023
1 0.0427177 0.71997 0.065015 0.100601 0.485352
1 0.28979 0.0562125 0.10991 0.112425 0.378418
1 0.56997 0.362613 0.0828829 0.100601 0.373047
1 0.872673 0.674174 0.0816817 0.102102 0.572754
1 0.0434685 0.720721 0.0663664 0.102102 0.470703
1 0.874475 0.671171 0.0816816 0.102102 0.519531
1 0.0443131 0.719219 0.0684309 0.105105 0.448486
1 0.874475 0.674174 0.0792793 0.0990991 0.625977
1 0.0427928 0.719219 0.0662162 0.102102 0.545898
1 0.572072 0.366366 0.0834835 0.103604 0.312256
1 0.874475 0.671171 0.0816816 0.0960961 0.571777
1 0.0446134 0.719219 0.0654279 0.102102 0.511719
1 0.873273 0.674174 0.0852853 0.102102 0.50293
1 0.0429429 0.720721 0.0668168 0.105105 0.488281
0 0.0564565 0.506006 0.112913 0.136637 0.407227
1 0.826427 0.328078 0.0696697 0.100601 0.286865
1 0.572372 0.364114 0.0816817 0.100601 0.259766
1 0.873273 0.675676 0.0816817 0.0975976 0.552734
1 0.0433183 0.720721 0.0683183 0.105105 0.461914
1 0.872072 0.674174 0.0840841 0.102102 0.607422
1 0.0428679 0.722222 0.0668168 0.100601 0.565918
1 0.825225 0.329955 0.0720721 0.100601 0.429199
1 0.57027 0.364114 0.0810811 0.102102 0.425293
0 0.0560811 0.507508 0.112162 0.129129 0.312256
1 0.872072 0.674925 0.0816817 0.0990991 0.527344
1 0.0433183 0.722222 0.068018 0.102102 0.467773
1 0.572072 0.367117 0.0834835 0.100601 0.29248
1 0.872072 0.675676 0.0840841 0.0990991 0.628906
1 0.0422673 0.723724 0.0672673 0.102102 0.545898
0 0.0563063 0.506757 0.112613 0.132132 0.44458
1 0.873273 0.675676 0.0816817 0.0990991 0.543945
1 0.0429242 0.724474 0.0658033 0.0990991 0.530273
0 0.0551426 0.507508 0.110285 0.130631 0.274414
1 0.0415165 0.722222 0.066967 0.100601 0.602051
1 0.872072 0.675676 0.0816817 0.0960961 0.586914
1 0.825225 0.33033 0.0696697 0.0975976 0.273682
1 0.570871 0.365616 0.0810811 0.0990991 0.258301
1 0.873273 0.675676 0.0816817 0.0960961 0.59375
1 0.0427177 0.723724 0.0654655 0.0990991 0.561035
1 0.570871 0.364865 0.0810811 0.100601 0.386719
1 0.825826 0.332207 0.0696697 0.0998498 0.275146
1 0.872072 0.675676 0.0792793 0.0960961 0.624512
1 0.0429429 0.724475 0.065015 0.0975976 0.545898
1 0.570871 0.364114 0.0798799 0.102102 0.348633
1 0.825225 0.331081 0.0696697 0.100601 0.279785
1 0.872673 0.676426 0.0816817 0.0975976 0.537109
1 0.0435248 0.725225 0.0661036 0.100601 0.507812
0 0.0557808 0.508258 0.111562 0.133634 0.255371
1 0.873273 0.675676 0.0792793 0.0960961 0.574707
1 0.0437125 0.722222 0.0660285 0.100601 0.513672
0 0.0554805 0.507508 0.110961 0.132132 0.299072
1 0.872072 0.674925 0.0792793 0.0975976 0.609375
1 0.043262 0.722222 0.0666291 0.0990992 0.577637
1 0.571171 0.366366 0.0804805 0.100601 0.279053
1 0.873273 0.674174 0.0804805 0.0960961 0.599121
1 0.0427177 0.722222 0.068018 0.102102 0.542969
0 0.0540541 0.507883 0.108108 0.129129 0.305664
1 0.571772 0.366742 0.0804805 0.0983484 0.250977
1 0.873273 0.674925 0.0816817 0.0975976 0.603027
1 0.0425676 0.720721 0.0683183 0.102102 0.547852
0 0.0547297 0.507508 0.109459 0.130631 0.288574
1 0.873273 0.675676 0.0816817 0.0960961 0.612305
1 0.0424925 0.721471 0.0681682 0.102102 0.551758
1 0.571772 0.366742 0.0816817 0.0990991 0.289307
0 0.0545045 0.507883 0.109009 0.131381 0.257568
1 0.872673 0.675676 0.0804805 0.0960961 0.583984
1 0.0424174 0.720721 0.0675676 0.102102 0.542969
1 0.872072 0.674925 0.0816817 0.0990991 0.52832
1 0.0433183 0.722222 0.068018 0.102102 0.467773
1 0.572072 0.367117 0.0834835 0.100601 0.293457
