1 0.259916 0.621795 0.0180289 0.0523504 0.288574
1 0.0534856 0.517628 0.0249399 0.0448718 0.263672
1 0.258413 0.646368 0.0240385 0.0555556 0.263672
1 0.240685 0.788996 0.0504808 0.0641026 0.364746
1 0.81851 0.788996 0.0480769 0.100427 0.314941
1 0.817909 0.778312 0.0516827 0.114316 0.318359
1 0.239183 0.791667 0.0546875 0.0662393 0.307373
1 0.819712 0.786325 0.046875 0.113248 0.259766
1 0.819111 0.798611 0.048077 0.116453 0.283691
0 0.610577 0.626068 0.0649039 0.0523504 0.541016
0 0.242188 0.790598 0.0576923 0.0619658 0.274414
0 0.609976 0.645299 0.0673077 0.0534188 0.259033
0 0.240385 0.78953 0.0564904 0.065171 0.39502
0 0.610577 0.628205 0.0673077 0.051282 0.361084
0 0.238882 0.79594 0.0546875 0.0576924 0.258301
0 0.610577 0.648504 0.0709135 0.051282 0.256836
0 0.609375 0.634081 0.0733173 0.0641026 0.257568
1 0.240986 0.792201 0.0534856 0.059829 0.286133
0 0.609375 0.629808 0.0697115 0.0512821 0.329346
0 0.606971 0.626068 0.0697115 0.0576923 0.406494
0 0.608774 0.646902 0.0709135 0.0651709 0.328613
0 0.611178 0.63141 0.0757211 0.0662393 0.338867
0 0.609525 0.632479 0.0742188 0.0555556 0.287842
1 0.625 0.383547 0.0300481 0.0534188 0.268066
1 0.625 0.382479 0.0288462 0.0566239 0.262939
0 0.611929 0.632479 0.0718149 0.0534188 0.2854
0 0.608023 0.625534 0.070012 0.0491453 0.269043
0 0.611178 0.649038 0.0733173 0.0641026 0.256836
0 0.610577 0.633547 0.0721154 0.0619658 0.284668
1 0.625 0.380342 0.0288462 0.0555556 0.250977
0 0.611929 0.646902 0.0718149 0.0576923 0.299072
1 0.626202 0.380876 0.0288461 0.0555556 0.268066
1 0.626202 0.383013 0.0276442 0.0534188 0.268066
1 0.258714 0.645299 0.0216346 0.0470086 0.254639
0 0.608774 0.626068 0.0745193 0.0555556 0.2854
1 0.626202 0.380342 0.0288461 0.0544872 0.251709
1 0.626202 0.383013 0.0288461 0.0555555 0.280518
1 0.625601 0.383547 0.0288462 0.0523504 0.265137
1 0.258413 0.630342 0.0234375 0.0491453 0.2854
1 0.0552885 0.516026 0.0300481 0.0448718 0.280518
1 0.0534856 0.523504 0.0300481 0.0405983 0.267334
1 0.166466 0.643162 0.0195312 0.0470086 0.267334
1 0.256911 0.645299 0.0228365 0.0491453 0.259033
1 0.625 0.386218 0.0288462 0.0523504 0.258301
1 0.258113 0.643162 0.0222356 0.0448718 0.282227
1 0.625601 0.384615 0.0276442 0.0534188 0.269043
1 0.263371 0.410256 0.0213341 0.034188 0.264404
1 0.625 0.383547 0.0288462 0.0555556 0.295898
1 0.130709 0.629274 0.023137 0.0512821 0.255371
1 0.625601 0.38141 0.0288462 0.0534188 0.303223
1 0.259014 0.63515 0.0240385 0.0459402 0.267334
1 0.130409 0.628205 0.0219351 0.051282 0.253906
1 0.625601 0.380876 0.0276442 0.0512821 0.346924
1 0.130409 0.628205 0.0222356 0.0480769 0.299072
1 0.0537861 0.523504 0.0285457 0.0384615 0.29834
1 0.258413 0.637286 0.0228365 0.0459401 0.27124
1 0.130108 0.629273 0.0222356 0.0491453 0.299072
1 0.625601 0.38141 0.0276442 0.0534188 0.297363
1 0.257212 0.641026 0.0222356 0.0448718 0.279785
1 0.0534105 0.524573 0.0292969 0.0405983 0.274414
1 0.625601 0.379808 0.0288462 0.0544872 0.38501
1 0.130709 0.626068 0.0219351 0.051282 0.345215
1 0.0539363 0.521368 0.0291466 0.0405983 0.331055
1 0.258714 0.635684 0.0240385 0.0448718 0.318359
1 0.626202 0.382479 0.0288461 0.0555556 0.38208
1 0.130409 0.628205 0.0216346 0.0491453 0.313965
1 0.0534856 0.523504 0.0291466 0.0405983 0.296631
1 0.258413 0.636752 0.0234375 0.0459401 0.294189
1 0.625601 0.380342 0.0288462 0.0534188 0.398926
1 0.130409 0.628205 0.0228365 0.051282 0.337158
1 0.0536358 0.524573 0.0300481 0.0405983 0.297363
1 0.258413 0.635684 0.0228365 0.0448718 0.276611
1 0.625601 0.38141 0.0300481 0.0555556 0.380371
1 0.130409 0.628205 0.0234375 0.051282 0.328613
1 0.258113 0.635684 0.0246394 0.0448718 0.320801
1 0.0531851 0.524573 0.0303486 0.0405983 0.315674
1 0.626202 0.38141 0.0288461 0.0555556 0.353027
1 0.130859 0.629273 0.0225361 0.0491453 0.325928
1 0.0540865 0.525107 0.0288462 0.0416667 0.313232
1 0.259014 0.636218 0.0228365 0.0438034 0.281494
1 0.626202 0.38141 0.0288461 0.0555556 0.321777
1 0.0542368 0.525107 0.0297476 0.0416667 0.317383
1 0.130709 0.630342 0.0234375 0.0512821 0.310791
1 0.258113 0.641026 0.0240385 0.0470086 0.310791
1 0.167067 0.637821 0.0192308 0.0491453 0.256104
1 0.626202 0.38141 0.0288461 0.0555556 0.351318
1 0.130709 0.629274 0.0228365 0.0502137 0.332764
1 0.258564 0.640491 0.023137 0.0448718 0.318359
1 0.054387 0.525641 0.0294471 0.0405983 0.314941
1 0.167218 0.637286 0.0192308 0.0470085 0.262207
1 0.263522 0.40812 0.0228365 0.034188 0.253906
1 0.625601 0.380876 0.0288462 0.0555556 0.393311
1 0.258113 0.641026 0.0228365 0.0448718 0.33374
1 0.130709 0.629808 0.0228365 0.0491453 0.332031
1 0.0542368 0.525641 0.0294471 0.0405983 0.31665
1 0.167368 0.637821 0.0186298 0.0470086 0.266602
1 0.602163 0.068109 0.0192308 0.0363248 0.250977
1 0.625601 0.380342 0.0300481 0.0555556 0.371094
1 0.130409 0.629808 0.0240385 0.0502137 0.312256
1 0.258413 0.641026 0.0234375 0.0448718 0.299805
1 0.0537861 0.525641 0.0301983 0.0405983 0.295898
1 0.625601 0.380342 0.0288462 0.0544872 0.390381
1 0.258714 0.641026 0.0234375 0.0459402 0.347656
1 0.130409 0.629273 0.023738 0.0491453 0.324219
1 0.0536358 0.525641 0.0300481 0.0405983 0.310791
1 0.263522 0.40812 0.0234375 0.0363248 0.257568
1 0.167368 0.637821 0.0192308 0.0470086 0.253174
1 0.0984075 0.679487 0.0273438 0.0405983 0.250977
1 0.625601 0.380342 0.0288462 0.0555556 0.364746
1 0.130559 0.629273 0.023137 0.0491453 0.313232
1 0.258714 0.639957 0.0234375 0.0448718 0.305664
1 0.0537861 0.525641 0.0297476 0.0405983 0.299805
1 0.625601 0.38141 0.0288462 0.0555556 0.38501
1 0.258413 0.641026 0.0234375 0.0448718 0.329346
1 0.130409 0.630342 0.0234375 0.0491453 0.321777
1 0.0537861 0.526175 0.0300481 0.0395299 0.313232
1 0.0984075 0.679487 0.0271935 0.0405983 0.262939
1 0.167368 0.637821 0.0189303 0.0470086 0.255371
1 0.130108 0.629273 0.0222356 0.0491453 0.299072
1 0.625601 0.38141 0.0276442 0.0534188 0.297363
1 0.257212 0.641026 0.0222356 0.0448718 0.279785
1 0.0534105 0.524573 0.0292969 0.0405983 0.274414
