1 0.41907 0.416466 0.0544872 0.0336538 0.253174
1 0.416667 0.416466 0.0544872 0.0330529 0.262939
1 0.415865 0.415264 0.0528846 0.0324519 0.272705
1 0.417468 0.414663 0.0528846 0.0324519 0.291016
1 0.803686 0.043889 0.0432692 0.0312124 0.286133
1 0.800481 0.0442458 0.0432692 0.0303486 0.250244
1 0.417468 0.415865 0.0560897 0.0360577 0.269775
1 0.416667 0.414363 0.0560897 0.0330529 0.264404
1 0.416667 0.415264 0.0544872 0.0348558 0.287842
1 0.416667 0.414663 0.0528846 0.03125 0.295898
1 0.41867 0.413462 0.0552885 0.03125 0.299072
1 0.801282 0.0424429 0.0448718 0.0301983 0.262939
1 0.794872 0.107873 0.0336538 0.0246394 0.279053
1 0.415865 0.415264 0.0528846 0.0348558 0.259033
1 0.416667 0.414964 0.0544872 0.0342548 0.29248
1 0.822115 0.472356 0.0416667 0.0288461 0.253906
1 0.802885 0.0427997 0.0448718 0.031588 0.291016
1 0.41907 0.413762 0.0592949 0.0360577 0.268066
1 0.416667 0.414663 0.0560897 0.0348557 0.291748
1 0.793269 0.107046 0.0320513 0.0223858 0.254639
1 0.416667 0.414363 0.0528846 0.031851 0.263672
1 0.79407 0.10637 0.0336538 0.0234375 0.252441
1 0.417468 0.413462 0.0528846 0.0336539 0.251709
1 0.793269 0.108173 0.0352564 0.0258413 0.265869
1 0.792468 0.107948 0.036859 0.026893 0.299072
1 0.416667 0.415565 0.0544872 0.0342548 0.265137
1 0.416667 0.414663 0.0560897 0.0342548 0.280518
1 0.794872 0.107121 0.0352563 0.0261418 0.255371
1 0.416667 0.414663 0.0544872 0.0348557 0.290283
1 0.79407 0.107121 0.036859 0.0261418 0.271973
1 0.794872 0.106971 0.036859 0.0285457 0.305664
1 0.801282 0.0438514 0.0448718 0.0324895 0.281494
1 0.793269 0.106821 0.0352564 0.0246394 0.281494
1 0.417468 0.413762 0.0544872 0.0324519 0.265137
1 0.822115 0.472656 0.0352564 0.0264423 0.256104
1 0.794872 0.106671 0.0352563 0.0267428 0.308105
1 0.417468 0.413462 0.0544872 0.0336539 0.270508
1 0.794872 0.107197 0.0352563 0.0283954 0.252441
1 0.793269 0.106671 0.0352564 0.0264423 0.29834
1 0.417067 0.414663 0.0560897 0.0348557 0.27124
1 0.79407 0.107647 0.0384616 0.0280949 0.293457
1 0.794872 0.106671 0.0352563 0.0261418 0.328613
1 0.416667 0.414663 0.0544872 0.0348557 0.279053
1 0.822115 0.471755 0.0384615 0.0288462 0.279053
1 0.821314 0.471755 0.0400641 0.0288462 0.295898
1 0.415865 0.414663 0.0528846 0.0342548 0.294922
1 0.793269 0.10607 0.0352564 0.0267428 0.290283
1 0.841346 0.311298 0.0384616 0.0336538 0.251709
1 0.793269 0.107572 0.0320513 0.0252404 0.35498
1 0.415865 0.415264 0.0528846 0.0336538 0.321777
1 0.801282 0.0435509 0.0384615 0.0285832 0.291748
1 0.822115 0.472957 0.0384615 0.0288462 0.291016
1 0.841346 0.310998 0.0384616 0.0324519 0.256836
1 0.80609 0.160006 0.036859 0.0249399 0.254639
1 0.794872 0.107873 0.0352563 0.0279447 0.269043
1 0.794872 0.106821 0.0384616 0.0264423 0.303223
1 0.417067 0.414663 0.0552885 0.0348557 0.272705
1 0.823718 0.471755 0.0416667 0.0288462 0.250977
1 0.793269 0.10652 0.0384615 0.0255409 0.308105
1 0.416266 0.414663 0.0552885 0.0348557 0.279785
1 0.794872 0.107272 0.0352563 0.0276442 0.345947
1 0.416667 0.415264 0.0576923 0.0366586 0.301514
1 0.822115 0.472656 0.0384615 0.0300481 0.277588
1 0.794872 0.107347 0.0320513 0.0247897 0.328613
1 0.416266 0.415264 0.0544872 0.0348558 0.289307
1 0.801282 0.0446026 0.0400641 0.0300856 0.263672
1 0.822917 0.472957 0.0384615 0.0282452 0.256104
1 0.794872 0.107422 0.0320513 0.0261418 0.356689
1 0.417869 0.415264 0.0536859 0.0336538 0.280518
1 0.823718 0.473257 0.0384615 0.0294471 0.273682
1 0.80609 0.160457 0.0384615 0.0258413 0.262207
1 0.842949 0.3125 0.0384615 0.031851 0.250977
1 0.794872 0.107121 0.0352563 0.0267428 0.281494
1 0.801282 0.0447716 0.0432692 0.0285457 0.251709
1 0.801282 0.0459736 0.0416667 0.0286959 0.263672
1 0.794872 0.108023 0.0320513 0.0258413 0.262939
1 0.416667 0.415264 0.0544872 0.0348558 0.260498
1 0.415865 0.414663 0.0544872 0.0324519 0.337158
1 0.799679 0.0476262 0.0416667 0.0276442 0.319092
1 0.792468 0.110427 0.036859 0.0255409 0.296631
1 0.803686 0.161058 0.0384615 0.0255409 0.27124
1 0.416667 0.413462 0.0528846 0.0336539 0.367432
1 0.794872 0.109976 0.0352563 0.0249399 0.327637
1 0.801282 0.0446965 0.0400641 0.0270433 0.318359
1 0.822115 0.47476 0.0384615 0.0276442 0.308105
1 0.805288 0.159555 0.036859 0.0240385 0.289307
1 0.416266 0.415264 0.0544872 0.0348558 0.351318
1 0.801282 0.0452224 0.0416667 0.0297476 0.332764
1 0.794872 0.110126 0.0384616 0.0273438 0.325928
1 0.822115 0.47476 0.0400641 0.0276442 0.311523
1 0.804487 0.160457 0.0384616 0.0270433 0.280518
1 0.839744 0.311599 0.0416667 0.0330529 0.264404
1 0.794872 0.108549 0.0336538 0.0253906 0.375732
1 0.416667 0.415865 0.0544872 0.0348558 0.346924
1 0.821314 0.473558 0.0384616 0.0288462 0.332031
1 0.801282 0.0446214 0.0384615 0.026893 0.277588
1 0.841346 0.310096 0.0384616 0.0294471 0.257568
1 0.810897 0.160156 0.0352564 0.0228365 0.250244
1 0.794872 0.109375 0.0320513 0.0240385 0.445557
1 0.416266 0.416466 0.0528846 0.0324519 0.404541
1 0.822115 0.474159 0.0384615 0.0276442 0.389648
1 0.801282 0.0446214 0.0384615 0.0273438 0.37207
1 0.841346 0.310397 0.0416667 0.03125 0.319092
1 0.805288 0.160757 0.036859 0.0243389 0.29834
1 0.793269 0.109525 0.0352564 0.0255409 0.414062
1 0.800481 0.0446965 0.0416667 0.0279447 0.354004
1 0.821314 0.47476 0.0384616 0.0276442 0.345947
1 0.419872 0.417668 0.051282 0.0336538 0.336426
1 0.804487 0.161058 0.036859 0.0240385 0.294922
1 0.839744 0.310697 0.0416667 0.03125 0.294189
1 0.795673 0.109225 0.0336538 0.0255409 0.460938
1 0.419471 0.417067 0.0544872 0.0342548 0.411133
1 0.822115 0.474459 0.0400641 0.0282452 0.398926
1 0.802083 0.0442458 0.040064 0.0276442 0.35498
1 0.805288 0.161208 0.036859 0.0246394 0.303223
1 0.841346 0.310096 0.0400641 0.0300481 0.288574
1 0.794872 0.109826 0.0352563 0.0255409 0.469727
1 0.801282 0.0451472 0.0384615 0.0285457 0.395996
1 0.416667 0.417969 0.0528846 0.0342548 0.378418
1 0.821314 0.47476 0.0384616 0.0276442 0.374756
1 0.841346 0.311899 0.0400641 0.0300481 0.31665
1 0.805288 0.161208 0.036859 0.0246394 0.311523
1 0.79407 0.108849 0.0352563 0.0259916 0.493164
1 0.821314 0.473257 0.0384616 0.0270432 0.406494
1 0.416667 0.417368 0.0536859 0.0336539 0.374756
1 0.801282 0.0451472 0.0416667 0.0277945 0.37207
1 0.805288 0.161058 0.0384616 0.0240385 0.346924
1 0.839744 0.310096 0.0416667 0.0300481 0.320068
1 0.794872 0.108774 0.0352563 0.0264423 0.476562
1 0.821314 0.472957 0.0400641 0.0282452 0.400635
1 0.416266 0.416466 0.0544872 0.0348557 0.391357
1 0.800481 0.0446214 0.0416667 0.0285457 0.360352
1 0.804487 0.160757 0.0384616 0.0246394 0.331055
1 0.839744 0.309495 0.0416667 0.03125 0.327637
1 0.79407 0.109375 0.0352563 0.0255409 0.504883
1 0.822115 0.473858 0.0384615 0.0270433 0.417725
1 0.417468 0.417668 0.0528846 0.0336538 0.40918
1 0.801282 0.0453538 0.0400641 0.0276818 0.375732
1 0.80609 0.161809 0.0352564 0.023738 0.341553
1 0.840545 0.310096 0.0384616 0.0300481 0.296631
1 0.794872 0.109225 0.0352563 0.0258413 0.435791
1 0.419872 0.417668 0.0544872 0.0348558 0.410156
1 0.822115 0.473558 0.0384615 0.0276442 0.385742
1 0.801282 0.0452224 0.0416667 0.0282452 0.361084
1 0.810096 0.161659 0.0368591 0.0240385 0.328613
1 0.841346 0.310096 0.0384616 0.03125 0.309082
1 0.794872 0.109751 0.0352563 0.0256911 0.50293
1 0.417468 0.417668 0.0528846 0.0342548 0.42334
1 0.822115 0.474159 0.0384615 0.0276442 0.42334
1 0.801282 0.0452224 0.0400641 0.027494 0.404541
1 0.80609 0.161358 0.0352564 0.0243389 0.370117
1 0.840545 0.310397 0.0400641 0.0300481 0.348633
1 0.79407 0.109675 0.0352563 0.0258413 0.511719
1 0.821314 0.473558 0.0384616 0.0276442 0.434082
1 0.801282 0.0458984 0.0416667 0.0282452 0.425293
1 0.417869 0.417067 0.0536859 0.0336538 0.421631
1 0.80609 0.161959 0.0352564 0.0246394 0.374756
1 0.840545 0.310697 0.0400641 0.0300481 0.367432
1 0.79407 0.109976 0.036859 0.0261418 0.498047
1 0.822115 0.473558 0.0416667 0.0276442 0.40918
1 0.419872 0.417368 0.0528846 0.0336539 0.402588
1 0.800481 0.0460487 0.0416667 0.0283954 0.395996
1 0.804487 0.161358 0.0384616 0.0246394 0.362061
1 0.841346 0.310697 0.0416667 0.03125 0.352295
1 0.794872 0.1093 0.0352563 0.0256911 0.526367
1 0.822115 0.473257 0.0384615 0.0276443 0.435059
1 0.417468 0.417067 0.0528846 0.0336538 0.419678
1 0.801282 0.0452975 0.0416667 0.0282452 0.417725
1 0.841346 0.310096 0.0416667 0.03125 0.381104
1 0.805288 0.161058 0.036859 0.0249399 0.375732
1 0.794872 0.109976 0.0352563 0.0255409 0.492188
1 0.822115 0.473257 0.0384615 0.0276443 0.402588
1 0.417468 0.417067 0.0544872 0.0336538 0.401611
1 0.801282 0.0457482 0.0416667 0.0283954 0.385742
1 0.805288 0.161508 0.036859 0.0249399 0.355713
1 0.841346 0.310697 0.0416667 0.03125 0.355713
1 0.794872 0.110201 0.0352563 0.0253906 0.491211
1 0.417468 0.417668 0.0544872 0.0336538 0.412109
1 0.821314 0.473558 0.0400641 0.0276442 0.401611
1 0.801282 0.0458984 0.0416667 0.028095 0.392334
1 0.841346 0.310697 0.0416667 0.03125 0.36377
1 0.805288 0.161659 0.036859 0.0246394 0.362061
1 0.793269 0.109525 0.0352564 0.0255409 0.414062
1 0.800481 0.0447529 0.0416667 0.0279823 0.354004
1 0.821314 0.47476 0.0384616 0.0276442 0.345947
1 0.419872 0.417668 0.051282 0.0336538 0.336426
1 0.804487 0.161208 0.036859 0.0240385 0.294922
1 0.839744 0.310697 0.0416667 0.03125 0.294189
