1 0.829928 0.788462 0.0324519 0.0544871 0.331055
1 0.886418 0.133213 0.0432692 0.0452724 0.275146
1 0.713942 0.229567 0.0336538 0.0741186 0.275146
1 0.616587 0.284455 0.0456731 0.0620993 0.252441
1 0.826322 0.774239 0.046875 0.0669071 0.33374
0 0.572416 0.16847 0.0366587 0.0877404 0.297363
1 0.496695 0.242188 0.0907452 0.0897436 0.332031
1 0.887019 0.134215 0.0516827 0.0536859 0.280518
1 0.824519 0.770833 0.0408654 0.0608974 0.273682
1 0.365385 0.865385 0.0510817 0.051282 0.338135
1 0.793269 0.126603 0.0408654 0.0304487 0.265869
0 0.860577 0.266827 0.0432692 0.0416667 0.337158
0 0.917067 0.253606 0.0408654 0.03125 0.296631
0 0.612981 0.271835 0.0625 0.0801282 0.253906
1 0.790865 0.127604 0.0444711 0.0404647 0.275879
0 0.617788 0.279447 0.048077 0.066907 0.259033
0 0.841346 0.240184 0.0793269 0.108974 0.32251
0 0.790865 0.126603 0.0480769 0.0352564 0.306641
0 0.885817 0.133213 0.0480769 0.0476763 0.294189
0 0.24354 0.202925 0.0838341 0.0789263 0.284668
0 0.599609 0.266426 0.0724158 0.104968 0.264404
1 0.791466 0.125 0.0432692 0.0344551 0.320068
1 0.886418 0.133313 0.046875 0.046274 0.259033
0 0.495192 0.248397 0.09375 0.0801282 0.356689
1 0.365986 0.865385 0.0492788 0.0576923 0.295898
1 0.790865 0.125401 0.046875 0.0380609 0.281494
0 0.475962 0.251202 0.0456731 0.0657051 0.264404
1 0.829928 0.784455 0.0444711 0.0560897 0.262207
1 0.365685 0.86859 0.0492788 0.0480769 0.26123
0 0.709135 0.22516 0.0360577 0.099359 0.274414
0 0.837139 0.244792 0.0853365 0.114583 0.271973
1 0.367188 0.865385 0.0480769 0.0544872 0.251709
1 0.366587 0.866987 0.0480769 0.0528846 0.303223
1 0.364183 0.866987 0.0504808 0.0512821 0.286133
1 0.884615 0.13732 0.0504808 0.0534856 0.269043
1 0.884014 0.133614 0.0444711 0.0456731 0.253174
0 0.844952 0.244792 0.079327 0.115385 0.356689
0 0.597356 0.221755 0.109375 0.216747 0.276611
0 0.24369 0.192358 0.0955529 0.119291 0.263672
1 0.363582 0.865385 0.0540865 0.0576923 0.267334
0 0.494892 0.248197 0.0949519 0.0893429 0.27124
0 0.706731 0.22476 0.0408654 0.100962 0.259033
1 0.365986 0.86859 0.0498798 0.0544871 0.362061
1 0.828726 0.783654 0.0432692 0.0560897 0.312256
1 0.887019 0.134615 0.0432692 0.0472756 0.274414
1 0.365084 0.86859 0.0492788 0.0480769 0.345215
1 0.830529 0.786859 0.0432692 0.0528846 0.308105
1 0.885817 0.134615 0.0504807 0.0492788 0.281494
1 0.789663 0.126502 0.0408654 0.0322516 0.269775
1 0.365685 0.86859 0.0492788 0.0512821 0.320068
1 0.887019 0.135617 0.0504808 0.0488782 0.294922
0 0.819111 0.227965 0.0228365 0.0641026 0.291748
1 0.791466 0.124499 0.0432692 0.0338542 0.259033
0 0.713341 0.223958 0.0336538 0.0985577 0.250977
1 0.365385 0.865385 0.0492788 0.0544872 0.366699
1 0.828125 0.782853 0.0432692 0.0544871 0.312256
0 0.713942 0.226763 0.0432692 0.105769 0.299072
1 0.884615 0.136018 0.0504808 0.046875 0.268066
0 0.819712 0.236579 0.03125 0.088141 0.255371
1 0.365385 0.866987 0.0492788 0.0480769 0.2854
1 0.885817 0.136018 0.0480769 0.0424679 0.268066
1 0.829327 0.786058 0.0408654 0.0576923 0.255371
1 0.829327 0.782853 0.045673 0.0592948 0.337158
1 0.365685 0.867788 0.0528846 0.0560897 0.306641
1 0.885817 0.135216 0.0492788 0.051282 0.287842
1 0.365385 0.866987 0.0540865 0.0512821 0.311523
0 0.599159 0.226162 0.0925481 0.18109 0.297363
1 0.788462 0.1249 0.0456731 0.0330529 0.286865
1 0.828726 0.781851 0.045673 0.0580929 0.277588
1 0.885817 0.132212 0.0504807 0.0492788 0.263672
0 0.709135 0.223357 0.0516827 0.101362 0.402588
0 0.596154 0.215495 0.102163 0.216446 0.330322
1 0.885817 0.135116 0.0480769 0.0550881 0.309814
0 0.838942 0.240184 0.0961538 0.114583 0.30249
0 0.247596 0.190355 0.09375 0.112881 0.300781
1 0.365685 0.866987 0.0492788 0.0544871 0.299072
0 0.501202 0.246795 0.104567 0.0801282 0.259033
1 0.828125 0.781851 0.0456731 0.0580929 0.36377
1 0.365986 0.866186 0.0516827 0.0560898 0.325195
1 0.885817 0.135216 0.0480769 0.051282 0.265869
1 0.366286 0.863782 0.0504808 0.0544871 0.339844
1 0.829327 0.780449 0.045673 0.0560898 0.336426
0 0.442007 0.692308 0.225361 0.269231 0.334473
0 0.258864 0.195312 0.0670072 0.103766 0.254639
1 0.885817 0.131911 0.0480769 0.0510817 0.250244
1 0.826322 0.777043 0.0432692 0.0580929 0.315674
1 0.363582 0.866186 0.0480769 0.0528846 0.286865
0 0.711538 0.222356 0.0360577 0.0977564 0.267334
1 0.884014 0.13131 0.048077 0.0514824 0.262207
1 0.828726 0.779647 0.0432692 0.0560898 0.293457
1 0.364183 0.866987 0.0480769 0.0544871 0.253906
0 0.249099 0.191056 0.0907452 0.113882 0.345215
1 0.363582 0.865385 0.0480769 0.0480769 0.303955
1 0.790264 0.123397 0.0408654 0.0290465 0.257568
1 0.885216 0.130609 0.0432692 0.0456731 0.253174
0 0.589543 0.217748 0.111779 0.22476 0.384033
0 0.247596 0.191506 0.0943509 0.121795 0.369385
1 0.885817 0.135216 0.0456731 0.046875 0.296631
1 0.828125 0.782853 0.0432692 0.0625 0.29248
1 0.790865 0.124599 0.0432692 0.0340545 0.290283
1 0.363882 0.865385 0.0486779 0.0608974 0.289307
0 0.713942 0.225361 0.0348558 0.101763 0.294922
1 0.829327 0.778846 0.0432692 0.0592949 0.283691
1 0.885817 0.13121 0.0456731 0.0460737 0.282959
0 0.600962 0.226362 0.105769 0.215144 0.282959
1 0.364784 0.86859 0.0480769 0.0512821 0.276611
0 0.71274 0.223157 0.03125 0.0945513 0.267334
1 0.790865 0.123798 0.0408654 0.0292468 0.251709
0 0.270959 0.194311 0.0398137 0.101763 0.399902
0 0.71274 0.222957 0.0360577 0.102163 0.387695
1 0.364483 0.865385 0.0504808 0.0544872 0.34082
1 0.829327 0.779046 0.045673 0.0604968 0.300781
1 0.887019 0.131711 0.0480769 0.0486779 0.293457
1 0.792067 0.129808 0.0432692 0.0300481 0.271973
0 0.844952 0.241386 0.0829327 0.117388 0.269043
0 0.248347 0.190755 0.085637 0.107272 0.256836
1 0.364483 0.865385 0.0516827 0.0544872 0.344238
1 0.828125 0.778846 0.0444711 0.0608975 0.342529
1 0.789663 0.124599 0.0420673 0.0332532 0.33374
1 0.884615 0.13141 0.0480769 0.0496795 0.332031
0 0.713341 0.221554 0.03125 0.09375 0.290283
0 0.496394 0.2498 0.092548 0.0853365 0.258301
1 0.884615 0.133413 0.0456731 0.0452724 0.319092
1 0.364483 0.866987 0.0516827 0.0512821 0.31665
1 0.792067 0.130008 0.0432692 0.0288462 0.303223
1 0.829327 0.778846 0.0432692 0.0560897 0.289307
1 0.494591 0.251603 0.094351 0.0761218 0.256104
1 0.364784 0.865385 0.046875 0.051282 0.321777
1 0.887019 0.133213 0.0432692 0.046875 0.280518
1 0.830529 0.778045 0.0432692 0.0560897 0.250244
0 0.252404 0.190254 0.0817308 0.113882 0.30249
1 0.364784 0.866987 0.0480769 0.0512821 0.300781
1 0.884615 0.131711 0.0456731 0.0438702 0.297363
1 0.789663 0.1253 0.0408654 0.0286458 0.266602
0 0.709135 0.225761 0.0384616 0.100962 0.259766
1 0.885817 0.133013 0.0456731 0.0488782 0.275879
1 0.829327 0.775641 0.0432692 0.0576923 0.271973
1 0.365685 0.865385 0.0498798 0.0528846 0.251709
1 0.364784 0.86859 0.0492788 0.0512821 0.296631
1 0.884615 0.13101 0.0456731 0.0452724 0.284668
1 0.830529 0.785056 0.0432692 0.0580929 0.279785
1 0.364483 0.866987 0.0516827 0.0560897 0.34082
1 0.792067 0.126102 0.0432692 0.0302484 0.314941
1 0.885817 0.132412 0.0456731 0.0440705 0.299072
0 0.711538 0.224359 0.0360577 0.104167 0.279785
1 0.828125 0.777243 0.0480769 0.0576923 0.265137
1 0.885216 0.130208 0.046875 0.046875 0.325195
1 0.364483 0.866987 0.0504808 0.0544871 0.313965
1 0.790865 0.122796 0.0432692 0.0282452 0.274414
1 0.829928 0.782853 0.0432692 0.0576923 0.262207
1 0.830529 0.778045 0.0432692 0.0560897 0.289307
1 0.885216 0.132812 0.0420673 0.0428686 0.271973
1 0.366286 0.865385 0.047476 0.0544872 0.264404
0 0.590294 0.213742 0.107873 0.213141 0.380371
1 0.364183 0.86859 0.0492788 0.0512821 0.335449
1 0.826923 0.778646 0.0456731 0.058093 0.329346
0 0.843149 0.241587 0.0817308 0.116987 0.312256
1 0.884014 0.132612 0.045673 0.0476763 0.274414
1 0.410457 0.847756 0.03125 0.0576923 0.257568
1 0.365986 0.865385 0.046875 0.0480769 0.363037
1 0.828125 0.777444 0.0420673 0.0572917 0.329346
1 0.885216 0.13101 0.0444712 0.0432692 0.320068
1 0.790865 0.122396 0.0408654 0.0260417 0.2854
1 0.409856 0.847756 0.0288461 0.0560898 0.254639
1 0.365084 0.866987 0.0498798 0.0544871 0.34082
0 0.710938 0.227364 0.0408654 0.102163 0.324219
1 0.828726 0.784455 0.046875 0.0608975 0.289307
1 0.884615 0.13151 0.0480769 0.0470753 0.274414
1 0.409555 0.847756 0.030649 0.0576923 0.267334
0 0.84375 0.238782 0.0817308 0.108173 0.26123
1 0.788462 0.121795 0.0408654 0.0292468 0.250244
1 0.365685 0.867788 0.0498798 0.048077 0.324219
1 0.828125 0.778045 0.0432692 0.0592949 0.303955
1 0.885216 0.133514 0.0444712 0.0422676 0.294922
0 0.71274 0.226763 0.0324519 0.09375 0.287842
1 0.409856 0.847756 0.0300481 0.0576923 0.277588
0 0.819712 0.237981 0.0288462 0.0817308 0.259766
0 0.5 0.25641 0.0865385 0.0817308 0.254639
0 0.602314 0.219501 0.0958534 0.217248 0.339844
1 0.364784 0.865385 0.0480769 0.051282 0.326904
1 0.885216 0.133013 0.0444712 0.0460737 0.325928
0 0.495192 0.248798 0.0889423 0.0777243 0.312256
1 0.409555 0.848558 0.0294471 0.0592948 0.291748
1 0.828125 0.777444 0.0432692 0.0572917 0.284668
0 0.258113 0.194762 0.0685096 0.108874 0.27124
1 0.790865 0.121194 0.0384616 0.0264423 0.259766
0 0.708534 0.227564 0.0348558 0.0953526 0.370117
0 0.255709 0.195112 0.0757212 0.112179 0.368408
1 0.365385 0.865385 0.0486779 0.0544872 0.332764
1 0.884615 0.133614 0.0456731 0.0472756 0.29834
1 0.828125 0.776442 0.0444711 0.0592948 0.295898
1 0.409856 0.846154 0.0300481 0.0592949 0.277588
0 0.598558 0.207332 0.0901442 0.219151 0.265869
1 0.792067 0.120393 0.0408654 0.0280449 0.263672
0 0.845553 0.239583 0.0769231 0.108974 0.260498
0 0.252103 0.191106 0.0823317 0.110176 0.375732
1 0.364784 0.863782 0.047476 0.0512821 0.338867
1 0.884615 0.131711 0.0456731 0.047476 0.321777
1 0.409255 0.844551 0.0300481 0.0576923 0.311523
0 0.825721 0.230769 0.0504808 0.0921474 0.284668
1 0.827524 0.780449 0.0444712 0.0560898 0.275146
0 0.600811 0.220753 0.101262 0.22476 0.273682
1 0.364784 0.865385 0.046875 0.0544872 0.310791
1 0.884615 0.135216 0.0456731 0.0448718 0.286865
1 0.409856 0.846154 0.030649 0.0576923 0.282959
0 0.599609 0.206931 0.0916467 0.222356 0.269775
0 0.495192 0.248798 0.09375 0.0777243 0.26123
1 0.828726 0.779647 0.0444711 0.0560898 0.26123
1 0.789663 0.124599 0.0408654 0.0284455 0.256836
1 0.885817 0.133213 0.0444712 0.0452724 0.367432
1 0.829327 0.778646 0.0444711 0.058093 0.325928
1 0.365385 0.863782 0.0480769 0.0544871 0.325195
1 0.409856 0.846154 0.030649 0.0560897 0.309082
0 0.59976 0.208383 0.0961538 0.220252 0.299072
1 0.790865 0.121294 0.0408654 0.0268429 0.269043
0 0.59976 0.203926 0.09375 0.229968 0.403564
1 0.365385 0.864583 0.046875 0.0528846 0.330322
1 0.409856 0.844551 0.0300481 0.0576923 0.309082
1 0.829327 0.778646 0.0432692 0.0548878 0.307373
1 0.885817 0.133814 0.0432693 0.0416667 0.267334
0 0.597356 0.206731 0.0889423 0.221955 0.389648
1 0.364784 0.864583 0.046875 0.0528846 0.343262
1 0.410156 0.846955 0.0294471 0.0576923 0.33374
1 0.829327 0.778045 0.045673 0.0560897 0.303955
0 0.596004 0.210136 0.0892427 0.211538 0.385742
1 0.828125 0.777444 0.046875 0.0604968 0.294922
1 0.364784 0.867788 0.0492788 0.0528846 0.284668
1 0.493089 0.252404 0.0967548 0.0897436 0.282959
1 0.885817 0.134014 0.0456731 0.046875 0.276611
1 0.410156 0.847756 0.03125 0.0576923 0.26123
1 0.790865 0.1248 0.0408654 0.0284455 0.256836
0 0.84375 0.236378 0.0793269 0.108173 0.250977
0 0.498197 0.247195 0.0985577 0.0833333 0.358398
0 0.822115 0.227364 0.03125 0.078125 0.332031
1 0.365385 0.862981 0.0492788 0.0544871 0.318359
1 0.410457 0.846154 0.03125 0.0576923 0.307373
1 0.828125 0.777243 0.0456731 0.0576923 0.275146
1 0.885817 0.130809 0.0480769 0.046875 0.257568
0 0.597356 0.205929 0.0913461 0.215945 0.361084
1 0.365685 0.862179 0.0480769 0.0544871 0.338867
1 0.829327 0.778045 0.045673 0.0592949 0.332031
1 0.409856 0.846154 0.0300481 0.0576923 0.325195
1 0.494591 0.251202 0.0889423 0.0785256 0.297363
1 0.790865 0.122196 0.0432692 0.0276442 0.280518
1 0.885817 0.133614 0.0480769 0.0472756 0.279053
0 0.598558 0.207933 0.09375 0.217147 0.485352
1 0.828125 0.779046 0.0456731 0.0604968 0.366699
1 0.364784 0.865385 0.0486779 0.0544872 0.361084
1 0.884615 0.135116 0.0480769 0.0466747 0.350342
1 0.409856 0.846955 0.0300481 0.0576923 0.345215
1 0.789663 0.125 0.0408654 0.0302484 0.32251
1 0.495793 0.252404 0.0949519 0.082532 0.300781
0 0.844952 0.240385 0.0817308 0.109776 0.286133
1 0.365385 0.865385 0.0480769 0.051282 0.355713
1 0.886418 0.135817 0.0456731 0.0444711 0.332031
1 0.790264 0.126102 0.0396635 0.030649 0.326904
1 0.410457 0.847756 0.03125 0.0544871 0.324219
1 0.827524 0.777043 0.0444712 0.0612981 0.280518
0 0.598708 0.20613 0.0982572 0.227564 0.277588
0 0.598708 0.209585 0.0910457 0.217047 0.524414
1 0.365385 0.865385 0.046875 0.0528846 0.371094
1 0.828125 0.776442 0.0432692 0.0560898 0.338867
1 0.410457 0.846154 0.0300481 0.0544871 0.31665
1 0.790865 0.124599 0.0420673 0.0308494 0.303955
1 0.885817 0.13111 0.0456731 0.0438702 0.29834
0 0.829327 0.237179 0.0432692 0.09375 0.250244
1 0.364784 0.864583 0.0480769 0.051282 0.35498
1 0.826923 0.777444 0.0444712 0.0572917 0.342529
1 0.884615 0.129006 0.0456731 0.041266 0.315674
1 0.493389 0.251002 0.0949519 0.0821314 0.311523
1 0.410457 0.844551 0.0300481 0.0544872 0.303223
1 0.790865 0.121995 0.0432692 0.0268429 0.251709
1 0.827524 0.776442 0.0432692 0.0576923 0.373047
1 0.365385 0.860577 0.0480769 0.0544872 0.348633
1 0.884615 0.133814 0.0444711 0.0464744 0.291016
1 0.789663 0.127003 0.0432692 0.0324519 0.286865
0 0.599159 0.204728 0.09375 0.23157 0.275879
1 0.409856 0.842949 0.0300481 0.0576923 0.256104
1 0.825721 0.777243 0.0432692 0.0576923 0.453369
1 0.364784 0.866987 0.047476 0.0512821 0.418701
1 0.409555 0.849359 0.0288461 0.0576923 0.320068
1 0.78726 0.134615 0.0408654 0.0288462 0.294922
1 0.882212 0.13752 0.0432692 0.0410657 0.265869
1 0.365385 0.866987 0.0480769 0.0512821 0.436768
1 0.827524 0.775841 0.0432692 0.0540866 0.422607
1 0.410457 0.847756 0.030649 0.0560898 0.341553
1 0.790264 0.129908 0.0420673 0.0282452 0.332764
1 0.884615 0.137019 0.0432692 0.0416667 0.312256
0 0.846154 0.237981 0.0757212 0.0985577 0.277588
1 0.828726 0.777043 0.0444711 0.0580929 0.436768
1 0.364183 0.866186 0.0492788 0.0528846 0.410156
1 0.790264 0.129808 0.0432692 0.0328526 0.364746
1 0.410156 0.847756 0.030649 0.0576923 0.355713
1 0.885216 0.135016 0.0444712 0.0440705 0.332031
0 0.713942 0.226763 0.0336538 0.0929487 0.2854
0 0.84375 0.237981 0.0769231 0.107372 0.265869
1 0.364784 0.866987 0.0492788 0.0512821 0.442627
1 0.828125 0.776442 0.0432692 0.0576923 0.406494
1 0.409856 0.847756 0.0288461 0.0544871 0.385742
1 0.790865 0.128806 0.0420673 0.0300481 0.370117
1 0.884615 0.133814 0.0432692 0.0436699 0.323486
0 0.822115 0.235176 0.0288461 0.0889423 0.295898
0 0.841346 0.237179 0.0673077 0.102564 0.252441
1 0.364784 0.863782 0.0486779 0.0512821 0.507812
1 0.409255 0.846154 0.0288462 0.0576923 0.432129
1 0.826923 0.777243 0.0456731 0.0576923 0.422607
1 0.790865 0.128305 0.0408654 0.0290465 0.406494
0 0.81851 0.232772 0.0252404 0.0833333 0.309814
1 0.884615 0.134115 0.0432692 0.0410657 0.304932
1 0.364784 0.865385 0.047476 0.051282 0.417725
1 0.409255 0.847756 0.0288462 0.0576923 0.39502
1 0.790865 0.127304 0.0420673 0.0298478 0.392334
1 0.827524 0.778045 0.0432692 0.0560897 0.357666
0 0.819111 0.233574 0.0264423 0.0833333 0.344238
1 0.885216 0.135016 0.0420673 0.0420673 0.27832
1 0.364784 0.865385 0.047476 0.051282 0.491211
1 0.409856 0.847756 0.0300481 0.0576923 0.453369
1 0.792067 0.126102 0.0408654 0.0314503 0.44165
1 0.885216 0.133213 0.0432692 0.0436699 0.398926
0 0.600811 0.20633 0.0940505 0.229968 0.353027
0 0.838942 0.236779 0.0661057 0.101763 0.326904
1 0.829327 0.777444 0.0432692 0.0572917 0.321777
0 0.822115 0.234776 0.0324519 0.088141 0.317383
1 0.365084 0.866186 0.0462741 0.0496794 0.476562
1 0.790865 0.127704 0.0432692 0.031851 0.437744
1 0.410457 0.848558 0.0300481 0.0576923 0.428223
0 0.600361 0.20633 0.09375 0.227564 0.361084
1 0.884615 0.136218 0.0444711 0.0424679 0.345215
1 0.826923 0.776442 0.0432692 0.0576923 0.342529
0 0.840144 0.239183 0.0697116 0.103365 0.338867
1 0.364784 0.865385 0.046875 0.0480769 0.499023
1 0.790264 0.127804 0.0420673 0.0304487 0.47168
1 0.409856 0.847756 0.0300481 0.0576923 0.438721
0 0.59991 0.217147 0.0910457 0.203926 0.345215
0 0.829327 0.241987 0.045673 0.0865384 0.271973
1 0.884615 0.135717 0.0444711 0.0426683 0.269775
0 0.819712 0.235978 0.0252404 0.0793269 0.269043
1 0.364183 0.865385 0.0480769 0.0480769 0.484375
1 0.789663 0.128205 0.0432692 0.0316506 0.451416
1 0.410156 0.846955 0.0300481 0.0576923 0.430176
1 0.829327 0.779046 0.0432692 0.0572917 0.414062
1 0.884615 0.135617 0.0444711 0.0444711 0.320801
1 0.364483 0.866987 0.0480769 0.0512821 0.501953
1 0.790865 0.128506 0.0432692 0.0314503 0.448486
1 0.410457 0.846154 0.0300481 0.0576923 0.431152
0 0.598558 0.208734 0.0901442 0.221955 0.404541
1 0.829327 0.778045 0.0432692 0.0576923 0.377441
1 0.884615 0.134816 0.0432692 0.0432692 0.373047
0 0.846154 0.24399 0.0793269 0.110577 0.34082
1 0.49399 0.253005 0.09375 0.0805288 0.325928
1 0.365385 0.866987 0.046875 0.0480769 0.488281
1 0.790865 0.126803 0.0420673 0.0300481 0.440674
1 0.409856 0.849359 0.0300481 0.0576923 0.375732
1 0.829327 0.778045 0.0444711 0.0576923 0.334473
1 0.884615 0.134315 0.0432692 0.0430689 0.332764
0 0.841947 0.240785 0.0685096 0.100962 0.253906
1 0.364784 0.866186 0.0456731 0.0496794 0.49707
1 0.409856 0.847756 0.0288461 0.0576923 0.454346
1 0.790865 0.127704 0.0420673 0.030649 0.453369
1 0.884615 0.135417 0.0444711 0.0432692 0.389648
1 0.829327 0.778045 0.0432692 0.0560897 0.38501
0 0.59976 0.207332 0.0913462 0.227965 0.355713
0 0.845553 0.24379 0.078125 0.106971 0.334473
0 0.823317 0.238381 0.0360577 0.0885416 0.258301
1 0.365084 0.866987 0.0462741 0.0512821 0.520508
1 0.409856 0.847756 0.0288461 0.0576923 0.467773
1 0.790865 0.127804 0.0420673 0.0304487 0.462891
1 0.884615 0.134014 0.0432692 0.0428686 0.446533
1 0.829327 0.778045 0.0432692 0.0560897 0.430176
0 0.844952 0.24359 0.0745192 0.104968 0.294189
0 0.599159 0.206931 0.0913462 0.227163 0.279785
0 0.822115 0.23758 0.03125 0.0865384 0.268066
1 0.364784 0.865385 0.046875 0.051282 0.488281
1 0.790865 0.126703 0.0432692 0.0314503 0.457031
1 0.409856 0.846154 0.0300481 0.0576923 0.437744
1 0.885216 0.134215 0.0444712 0.0432692 0.432129
1 0.826923 0.775641 0.0444712 0.0560898 0.421631
0 0.599159 0.205078 0.0913462 0.227664 0.312256
0 0.846154 0.241987 0.0805288 0.106571 0.29248
1 0.364784 0.865385 0.0462741 0.0496794 0.500977
1 0.790865 0.127103 0.0432692 0.031851 0.482422
1 0.410156 0.847756 0.0294471 0.0576923 0.448486
1 0.829327 0.778045 0.0444711 0.0560897 0.44165
1 0.884615 0.134716 0.0432692 0.0426683 0.410156
0 0.599159 0.209736 0.0913462 0.223157 0.326904
0 0.846154 0.244391 0.0817308 0.110978 0.299805
1 0.364784 0.865385 0.046875 0.0496794 0.485352
1 0.790865 0.127404 0.0432692 0.0316506 0.463867
1 0.410156 0.847756 0.0300481 0.0576923 0.432129
1 0.829327 0.777243 0.0444711 0.0560898 0.414795
1 0.884615 0.134816 0.0432692 0.0424679 0.395996
0 0.598708 0.207933 0.0910457 0.22516 0.350342
0 0.846154 0.24399 0.0817308 0.111378 0.341553
1 0.494291 0.252003 0.094351 0.0801282 0.313965
1 0.364784 0.866186 0.046875 0.0496794 0.498047
1 0.790865 0.128005 0.0432692 0.03125 0.483398
1 0.410156 0.847756 0.0294471 0.0576923 0.446533
1 0.828726 0.778045 0.0444711 0.0560897 0.391357
1 0.884615 0.135016 0.0444711 0.0420673 0.383057
0 0.598558 0.210337 0.0901442 0.220353 0.282227
0 0.822716 0.238181 0.0348558 0.0893429 0.269043
1 0.364784 0.865385 0.047476 0.051282 0.418701
1 0.409255 0.847756 0.0288462 0.0576923 0.39502
1 0.790865 0.127304 0.0420673 0.0298478 0.392334
1 0.827524 0.778045 0.0432692 0.0560897 0.356689
0 0.819111 0.233574 0.0264423 0.0833333 0.344238
1 0.885216 0.135016 0.0420673 0.0420673 0.27832
