1 0.924679 0.724159 0.13141 0.117788 0.480469
1 0.525641 0.358774 0.123397 0.0961538 0.410156
1 0.527244 0.352764 0.108974 0.0877404 0.713867
1 0.426683 0.765625 0.165865 0.111779 0.397949
1 0.918269 0.717548 0.147436 0.120192 0.381104
1 0.528045 0.355168 0.11859 0.0877404 0.562012
1 0.915064 0.713341 0.141026 0.111779 0.300781
1 0.525641 0.364784 0.112179 0.0949519 0.280518
1 0.911058 0.721154 0.13141 0.112981 0.259766
1 0.52484 0.354868 0.125 0.0919471 0.380371
1 0.529647 0.349159 0.11859 0.106971 0.373779
1 0.52484 0.360276 0.103365 0.0889423 0.414795
1 0.530449 0.356671 0.113782 0.0907452 0.49707
1 0.911859 0.717548 0.141026 0.112981 0.281494
1 0.915865 0.71274 0.150641 0.116587 0.364746
1 0.528846 0.352464 0.120994 0.094351 0.284668
1 0.52484 0.356671 0.120192 0.0931491 0.331055
1 0.526042 0.35637 0.116186 0.0901442 0.585938
1 0.532853 0.353966 0.108974 0.0877404 0.310791
1 0.526442 0.357572 0.110577 0.0949519 0.496094
1 0.528445 0.360577 0.112981 0.0901442 0.511719
1 0.525641 0.353966 0.110577 0.09375 0.339844
1 0.529647 0.358474 0.110577 0.0931491 0.284668
1 0.527644 0.356971 0.117788 0.0925481 0.455078
1 0.526843 0.353365 0.114583 0.0907452 0.650391
1 0.907051 0.725962 0.153846 0.127404 0.561035
1 0.245994 0.74399 0.168269 0.153846 0.533203
1 0.903846 0.728365 0.160256 0.132212 0.522461
1 0.526843 0.353966 0.108173 0.0889423 0.516602
1 0.257111 0.730769 0.194111 0.165865 0.310791
1 0.528045 0.35637 0.112179 0.0919471 0.352295
1 0.266026 0.724159 0.207532 0.1875 0.281494
1 0.526442 0.355168 0.116987 0.0901442 0.53418
1 0.903846 0.722356 0.147436 0.139423 0.353027
1 0.245092 0.729567 0.171675 0.149038 0.309814
1 0.900641 0.722356 0.153846 0.134615 0.404541
1 0.520833 0.350361 0.115385 0.0859375 0.326904
1 0.25601 0.740385 0.173878 0.180288 0.370117
1 0.528045 0.353065 0.121795 0.0883413 0.29834
1 0.905449 0.725962 0.163462 0.134615 0.264404
1 0.527244 0.352163 0.120192 0.0853365 0.52832
1 0.905449 0.719952 0.149038 0.134615 0.493164
1 0.527244 0.35637 0.112179 0.0913461 0.276611
1 0.530048 0.356971 0.113782 0.0901442 0.42627
1 0.903846 0.71875 0.163462 0.13101 0.394287
1 0.909455 0.71875 0.157051 0.151442 0.514648
1 0.529647 0.358173 0.106571 0.0847356 0.463867
1 0.262119 0.739183 0.241787 0.240385 0.360352
1 0.907051 0.72476 0.160256 0.139423 0.362061
1 0.260316 0.727764 0.198918 0.175481 0.353027
1 0.527644 0.358774 0.113782 0.0925481 0.332764
1 0.530449 0.356671 0.112179 0.0931491 0.341553
1 0.907853 0.719952 0.152244 0.129808 0.323486
1 0.529647 0.356971 0.113782 0.0913461 0.430176
1 0.900641 0.72476 0.166667 0.135817 0.367432
0 0.254407 0.727163 0.24359 0.25 0.254639
1 0.528045 0.35637 0.116987 0.0919471 0.386719
1 0.263622 0.742788 0.189904 0.204327 0.324219
1 0.908654 0.727163 0.157051 0.134615 0.254639
1 0.530048 0.35637 0.116186 0.0877404 0.496094
1 0.263622 0.720553 0.197115 0.180288 0.395996
1 0.900641 0.728365 0.179487 0.137019 0.5
1 0.527244 0.361478 0.116987 0.0889423 0.369385
1 0.260417 0.719952 0.197917 0.1875 0.313232
1 0.528846 0.357572 0.11859 0.0877404 0.313232
1 0.907051 0.72476 0.163462 0.145433 0.684082
1 0.529647 0.355769 0.112179 0.0865385 0.683594
1 0.253205 0.746394 0.197917 0.209135 0.32251
1 0.527244 0.356971 0.115385 0.0877404 0.411133
1 0.527644 0.351563 0.116186 0.0913462 0.596191
1 0.915064 0.72476 0.166667 0.151442 0.578613
1 0.530449 0.35637 0.11859 0.0925481 0.505859
1 0.911859 0.728966 0.165064 0.138221 0.420654
1 0.908654 0.727163 0.160256 0.146635 0.492188
1 0.530449 0.358774 0.114583 0.09375 0.390381
1 0.90625 0.727163 0.160256 0.132211 0.52832
1 0.525641 0.359075 0.113782 0.0919471 0.427246
0 0.258814 0.719952 0.214744 0.254808 0.274414
1 0.908654 0.728365 0.160256 0.132212 0.427246
1 0.525641 0.358173 0.121795 0.0949519 0.356689
1 0.89984 0.722356 0.158654 0.132212 0.399902
1 0.524439 0.34976 0.111378 0.0877404 0.357666
1 0.908654 0.721154 0.153846 0.133413 0.567871
1 0.525641 0.350962 0.120192 0.0961538 0.488281
1 0.262821 0.734375 0.209936 0.230769 0.31665
1 0.903846 0.72476 0.163462 0.134615 0.507812
1 0.253305 0.734375 0.219351 0.209135 0.401611
1 0.525641 0.358173 0.115385 0.0901442 0.367432
1 0.916667 0.722356 0.137821 0.127404 0.34082
1 0.528045 0.351563 0.120994 0.0985577 0.327637
1 0.263221 0.727163 0.206731 0.204327 0.307373
1 0.527244 0.355769 0.115385 0.0925481 0.498047
0 0.463542 0.770433 0.244391 0.127404 0.46582
0 0.252404 0.729567 0.216346 0.206731 0.395996
1 0.902243 0.729567 0.165064 0.137019 0.318359
1 0.911859 0.723558 0.153846 0.132211 0.458984
0 0.455929 0.769832 0.219551 0.115385 0.365723
1 0.526442 0.356971 0.112179 0.0877404 0.348633
1 0.908654 0.723558 0.157051 0.132211 0.610352
1 0.526442 0.358173 0.115385 0.0889423 0.449463
1 0.528045 0.356971 0.113782 0.0913461 0.420654
1 0.910256 0.723558 0.153846 0.132211 0.324219
0 0.238081 0.737981 0.225761 0.290865 0.250244
1 0.525641 0.353966 0.112179 0.0865385 0.417725
0 0.458333 0.765625 0.241987 0.129808 0.40918
1 0.904647 0.722356 0.163462 0.127404 0.307373
1 0.911859 0.727163 0.149038 0.127404 0.518555
1 0.525641 0.358774 0.115385 0.0853366 0.436768
1 0.91266 0.726563 0.158654 0.13101 0.529297
1 0.527244 0.358474 0.11859 0.0919471 0.435059
1 0.257111 0.747596 0.208534 0.199519 0.277588
1 0.908654 0.725361 0.160256 0.139423 0.476562
1 0.529647 0.350661 0.120192 0.0895433 0.456055
1 0.26242 0.730769 0.195513 0.21875 0.253174
1 0.528846 0.356971 0.115385 0.0877404 0.435059
1 0.908654 0.727163 0.155449 0.137019 0.433105
1 0.258714 0.727163 0.203726 0.237981 0.368408
1 0.903846 0.723558 0.163462 0.129808 0.571777
1 0.528045 0.353966 0.117788 0.0877404 0.529297
0 0.453526 0.771635 0.230769 0.112981 0.352295
1 0.263221 0.737981 0.21875 0.225962 0.328613
1 0.907051 0.725962 0.163462 0.137019 0.583008
1 0.527244 0.356971 0.112179 0.0871394 0.541992
0 0.239683 0.730769 0.217748 0.237981 0.420654
1 0.282051 0.746394 0.259615 0.189904 0.374756
1 0.910256 0.730769 0.163462 0.141827 0.587891
1 0.528045 0.353966 0.116987 0.09375 0.430176
1 0.276843 0.748798 0.240385 0.204327 0.331055
0 0.459135 0.774639 0.241186 0.123798 0.312256
1 0.91266 0.723558 0.153846 0.125 0.644043
1 0.528846 0.353365 0.120192 0.0889423 0.483398
0 0.235978 0.728365 0.241987 0.264423 0.33374
1 0.264423 0.72476 0.214744 0.233173 0.269043
1 0.907051 0.722356 0.153846 0.127404 0.620605
1 0.528846 0.360276 0.121795 0.0955529 0.520508
1 0.264423 0.727163 0.192308 0.192308 0.371094
0 0.251603 0.741587 0.203526 0.199519 0.312256
1 0.90625 0.724159 0.157051 0.122596 0.451416
1 0.528846 0.359976 0.120192 0.0919471 0.420654
0 0.252003 0.745793 0.204327 0.206731 0.303223
1 0.527644 0.359375 0.11859 0.0967548 0.453369
1 0.90625 0.722356 0.157051 0.129808 0.425293
0 0.250801 0.744591 0.205929 0.210337 0.385742
1 0.260817 0.741587 0.189904 0.201923 0.29834
1 0.910256 0.725962 0.160256 0.129808 0.568848
0 0.256811 0.736178 0.195513 0.21274 0.431152
1 0.526442 0.358173 0.121795 0.0901442 0.356689
1 0.284856 0.730769 0.238782 0.222356 0.338867
1 0.908654 0.725962 0.153846 0.129808 0.67334
1 0.527244 0.356971 0.121795 0.0889423 0.350342
0 0.441907 0.771034 0.201122 0.121394 0.751953
1 0.908654 0.723558 0.157051 0.13101 0.691895
1 0.527244 0.357272 0.121795 0.0919471 0.460938
0 0.459936 0.771635 0.237179 0.115385 0.709961
1 0.908654 0.723558 0.157051 0.132211 0.693359
1 0.273137 0.733173 0.23738 0.221154 0.439697
1 0.528846 0.358774 0.121795 0.0877404 0.366699
0 0.247596 0.741587 0.221955 0.225962 0.319092
1 0.907051 0.727163 0.163462 0.13101 0.637695
1 0.527644 0.35607 0.120994 0.0895433 0.485352
1 0.268429 0.748798 0.228365 0.185096 0.425293
1 0.903846 0.723558 0.160256 0.132211 0.543945
1 0.259615 0.729567 0.207532 0.211538 0.427246
1 0.526843 0.358774 0.11859 0.0955529 0.414062
1 0.907051 0.725361 0.166667 0.129808 0.641602
1 0.527644 0.353365 0.120994 0.09375 0.523438
0 0.451122 0.774038 0.227564 0.110577 0.351318
1 0.910256 0.721154 0.150641 0.127404 0.712402
0 0.465545 0.766827 0.246795 0.13101 0.618652
1 0.527244 0.357572 0.121795 0.09375 0.541992
1 0.909455 0.725962 0.155449 0.132212 0.594727
1 0.528445 0.359375 0.125 0.0973557 0.383057
0 0.24399 0.74399 0.221154 0.235577 0.303223
1 0.910256 0.725962 0.157051 0.132212 0.605957
1 0.527644 0.358774 0.120192 0.0913461 0.519531
0 0.432692 0.771635 0.18109 0.112981 0.456055
1 0.90625 0.727163 0.155449 0.132211 0.73584
1 0.261118 0.732572 0.200521 0.215144 0.469727
1 0.525641 0.359075 0.120192 0.0895433 0.458008
0 0.247195 0.743389 0.205929 0.217548 0.332764
0 0.459936 0.769231 0.24359 0.129808 0.259033
1 0.907853 0.721755 0.149038 0.126202 0.737305
0 0.452324 0.765625 0.213942 0.129808 0.660156
1 0.52484 0.352764 0.120192 0.0925481 0.432129
1 0.262019 0.734375 0.194712 0.206731 0.418701
0 0.457532 0.769832 0.232372 0.126202 0.485352
1 0.527244 0.352764 0.124199 0.0949519 0.479492
1 0.911058 0.725361 0.161859 0.127404 0.436768
1 0.910256 0.724159 0.153846 0.128606 0.661133
1 0.52524 0.353966 0.120994 0.0949519 0.587891
1 0.908654 0.721755 0.157051 0.129808 0.587891
1 0.526442 0.356971 0.116987 0.0883413 0.524414
1 0.258413 0.746995 0.195513 0.207933 0.381104
0 0.459936 0.766827 0.238782 0.134615 0.314941
0 0.466346 0.766226 0.240385 0.138221 0.726562
1 0.910256 0.72476 0.160256 0.137019 0.622559
1 0.526042 0.353666 0.120192 0.094351 0.532227
1 0.264824 0.735577 0.203526 0.213942 0.324219
0 0.444712 0.767428 0.206731 0.133413 0.76416
1 0.908654 0.72476 0.163462 0.134615 0.556641
1 0.525641 0.354267 0.120192 0.0931491 0.529297
0 0.455929 0.769231 0.244391 0.132212 0.73584
1 0.910256 0.72476 0.157051 0.128606 0.699219
1 0.52484 0.353966 0.120192 0.0925481 0.667969
1 0.263522 0.735577 0.214944 0.216346 0.252441
1 0.907051 0.72476 0.163462 0.132212 0.686035
1 0.526042 0.353966 0.120994 0.09375 0.602051
0 0.458333 0.766827 0.24359 0.137019 0.378418
1 0.261919 0.736178 0.208534 0.215144 0.335449
1 0.908654 0.723558 0.160256 0.129808 0.730469
1 0.525641 0.355168 0.121795 0.09375 0.682617
0 0.463942 0.768029 0.246795 0.132212 0.559082
1 0.263622 0.73738 0.209135 0.210337 0.299072
1 0.910256 0.724159 0.157051 0.129808 0.702637
1 0.525641 0.358774 0.121795 0.0913461 0.625
0 0.461939 0.770433 0.250801 0.129808 0.605957
1 0.264423 0.736178 0.210737 0.210337 0.272705
0 0.455929 0.769231 0.238782 0.134615 0.716797
1 0.910256 0.725361 0.158654 0.132212 0.692871
1 0.52484 0.35637 0.120192 0.0889423 0.608398
1 0.263622 0.734375 0.208333 0.211538 0.306641
1 0.907051 0.72476 0.163462 0.134615 0.695312
0 0.456731 0.770433 0.241987 0.13101 0.689453
1 0.526442 0.355469 0.121795 0.0919471 0.556641
1 0.908654 0.725962 0.157051 0.129808 0.693359
1 0.52484 0.357572 0.120192 0.0913462 0.549805
0 0.463141 0.772837 0.248397 0.125 0.47168
1 0.264022 0.734375 0.203526 0.216346 0.335449
0 0.455529 0.771635 0.237981 0.128606 0.672363
1 0.908654 0.72476 0.160256 0.132212 0.612305
1 0.526042 0.358173 0.123397 0.0931491 0.44751
1 0.908654 0.72476 0.160256 0.134615 0.649414
0 0.459936 0.771635 0.241987 0.129808 0.632324
1 0.527244 0.357572 0.122596 0.09375 0.46875
1 0.261619 0.735577 0.213141 0.21875 0.256836
1 0.907051 0.725361 0.157051 0.13101 0.674805
1 0.525641 0.358173 0.121795 0.09375 0.548828
1 0.262119 0.734976 0.208133 0.215144 0.323486
0 0.450721 0.772236 0.216346 0.123798 0.255371
1 0.908654 0.724159 0.157051 0.128606 0.658203
0 0.451122 0.772837 0.213141 0.122596 0.655762
1 0.526442 0.356971 0.121795 0.0907452 0.543945
0 0.246394 0.742788 0.21875 0.228365 0.270508
0 0.45032 0.772837 0.213141 0.123798 0.63623
1 0.910256 0.72476 0.160256 0.134615 0.630859
1 0.526442 0.356971 0.123397 0.09375 0.476562
0 0.247496 0.742788 0.216546 0.225961 0.282959
1 0.907051 0.72476 0.157051 0.129808 0.666504
0 0.453926 0.772837 0.220353 0.122596 0.574707
1 0.526042 0.357572 0.120192 0.0925481 0.535156
1 0.263622 0.733173 0.208333 0.215144 0.275146
0 0.250401 0.742188 0.210737 0.219952 0.272705
1 0.905449 0.724159 0.160256 0.129808 0.65918
0 0.451122 0.772837 0.219551 0.125 0.589844
1 0.525641 0.358173 0.121795 0.0901442 0.53418
0 0.248397 0.742788 0.213942 0.222356 0.251709
1 0.907051 0.72476 0.163462 0.132212 0.687012
1 0.526042 0.353966 0.120994 0.09375 0.601074
0 0.458333 0.766827 0.24359 0.137019 0.377441
1 0.261919 0.736178 0.208534 0.215144 0.335449
