1 0.586538 0.976562 0.0384615 0.0384615 0.44165
1 0.201923 0.913462 0.0416667 0.0288462 0.431152
1 0.418803 0.882812 0.0876069 0.0456731 0.415771
1 0.761752 0.977163 0.0427351 0.0360577 0.368408
1 0.419872 0.398438 0.0384615 0.0360577 0.355713
1 0.28953 0.414964 0.0427351 0.0336539 0.354004
1 0.245727 0.846154 0.0523504 0.0408654 0.30249
1 0.423611 0.891226 0.0950855 0.0456731 0.320068
1 0.334936 0.78125 0.0715812 0.048077 0.309082
1 0.53953 0.623798 0.0448718 0.03125 0.301514
1 0.298611 0.427885 0.0470086 0.0396635 0.283691
1 0.208333 0.198618 0.0630342 0.0426683 0.275146
1 0.198985 0.917067 0.0486111 0.0288462 0.398926
1 0.289263 0.417067 0.0518162 0.0420673 0.315674
0 0.485043 0.130747 0.155983 0.076247 0.30249
1 0.245994 0.854567 0.0576923 0.0420673 0.283691
1 0.416132 0.878606 0.0833333 0.0480769 0.326904
1 0.411325 0.882212 0.0961539 0.0504807 0.254639
1 0.296474 0.104267 0.0737179 0.0423678 0.303223
1 0.244124 0.853365 0.0507479 0.0360577 0.299072
1 0.758547 0.984375 0.0470085 0.03125 0.294922
1 0.582265 0.983474 0.0448718 0.0330528 0.286133
1 0.283654 0.415865 0.0448718 0.0348558 0.279053
1 0.244658 0.854567 0.0427351 0.0384615 0.294189
1 0.58547 0.983774 0.0427351 0.0324519 0.279785
1 0.495727 0.258564 0.0619658 0.0363582 0.271973
1 0.758547 0.985577 0.0395299 0.0288462 0.267334
1 0.512286 0.181791 0.0566239 0.0270433 0.265137
1 0.416667 0.409255 0.0384616 0.0360577 0.258301
1 0.198718 0.915865 0.0480769 0.0288462 0.257568
1 0.286325 0.415565 0.0352564 0.0300481 0.255371
1 0.210203 0.197716 0.0411325 0.0372596 0.253174
1 0.197917 0.917668 0.0528846 0.0300481 0.305664
1 0.338141 0.778846 0.0694444 0.045673 0.259766
1 0.418803 0.889423 0.0811966 0.0444712 0.259766
1 0.199786 0.916466 0.0491453 0.0276443 0.253174
0 0.333333 0.772837 0.0747864 0.0528846 0.310791
0 0.513889 0.183293 0.0662393 0.0288462 0.309814
1 0.199786 0.917668 0.0523504 0.0276443 0.27832
1 0.198985 0.918269 0.0502137 0.0264423 0.257568
0 0.508547 0.180889 0.0705129 0.0300481 0.34082
1 0.286859 0.418269 0.0459402 0.0324519 0.253906
1 0.286592 0.41887 0.0496795 0.0360577 0.258301
1 0.198184 0.917668 0.0512821 0.0276443 0.262939
1 0.206998 0.198618 0.0480769 0.0366587 0.260498
0 0.44391 0.676082 0.19765 0.09375 0.259033
1 0.415064 0.411058 0.0480769 0.0372596 0.289307
1 0.199252 0.91887 0.0528846 0.0264422 0.280518
1 0.417201 0.411058 0.042735 0.0336539 0.275146
1 0.198184 0.91887 0.0512821 0.0264422 0.267334
1 0.288194 0.41887 0.0486111 0.0348557 0.258301
1 0.196581 0.918269 0.0523504 0.0264423 0.291016
1 0.287927 0.417668 0.0480769 0.0324519 0.270508
1 0.416667 0.409555 0.0470086 0.0354567 0.265869
1 0.286592 0.419471 0.045406 0.0336538 0.263672
0 0.457265 0.675481 0.162393 0.0865385 0.476562
1 0.413462 0.409555 0.0470086 0.0360577 0.262939
1 0.513355 0.183293 0.0662393 0.0297476 0.256104
0 0.46688 0.676082 0.224359 0.0985577 0.474609
1 0.19765 0.919471 0.0464744 0.0264423 0.267334
1 0.287126 0.417969 0.0443376 0.0348557 0.254639
0 0.456197 0.677885 0.194444 0.0985577 0.277588
1 0.19765 0.91887 0.0491453 0.0276443 0.297363
1 0.287126 0.418269 0.0496795 0.0354567 0.290283
1 0.24359 0.855769 0.0470085 0.0360577 0.262207
1 0.19765 0.918269 0.0523504 0.0288462 0.276611
1 0.199786 0.91887 0.0560898 0.0288461 0.275879
0 0.516026 0.182993 0.0662393 0.0288461 0.282227
1 0.415598 0.409555 0.0470085 0.0348557 0.296631
1 0.196047 0.91887 0.0550214 0.0276443 0.283691
1 0.244925 0.855769 0.0534188 0.0336538 0.267334
0 0.516026 0.183744 0.0662393 0.0258413 0.289307
1 0.199252 0.918269 0.0544872 0.0288462 0.280518
0 0.45406 0.680288 0.17735 0.100962 0.276611
1 0.246261 0.855769 0.0512821 0.0336538 0.269775
0 0.450855 0.680288 0.179487 0.0997596 0.451416
1 0.24172 0.855769 0.0496795 0.0336538 0.286865
1 0.288462 0.418269 0.0491453 0.0360577 0.262207
1 0.196581 0.918269 0.0502137 0.0276442 0.262207
0 0.452991 0.678486 0.168803 0.100962 0.260498
0 0.45406 0.113957 0.0470086 0.0440204 0.265137
0 0.451923 0.680288 0.179487 0.0961539 0.487305
0 0.450855 0.677885 0.17735 0.0985577 0.334473
1 0.244124 0.856971 0.0544872 0.0360577 0.252441
0 0.516026 0.184645 0.0619658 0.0261418 0.279785
1 0.287393 0.41887 0.0470086 0.031851 0.259033
0 0.452991 0.671875 0.17735 0.0985577 0.257568
1 0.198184 0.919471 0.0555556 0.0264423 0.255371
0 0.444444 0.682692 0.188034 0.103365 0.267334
1 0.197115 0.918269 0.0560897 0.0288462 0.257568
0 0.45406 0.680889 0.205128 0.100962 0.527344
1 0.415598 0.403245 0.0448718 0.0360577 0.250977
0 0.442842 0.679087 0.188034 0.100962 0.259766
0 0.44765 0.679087 0.185897 0.100962 0.646973
1 0.28766 0.41887 0.0507479 0.0360577 0.250244
0 0.458333 0.673077 0.160256 0.09375 0.535156
0 0.450855 0.68149 0.199786 0.0973558 0.53125
1 0.199252 0.91887 0.0544872 0.0276443 0.254639
0 0.450855 0.675481 0.181624 0.0961538 0.545898
1 0.413996 0.402644 0.0459402 0.0360577 0.251709
0 0.44765 0.68149 0.17735 0.0997596 0.421631
1 0.415598 0.402344 0.0448718 0.0366586 0.253174
0 0.449786 0.680288 0.17735 0.0985577 0.451416
1 0.413462 0.407752 0.0470086 0.0360577 0.282959
1 0.198184 0.918269 0.0523504 0.0288462 0.269775
0 0.514423 0.182091 0.0630342 0.0270433 0.262939
0 0.44765 0.678486 0.179487 0.0985577 0.449463
1 0.198184 0.918269 0.0534188 0.0264423 0.273682
1 0.415598 0.407452 0.042735 0.0366586 0.270508
1 0.28766 0.417668 0.045406 0.0348558 0.254639
0 0.45406 0.677885 0.179487 0.100962 0.313965
1 0.415598 0.402945 0.0448718 0.0360577 0.280518
1 0.19765 0.918269 0.0534188 0.0288462 0.277588
1 0.287927 0.418269 0.0470086 0.0348558 0.267334
0 0.450855 0.679688 0.17094 0.0985577 0.401611
1 0.287393 0.41887 0.0470086 0.0324519 0.30249
1 0.198451 0.919471 0.0518162 0.0264423 0.29834
1 0.244124 0.856971 0.0512821 0.0336538 0.279785
1 0.208868 0.198017 0.0395299 0.0330529 0.27124
0 0.514957 0.182692 0.0598291 0.0273438 0.257568
0 0.446581 0.679087 0.162393 0.0961538 0.38208
1 0.415598 0.409255 0.0448718 0.0348558 0.251709
0 0.449786 0.679688 0.17094 0.0973558 0.5
1 0.416667 0.402644 0.0470086 0.0378606 0.290283
1 0.200588 0.918269 0.0544872 0.0288462 0.262939
0 0.51656 0.18104 0.0662393 0.0291466 0.253906
0 0.455662 0.679087 0.162393 0.09375 0.494141
1 0.41453 0.402644 0.0470086 0.0360577 0.344238
1 0.286325 0.41887 0.0491453 0.0354568 0.259033
0 0.452991 0.677885 0.185897 0.0985577 0.553711
1 0.416667 0.402945 0.042735 0.0366586 0.354004
1 0.287927 0.420072 0.0480769 0.0372596 0.27124
1 0.198451 0.918269 0.0544872 0.0288462 0.265137
0 0.452991 0.68149 0.175214 0.0985577 0.67041
1 0.416667 0.402945 0.0448718 0.0366586 0.258301
0 0.449786 0.680288 0.169872 0.0985577 0.709961
1 0.417735 0.402945 0.042735 0.0348557 0.332031
1 0.200053 0.918269 0.0534188 0.0288462 0.258301
1 0.288996 0.418269 0.0491453 0.0348558 0.254639
0 0.45406 0.676683 0.168803 0.0961538 0.524414
1 0.416667 0.402043 0.0470086 0.0366586 0.366699
0 0.456197 0.678486 0.169872 0.0997596 0.656738
1 0.416667 0.401442 0.0448718 0.0360577 0.425293
0 0.455128 0.679688 0.168803 0.0961538 0.527344
1 0.413996 0.403245 0.0459402 0.0348558 0.448486
1 0.287393 0.423978 0.0502137 0.0348557 0.274414
1 0.242788 0.856971 0.053953 0.0360577 0.267334
1 0.196848 0.919471 0.0518162 0.0276442 0.256836
0 0.456731 0.679688 0.169872 0.09375 0.499023
1 0.415064 0.402945 0.0459401 0.0330529 0.408203
1 0.199252 0.919471 0.0544872 0.0276442 0.283691
1 0.286592 0.422476 0.0464744 0.0336538 0.276611
1 0.244124 0.856971 0.0544872 0.0348558 0.273682
1 0.21047 0.195613 0.0422009 0.0330529 0.253174
0 0.456197 0.682692 0.175214 0.0961539 0.474609
1 0.415598 0.402644 0.0470085 0.0348558 0.437744
1 0.244124 0.858173 0.0555556 0.0348558 0.284668
1 0.287927 0.423077 0.0480769 0.0342548 0.274414
1 0.198718 0.920072 0.0555555 0.0288461 0.268066
1 0.208333 0.198167 0.0438034 0.0348558 0.255371
1 0.415598 0.403846 0.0448718 0.0354568 0.413086
0 0.453526 0.68149 0.167735 0.100962 0.350342
1 0.199252 0.919471 0.0534188 0.0288462 0.329346
1 0.243323 0.856971 0.053953 0.0348558 0.324219
1 0.286859 0.421875 0.0448718 0.0336538 0.317383
1 0.541667 0.625 0.0384616 0.0252404 0.283691
1 0.209936 0.198317 0.0405983 0.0330529 0.250977
1 0.41453 0.404748 0.0448718 0.0348558 0.42627
0 0.452991 0.680288 0.16453 0.0985577 0.397949
1 0.286325 0.421875 0.0448718 0.0324519 0.39502
1 0.24359 0.855769 0.0523504 0.0336538 0.393311
1 0.19765 0.920072 0.051282 0.0252404 0.360352
1 0.540598 0.625 0.0363248 0.0240385 0.309082
1 0.208868 0.196364 0.0416667 0.0327524 0.296631
1 0.582265 0.984375 0.0523504 0.03125 0.275879
1 0.413996 0.405349 0.0470086 0.0354567 0.407227
1 0.285791 0.421274 0.0459402 0.0324519 0.367432
1 0.242521 0.855769 0.0534188 0.0360577 0.338867
1 0.197382 0.919471 0.0518162 0.0276442 0.332764
0 0.448184 0.679087 0.166667 0.0985577 0.319092
1 0.53953 0.625 0.0384616 0.0240385 0.273682
1 0.581197 0.984375 0.0512821 0.03125 0.255371
0 0.45406 0.68149 0.179487 0.0997596 0.530273
1 0.415064 0.405048 0.0480769 0.0360577 0.435791
1 0.198718 0.91887 0.0544872 0.0276443 0.410156
1 0.287927 0.421274 0.0470086 0.0336538 0.386719
1 0.244124 0.855769 0.0555556 0.0360577 0.373047
1 0.540598 0.625 0.0405983 0.0240385 0.320068
1 0.582265 0.984375 0.0534188 0.03125 0.274414
1 0.209402 0.197416 0.0427351 0.0342548 0.258301
0 0.450855 0.683894 0.17735 0.100962 0.475586
1 0.415598 0.408654 0.0438034 0.0348558 0.386719
1 0.198184 0.920072 0.0534188 0.0264422 0.373047
1 0.244658 0.856971 0.0534188 0.0360577 0.332764
1 0.286859 0.423377 0.0470086 0.0336538 0.328613
1 0.540598 0.626202 0.0384616 0.0252404 0.296631
1 0.209936 0.198918 0.0405983 0.0330529 0.279053
1 0.583333 0.984976 0.051282 0.0300481 0.253906
1 0.197917 0.919471 0.0550214 0.0264423 0.416748
1 0.415064 0.407452 0.042735 0.0336538 0.415771
1 0.287393 0.422476 0.0480769 0.0336538 0.363037
1 0.244658 0.855769 0.0534188 0.0360577 0.357666
1 0.540598 0.623798 0.042735 0.0264423 0.320068
1 0.209402 0.197716 0.0405983 0.031851 0.301514
0 0.44765 0.679087 0.180556 0.0985577 0.299072
1 0.582265 0.984375 0.0512821 0.03125 0.253906
0 0.396368 0.13762 0.0651709 0.0264423 0.253906
1 0.386752 0.136118 0.059829 0.0291466 0.251709
0 0.452991 0.680288 0.168803 0.0985577 0.443604
1 0.41453 0.405649 0.0491453 0.0336538 0.403564
1 0.198718 0.919471 0.0534188 0.0264423 0.401611
1 0.286859 0.422476 0.0491453 0.0336538 0.387695
1 0.244124 0.855769 0.0555556 0.0360577 0.359375
1 0.540598 0.624399 0.0405983 0.0264423 0.319092
0 0.395299 0.13732 0.0683761 0.0264423 0.288574
1 0.2086 0.197115 0.0432692 0.0324519 0.267334
1 0.582265 0.984676 0.0534188 0.030649 0.262939
1 0.385684 0.136118 0.0619658 0.0288462 0.254639
0 0.453526 0.68149 0.163462 0.0961539 0.451416
1 0.41453 0.408654 0.0438034 0.0342548 0.419678
1 0.198985 0.920072 0.0528846 0.0264422 0.413086
1 0.288462 0.422476 0.0480769 0.0336538 0.38501
1 0.244391 0.85637 0.0528846 0.0360578 0.362061
1 0.540598 0.625601 0.0405983 0.0252404 0.33374
1 0.209402 0.198618 0.0405983 0.0330529 0.291016
1 0.388889 0.138522 0.059829 0.0276442 0.253174
1 0.198718 0.919471 0.0544872 0.0276442 0.427246
1 0.41453 0.407452 0.0448718 0.0348558 0.415771
1 0.288462 0.421274 0.0491453 0.0348557 0.391357
0 0.455128 0.685096 0.175214 0.0961538 0.36377
1 0.244925 0.855168 0.0555556 0.0372596 0.346924
1 0.540598 0.624399 0.042735 0.0264423 0.343262
1 0.209936 0.198017 0.0427351 0.0339543 0.273682
0 0.396902 0.137921 0.0662393 0.0264423 0.271973
1 0.415598 0.407452 0.0448718 0.0336538 0.435791
1 0.198985 0.920673 0.053953 0.0264423 0.400635
1 0.288729 0.421575 0.0486111 0.0336539 0.385742
1 0.245192 0.85637 0.053953 0.0360578 0.365723
0 0.456731 0.683894 0.176282 0.0985577 0.343262
1 0.540598 0.623798 0.042735 0.0252404 0.315674
1 0.209669 0.198618 0.0416667 0.0330529 0.295898
1 0.583333 0.984375 0.0534188 0.03125 0.257568
1 0.41453 0.408654 0.0448718 0.0336539 0.439697
1 0.198718 0.919471 0.0523504 0.0264423 0.433105
1 0.288462 0.421875 0.0480769 0.0336538 0.387695
1 0.244658 0.855769 0.0544872 0.0360577 0.371094
0 0.455128 0.683894 0.17735 0.100962 0.34082
1 0.540598 0.624399 0.0405983 0.0252404 0.312256
1 0.208868 0.198317 0.0416667 0.0324519 0.280518
1 0.582799 0.984375 0.0534188 0.03125 0.270508
0 0.397436 0.137921 0.0651709 0.0261418 0.269043
1 0.41453 0.408654 0.0470086 0.0342548 0.408203
1 0.198718 0.919471 0.0534188 0.0264423 0.404541
0 0.455128 0.683894 0.179487 0.100962 0.398926
1 0.287927 0.422476 0.0491453 0.0336538 0.36377
1 0.244658 0.85637 0.0560897 0.0360578 0.342529
1 0.540598 0.625 0.042735 0.0264423 0.296631
0 0.396368 0.138071 0.0641026 0.0255409 0.283691
1 0.209402 0.198918 0.0432692 0.0336538 0.262939
0 0.45406 0.683894 0.181624 0.103365 0.491211
1 0.415598 0.407752 0.0448718 0.0336539 0.439697
1 0.198718 0.919471 0.0544872 0.0264423 0.435059
1 0.288462 0.421875 0.0491453 0.0336538 0.394287
1 0.244658 0.855769 0.0544872 0.0360577 0.366699
1 0.540598 0.623798 0.042735 0.0264423 0.324219
1 0.209936 0.198618 0.0416667 0.0333534 0.301514
1 0.583333 0.984375 0.0534188 0.03125 0.257568
0 0.45406 0.683894 0.179487 0.103365 0.524414
1 0.198985 0.919471 0.0544872 0.0264423 0.420654
1 0.415598 0.408053 0.0448718 0.0342548 0.417725
1 0.288194 0.422476 0.0486111 0.0336538 0.360352
1 0.244658 0.855769 0.0550214 0.0360577 0.345215
1 0.540598 0.625 0.042735 0.0264423 0.29834
1 0.209936 0.198918 0.0416667 0.0330529 0.275879
1 0.41453 0.408654 0.0448718 0.0336539 0.436768
1 0.198451 0.919471 0.053953 0.0264423 0.435059
0 0.45406 0.683894 0.179487 0.103365 0.38501
1 0.28953 0.422476 0.0502137 0.0348557 0.379395
1 0.244391 0.855769 0.0550214 0.0360577 0.363037
1 0.540598 0.624399 0.042735 0.0252404 0.312256
1 0.209936 0.199219 0.0416667 0.0330529 0.275146
1 0.388889 0.13762 0.059829 0.0276442 0.259033
1 0.583333 0.984375 0.0534188 0.03125 0.250244
1 0.413996 0.405349 0.0470086 0.0354567 0.406494
1 0.285791 0.421274 0.0459402 0.0324519 0.367432
1 0.242521 0.855769 0.0534188 0.0360577 0.338867
1 0.197382 0.919471 0.0518162 0.0276442 0.33374
0 0.448184 0.679087 0.166667 0.0985577 0.319092
1 0.53953 0.625 0.0384616 0.0240385 0.273682
1 0.581197 0.984375 0.0512821 0.03125 0.255371
