1 0.506811 0.26232 0.0552885 0.0522836 0.303223
0 0.501202 0.261568 0.0480769 0.0579928 0.29834
0 0.512019 0.267127 0.0592948 0.0546875 0.264404
0 0.511218 0.265625 0.0584936 0.0673077 0.353027
0 0.509615 0.259916 0.0625 0.0606971 0.428223
0 0.471955 0.569111 0.0753205 0.0360577 0.309814
0 0.507612 0.263972 0.0705128 0.0640024 0.458984
0 0.510417 0.26247 0.0592949 0.0609976 0.300781
0 0.507212 0.264724 0.0625 0.061899 0.404541
0 0.512019 0.263221 0.0641025 0.061899 0.57959
0 0.509615 0.266226 0.0608975 0.0612981 0.357666
0 0.508013 0.265925 0.0592949 0.0649038 0.256104
0 0.510016 0.266677 0.0657051 0.0609976 0.256104
0 0.508413 0.266977 0.0641026 0.0634014 0.26123
0 0.508013 0.26232 0.0657051 0.0588942 0.269775
0 0.508013 0.266526 0.0625 0.0588942 0.349609
0 0.508814 0.265775 0.0641026 0.0628005 0.291748
1 0.508013 0.265925 0.0592949 0.0582933 0.265137
0 0.503606 0.259916 0.0592949 0.0588942 0.400635
0 0.508814 0.263371 0.0592949 0.0615986 0.277588
0 0.50641 0.265925 0.0616987 0.0570913 0.42334
0 0.504808 0.265925 0.0665064 0.0594952 0.370117
0 0.509615 0.263822 0.0625 0.0625 0.374756
0 0.509615 0.265024 0.0576923 0.0594952 0.29834
0 0.508413 0.263221 0.0633013 0.0612981 0.47168
0 0.508013 0.263522 0.0673077 0.0643029 0.418701
0 0.508814 0.265625 0.0633013 0.0612981 0.386719
0 0.508013 0.266977 0.0625 0.0609976 0.600098
0 0.505609 0.263822 0.0641026 0.0612981 0.398926
0 0.508413 0.264573 0.0584936 0.0555889 0.332031
0 0.506811 0.263522 0.0641025 0.0600962 0.405518
0 0.507212 0.265325 0.0608975 0.0588942 0.366699
0 0.505609 0.260517 0.0689103 0.0649038 0.256104
0 0.507212 0.265024 0.0673077 0.0643029 0.417725
0 0.507212 0.263522 0.0657051 0.0655048 0.33374
0 0.506811 0.267278 0.0689102 0.0628005 0.341553
0 0.507612 0.264423 0.0625 0.0637019 0.547852
0 0.508413 0.264123 0.0616987 0.063101 0.443604
0 0.504407 0.26262 0.0689102 0.063101 0.553711
0 0.504407 0.263522 0.0673077 0.0625 0.300781
0 0.50641 0.263522 0.068109 0.0625 0.306641
0 0.508413 0.263972 0.0665064 0.0603966 0.489258
0 0.50641 0.26277 0.0641025 0.0603966 0.529297
0 0.506811 0.26262 0.0705128 0.0618991 0.331055
0 0.507212 0.262019 0.0657051 0.0600961 0.470703
0 0.50641 0.265174 0.0689102 0.0628005 0.543945
0 0.507612 0.265024 0.0673077 0.061899 0.505859
0 0.50641 0.266827 0.0665064 0.0612981 0.515625
0 0.508013 0.267728 0.0665064 0.063101 0.328613
0 0.507612 0.266076 0.068109 0.0640024 0.417725
0 0.503205 0.264123 0.0657051 0.0637019 0.503906
0 0.508413 0.264123 0.0649038 0.0618991 0.469727
0 0.507212 0.265325 0.0673077 0.0661058 0.533203
0 0.505609 0.266526 0.068109 0.0649039 0.46875
0 0.50641 0.265925 0.0657051 0.0637019 0.453369
1 0.455929 0.875601 0.051282 0.0240385 0.256104
0 0.50641 0.265625 0.0689102 0.0643029 0.494141
0 0.50641 0.265775 0.0657051 0.0646034 0.552734
0 0.50601 0.267127 0.0665064 0.0625 0.541016
1 0.455929 0.876202 0.051282 0.0240385 0.282227
0 0.505609 0.265925 0.0673077 0.063101 0.563965
0 0.471154 0.577975 0.0753205 0.0363582 0.290283
1 0.455128 0.873798 0.0528846 0.0240385 0.256104
0 0.507212 0.266677 0.0641025 0.0609976 0.408203
1 0.45633 0.874399 0.0504808 0.0240385 0.294189
0 0.505609 0.267127 0.0673077 0.0625 0.620605
1 0.456731 0.875601 0.0488782 0.0228365 0.272705
0 0.508013 0.266827 0.0657051 0.0625 0.514648
1 0.457131 0.875 0.0504808 0.0240385 0.268066
0 0.507212 0.266376 0.0641025 0.0609976 0.591797
1 0.456731 0.873798 0.0496795 0.0216346 0.287842
0 0.50641 0.266526 0.0657051 0.0625 0.544922
1 0.455929 0.875 0.051282 0.0228365 0.290283
0 0.470353 0.576322 0.0721154 0.0348557 0.254639
0 0.506811 0.266076 0.068109 0.0621995 0.527344
1 0.456731 0.873798 0.0520833 0.0240385 0.280518
0 0.507212 0.266827 0.0657051 0.061899 0.547852
1 0.456731 0.873798 0.0512821 0.0240385 0.30249
0 0.507212 0.266526 0.0657051 0.0618991 0.580566
1 0.457131 0.873197 0.0512821 0.0240385 0.259766
0 0.50601 0.265925 0.0673077 0.0625 0.562988
1 0.457131 0.873798 0.0504808 0.0240385 0.258301
0 0.50641 0.265625 0.0689102 0.0643029 0.494141
