1 0.685697 0.237447 0.0360577 0.0384615 0.307373
1 0.486779 0.371795 0.0697115 0.115385 0.362061
1 0.685096 0.237714 0.0360577 0.0395299 0.253174
0 0.594952 0.448718 0.0564904 0.0705128 0.484375
0 0.359075 0.400107 0.0697115 0.0705128 0.473633
0 0.740385 0.441774 0.0288462 0.0726496 0.359375
0 0.128906 0.418269 0.0579928 0.0566239 0.336426
0 0.671875 0.410256 0.0528846 0.0534188 0.319092
1 0.6875 0.241453 0.0384615 0.0438034 0.251709
0 0.363882 0.401709 0.0745192 0.0747863 0.337158
0 0.59375 0.451923 0.0588943 0.0705128 0.306641
1 0.490385 0.373932 0.0697115 0.115385 0.276611
1 0.6875 0.242521 0.0384615 0.0496795 0.262939
0 0.593149 0.444444 0.0552885 0.0576923 0.583008
0 0.487981 0.370727 0.0721154 0.134615 0.339844
0 0.360577 0.388355 0.0721154 0.0705128 0.321777
0 0.677284 0.394231 0.0685096 0.059829 0.307373
1 0.6875 0.23985 0.0336538 0.0363248 0.306641
0 0.359976 0.401709 0.0721154 0.0641026 0.357666
0 0.592398 0.450855 0.0579928 0.0608974 0.253906
0 0.360577 0.396902 0.0709135 0.0801282 0.406494
0 0.592548 0.449252 0.0576923 0.065171 0.375732
0 0.490986 0.370192 0.0649038 0.116453 0.265869
0 0.593149 0.453526 0.0540865 0.0576923 0.327637
0 0.360577 0.402778 0.0721154 0.0619658 0.324219
0 0.950721 0.451923 0.0600962 0.0619658 0.297363
0 0.592398 0.454594 0.055589 0.0651709 0.317383
0 0.358774 0.401175 0.0745192 0.0705128 0.530273
0 0.59375 0.453526 0.0540865 0.056624 0.489258
0 0.247897 0.418269 0.0697115 0.0608974 0.331055
0 0.489784 0.373397 0.0661057 0.121795 0.311523
0 0.680288 0.410256 0.0745192 0.0630342 0.293457
1 0.686298 0.242788 0.0384615 0.0486111 0.287842
0 0.362079 0.402778 0.0715144 0.0769231 0.493164
0 0.594952 0.451923 0.0588942 0.073718 0.432129
0 0.740385 0.443376 0.0288462 0.0726496 0.336426
1 0.686298 0.239583 0.0384615 0.0480769 0.26123
0 0.360577 0.402244 0.0727164 0.0758547 0.370117
0 0.593149 0.448184 0.0576923 0.0683761 0.269775
0 0.359075 0.395299 0.0745192 0.0811966 0.352295
1 0.686298 0.238515 0.0408654 0.0438034 0.293457
0 0.59375 0.450855 0.0528846 0.0641026 0.267334
1 0.685096 0.240118 0.0360577 0.0389957 0.287842
0 0.592398 0.449786 0.055589 0.059829 0.255371
0 0.592698 0.450855 0.054988 0.0555556 0.411133
0 0.361478 0.401175 0.0709135 0.065171 0.297363
1 0.686298 0.237447 0.0384615 0.0411325 0.27124
0 0.592548 0.455128 0.0540865 0.0641026 0.311523
0 0.360577 0.405983 0.0721154 0.0534188 0.39502
0 0.592548 0.452457 0.0516827 0.0523504 0.393311
0 0.359976 0.400641 0.0715144 0.0683761 0.359375
0 0.592548 0.451923 0.0552885 0.0576923 0.34082
1 0.686298 0.238248 0.0396635 0.0405983 0.266602
0 0.59375 0.452991 0.0564904 0.0662393 0.387695
0 0.359976 0.399573 0.0709135 0.0769231 0.345947
0 0.740385 0.441239 0.0264423 0.0747863 0.269043
0 0.592398 0.447115 0.055589 0.0608974 0.525391
0 0.362079 0.401175 0.077524 0.0726496 0.436768
0 0.740385 0.442308 0.0240385 0.0747863 0.282227
0 0.592698 0.450855 0.054988 0.0683761 0.505859
0 0.360577 0.400641 0.0697115 0.0662393 0.366699
1 0.490385 0.367521 0.0679087 0.120727 0.256836
0 0.592548 0.455128 0.0552885 0.0641026 0.378418
0 0.359375 0.403312 0.0745192 0.0694444 0.296631
0 0.592548 0.452457 0.0540865 0.0598291 0.339844
0 0.127103 0.419872 0.054988 0.051282 0.281494
1 0.6875 0.236111 0.0384615 0.0373932 0.279053
0 0.947716 0.448184 0.0588943 0.0555556 0.269775
0 0.591947 0.451923 0.0564904 0.0662393 0.455078
0 0.358173 0.401709 0.0733173 0.0747863 0.291016
1 0.686298 0.238248 0.0384615 0.0416667 0.259766
0 0.5939 0.45406 0.0597957 0.0726496 0.514648
0 0.359976 0.398504 0.0757211 0.0790598 0.386719
0 0.592398 0.448184 0.055589 0.0641026 0.448486
0 0.359976 0.400641 0.0721154 0.0747863 0.384033
0 0.128643 0.42094 0.060021 0.0534188 0.269775
1 0.686298 0.236111 0.0384615 0.0405983 0.268066
0 0.593149 0.451389 0.0564904 0.0673077 0.620605
0 0.360577 0.400641 0.0769231 0.0683761 0.569824
0 0.740986 0.442842 0.0276443 0.0801282 0.293457
1 0.688101 0.235577 0.0396635 0.0395299 0.275879
0 0.592548 0.444444 0.0552885 0.0576923 0.493164
0 0.359375 0.401709 0.0745192 0.0683761 0.360352
1 0.685697 0.235844 0.0396635 0.0405983 0.274414
0 0.592548 0.449786 0.0540865 0.059829 0.417725
0 0.360877 0.400641 0.0763221 0.0726496 0.413086
0 0.740385 0.441239 0.0264423 0.0705128 0.253174
0 0.593149 0.446581 0.0540865 0.0598291 0.334473
0 0.363582 0.403846 0.0709135 0.0619658 0.260498
0 0.5936 0.451923 0.0531851 0.0641026 0.532227
0 0.739784 0.44391 0.0264423 0.0705128 0.462891
0 0.359976 0.397436 0.0757211 0.0779914 0.446533
0 0.128869 0.418803 0.0613732 0.0576923 0.324219
0 0.947115 0.449786 0.0552885 0.0576923 0.297363
0 0.592548 0.449786 0.0552885 0.0641026 0.460938
0 0.358774 0.401709 0.0805288 0.0705128 0.331055
0 0.740385 0.441239 0.0276443 0.0726496 0.323486
0 0.740385 0.441773 0.0288462 0.0758547 0.332031
0 0.592548 0.444979 0.0552885 0.0544872 0.313965
0 0.593149 0.44765 0.0552885 0.0598291 0.429199
0 0.359075 0.404915 0.0745192 0.0619658 0.343262
1 0.686298 0.23985 0.0360577 0.0363248 0.262939
0 0.593149 0.444979 0.0552885 0.0630342 0.34082
0 0.593149 0.444444 0.0552885 0.0576923 0.39502
0 0.130071 0.416667 0.0523588 0.0512821 0.312256
0 0.740385 0.442842 0.0264423 0.0737179 0.277588
0 0.359675 0.399038 0.0727164 0.0673077 0.269043
0 0.593149 0.44765 0.0540865 0.0619658 0.417725
0 0.740385 0.444444 0.0288462 0.0747863 0.311523
0 0.360577 0.402778 0.0769231 0.065171 0.2854
0 0.592698 0.443376 0.054988 0.0534188 0.425293
0 0.358774 0.398504 0.0727163 0.0662393 0.371094
1 0.685697 0.238782 0.0372596 0.0363248 0.250244
0 0.592398 0.451923 0.055589 0.0662393 0.462891
0 0.359375 0.401175 0.0733173 0.0662393 0.417725
0 0.361779 0.400641 0.0685096 0.0641026 0.546875
0 0.593149 0.444444 0.0552885 0.0534188 0.498047
0 0.740385 0.44391 0.0264423 0.0758547 0.407227
0 0.131761 0.417201 0.061899 0.0566239 0.398926
0 0.948317 0.446581 0.0576923 0.0576923 0.325928
0 0.59375 0.449252 0.0552885 0.0630342 0.44458
0 0.360276 0.399573 0.0727164 0.0662393 0.432129
0 0.739784 0.442842 0.0276443 0.0747863 0.370117
0 0.128906 0.416667 0.0567909 0.0576923 0.272705
0 0.359075 0.400107 0.0739183 0.073718 0.524414
0 0.592548 0.448718 0.0564904 0.0641026 0.487305
0 0.740385 0.443376 0.0264423 0.0726496 0.337158
0 0.471755 0.457265 0.032452 0.0448718 0.296631
0 0.129357 0.419872 0.0552885 0.0534188 0.262207
0 0.592548 0.44391 0.0540865 0.0566239 0.524414
0 0.359375 0.400641 0.0721154 0.0683761 0.494141
0 0.12947 0.418803 0.0541617 0.0534188 0.31665
0 0.471154 0.456731 0.032452 0.0448718 0.30249
0 0.739784 0.440705 0.0288462 0.0758547 0.301514
0 0.591947 0.447115 0.0540865 0.0598291 0.418701
0 0.359375 0.400641 0.0721154 0.0662393 0.378418
0 0.59375 0.449252 0.0576923 0.0673077 0.509766
0 0.360877 0.399573 0.0721154 0.0683761 0.475586
0 0.593149 0.443376 0.0540865 0.0555556 0.445557
0 0.360577 0.399573 0.0721154 0.0683761 0.366699
0 0.740385 0.439637 0.0264423 0.073718 0.257568
0 0.592398 0.444444 0.055589 0.0566239 0.536133
0 0.359375 0.400641 0.0715144 0.0641026 0.46875
0 0.740385 0.440171 0.0264423 0.0726496 0.274414
0 0.129357 0.418803 0.0564904 0.0544871 0.251709
0 0.358474 0.401709 0.0757212 0.0694444 0.413086
0 0.592548 0.450321 0.0552885 0.065171 0.377441
0 0.591947 0.444444 0.0576923 0.0630342 0.583008
0 0.359375 0.395833 0.0757211 0.0747863 0.470703
0 0.947716 0.449252 0.0576923 0.0630342 0.305664
0 0.741587 0.438568 0.0288462 0.073718 0.284668
0 0.592548 0.44765 0.0576923 0.0641026 0.434082
0 0.358474 0.400641 0.0751202 0.0662393 0.419678
0 0.12977 0.417735 0.0553636 0.051282 0.29248
1 0.623798 0.626068 0.0252404 0.0405983 0.259766
0 0.591947 0.449786 0.0564904 0.0662393 0.483398
0 0.359075 0.402244 0.0745192 0.0641026 0.371094
0 0.740385 0.445513 0.0264423 0.0726496 0.256104
0 0.592398 0.445513 0.055589 0.0662393 0.414062
0 0.359976 0.400107 0.0733173 0.0662393 0.374756
0 0.740385 0.444444 0.0264423 0.0705128 0.254639
0 0.129845 0.418803 0.0564153 0.0534188 0.250244
0 0.592548 0.447115 0.0564904 0.0641026 0.475586
0 0.357873 0.401709 0.077524 0.0662393 0.44751
0 0.740385 0.443376 0.0264423 0.0726496 0.376709
0 0.5939 0.44765 0.0573918 0.0662393 0.419678
0 0.359375 0.39797 0.0757211 0.0694444 0.379395
0 0.740385 0.440171 0.0276443 0.0769231 0.264404
0 0.593149 0.44391 0.0564904 0.0683761 0.432129
0 0.360276 0.393697 0.0745192 0.0811966 0.358398
0 0.740385 0.439103 0.0276443 0.0769231 0.250244
0 0.591947 0.442842 0.0552885 0.0587607 0.489258
0 0.359375 0.398504 0.0745192 0.0662393 0.474609
1 0.622596 0.626068 0.0240385 0.0395299 0.270508
0 0.126465 0.419872 0.0535607 0.051282 0.266602
0 0.739183 0.440171 0.0276443 0.0758547 0.255371
0 0.359375 0.400641 0.0721154 0.0641026 0.503906
0 0.591947 0.44765 0.0552885 0.0576923 0.366699
1 0.623798 0.628205 0.0252404 0.0416667 0.319092
0 0.359375 0.402778 0.0745192 0.065171 0.449463
0 0.591947 0.448718 0.0564904 0.0598291 0.408203
1 0.623798 0.627137 0.0264423 0.0448718 0.270508
0 0.358774 0.403846 0.0757212 0.0641026 0.432129
0 0.591947 0.449786 0.0552885 0.0619658 0.421631
0 0.739784 0.445513 0.0264423 0.0705128 0.305664
0 0.948317 0.452457 0.0600962 0.0587607 0.369385
0 0.591947 0.449786 0.0588943 0.0619658 0.357666
0 0.358173 0.405983 0.0757212 0.0641026 0.332031
0 0.739784 0.443376 0.0252404 0.0683761 0.265869
0 0.357572 0.403846 0.0757212 0.0662393 0.406494
0 0.592548 0.451389 0.0564904 0.0608974 0.395996
0 0.739183 0.445513 0.0264423 0.0705128 0.327637
1 0.623798 0.628205 0.0240385 0.0405983 0.311523
0 0.947115 0.451923 0.0564904 0.0598291 0.272705
0 0.357572 0.402244 0.0757212 0.0673077 0.548828
0 0.592698 0.450855 0.0573918 0.0619658 0.541992
0 0.947115 0.450855 0.0576923 0.0608974 0.437744
1 0.624399 0.628205 0.0252404 0.0405983 0.31665
0 0.740385 0.446581 0.0276443 0.0705129 0.305664
1 0.6875 0.240919 0.0384615 0.0405983 0.291748
1 0.927885 0.333868 0.0336539 0.0491453 0.286133
0 0.12947 0.418803 0.0589694 0.0555556 0.256104
0 0.357572 0.404915 0.0745192 0.0641026 0.602051
0 0.592548 0.449786 0.0564904 0.0608974 0.545898
0 0.947716 0.448718 0.0564904 0.0619658 0.458984
1 0.623798 0.629274 0.0240385 0.0405983 0.339844
0 0.740385 0.444444 0.0264423 0.0694444 0.325195
1 0.927885 0.334402 0.0336539 0.0491453 0.2854
1 0.6875 0.242521 0.0372596 0.0395299 0.267334
0 0.129808 0.418803 0.0570913 0.0534188 0.259033
0 0.592698 0.449786 0.0573918 0.059829 0.492188
0 0.357873 0.404915 0.0751202 0.0598291 0.428223
0 0.947115 0.450855 0.0576923 0.0619658 0.369385
1 0.623798 0.627671 0.0252404 0.0405983 0.35498
0 0.740385 0.445513 0.0264423 0.0683761 0.304932
1 0.6875 0.242254 0.0384615 0.0400641 0.300781
1 0.927284 0.329594 0.0336538 0.0480769 0.258301
0 0.129357 0.418269 0.0576923 0.0523504 0.251709
0 0.593149 0.449786 0.0576923 0.0619658 0.490234
0 0.358474 0.403846 0.0739183 0.0641026 0.42627
1 0.623798 0.629274 0.0252404 0.042735 0.332764
0 0.947716 0.451923 0.0588943 0.0641026 0.332031
1 0.927885 0.330128 0.0336539 0.0480769 0.271973
1 0.6875 0.241987 0.0384615 0.0411325 0.250977
0 0.358173 0.401709 0.0733173 0.0662393 0.548828
0 0.592548 0.451389 0.0564904 0.0619658 0.548828
0 0.947115 0.451923 0.0576923 0.0619658 0.395996
1 0.623798 0.629274 0.0240385 0.0416667 0.341553
0 0.130559 0.418803 0.0567909 0.0523504 0.313232
1 0.927885 0.330128 0.0336539 0.0470085 0.286865
1 0.6875 0.24359 0.0384615 0.0416667 0.276611
0 0.740385 0.445513 0.0264423 0.0705128 0.258301
0 0.592548 0.449786 0.0564904 0.0608974 0.455078
0 0.359075 0.402778 0.0733173 0.0619658 0.436768
1 0.6875 0.242254 0.0384615 0.0411325 0.309082
0 0.948317 0.451923 0.0576923 0.0598291 0.300781
1 0.623798 0.630342 0.0264423 0.0416667 0.2854
1 0.927885 0.331197 0.0336539 0.0512821 0.267334
0 0.129657 0.418803 0.0567909 0.0534188 0.250244
0 0.592548 0.449786 0.0564904 0.0619658 0.529297
0 0.359075 0.402778 0.0727164 0.0619658 0.518555
1 0.624399 0.629274 0.0252404 0.0405983 0.339844
0 0.948317 0.450855 0.0552885 0.0608974 0.337158
1 0.6875 0.241453 0.0384615 0.0405983 0.307373
0 0.129169 0.419872 0.0553636 0.0534188 0.295898
0 0.740385 0.444979 0.0264423 0.0694444 0.288574
1 0.927885 0.333333 0.0336539 0.0491453 0.275146
0 0.357873 0.401709 0.0745192 0.0662393 0.601074
0 0.592548 0.449786 0.0564904 0.0619658 0.508789
0 0.948317 0.451923 0.0588943 0.0619658 0.341553
1 0.688101 0.242788 0.0384615 0.0411325 0.320068
0 0.130371 0.418803 0.0577674 0.0534188 0.308105
1 0.623798 0.629808 0.0252404 0.0405983 0.308105
0 0.740385 0.445513 0.0264423 0.0694444 0.291016
1 0.927885 0.330662 0.0336539 0.0491453 0.286133
0 0.358774 0.399573 0.0745192 0.0683761 0.589844
0 0.593149 0.448718 0.0564904 0.0619658 0.510742
0 0.948317 0.450855 0.0576923 0.0619658 0.351318
1 0.623798 0.629274 0.0264423 0.0405983 0.334473
0 0.13116 0.417735 0.0591947 0.0555556 0.325195
1 0.6875 0.242521 0.0384615 0.0416667 0.303223
1 0.927885 0.333333 0.0336539 0.0491453 0.270508
0 0.740385 0.444444 0.0264423 0.0705128 0.260498
0 0.358474 0.400641 0.0739183 0.0662393 0.527344
0 0.592548 0.448718 0.0564904 0.0619658 0.487305
1 0.623798 0.629274 0.0252404 0.0405983 0.344238
1 0.6875 0.241186 0.0384615 0.0411325 0.329346
0 0.130146 0.418803 0.0570162 0.0534188 0.307373
1 0.927885 0.331197 0.0336539 0.0502137 0.29248
0 0.740385 0.444444 0.0264423 0.0694444 0.291016
0 0.947716 0.450855 0.0564904 0.0619658 0.283691
0 0.358173 0.400107 0.0745193 0.0673077 0.601074
0 0.592698 0.449252 0.0573918 0.0630342 0.541992
0 0.948317 0.450855 0.0576923 0.0619658 0.385742
0 0.130409 0.418803 0.0576923 0.0544871 0.34082
1 0.6875 0.242254 0.0384615 0.0416667 0.310791
0 0.740385 0.443376 0.0264423 0.0705128 0.308105
1 0.927885 0.331197 0.0348557 0.0502137 0.282227
1 0.623798 0.629274 0.0264423 0.0405983 0.269775
0 0.358173 0.400641 0.0739183 0.0662393 0.559082
0 0.592548 0.449252 0.0564904 0.0619658 0.516602
0 0.948317 0.451923 0.0588943 0.0641026 0.381104
1 0.6875 0.242254 0.0384615 0.0411325 0.325195
0 0.130108 0.419872 0.0579928 0.0544872 0.320068
0 0.740385 0.444444 0.0264423 0.0705128 0.30249
1 0.927284 0.331197 0.0348558 0.0502137 0.27832
1 0.623798 0.629274 0.0252404 0.0405983 0.269043
0 0.357873 0.403846 0.0757212 0.0662393 0.406494
0 0.592548 0.451389 0.0564904 0.0608974 0.395996
0 0.739183 0.445513 0.0264423 0.0705128 0.327637
1 0.623798 0.628205 0.0240385 0.0405983 0.311523
0 0.947115 0.451923 0.0564904 0.0598291 0.273682
