1 0.588942 0.563702 0.115385 0.0889423 0.694336
1 0.492388 0.784856 0.0969551 0.0745192 0.692871
1 0.407051 0.605168 0.13141 0.094952 0.649414
1 0.467548 0.680288 0.100962 0.0709135 0.633301
1 0.459936 0.429688 0.0961538 0.0721154 0.613281
1 0.564103 0.691707 0.104167 0.0913461 0.609375
1 0.530449 0.208984 0.121795 0.0925481 0.424316
1 0.372997 0.444411 0.100962 0.0715144 0.376709
1 0.376703 0.381611 0.0703125 0.0697116 0.303223
1 0.560096 0.293269 0.0416667 0.0498798 0.279785
1 0.471554 0.685096 0.108974 0.0841346 0.39502
1 0.491186 0.782452 0.0961538 0.0793269 0.351318
1 0.456731 0.430288 0.0897436 0.0733173 0.327637
1 0.371795 0.442909 0.0905449 0.0697116 0.313965
1 0.376202 0.365685 0.0865385 0.0661057 0.310791
1 0.586538 0.567608 0.125801 0.109976 0.265137
1 0.407452 0.609976 0.137019 0.11899 0.259033
1 0.492788 0.78125 0.0785256 0.0673077 0.57373
1 0.528045 0.202224 0.112179 0.0865385 0.571777
1 0.454327 0.423678 0.0865384 0.0685096 0.563965
1 0.404647 0.597356 0.130609 0.0877404 0.540039
1 0.377804 0.365385 0.0793269 0.063101 0.537109
1 0.379407 0.440505 0.0977564 0.0721154 0.53418
1 0.461538 0.676683 0.088141 0.0721154 0.526367
1 0.584936 0.560096 0.107372 0.0829327 0.490234
1 0.416266 0.432091 0.192308 0.100962 0.385742
1 0.557692 0.678486 0.0929487 0.0685096 0.252441
1 0.479167 0.780649 0.103365 0.0877404 0.424316
1 0.463542 0.68149 0.112981 0.0841346 0.294922
1 0.449519 0.430589 0.105769 0.0829327 0.29248
1 0.584936 0.564303 0.121795 0.0889423 0.273682
1 0.374599 0.365986 0.0945513 0.063101 0.269043
1 0.463141 0.679688 0.0961538 0.0817308 0.569824
1 0.586538 0.564303 0.113782 0.0913462 0.513672
1 0.492788 0.784255 0.0897436 0.0757212 0.505859
1 0.45633 0.427885 0.0873397 0.0697115 0.477539
1 0.374199 0.442608 0.105769 0.078726 0.470703
1 0.528045 0.209435 0.11859 0.09375 0.39502
1 0.377404 0.36869 0.0745192 0.0570913 0.393311
1 0.409856 0.600962 0.113782 0.0841346 0.307373
1 0.5625 0.6875 0.100962 0.0913461 0.269043
1 0.453526 0.433894 0.099359 0.0769231 0.507812
1 0.488782 0.787861 0.088141 0.0685096 0.42334
1 0.370593 0.445613 0.09375 0.0859375 0.393311
1 0.55609 0.690505 0.102564 0.0889423 0.390381
1 0.582532 0.566406 0.108974 0.0979567 0.381104
1 0.375901 0.372296 0.0799279 0.0570914 0.332031
1 0.459135 0.682692 0.0977564 0.0889423 0.329346
1 0.404547 0.603215 0.121995 0.0844351 0.291016
1 0.49359 0.789663 0.0897436 0.076923 0.470703
1 0.380609 0.370192 0.0753205 0.0625 0.451416
1 0.455128 0.428786 0.0945513 0.0703125 0.412109
1 0.376603 0.445012 0.100962 0.0799279 0.40918
1 0.585337 0.563401 0.110577 0.0871394 0.379395
1 0.463141 0.680288 0.0945513 0.076923 0.361084
1 0.556891 0.689904 0.100962 0.0913462 0.347656
1 0.529647 0.208684 0.11859 0.0904447 0.289307
1 0.408654 0.602764 0.130609 0.0853366 0.287842
1 0.561699 0.289663 0.0304487 0.0540866 0.272705
1 0.376202 0.368389 0.0761218 0.0492789 0.377441
1 0.456731 0.431791 0.0945513 0.0649038 0.359375
1 0.491987 0.781851 0.0913462 0.0781249 0.35498
1 0.372997 0.441106 0.10657 0.0805288 0.331055
1 0.406651 0.600361 0.123397 0.0889423 0.277588
1 0.528045 0.202674 0.125 0.0985577 0.266602
1 0.58734 0.5625 0.11859 0.0865385 0.266602
1 0.487981 0.789663 0.0921474 0.0733173 0.525391
1 0.371795 0.449519 0.0921474 0.0661057 0.477539
1 0.452324 0.429988 0.0945513 0.0661057 0.44751
1 0.371394 0.369591 0.082532 0.0576923 0.406494
1 0.457532 0.680288 0.100962 0.0745192 0.330322
1 0.584535 0.5625 0.105769 0.0865385 0.30249
1 0.558494 0.69351 0.104167 0.0865385 0.267334
1 0.49359 0.789663 0.0897436 0.0721154 0.511719
1 0.456731 0.429988 0.0929487 0.0655048 0.458984
1 0.463141 0.682692 0.102564 0.0817308 0.450439
1 0.378205 0.446514 0.099359 0.0733173 0.436768
1 0.379407 0.370192 0.0817308 0.0576923 0.435791
1 0.41266 0.602764 0.11859 0.0805288 0.431152
1 0.58774 0.566106 0.110577 0.0913461 0.417725
1 0.528846 0.211388 0.11859 0.0949519 0.33374
1 0.560096 0.686899 0.0985577 0.078125 0.289307
1 0.377504 0.365385 0.0767227 0.0637019 0.398926
1 0.372997 0.440505 0.0929487 0.0805288 0.336426
1 0.489583 0.780048 0.099359 0.0793269 0.332031
1 0.456731 0.42488 0.0921474 0.0745192 0.313232
1 0.559295 0.676683 0.107372 0.0793269 0.267334
1 0.489984 0.781851 0.104968 0.0877404 0.373047
1 0.489583 0.785457 0.100962 0.0865385 0.582031
1 0.453926 0.427284 0.0969551 0.0673077 0.559082
1 0.377003 0.365986 0.0713141 0.0600962 0.446533
1 0.375801 0.442909 0.108974 0.078125 0.378418
1 0.558093 0.683894 0.108173 0.0865385 0.377441
1 0.463942 0.68149 0.099359 0.0817308 0.349609
1 0.457933 0.429387 0.0801282 0.0618991 0.44751
1 0.49359 0.783654 0.0897436 0.0793269 0.42627
1 0.376703 0.371094 0.0767228 0.0594952 0.395996
1 0.371895 0.44351 0.100761 0.0733173 0.330322
1 0.563301 0.686899 0.100962 0.0805289 0.313232
1 0.407452 0.600361 0.130609 0.0793269 0.300781
1 0.460737 0.684495 0.102564 0.0793269 0.282959
1 0.53125 0.208684 0.117788 0.0922476 0.250244
1 0.491987 0.777644 0.09375 0.079327 0.520508
1 0.562901 0.676683 0.0977564 0.0697116 0.476562
1 0.58774 0.561899 0.116186 0.092548 0.459961
1 0.463942 0.678486 0.100962 0.0853366 0.448486
1 0.454327 0.426683 0.088141 0.0655048 0.419678
1 0.372496 0.442909 0.101162 0.0733173 0.313232
1 0.376703 0.368089 0.0735176 0.0606971 0.291016
1 0.52524 0.207181 0.127404 0.0988582 0.263672
1 0.568109 0.683894 0.120192 0.0913461 0.31665
1 0.466747 0.677885 0.110577 0.0865385 0.283691
1 0.460737 0.427284 0.10016 0.0745192 0.279785
1 0.379006 0.445012 0.0961538 0.0745192 0.257568
1 0.495593 0.777644 0.100962 0.0841346 0.251709
1 0.455128 0.428486 0.0873398 0.0625 0.478516
1 0.489583 0.784255 0.09375 0.0805288 0.404541
1 0.46234 0.68149 0.100962 0.0829327 0.388672
1 0.375801 0.367788 0.0753205 0.0576923 0.30249
1 0.563301 0.68149 0.099359 0.0817308 0.250244
1 0.455128 0.429087 0.0921474 0.0685096 0.434082
1 0.489984 0.784856 0.09375 0.0745192 0.368408
1 0.377003 0.369591 0.0833333 0.0600962 0.352295
1 0.461939 0.683894 0.10016 0.0757211 0.299805
1 0.3751 0.442608 0.102364 0.078125 0.271973
1 0.527244 0.214694 0.126603 0.10006 0.253174
1 0.488782 0.782452 0.0961538 0.0793269 0.5
1 0.582933 0.561298 0.121795 0.0889423 0.482422
1 0.460337 0.679087 0.104167 0.0841346 0.449463
1 0.457131 0.427284 0.0929487 0.0775241 0.417725
1 0.377003 0.366286 0.0809295 0.0715144 0.374756
0 0.559295 0.281776 0.036859 0.0566406 0.327637
1 0.560897 0.679688 0.104167 0.079327 0.309814
1 0.407752 0.602163 0.1252 0.0841346 0.263672
1 0.492788 0.783654 0.0897436 0.0745192 0.520508
1 0.464343 0.68149 0.0977564 0.0841346 0.403564
1 0.459936 0.424579 0.0833333 0.0679087 0.393311
1 0.378606 0.366887 0.0713141 0.0594952 0.386719
1 0.377804 0.440204 0.0985577 0.078726 0.352295
1 0.561699 0.283654 0.0304487 0.046875 0.32251
1 0.586939 0.561899 0.110577 0.0961539 0.284668
1 0.457532 0.432091 0.0897436 0.0709135 0.549805
1 0.490385 0.785457 0.0953526 0.078125 0.547852
1 0.461538 0.682091 0.099359 0.0829327 0.470703
1 0.374199 0.44351 0.101763 0.0817308 0.414795
1 0.379006 0.373798 0.0825321 0.0637019 0.412109
1 0.561699 0.692308 0.104167 0.0913461 0.361084
1 0.527244 0.210337 0.125801 0.09375 0.309082
1 0.584135 0.564002 0.113782 0.0895433 0.303223
1 0.405449 0.603365 0.124199 0.0949519 0.274414
1 0.463141 0.677885 0.0977564 0.0769231 0.385742
1 0.379407 0.364784 0.0793269 0.0600961 0.291748
1 0.490385 0.779447 0.0945513 0.0745192 0.291016
1 0.457532 0.42488 0.0977564 0.0709135 0.283691
1 0.490385 0.783654 0.0985577 0.0769231 0.655762
1 0.455929 0.427885 0.0873397 0.0661058 0.641602
1 0.46234 0.680288 0.099359 0.0817308 0.628906
1 0.369792 0.44351 0.101763 0.0745192 0.505859
1 0.406651 0.603966 0.127404 0.0745192 0.498047
1 0.376202 0.367788 0.0817308 0.063101 0.492188
1 0.560897 0.677885 0.102564 0.0709135 0.490234
1 0.584135 0.560998 0.11859 0.0919471 0.458008
1 0.527244 0.205529 0.126603 0.101563 0.440674
1 0.560096 0.286058 0.0352564 0.0540866 0.346924
1 0.464744 0.68149 0.099359 0.0793269 0.633301
1 0.493189 0.780649 0.0889423 0.0757211 0.595703
1 0.455929 0.426983 0.0801282 0.0606971 0.457031
1 0.410357 0.598558 0.136018 0.0841346 0.438721
1 0.560096 0.675481 0.103365 0.0721154 0.397949
1 0.528045 0.207332 0.123397 0.094351 0.348633
1 0.376502 0.367188 0.0739183 0.0612981 0.342529
1 0.3749 0.442007 0.101162 0.0793269 0.310791
1 0.585337 0.562199 0.113782 0.0895433 0.290283
1 0.461138 0.682091 0.104968 0.0757212 0.477539
1 0.491987 0.784856 0.100962 0.0769231 0.437744
1 0.45633 0.429688 0.0961538 0.0673077 0.42334
1 0.411058 0.600361 0.125 0.0805288 0.306641
1 0.585737 0.563702 0.117788 0.0877404 0.30249
1 0.378606 0.36869 0.0809295 0.063101 0.297363
1 0.46274 0.680889 0.099359 0.0841346 0.542969
1 0.583333 0.563702 0.11859 0.0889423 0.530273
1 0.490385 0.783053 0.0865384 0.0745192 0.486328
1 0.459135 0.427584 0.0849359 0.0667067 0.343262
1 0.375801 0.368389 0.0705128 0.0625 0.309082
1 0.563702 0.684495 0.101763 0.0829327 0.309082
1 0.40615 0.600962 0.1252 0.0841346 0.305664
1 0.561699 0.284555 0.0352564 0.0534856 0.299072
1 0.461138 0.680889 0.104167 0.0829327 0.44458
1 0.491186 0.780048 0.099359 0.0817307 0.414795
1 0.375701 0.367188 0.0771234 0.0600962 0.40918
1 0.374099 0.44351 0.093149 0.0793269 0.385742
1 0.45633 0.428486 0.0889423 0.0709135 0.345947
1 0.584936 0.564303 0.11859 0.0925481 0.345215
1 0.407051 0.599159 0.136218 0.0829327 0.332764
1 0.563301 0.679087 0.102564 0.0793269 0.271973
1 0.562099 0.284255 0.0360577 0.0552885 0.268066
1 0.46234 0.679087 0.107372 0.0901442 0.641602
1 0.491987 0.78125 0.104167 0.0841346 0.494141
1 0.584135 0.561298 0.121795 0.0949519 0.439697
1 0.457532 0.427885 0.088141 0.0757212 0.364746
1 0.378205 0.366587 0.0825321 0.0612981 0.328613
1 0.561298 0.283654 0.0344551 0.0600961 0.325195
1 0.491987 0.781851 0.0921474 0.0733173 0.621582
1 0.46234 0.679087 0.102564 0.0793269 0.59082
1 0.455929 0.426382 0.0873397 0.0679087 0.469727
1 0.376202 0.368389 0.0785256 0.0600961 0.417725
1 0.584936 0.561298 0.11859 0.0865385 0.369385
1 0.406651 0.598558 0.13141 0.0793269 0.337158
1 0.559695 0.679087 0.0977564 0.0721154 0.326904
1 0.562099 0.284555 0.0344551 0.0534856 0.312256
1 0.372196 0.442007 0.104968 0.0823317 0.300781
1 0.528846 0.205228 0.133013 0.09375 0.2854
1 0.492388 0.786058 0.09375 0.0853365 0.508789
1 0.461538 0.683894 0.0953526 0.079327 0.499023
1 0.583333 0.566707 0.110577 0.0853365 0.416748
1 0.455929 0.429387 0.0833333 0.0679086 0.378418
1 0.405349 0.604567 0.120393 0.0793269 0.355713
1 0.371795 0.443209 0.088141 0.0763221 0.336426
1 0.378105 0.368389 0.0723157 0.0576923 0.317383
1 0.560096 0.682692 0.100962 0.0793269 0.304932
1 0.561699 0.286734 0.0384615 0.0503305 0.252441
1 0.495593 0.78125 0.0905449 0.0721154 0.547852
1 0.457532 0.425481 0.088141 0.0673077 0.477539
1 0.466747 0.679688 0.105769 0.0817308 0.470703
1 0.378205 0.365385 0.0785257 0.0625 0.406494
1 0.585337 0.560697 0.121795 0.0877404 0.396973
1 0.407051 0.598558 0.13141 0.0841346 0.364746
1 0.559295 0.284931 0.0400641 0.0551382 0.347656
1 0.565705 0.676683 0.100962 0.0745192 0.325928
1 0.378205 0.441707 0.101763 0.0805288 0.305664
1 0.46274 0.68149 0.100962 0.0805288 0.594727
1 0.491987 0.78726 0.0929487 0.0769231 0.57666
1 0.454327 0.427284 0.0865384 0.0685096 0.542969
1 0.586138 0.5625 0.116186 0.0865385 0.449463
1 0.374599 0.444111 0.100962 0.078125 0.414795
1 0.560897 0.683894 0.0977564 0.0817308 0.408203
1 0.377504 0.367188 0.0783253 0.0637019 0.373779
1 0.414964 0.600962 0.141226 0.0877404 0.310791
1 0.529247 0.209135 0.125801 0.0973558 0.269043
1 0.560096 0.283654 0.0400641 0.0552885 0.259766
1 0.491987 0.784255 0.0929487 0.0757212 0.513672
1 0.46274 0.680288 0.099359 0.079327 0.509766
1 0.453526 0.428486 0.0913462 0.0709135 0.387695
1 0.406651 0.599159 0.129006 0.0793269 0.346924
1 0.584535 0.5625 0.120994 0.0865385 0.32251
1 0.562099 0.680288 0.0977564 0.0745192 0.306641
1 0.377404 0.369892 0.0753205 0.0600962 0.296631
1 0.526442 0.206731 0.125 0.0979567 0.284668
1 0.561298 0.285532 0.0376602 0.0527344 0.269043
1 0.495192 0.783654 0.0921474 0.0769231 0.480469
1 0.461538 0.682692 0.099359 0.0817308 0.458984
1 0.456731 0.427284 0.0833333 0.0655048 0.389648
1 0.566506 0.679087 0.0945513 0.0769231 0.361084
1 0.379006 0.36869 0.0801282 0.063101 0.281494
1 0.560096 0.285382 0.0400641 0.0542368 0.268066
1 0.464744 0.683894 0.0961538 0.0805289 0.611328
1 0.49359 0.784856 0.0929487 0.0793269 0.580566
1 0.456731 0.427885 0.0817308 0.0649038 0.515625
1 0.379107 0.369291 0.0751202 0.0600962 0.472656
1 0.584135 0.566106 0.120192 0.0889423 0.425293
1 0.565705 0.6875 0.100962 0.0889423 0.422607
1 0.408554 0.602764 0.134816 0.0841346 0.39502
1 0.559295 0.285457 0.0384615 0.0516827 0.357666
1 0.492788 0.78726 0.10016 0.0757212 0.548828
1 0.455128 0.427584 0.0897436 0.0649038 0.503906
1 0.378205 0.370793 0.0777244 0.0582933 0.445557
1 0.463942 0.68149 0.102564 0.0841346 0.436768
1 0.373397 0.442308 0.103365 0.0793269 0.405518
1 0.560497 0.285757 0.0328526 0.0522837 0.346924
1 0.456731 0.426382 0.0873397 0.063101 0.50293
1 0.463942 0.679688 0.0977564 0.0805289 0.496094
1 0.49359 0.783053 0.099359 0.078125 0.470703
1 0.58734 0.563101 0.11859 0.092548 0.385742
1 0.379006 0.368389 0.0785256 0.0582933 0.380371
1 0.413862 0.59976 0.137821 0.0925481 0.338867
1 0.560897 0.285457 0.0400641 0.0522837 0.337158
1 0.564904 0.680288 0.104167 0.079327 0.309814
1 0.460737 0.686298 0.102564 0.0865385 0.583008
1 0.453926 0.429087 0.0913462 0.0691106 0.529297
1 0.490385 0.78726 0.101763 0.0817308 0.523438
1 0.376703 0.36899 0.0783253 0.0594952 0.514648
1 0.409054 0.604567 0.136218 0.0913461 0.371094
1 0.372696 0.444712 0.105569 0.078125 0.343262
1 0.561699 0.286659 0.0416667 0.0558894 0.341553
1 0.584936 0.563702 0.121795 0.0961538 0.268066
1 0.457131 0.429087 0.0873398 0.0673077 0.49707
1 0.491186 0.784255 0.0977564 0.0817308 0.49707
1 0.378305 0.367788 0.0799279 0.0600962 0.424316
1 0.463141 0.68149 0.099359 0.0841346 0.414062
1 0.373397 0.44351 0.104167 0.0799279 0.374756
1 0.560897 0.285757 0.0360577 0.0516827 0.32251
1 0.410256 0.599159 0.128205 0.0901442 0.294922
1 0.561699 0.680288 0.100962 0.0817308 0.263672
1 0.461138 0.682692 0.0977564 0.0793269 0.582031
1 0.492788 0.784856 0.0961538 0.0805289 0.554688
1 0.455529 0.428786 0.0905449 0.0655048 0.537109
1 0.585337 0.562199 0.11859 0.093149 0.5
1 0.372997 0.444712 0.0897436 0.0793269 0.484375
1 0.377804 0.368089 0.0769231 0.0570913 0.44458
1 0.561699 0.683293 0.102564 0.078125 0.425293
1 0.411058 0.602013 0.134615 0.0868389 0.380371
1 0.5625 0.285757 0.0360577 0.0516827 0.349609
1 0.528045 0.206881 0.128205 0.0982572 0.337158
1 0.461538 0.680288 0.099359 0.079327 0.53418
1 0.489583 0.782452 0.0977564 0.0793269 0.519531
1 0.455128 0.426683 0.0961538 0.0697116 0.436768
1 0.372195 0.442308 0.103365 0.0793269 0.374756
1 0.376202 0.366587 0.0809295 0.0637019 0.358398
1 0.560897 0.283954 0.0384615 0.0552885 0.320801
1 0.407853 0.59976 0.133013 0.0913462 0.263672
1 0.461538 0.679087 0.099359 0.0793269 0.539062
1 0.490785 0.779447 0.0985577 0.078125 0.535156
1 0.458734 0.425481 0.0889423 0.0685096 0.484375
1 0.375 0.441106 0.09375 0.078125 0.425293
1 0.561298 0.282151 0.0392628 0.0540866 0.373047
1 0.378205 0.365986 0.0785257 0.0637019 0.359375
1 0.566506 0.679087 0.100962 0.0817308 0.330322
1 0.410657 0.597356 0.135417 0.0865385 0.311523
1 0.585337 0.561298 0.120994 0.09375 0.255371
1 0.463141 0.682091 0.103365 0.0829327 0.631836
1 0.49359 0.783654 0.099359 0.0841346 0.600098
1 0.457131 0.426082 0.0889423 0.0685096 0.562012
1 0.377404 0.367188 0.0777243 0.0625 0.490234
1 0.376603 0.441707 0.0969551 0.0793269 0.432129
1 0.560897 0.286358 0.0400641 0.0558894 0.336426
1 0.408654 0.598407 0.141026 0.0916466 0.325928
1 0.565705 0.686298 0.108974 0.0913462 0.269775
1 0.490785 0.783654 0.103365 0.0817307 0.550781
1 0.463141 0.682091 0.105769 0.0853366 0.542969
1 0.457131 0.427885 0.09375 0.0697115 0.431152
1 0.379006 0.366587 0.0785256 0.0612981 0.421631
1 0.561298 0.286058 0.0328525 0.0546875 0.396973
1 0.3751 0.442909 0.0975561 0.0769231 0.385742
1 0.411859 0.602163 0.133013 0.0877404 0.331055
1 0.563301 0.679688 0.105769 0.079327 0.313965
1 0.459135 0.68149 0.0977564 0.0829327 0.548828
1 0.487179 0.782452 0.0945513 0.0793269 0.530273
1 0.452724 0.42488 0.0897436 0.0673077 0.453369
1 0.371394 0.441707 0.0929487 0.0769231 0.419678
1 0.376603 0.367188 0.0793269 0.0612981 0.39502
1 0.560497 0.285457 0.0384615 0.0546875 0.300781
1 0.586538 0.559195 0.116987 0.0919471 0.273682
1 0.410357 0.598708 0.13121 0.086238 0.270508
1 0.486378 0.784856 0.10016 0.0817308 0.513672
1 0.46234 0.68149 0.102564 0.0865385 0.508789
1 0.454327 0.427584 0.088141 0.0715144 0.430176
1 0.374199 0.444111 0.0929487 0.0745192 0.376709
1 0.377804 0.368389 0.0761218 0.0582933 0.370117
1 0.559295 0.286058 0.0384615 0.0540866 0.305664
1 0.583333 0.564603 0.123397 0.0919471 0.26123
1 0.487981 0.784856 0.0961538 0.0769231 0.49707
1 0.455128 0.426082 0.0865384 0.0649038 0.439697
1 0.372496 0.439904 0.093149 0.0763221 0.434082
1 0.378205 0.367188 0.0753205 0.0612981 0.416748
1 0.460337 0.679688 0.0977564 0.0865385 0.377441
1 0.559695 0.284555 0.0360577 0.0546875 0.343262
1 0.460737 0.680288 0.0977564 0.0829327 0.649414
1 0.48758 0.778846 0.0969551 0.0817308 0.560059
1 0.453526 0.426983 0.0945513 0.0703125 0.518555
1 0.377003 0.367188 0.0817308 0.0625 0.483398
1 0.373397 0.441406 0.100962 0.0823317 0.457031
1 0.583333 0.560096 0.11859 0.0961538 0.430176
1 0.404247 0.599609 0.129006 0.0868389 0.357666
1 0.560096 0.679688 0.105769 0.0841346 0.33374
1 0.560897 0.284856 0.0416667 0.0540865 0.327637
1 0.459936 0.68149 0.102564 0.0817308 0.451416
1 0.455128 0.426683 0.088141 0.0649038 0.434082
1 0.491186 0.783654 0.0929487 0.0805288 0.422607
1 0.378205 0.367788 0.0825321 0.0625 0.394287
1 0.375 0.442007 0.0969551 0.0769231 0.342529
1 0.410256 0.599159 0.126603 0.0853366 0.33374
1 0.560096 0.284555 0.0392628 0.0552885 0.306641
1 0.560897 0.675481 0.102564 0.0697116 0.286133
1 0.490385 0.783654 0.0873397 0.0769231 0.556641
1 0.46274 0.680288 0.10016 0.0841346 0.451416
1 0.455529 0.42518 0.0865384 0.0655048 0.417725
1 0.377304 0.366587 0.0771234 0.0637019 0.393311
1 0.560096 0.286659 0.036859 0.0540866 0.366699
1 0.376603 0.439904 0.100962 0.0793269 0.325195
1 0.490385 0.783654 0.0961538 0.0817307 0.525391
1 0.463141 0.68149 0.10016 0.0817308 0.520508
1 0.457933 0.427284 0.0905449 0.0673077 0.518555
1 0.378305 0.366587 0.0815304 0.0649039 0.405518
1 0.560096 0.286133 0.0384615 0.0575421 0.366699
1 0.563301 0.675481 0.105769 0.0721154 0.364746
1 0.410256 0.59976 0.134615 0.0877404 0.312256
1 0.586939 0.564303 0.120192 0.0949519 0.282227
1 0.374199 0.442308 0.0977564 0.0769231 0.260498
1 0.487981 0.784856 0.0945513 0.0769231 0.552734
1 0.461538 0.68149 0.10016 0.0817308 0.488281
1 0.453926 0.425481 0.0897436 0.0667067 0.443604
1 0.374599 0.440505 0.0945513 0.0769231 0.396973
1 0.376202 0.367188 0.0793269 0.0612981 0.394287
1 0.559295 0.286959 0.036859 0.0522837 0.345215
1 0.410657 0.597356 0.129808 0.0841346 0.274414
1 0.491186 0.784255 0.100962 0.0805288 0.587891
1 0.46234 0.68149 0.099359 0.0817308 0.538086
1 0.457131 0.426683 0.0905448 0.0655048 0.499023
1 0.379407 0.367788 0.0809295 0.0612981 0.443604
1 0.375 0.442007 0.099359 0.0817307 0.367432
1 0.560897 0.284856 0.036859 0.0522837 0.353027
1 0.563301 0.685096 0.104167 0.0817308 0.289307
1 0.408554 0.600361 0.139623 0.0913461 0.269043
1 0.492788 0.784856 0.099359 0.0793269 0.556641
1 0.463942 0.680288 0.102564 0.0841346 0.53125
1 0.456731 0.427284 0.0929487 0.0697116 0.512695
1 0.378305 0.369591 0.0767227 0.063101 0.433105
1 0.374199 0.441707 0.0961538 0.0811298 0.363037
1 0.562099 0.285156 0.0400641 0.0534856 0.332764
1 0.408253 0.599159 0.130609 0.0865385 0.323486
1 0.564904 0.685096 0.108974 0.0817308 0.299072
1 0.585737 0.564603 0.11859 0.0919471 0.268066
1 0.460737 0.679087 0.10016 0.0841346 0.533203
1 0.487981 0.781851 0.0897436 0.0757211 0.506836
1 0.455128 0.42488 0.0841346 0.0673077 0.47168
1 0.377404 0.367788 0.0769231 0.0582933 0.401611
1 0.374099 0.440505 0.0963542 0.0793269 0.343262
1 0.561699 0.286959 0.0384615 0.0498798 0.303955
1 0.561298 0.675481 0.0961538 0.0673077 0.286133
1 0.407452 0.597506 0.128205 0.086238 0.27832
1 0.461538 0.680288 0.0977564 0.079327 0.552734
1 0.488782 0.783654 0.0929487 0.0805288 0.488281
1 0.455929 0.427885 0.088141 0.0673077 0.451416
1 0.379808 0.370493 0.0777243 0.0588942 0.400635
1 0.374599 0.441707 0.0953526 0.0769231 0.362061
1 0.560897 0.286058 0.0416667 0.0552885 0.294922
1 0.46274 0.680288 0.100962 0.0817308 0.615234
1 0.488782 0.784856 0.0961538 0.078125 0.561035
1 0.453125 0.429087 0.0913462 0.0697116 0.466797
1 0.378606 0.369892 0.0745192 0.0582933 0.435791
1 0.407452 0.59991 0.128205 0.0886418 0.332764
1 0.561699 0.285757 0.0400641 0.0528846 0.313232
1 0.373397 0.442308 0.0977564 0.078726 0.29248
1 0.563702 0.679087 0.107372 0.0769231 0.253906
1 0.46234 0.680288 0.0977564 0.079327 0.638672
1 0.490385 0.781851 0.0905449 0.0781249 0.574707
1 0.454728 0.426382 0.0889423 0.0661057 0.429199
1 0.377504 0.368389 0.0783253 0.0606971 0.420654
1 0.410657 0.597506 0.127404 0.086238 0.347656
1 0.564103 0.676683 0.104167 0.0673077 0.325928
1 0.5625 0.286133 0.0408654 0.0515324 0.304932
1 0.490385 0.784856 0.099359 0.0805289 0.524414
1 0.46234 0.682091 0.102564 0.0817307 0.490234
1 0.455128 0.427284 0.0913462 0.0673077 0.419678
1 0.378305 0.368389 0.0783253 0.0606971 0.405518
1 0.561298 0.285156 0.0416667 0.0522837 0.303223
1 0.489583 0.782452 0.0905449 0.078125 0.575684
1 0.463141 0.68149 0.0969551 0.0769231 0.546875
1 0.371795 0.442909 0.0969551 0.078125 0.453369
1 0.455128 0.427885 0.0897436 0.0661058 0.435791
1 0.378105 0.36899 0.0771234 0.0588942 0.427246
1 0.560897 0.285757 0.0376603 0.0522837 0.313232
1 0.409455 0.599159 0.13141 0.0865385 0.291016
1 0.489583 0.783654 0.0929487 0.0793269 0.614258
1 0.461538 0.682692 0.0977564 0.0769231 0.556641
1 0.379006 0.370192 0.0785256 0.0588942 0.520508
1 0.455128 0.429387 0.0897436 0.0673077 0.501953
1 0.409856 0.601562 0.13141 0.0817308 0.486328
1 0.372997 0.442007 0.0969551 0.0799279 0.386719
1 0.560497 0.286734 0.0432692 0.0551382 0.332764
1 0.489984 0.783654 0.0921474 0.0793269 0.59375
1 0.46234 0.68149 0.0953525 0.0817308 0.589844
1 0.379808 0.36899 0.0745192 0.0588942 0.457031
1 0.454327 0.428486 0.088141 0.0733173 0.398926
1 0.410156 0.601562 0.136418 0.0913461 0.357666
1 0.374199 0.439904 0.0985577 0.0829327 0.327637
1 0.559295 0.286058 0.0416667 0.0552885 0.313965
1 0.490385 0.786058 0.0945513 0.079327 0.613281
1 0.46234 0.68149 0.100962 0.0793269 0.602051
1 0.455929 0.429087 0.0913462 0.0691106 0.533203
1 0.41226 0.600811 0.137821 0.0820313 0.510742
1 0.377804 0.369591 0.0793269 0.0612981 0.477539
1 0.373397 0.440505 0.0961538 0.0769231 0.394287
1 0.559295 0.286959 0.0448718 0.0546875 0.294189
1 0.563301 0.68149 0.105769 0.0793269 0.250977
1 0.463942 0.682091 0.0977564 0.0805288 0.642578
1 0.49359 0.786058 0.0945513 0.0829327 0.596191
1 0.454728 0.43149 0.0857371 0.0679086 0.480469
1 0.378105 0.371995 0.0755208 0.0588942 0.430176
1 0.375801 0.444111 0.099359 0.0805288 0.375732
1 0.410256 0.600361 0.133814 0.0829327 0.332764
1 0.560096 0.286959 0.0416667 0.0546875 0.325195
1 0.565304 0.6875 0.10016 0.0889423 0.303223
1 0.465144 0.682692 0.0945513 0.0769231 0.548828
1 0.49359 0.784856 0.0913462 0.0793269 0.520508
1 0.380609 0.371995 0.0769231 0.0588942 0.439697
1 0.457532 0.43119 0.0849359 0.0661058 0.437744
1 0.377003 0.44351 0.100962 0.0793269 0.415771
1 0.559295 0.286058 0.0400641 0.0522836 0.284668
1 0.46234 0.682692 0.099359 0.0793269 0.544922
1 0.491186 0.784856 0.0913462 0.0793269 0.507812
1 0.455128 0.430288 0.088141 0.0679087 0.476562
1 0.379006 0.370192 0.0769231 0.0612981 0.42334
1 0.407452 0.602163 0.132212 0.0865385 0.405518
1 0.373397 0.445913 0.101763 0.0799279 0.318359
1 0.560897 0.286058 0.0416667 0.0546875 0.289307
1 0.488782 0.781851 0.0977564 0.076923 0.564941
1 0.459936 0.679087 0.102564 0.0829327 0.562012
1 0.452724 0.427584 0.0913462 0.0673077 0.541016
1 0.377003 0.367788 0.0777243 0.0600962 0.510742
1 0.407752 0.599159 0.131611 0.0853366 0.387695
1 0.371795 0.440505 0.101763 0.0793269 0.358398
1 0.559695 0.285757 0.0432692 0.0558894 0.341553
1 0.562099 0.676082 0.104167 0.0781249 0.275146
1 0.455128 0.427885 0.0865384 0.0637019 0.53418
1 0.460737 0.680889 0.099359 0.0769231 0.526367
1 0.489583 0.783654 0.0913462 0.0745192 0.5
1 0.378606 0.370192 0.0745192 0.0576923 0.415771
1 0.372195 0.441707 0.0993589 0.0805288 0.362061
1 0.408754 0.598558 0.134415 0.0841346 0.317383
1 0.564103 0.680288 0.102564 0.0709135 0.297363
1 0.559695 0.286358 0.0440705 0.0546875 0.294922
1 0.46234 0.680889 0.0977564 0.078125 0.558105
1 0.491186 0.783053 0.0897436 0.0757211 0.544922
1 0.45633 0.427284 0.0873397 0.0637019 0.492188
1 0.378606 0.369591 0.0761218 0.0576923 0.452393
1 0.375801 0.442308 0.0945513 0.0757212 0.413086
1 0.559295 0.285457 0.0384615 0.0528846 0.341553
1 0.41266 0.59976 0.123397 0.0829327 0.331055
0 0.527244 0.208834 0.128205 0.0979567 0.685059
1 0.491186 0.783053 0.0913462 0.078125 0.626953
1 0.46234 0.68149 0.0985577 0.0769231 0.567871
1 0.455529 0.427284 0.0873397 0.0649039 0.557129
1 0.379006 0.36899 0.0769231 0.0582933 0.434082
1 0.410256 0.600962 0.134615 0.0841346 0.422607
1 0.372696 0.446514 0.0975561 0.0793269 0.376709
1 0.559695 0.286133 0.0416667 0.0539363 0.301514
1 0.563301 0.682692 0.103365 0.0769231 0.299805
1 0.46234 0.680288 0.099359 0.079327 0.712891
1 0.489583 0.781851 0.0913462 0.0757211 0.681641
1 0.455128 0.426683 0.0865384 0.0661058 0.556641
1 0.377304 0.366587 0.0771234 0.0600961 0.479492
1 0.372997 0.441106 0.100962 0.0793269 0.40918
0 0.527644 0.207181 0.130609 0.102764 0.400635
1 0.407853 0.599159 0.132212 0.0829327 0.396973
1 0.559695 0.285382 0.0400641 0.0542368 0.371094
1 0.461538 0.680288 0.0985577 0.0817308 0.609375
1 0.489583 0.782452 0.09375 0.0793269 0.57373
1 0.455929 0.428486 0.0913462 0.0685096 0.514648
1 0.375 0.44351 0.099359 0.0829327 0.438721
1 0.379107 0.36869 0.0783253 0.0612981 0.419678
1 0.407051 0.598558 0.133013 0.0853366 0.404541
1 0.564904 0.68149 0.105769 0.0817308 0.332764
1 0.560096 0.28726 0.0432692 0.0552885 0.265137
1 0.461538 0.68149 0.0985577 0.0793269 0.563965
1 0.488782 0.78125 0.0961538 0.0793269 0.537109
1 0.375401 0.442909 0.099359 0.0805289 0.532227
1 0.455929 0.427284 0.0889423 0.0661058 0.521484
1 0.413462 0.598558 0.126603 0.0829327 0.446533
1 0.378906 0.367188 0.0771234 0.0588942 0.38501
0 0.528846 0.205829 0.130609 0.100962 0.377441
1 0.565304 0.677885 0.102564 0.0721154 0.367432
1 0.560497 0.286659 0.0432692 0.0552885 0.32251
1 0.488782 0.782452 0.0945513 0.076923 0.634277
1 0.46234 0.680288 0.099359 0.076923 0.623535
0 0.52484 0.205529 0.128205 0.0961538 0.592773
1 0.377804 0.367788 0.0785257 0.0612981 0.472656
1 0.411458 0.598558 0.125801 0.0805289 0.472656
1 0.454327 0.428486 0.0897436 0.0709135 0.467773
1 0.373498 0.447115 0.0959535 0.078125 0.331055
1 0.559295 0.286358 0.0432692 0.0540866 0.319092
1 0.564904 0.680288 0.105769 0.076923 0.252441
1 0.488782 0.784255 0.0913462 0.0793269 0.640625
1 0.46234 0.68149 0.099359 0.0793269 0.616699
1 0.455128 0.429087 0.0897436 0.0679086 0.486328
1 0.377504 0.36899 0.0815304 0.0625 0.478516
1 0.41226 0.59991 0.129006 0.0838342 0.403564
1 0.371795 0.442909 0.0977564 0.0829327 0.35498
1 0.560096 0.28726 0.0432692 0.0552885 0.351318
1 0.490385 0.784255 0.0929487 0.0793269 0.629883
1 0.463141 0.68149 0.102564 0.0805288 0.59375
1 0.455929 0.428486 0.0905449 0.0691106 0.504883
1 0.411458 0.59991 0.130609 0.086238 0.498047
1 0.378606 0.367788 0.0801282 0.0612981 0.470703
1 0.373798 0.444111 0.0977564 0.078726 0.413086
1 0.565705 0.68149 0.105769 0.0793269 0.360352
1 0.561298 0.28756 0.0432692 0.0546875 0.320801
1 0.48758 0.784856 0.0929487 0.0793269 0.59375
1 0.460737 0.68149 0.10016 0.0793269 0.554688
1 0.453926 0.426983 0.0921474 0.0679086 0.530273
1 0.377504 0.368389 0.0783253 0.0588942 0.451416
1 0.40625 0.600962 0.136218 0.0901442 0.397949
1 0.372195 0.444111 0.0977564 0.0769231 0.364746
1 0.562901 0.685096 0.106571 0.0829327 0.344238
1 0.560897 0.286959 0.0416667 0.0570913 0.33374
1 0.487179 0.782452 0.0945513 0.0793269 0.554688
1 0.455128 0.427885 0.0889423 0.0685096 0.479492
1 0.461538 0.680288 0.0977564 0.079327 0.477539
1 0.407953 0.597356 0.13121 0.0865385 0.428223
1 0.378205 0.368389 0.0793269 0.0594952 0.425293
0 0.525641 0.20613 0.129808 0.102163 0.35498
1 0.371795 0.442308 0.0985577 0.0817308 0.327637
1 0.560497 0.286659 0.042468 0.0576923 0.311523
1 0.5625 0.679087 0.104167 0.0745192 0.290283
1 0.491587 0.783053 0.0929487 0.0769231 0.560059
1 0.463542 0.677885 0.10016 0.0841346 0.552734
1 0.379006 0.366587 0.0801282 0.0612981 0.44751
1 0.45633 0.426983 0.0945513 0.0763221 0.402588
1 0.374599 0.442308 0.0977564 0.078726 0.380371
0 0.527244 0.207332 0.132212 0.0979567 0.373047
1 0.560497 0.285983 0.0416666 0.0566406 0.311523
1 0.413462 0.597506 0.125 0.0838341 0.311523
1 0.488782 0.783053 0.0929487 0.0769231 0.65918
1 0.461538 0.679087 0.100962 0.0793269 0.631836
1 0.454728 0.426683 0.088141 0.0661058 0.611328
1 0.373397 0.442608 0.0969551 0.0775241 0.504883
1 0.377804 0.368389 0.0793269 0.0576923 0.5
1 0.413862 0.597957 0.122596 0.0829327 0.453369
1 0.558494 0.286959 0.0424679 0.0570913 0.325928
1 0.564503 0.683894 0.0977564 0.0745192 0.307373
1 0.490385 0.782452 0.0921474 0.0745192 0.65332
1 0.463141 0.678486 0.099359 0.078125 0.624512
1 0.379407 0.367488 0.0809295 0.0612981 0.537109
1 0.456731 0.425481 0.088141 0.0661058 0.5
1 0.413462 0.596154 0.125 0.0805288 0.398926
1 0.375401 0.441106 0.0969551 0.0769231 0.373779
1 0.560497 0.285983 0.0416666 0.0554387 0.345947
1 0.490385 0.783053 0.0929487 0.0769231 0.620605
1 0.46274 0.677885 0.10016 0.0793269 0.560059
0 0.526442 0.207332 0.133013 0.102163 0.535156
1 0.378606 0.370192 0.0825321 0.0600961 0.535156
1 0.455529 0.428185 0.0953526 0.0751202 0.464844
1 0.560096 0.285757 0.0416667 0.0570913 0.391357
1 0.409355 0.59976 0.131611 0.0901442 0.391357
1 0.3749 0.442308 0.0963542 0.0793269 0.376709
1 0.489583 0.783654 0.0929487 0.0769231 0.65918
1 0.461538 0.679087 0.100962 0.0793269 0.625
1 0.378606 0.370192 0.0833333 0.0600961 0.583984
1 0.455128 0.427584 0.0913462 0.0667067 0.513672
1 0.560096 0.286584 0.0400641 0.0566406 0.434082
1 0.411058 0.597957 0.123397 0.0829327 0.414795
1 0.373397 0.44351 0.10016 0.0817308 0.39502
0 0.52524 0.20628 0.130609 0.101262 0.373779
1 0.488782 0.782452 0.0913462 0.0745192 0.700195
1 0.378105 0.369591 0.0819311 0.0588942 0.663574
1 0.46234 0.676683 0.0985577 0.0793269 0.649414
1 0.410657 0.598558 0.123397 0.0805289 0.567871
1 0.453926 0.427284 0.0913462 0.0673077 0.548828
1 0.372997 0.443209 0.099359 0.0829327 0.510742
1 0.559695 0.286058 0.0408654 0.0576923 0.487305
0 0.52484 0.204928 0.128205 0.0973558 0.42627
1 0.5625 0.682692 0.102564 0.0793269 0.293457
1 0.488782 0.784856 0.0945513 0.078125 0.625977
1 0.46234 0.679087 0.10016 0.0793269 0.589844
1 0.379407 0.370493 0.0817308 0.0594952 0.547852
1 0.455128 0.428486 0.0913462 0.0673077 0.520508
1 0.411859 0.59976 0.125 0.0817307 0.473633
1 0.559695 0.285457 0.0408654 0.0564904 0.435059
1 0.373397 0.442909 0.101763 0.0829327 0.390381
1 0.487981 0.784255 0.0929487 0.0793269 0.731934
1 0.461538 0.679087 0.099359 0.0793269 0.681641
1 0.377804 0.36899 0.0809295 0.0588942 0.635254
1 0.454327 0.427284 0.0905448 0.0685096 0.580566
1 0.411058 0.599159 0.125 0.0829327 0.564941
1 0.372596 0.441707 0.10016 0.0793269 0.499023
1 0.560096 0.284555 0.0416667 0.0558894 0.490234
1 0.563301 0.686298 0.105769 0.0853366 0.263672
0 0.525641 0.203726 0.129808 0.0991587 0.255371
1 0.488381 0.786058 0.0929487 0.079327 0.688477
1 0.461939 0.68149 0.10016 0.0769231 0.661133
1 0.378606 0.370192 0.0793269 0.0576923 0.604004
1 0.455128 0.429387 0.0897436 0.0673077 0.548828
1 0.411458 0.602163 0.125801 0.0805289 0.512695
1 0.373397 0.444411 0.0985577 0.0805288 0.480469
1 0.560096 0.286058 0.0400641 0.0558894 0.436768
1 0.563702 0.688101 0.104167 0.0841346 0.299072
1 0.461939 0.677885 0.10016 0.0817307 0.713867
1 0.488782 0.784255 0.0929487 0.0769231 0.705566
1 0.377804 0.368389 0.0809295 0.0576923 0.616699
1 0.455128 0.427885 0.0897436 0.0673077 0.599121
1 0.372496 0.442608 0.0979567 0.0817308 0.52832
1 0.411058 0.599609 0.126603 0.0796274 0.5
1 0.559695 0.285457 0.0400641 0.0552885 0.470703
1 0.563301 0.683894 0.104167 0.0805289 0.309082
1 0.489984 0.783654 0.0929487 0.0769231 0.712402
1 0.463141 0.678486 0.100962 0.0829327 0.674805
1 0.378205 0.368389 0.0793269 0.0588942 0.619629
1 0.455529 0.428185 0.0889423 0.0673077 0.615234
1 0.411859 0.59991 0.125 0.0814302 0.490234
1 0.560096 0.285156 0.0416667 0.0558894 0.481445
1 0.373397 0.442909 0.0969551 0.0805289 0.481445
1 0.563702 0.680288 0.102564 0.0745192 0.287842
1 0.489583 0.783654 0.0921474 0.0769231 0.725098
1 0.463141 0.679087 0.0977564 0.0817308 0.704102
1 0.378606 0.36899 0.0793269 0.0588942 0.666992
1 0.455929 0.428486 0.0889423 0.0661058 0.633301
1 0.411458 0.600962 0.123397 0.0793269 0.521484
1 0.560497 0.285156 0.0416666 0.0564904 0.492188
1 0.372596 0.44351 0.0977564 0.0805288 0.486328
1 0.563301 0.683894 0.104968 0.0817308 0.32251
1 0.489183 0.784856 0.09375 0.0793269 0.712891
1 0.463141 0.679688 0.10016 0.0829327 0.70166
1 0.379006 0.369892 0.0817308 0.0594952 0.666992
1 0.455929 0.430288 0.0913462 0.0685096 0.561035
1 0.560897 0.286358 0.0424679 0.0576923 0.5
1 0.411058 0.602163 0.126603 0.0805289 0.463867
1 0.373297 0.44381 0.0995593 0.0823317 0.436768
0 0.52524 0.20613 0.129006 0.102163 0.253906
1 0.463942 0.679087 0.099359 0.0817308 0.725586
1 0.489183 0.783654 0.0929487 0.0769231 0.722656
1 0.379407 0.36899 0.0793269 0.0576923 0.673828
1 0.455929 0.428486 0.088141 0.0661058 0.605957
1 0.560096 0.285757 0.0408654 0.0558894 0.49707
1 0.3749 0.442909 0.0963542 0.0799279 0.478516
1 0.41266 0.600361 0.123397 0.0817308 0.46875
1 0.488381 0.784856 0.0953525 0.0793269 0.73877
1 0.463141 0.679087 0.100962 0.0829327 0.724121
1 0.379006 0.36899 0.0793269 0.0588942 0.695312
1 0.455128 0.429087 0.0897436 0.0673077 0.666992
1 0.374199 0.44351 0.0969551 0.0811298 0.558105
1 0.411058 0.601112 0.125 0.0814303 0.52832
1 0.559695 0.285757 0.0416667 0.0564904 0.495117
1 0.563702 0.688702 0.105769 0.0913461 0.320801
1 0.489183 0.783053 0.0945513 0.0769231 0.722656
1 0.463942 0.677885 0.100962 0.0817307 0.708984
1 0.379407 0.367788 0.0793269 0.0582933 0.67334
1 0.455929 0.426983 0.0897436 0.0667067 0.633301
1 0.411859 0.600962 0.129808 0.0865385 0.538086
1 0.374599 0.441106 0.0969551 0.078125 0.504883
1 0.559695 0.284856 0.0416667 0.0564904 0.499023
0 0.52524 0.203125 0.129006 0.0997596 0.256104
1 0.488782 0.783654 0.0961538 0.078125 0.733398
1 0.463942 0.677885 0.100962 0.0841346 0.725586
1 0.378906 0.369591 0.0787259 0.0588942 0.694336
1 0.455529 0.428486 0.0905449 0.0673077 0.622559
1 0.374599 0.442308 0.0977564 0.0805288 0.542969
1 0.411859 0.600361 0.127404 0.0805288 0.519531
1 0.560096 0.286058 0.0416667 0.0570914 0.511719
1 0.488782 0.783654 0.0961538 0.0793269 0.716797
1 0.463141 0.677885 0.102564 0.0841346 0.705078
1 0.379006 0.36899 0.0801282 0.0594952 0.675781
1 0.455128 0.428486 0.0913462 0.0673077 0.621582
1 0.411158 0.602764 0.132812 0.0877404 0.549805
1 0.373397 0.44381 0.0977564 0.0829327 0.544922
1 0.560096 0.285532 0.0416667 0.0575421 0.491211
1 0.564503 0.689904 0.108173 0.0961538 0.260498
1 0.488782 0.783654 0.0945513 0.0769231 0.712891
1 0.463141 0.677885 0.100962 0.0817307 0.710449
1 0.378606 0.36899 0.0793269 0.0576923 0.677246
1 0.455529 0.428486 0.0905449 0.0661058 0.598145
1 0.411058 0.599609 0.127404 0.0796274 0.518555
1 0.560096 0.285457 0.0408654 0.0570913 0.504883
1 0.374599 0.442007 0.0969551 0.078726 0.490234
1 0.488782 0.784856 0.0945513 0.078125 0.625977
1 0.46234 0.679087 0.099359 0.0793269 0.589844
1 0.379407 0.370493 0.0817308 0.0594952 0.547852
1 0.455128 0.428486 0.0913462 0.0673077 0.520508
1 0.411859 0.59976 0.125 0.0817307 0.473633
1 0.559695 0.285457 0.0408654 0.0564904 0.435059
1 0.373397 0.442909 0.101763 0.0829327 0.390381
