1 0.467147 0.822115 0.0913462 0.0673077 0.494141
1 0.465144 0.91226 0.116186 0.0865385 0.348633
1 0.489183 0.655048 0.0841346 0.0829327 0.337158
1 0.714744 0.322716 0.0432692 0.0588942 0.313965
1 0.709936 0.201623 0.0352564 0.03125 0.287842
1 0.532051 0.167668 0.120192 0.101262 0.257568
1 0.711538 0.202224 0.0320513 0.0336539 0.262207
1 0.467949 0.81851 0.0817308 0.0625 0.424316
1 0.526442 0.0575608 0.0913462 0.0919096 0.281494
1 0.69391 0.659856 0.0480769 0.0552885 0.267334
0 0.716346 0.31851 0.0448717 0.0637019 0.279053
1 0.467147 0.81851 0.0857372 0.0625 0.38501
1 0.464343 0.824519 0.0857372 0.0576923 0.361084
1 0.467949 0.820913 0.0849359 0.0697115 0.433105
1 0.53125 0.0501052 0.0961538 0.0755709 0.386719
1 0.463942 0.820913 0.0897436 0.0600961 0.411133
1 0.46875 0.821514 0.0833333 0.0697115 0.416748
1 0.468349 0.819712 0.0897436 0.0709135 0.284668
1 0.467147 0.817308 0.0985577 0.076923 0.286133
1 0.46875 0.816707 0.099359 0.0709135 0.511719
1 0.466346 0.822716 0.0929487 0.0697116 0.440674
1 0.467147 0.819111 0.088141 0.0721154 0.253174
1 0.467949 0.822716 0.088141 0.0649038 0.259033
0 0.467147 0.81851 0.0865384 0.0769231 0.362061
0 0.716346 0.314303 0.0416667 0.0588942 0.34082
1 0.465545 0.822115 0.0849359 0.0637019 0.31665
1 0.717949 0.314303 0.0384615 0.0546875 0.2854
1 0.467949 0.819712 0.0897436 0.0649038 0.29834
0 0.467147 0.817308 0.0929487 0.0697115 0.295898
1 0.717949 0.313702 0.0416667 0.0582933 0.268066
0 0.713141 0.314603 0.036859 0.0570913 0.325195
1 0.469952 0.824519 0.0889423 0.0673077 0.291016
0 0.465945 0.820313 0.0921474 0.0733173 0.367432
0 0.485978 0.230168 0.0536859 0.0760216 0.254639
1 0.469551 0.823317 0.0929487 0.0745192 0.29834
1 0.46875 0.824519 0.0865384 0.0697116 0.328613
1 0.716346 0.313702 0.0384616 0.0576923 0.253174
1 0.467147 0.825721 0.0897436 0.0649039 0.283691
1 0.716346 0.317308 0.0352563 0.0540866 0.276611
0 0.46875 0.819111 0.0929487 0.0733173 0.256104
0 0.489183 0.231971 0.0536859 0.077524 0.254639
0 0.716346 0.317308 0.0384616 0.0552885 0.27832
1 0.71875 0.317007 0.040064 0.0594952 0.269775
1 0.716346 0.321815 0.0384616 0.0558894 0.257568
1 0.466346 0.820913 0.0929487 0.0709135 0.250977
0 0.485577 0.229868 0.0560898 0.0736178 0.456055
0 0.470353 0.822115 0.0865385 0.0673077 0.262939
1 0.717949 0.3128 0.0288461 0.0570913 0.264404
1 0.716346 0.315805 0.0400641 0.0558894 0.253906
1 0.715545 0.316106 0.036859 0.0564904 0.268066
1 0.716346 0.314904 0.0384616 0.0576923 0.279053
1 0.716346 0.315505 0.0384616 0.0576923 0.265869
1 0.717147 0.317608 0.036859 0.0546875 0.352295
1 0.709936 0.201923 0.0320513 0.030649 0.259033
1 0.709936 0.201923 0.0320513 0.030649 0.288574
1 0.71875 0.313702 0.0384615 0.0612981 0.264404
1 0.716346 0.315805 0.0352563 0.0582933 0.33374
1 0.709135 0.202073 0.0288461 0.0303486 0.274414
0 0.486378 0.228966 0.0448718 0.0712139 0.262939
1 0.716346 0.315505 0.0352563 0.0552885 0.268066
1 0.711538 0.201773 0.025641 0.0291466 0.256836
1 0.717147 0.315505 0.0384615 0.0570914 0.288574
1 0.711538 0.201623 0.0304487 0.03125 0.257568
0 0.489984 0.229718 0.0504808 0.0748197 0.325195
1 0.717949 0.316106 0.0352564 0.0540866 0.307373
1 0.716346 0.316406 0.0384616 0.0558894 0.284668
1 0.717949 0.317909 0.0384615 0.0576923 0.251709
1 0.717949 0.316106 0.036859 0.0564904 0.305664
1 0.716346 0.315505 0.036859 0.0552885 0.27832
1 0.467949 0.820313 0.0889423 0.0733173 0.268066
1 0.710737 0.201923 0.0272437 0.030649 0.255371
1 0.716346 0.316707 0.036859 0.0558894 0.304932
1 0.717147 0.316106 0.0384615 0.0588942 0.33374
1 0.711538 0.202374 0.0288462 0.0300481 0.269775
1 0.717147 0.313101 0.0352564 0.0576923 0.291016
1 0.711538 0.201923 0.0288462 0.030649 0.269775
1 0.716346 0.317308 0.0400641 0.0564904 0.275146
1 0.710737 0.202224 0.0304487 0.0327524 0.253906
0 0.487981 0.232572 0.0480769 0.0727163 0.327637
1 0.711538 0.202374 0.0288462 0.0300481 0.309814
1 0.71875 0.313101 0.0336539 0.0558894 0.2854
1 0.717949 0.313101 0.0352564 0.0564904 0.312256
1 0.709936 0.201923 0.0288462 0.0315505 0.269775
1 0.694712 0.668269 0.0304487 0.0408654 0.253906
1 0.717147 0.316707 0.0384615 0.0564904 0.297363
1 0.714743 0.316106 0.0384615 0.0564904 0.342529
0 0.48758 0.229267 0.0520833 0.0757212 0.331055
1 0.710737 0.201623 0.0288462 0.0309495 0.290283
1 0.69391 0.666466 0.0320513 0.0444712 0.253906
1 0.716346 0.317007 0.0352563 0.0546875 0.264404
1 0.710737 0.203125 0.0304487 0.0294471 0.259033
1 0.710737 0.202224 0.0304487 0.0297476 0.330322
1 0.716346 0.316106 0.0336538 0.0528846 0.321777
0 0.488782 0.230319 0.0520833 0.0748197 0.290283
1 0.695513 0.674279 0.025641 0.0384616 0.252441
1 0.709936 0.201623 0.0288462 0.0291466 0.320068
1 0.716346 0.316106 0.0352563 0.0552885 0.259766
1 0.711538 0.202224 0.0288462 0.0294471 0.343262
1 0.717147 0.316106 0.0336538 0.0540866 0.341553
1 0.717147 0.317308 0.036859 0.0540866 0.256836
1 0.717147 0.317308 0.0384615 0.0564904 0.309082
1 0.711538 0.201172 0.0288462 0.0291466 0.305664
1 0.710737 0.201623 0.0304487 0.0297476 0.284668
1 0.716346 0.317308 0.0416667 0.0576923 0.282959
1 0.694712 0.665865 0.0320513 0.0456731 0.263672
1 0.717147 0.318209 0.0384615 0.0576923 0.318359
1 0.711538 0.202524 0.0288462 0.0303486 0.303223
1 0.717949 0.31851 0.0384615 0.0564904 0.310791
1 0.711538 0.202674 0.0288462 0.0297476 0.29248
1 0.711538 0.203125 0.0288462 0.0303486 0.297363
1 0.717949 0.317909 0.0352564 0.0540866 0.273682
0 0.442308 0.935096 0.0737179 0.0336539 0.275879
1 0.717949 0.314002 0.0384615 0.0582933 0.269043
1 0.711538 0.201623 0.0288462 0.0300481 0.283691
1 0.716346 0.317909 0.0384616 0.0588942 0.265869
1 0.716346 0.319712 0.0384616 0.0582933 0.300781
1 0.710737 0.204627 0.0304487 0.0309495 0.293457
0 0.440705 0.923077 0.0769231 0.0564904 0.263672
1 0.711538 0.202374 0.0288462 0.0300481 0.376709
1 0.717949 0.317608 0.0384615 0.0582933 0.294189
1 0.709936 0.203576 0.0320513 0.030649 0.354004
1 0.710737 0.201773 0.0288462 0.0303486 0.368408
1 0.709936 0.201623 0.0288462 0.0300481 0.405518
1 0.694712 0.671274 0.0304487 0.0444711 0.260498
1 0.709936 0.202524 0.0288462 0.030649 0.355713
1 0.69391 0.669471 0.0320513 0.0444711 0.287842
0 0.541667 0.0889423 0.0512821 0.0359075 0.250244
1 0.710737 0.202374 0.0304487 0.03125 0.460938
1 0.695513 0.669471 0.0320513 0.046875 0.33374
1 0.716346 0.319111 0.0384616 0.0600962 0.300781
0 0.540865 0.0887169 0.0528846 0.0359075 0.26123
1 0.710737 0.203125 0.0288462 0.030649 0.445557
1 0.717147 0.320313 0.036859 0.0576923 0.334473
1 0.695513 0.670673 0.0320513 0.0456731 0.334473
0 0.541266 0.0883413 0.0520833 0.0353065 0.309082
1 0.710737 0.202524 0.0304487 0.030649 0.475586
1 0.716346 0.319111 0.0352563 0.0576923 0.363037
1 0.695513 0.669471 0.0320513 0.0444711 0.34082
0 0.540865 0.0887921 0.0528846 0.0354567 0.294189
1 0.709936 0.201623 0.0288462 0.030649 0.44458
1 0.716346 0.319111 0.0384616 0.0588942 0.327637
1 0.694712 0.669471 0.0320513 0.0432692 0.289307
1 0.711538 0.202224 0.0288462 0.030649 0.47168
0 0.541667 0.0889423 0.0544872 0.0360577 0.33374
1 0.717147 0.319111 0.036859 0.0564904 0.326904
1 0.695513 0.669471 0.0304487 0.0408654 0.262207
1 0.709936 0.202224 0.0288462 0.0309495 0.452393
0 0.542468 0.0886418 0.0544872 0.0369591 0.29248
1 0.710737 0.202975 0.0288462 0.0303486 0.457031
1 0.695513 0.668269 0.0320513 0.0432692 0.305664
1 0.716346 0.319712 0.0352563 0.0564904 0.294922
0 0.541667 0.0887921 0.0528846 0.0366587 0.286133
1 0.710737 0.202524 0.0288462 0.030649 0.473633
1 0.716346 0.319712 0.036859 0.0570913 0.337158
1 0.695513 0.668269 0.0320513 0.0432692 0.305664
0 0.541667 0.0891677 0.0528846 0.0362079 0.274414
1 0.709936 0.202524 0.0288462 0.030649 0.454346
1 0.716346 0.320012 0.036859 0.0570913 0.289307
0 0.541667 0.0887921 0.0528846 0.0363582 0.2854
1 0.695513 0.66887 0.0320513 0.0432692 0.281494
1 0.709936 0.202224 0.0288462 0.030649 0.474609
1 0.716346 0.320313 0.0352563 0.0576923 0.318359
1 0.695513 0.669471 0.0320513 0.0432692 0.310791
0 0.541667 0.0887921 0.0512821 0.0360577 0.281494
1 0.710737 0.202224 0.0288462 0.030649 0.460938
1 0.716346 0.319111 0.0352563 0.0540866 0.296631
0 0.541667 0.0890925 0.0520833 0.0357572 0.282959
1 0.695513 0.669471 0.0320513 0.0420673 0.267334
1 0.710737 0.202524 0.0288462 0.030649 0.475586
1 0.716346 0.319411 0.0352563 0.0540866 0.297363
0 0.541667 0.0892428 0.0528846 0.0357572 0.282959
1 0.695513 0.669471 0.0320513 0.0408654 0.255371
1 0.709936 0.202524 0.0288462 0.030649 0.356689
1 0.69391 0.669471 0.0320513 0.0444711 0.287842
