1 0.658654 0.352564 0.0528846 0.0619658 0.254639
1 0.765625 0.411058 0.0480769 0.0913462 0.421631
1 0.147536 0.403579 0.0697115 0.153312 0.395996
1 0.849159 0.41266 0.0360577 0.0902778 0.325195
1 0.657452 0.387821 0.0625 0.0961539 0.287842
1 0.926082 0.411325 0.0733173 0.126068 0.273682
0 0.497596 0.361912 0.0588943 0.123397 0.327637
1 0.763221 0.394231 0.0576923 0.107906 0.320801
1 0.14378 0.389156 0.0540865 0.151709 0.458008
1 0.925481 0.408654 0.0745193 0.132479 0.440674
1 0.761418 0.386485 0.0456731 0.0924145 0.439697
1 0.658053 0.374199 0.061298 0.100427 0.368408
1 0.655048 0.374466 0.0649038 0.0982906 0.286865
1 0.660457 0.378205 0.0600962 0.0950854 0.320801
1 0.764423 0.384615 0.0504807 0.0897436 0.293457
1 0.65625 0.387286 0.0612981 0.106838 0.274414
1 0.659856 0.380609 0.0649038 0.103632 0.369385
1 0.765625 0.400641 0.0504808 0.082265 0.305664
1 0.144531 0.385417 0.0594952 0.145833 0.27832
1 0.763221 0.396368 0.0540865 0.0886752 0.276611
1 0.655048 0.375267 0.0673077 0.0913462 0.262939
1 0.653846 0.377938 0.0673077 0.0977564 0.267334
1 0.661058 0.380342 0.0721154 0.107372 0.312256
1 0.765625 0.402244 0.0540865 0.0918804 0.295898
1 0.763221 0.392895 0.0528846 0.096688 0.271973
1 0.658654 0.379274 0.0625 0.0897436 0.27124
0 0.843149 0.396902 0.0360578 0.106838 0.505859
1 0.658654 0.379808 0.0721154 0.107906 0.330322
1 0.143968 0.389423 0.0582182 0.165598 0.276611
1 0.764423 0.400107 0.0504807 0.0961539 0.325195
1 0.144231 0.392361 0.0552885 0.148504 0.307373
1 0.659255 0.381944 0.0625 0.0897436 0.262207
0 0.84375 0.396902 0.0324519 0.113248 0.406494
0 0.763822 0.389423 0.0504807 0.0929487 0.363037
0 0.52524 0.346154 0.0384615 0.108974 0.35498
0 0.314904 0.377137 0.0432692 0.0833333 0.331055
0 0.842548 0.395833 0.0324519 0.115385 0.342529
1 0.658654 0.380876 0.0673077 0.0982906 0.342529
0 0.844351 0.399038 0.0408654 0.116453 0.491211
0 0.52524 0.341346 0.0372596 0.0961538 0.479492
0 0.764423 0.386752 0.0456731 0.0929487 0.475586
0 0.14209 0.389423 0.0583684 0.165598 0.308105
1 0.659856 0.387286 0.0673077 0.108974 0.263672
0 0.521635 0.344551 0.0432693 0.104701 0.388672
0 0.765625 0.388622 0.0528846 0.099359 0.309814
0 0.484375 0.362714 0.03125 0.116453 0.282959
0 0.846755 0.400107 0.0420673 0.114316 0.264404
0 0.3125 0.377671 0.047476 0.0876069 0.259766
1 0.659255 0.37313 0.0661058 0.104167 0.255371
0 0.484976 0.357639 0.0264423 0.106303 0.318359
0 0.521935 0.344017 0.0360577 0.0972222 0.309814
0 0.840144 0.391293 0.0264423 0.106303 0.256104
0 0.842548 0.397436 0.03125 0.113248 0.286133
0 0.524038 0.346154 0.0396635 0.105235 0.418701
0 0.842548 0.390224 0.0264423 0.100962 0.404541
0 0.484375 0.354434 0.0264423 0.104167 0.331055
0 0.84375 0.393429 0.0360577 0.111645 0.40918
0 0.52524 0.342949 0.0372596 0.0940171 0.401611
0 0.477163 0.360577 0.0300481 0.115919 0.345215
0 0.765024 0.396902 0.0552885 0.0929487 0.272705
0 0.523438 0.356303 0.0420673 0.11218 0.407227
0 0.144268 0.389156 0.0582181 0.158654 0.294922
0 0.524339 0.351496 0.0396635 0.10844 0.257568
0 0.841947 0.394765 0.0288461 0.106838 0.252441
1 0.657452 0.38141 0.0649039 0.0929487 0.295898
0 0.842548 0.392094 0.0264423 0.100427 0.262207
0 0.525841 0.344818 0.0384615 0.0913462 0.286133
0 0.843149 0.393697 0.0288462 0.103098 0.282959
0 0.143329 0.382479 0.0585938 0.139957 0.274414
0 0.524639 0.354167 0.0432692 0.117521 0.367432
0 0.84375 0.394231 0.03125 0.108974 0.306641
0 0.48107 0.36485 0.031851 0.119658 0.258301
0 0.524038 0.350694 0.0420673 0.105769 0.522461
0 0.764423 0.397436 0.0528846 0.0929487 0.394287
0 0.14393 0.374466 0.0552885 0.11859 0.336426
0 0.841346 0.392628 0.0228365 0.0950855 0.303955
1 0.658654 0.379273 0.0649039 0.0929487 0.268066
0 0.479267 0.362714 0.0294471 0.120727 0.398926
0 0.846755 0.398771 0.0444712 0.124466 0.311523
0 0.522236 0.346688 0.0456731 0.106838 0.290283
1 0.658654 0.384882 0.0649039 0.0924145 0.313965
0 0.522536 0.350694 0.0414664 0.107906 0.404541
0 0.478365 0.364049 0.0240385 0.117521 0.327637
0 0.763822 0.396902 0.0564904 0.0918804 0.284668
0 0.847356 0.400641 0.0360578 0.114316 0.279053
0 0.841346 0.393697 0.03125 0.107906 0.34082
0 0.521935 0.34562 0.0438702 0.100427 0.332031
0 0.478365 0.36031 0.0300481 0.120192 0.304932
1 0.658053 0.379541 0.0649039 0.0950855 0.300781
0 0.524639 0.343483 0.0372596 0.0972222 0.293457
0 0.841947 0.396902 0.0300481 0.110043 0.284668
0 0.478666 0.36485 0.0264423 0.115385 0.274414
0 0.522837 0.346154 0.0420673 0.105769 0.32251
0 0.479267 0.361645 0.03125 0.119658 0.288574
0 0.847356 0.398504 0.0384616 0.11859 0.269043
0 0.522536 0.345086 0.046274 0.104701 0.42334
0 0.765625 0.396368 0.0528846 0.0940171 0.258301
0 0.524339 0.347222 0.0414663 0.0972222 0.42627
0 0.479267 0.363782 0.0288462 0.115385 0.345215
0 0.844952 0.401175 0.0360577 0.11859 0.294922
0 0.76262 0.393697 0.0504807 0.099359 0.284668
1 0.658053 0.381143 0.0649039 0.0934829 0.275879
0 0.523738 0.34375 0.0396635 0.100962 0.470703
0 0.236478 0.40438 0.0763221 0.0769231 0.353027
0 0.479567 0.365385 0.0264423 0.114316 0.348633
0 0.847356 0.397169 0.0384616 0.122329 0.339844
0 0.763221 0.395032 0.0480769 0.0934829 0.307373
1 0.659255 0.380876 0.0673077 0.0972222 0.299805
0 0.596755 0.410523 0.0360577 0.0389957 0.29248
0 0.926683 0.4164 0.0757211 0.115385 0.253174
0 0.522837 0.346154 0.0396635 0.101496 0.354004
0 0.844351 0.397169 0.0300481 0.107906 0.345947
0 0.478966 0.361912 0.0264423 0.111111 0.326904
1 0.657452 0.379274 0.0649039 0.0940171 0.275879
0 0.763221 0.393964 0.0528846 0.0924146 0.253174
0 0.523137 0.348024 0.0414664 0.102564 0.40918
0 0.764423 0.393697 0.0504807 0.0876068 0.299072
0 0.844952 0.398504 0.0324519 0.114316 0.254639
0 0.523438 0.346154 0.0420673 0.102564 0.303223
0 0.84375 0.393429 0.0300481 0.115919 0.272705
0 0.524639 0.345086 0.0384615 0.0950855 0.42627
0 0.846154 0.400641 0.0384616 0.112179 0.327637
0 0.763822 0.392628 0.0504807 0.090812 0.297363
0 0.479868 0.364583 0.030649 0.117521 0.291016
0 0.594802 0.387019 0.0363582 0.0320513 0.273682
0 0.316406 0.378739 0.0378606 0.0801282 0.259033
0 0.522837 0.349626 0.0426682 0.103632 0.414795
0 0.844952 0.396368 0.0336538 0.113248 0.323486
0 0.478666 0.363782 0.0270432 0.111111 0.31665
1 0.659856 0.378739 0.0649038 0.0929487 0.251709
0 0.843149 0.397436 0.03125 0.113248 0.373779
0 0.524038 0.349626 0.0402644 0.0998932 0.354004
0 0.477764 0.364583 0.0264423 0.115919 0.270508
0 0.521935 0.344551 0.0432692 0.0982906 0.351318
0 0.847356 0.400641 0.0432693 0.121795 0.256836
0 0.524038 0.344284 0.0384615 0.0972222 0.318359
0 0.763221 0.395833 0.0528846 0.0940171 0.264404
0 0.522837 0.34562 0.0432693 0.104701 0.29834
1 0.658654 0.380876 0.0625 0.0870727 0.276611
0 0.763221 0.398504 0.0504807 0.0897436 0.250977
0 0.522837 0.346154 0.0396635 0.105769 0.323486
0 0.76262 0.395833 0.0516827 0.090812 0.279785
0 0.232422 0.40812 0.0760216 0.0897436 0.308105
0 0.523438 0.347222 0.0432693 0.101496 0.293457
0 0.477764 0.36485 0.030649 0.116453 0.267334
0 0.844952 0.403045 0.0408654 0.11859 0.259766
0 0.524339 0.346688 0.0390625 0.0982906 0.402588
0 0.846154 0.403846 0.0384616 0.117521 0.357666
0 0.763221 0.395299 0.0516827 0.0876068 0.339844
0 0.316406 0.379808 0.0378606 0.0833333 0.329346
0 0.23137 0.404113 0.070012 0.065171 0.274414
0 0.234225 0.400641 0.0748197 0.0694444 0.289307
0 0.524639 0.347756 0.0372596 0.101496 0.279053
0 0.846154 0.40438 0.0384616 0.117521 0.274414
0 0.52524 0.346154 0.0378606 0.099359 0.359375
0 0.233173 0.401709 0.0757212 0.0972222 0.313232
0 0.316707 0.378205 0.0372596 0.0854701 0.272705
0 0.478966 0.36485 0.0276442 0.115385 0.258301
0 0.594952 0.385684 0.0360577 0.0357906 0.258301
0 0.846755 0.401977 0.0396635 0.11485 0.252441
0 0.521334 0.34375 0.0438702 0.0988248 0.383057
0 0.477764 0.361645 0.0288462 0.116453 0.356689
0 0.844351 0.394231 0.0372596 0.114316 0.287842
0 0.59375 0.387286 0.0384615 0.0363248 0.284668
0 0.76262 0.391026 0.0516827 0.0886752 0.267334
0 0.522837 0.344284 0.0420673 0.0961538 0.337158
0 0.478365 0.363515 0.0282452 0.113782 0.263672
0 0.522837 0.34188 0.0408654 0.0940171 0.391357
0 0.478966 0.361111 0.0276442 0.116453 0.359375
0 0.594351 0.387286 0.0396635 0.0363248 0.307373
0 0.847356 0.398237 0.0408654 0.113782 0.304932
0 0.52494 0.339744 0.0378606 0.090812 0.330322
0 0.84375 0.394765 0.0324519 0.111111 0.29248
0 0.478966 0.363248 0.0264423 0.114316 0.265137
0 0.524339 0.34188 0.0378606 0.0940171 0.42334
0 0.317308 0.376068 0.0348558 0.0822649 0.299072
0 0.844952 0.393697 0.0336538 0.111645 0.266602
0 0.594351 0.388889 0.0384615 0.0352564 0.26123
0 0.522837 0.345086 0.0432693 0.099359 0.304932
0 0.523137 0.34188 0.0438702 0.0982906 0.486328
0 0.763221 0.388355 0.0528846 0.099359 0.346924
0 0.844351 0.394498 0.0336538 0.110577 0.291016
0 0.594351 0.387286 0.0384615 0.0373932 0.286133
0 0.317608 0.375267 0.0372596 0.0886752 0.284668
0 0.478966 0.362179 0.0276442 0.11859 0.260498
0 0.523438 0.342415 0.0426682 0.099359 0.38501
0 0.478966 0.361912 0.0264423 0.116987 0.329346
0 0.84375 0.394765 0.0324519 0.111111 0.299805
0 0.59375 0.387286 0.0360577 0.0363248 0.271973
0 0.522837 0.343216 0.0432693 0.0988248 0.431152
0 0.763221 0.393697 0.0528846 0.099359 0.303223
0 0.846755 0.402244 0.0396635 0.116453 0.27124
0 0.233023 0.40438 0.0748197 0.0950854 0.265869
0 0.595102 0.388889 0.0381611 0.0384616 0.26123
0 0.316406 0.378205 0.0366586 0.0811966 0.256836
0 0.848558 0.400641 0.0384616 0.115385 0.29248
0 0.522536 0.344017 0.0438702 0.099359 0.275146
0 0.595102 0.386752 0.0381611 0.0363248 0.269043
0 0.479567 0.362981 0.0252404 0.116987 0.253906
0 0.523137 0.342147 0.0414664 0.0918804 0.323486
0 0.23137 0.401977 0.0745192 0.0929487 0.265869
0 0.844952 0.397703 0.0336538 0.111645 0.262207
0 0.594802 0.387286 0.0363582 0.0357906 0.255371
0 0.524038 0.340278 0.0420673 0.0972222 0.274414
0 0.76262 0.386218 0.0528846 0.0897436 0.414062
0 0.521635 0.342415 0.0420673 0.0945513 0.373047
0 0.316106 0.372062 0.0372596 0.0811966 0.306641
0 0.845553 0.395299 0.0360577 0.106838 0.296631
0 0.929688 0.375534 0.0721153 0.0544872 0.293457
0 0.479567 0.360577 0.0258414 0.111645 0.284668
0 0.523738 0.342682 0.0420673 0.0961539 0.308105
0 0.523137 0.344551 0.0402644 0.0977564 0.301514
0 0.231971 0.399038 0.0739183 0.099359 0.287842
0 0.844952 0.396368 0.0336538 0.104701 0.282227
0 0.84375 0.400374 0.0300481 0.104701 0.273682
0 0.522236 0.348558 0.0396635 0.104167 0.257568
0 0.521635 0.347756 0.0384615 0.102564 0.266602
0 0.841346 0.399306 0.0264423 0.104167 0.256104
0 0.522837 0.347222 0.0396635 0.099359 0.260498
0 0.522837 0.348558 0.0396635 0.103098 0.329346
0 0.844952 0.40438 0.0360577 0.11218 0.315674
0 0.478365 0.361645 0.0264423 0.120727 0.300781
0 0.76262 0.393162 0.0492788 0.0950855 0.269775
0 0.317308 0.379541 0.0384615 0.0801282 0.257568
0 0.523438 0.351496 0.0384615 0.0982906 0.338867
0 0.317608 0.379274 0.0366586 0.0763889 0.308105
0 0.845553 0.405716 0.0348557 0.111645 0.305664
0 0.762019 0.394765 0.0480769 0.0897436 0.265137
0 0.844952 0.412927 0.0360577 0.107906 0.307373
0 0.521635 0.353632 0.0408654 0.0972222 0.303955
0 0.317308 0.382212 0.0372596 0.0753205 0.269775
0 0.478666 0.369658 0.0234375 0.108974 0.253174
0 0.523137 0.350427 0.0396635 0.100427 0.291748
0 0.522837 0.350694 0.0402644 0.099359 0.311523
0 0.317909 0.38141 0.0360577 0.0769231 0.282227
0 0.845553 0.410256 0.0372596 0.112179 0.275879
0 0.478966 0.366453 0.0252404 0.112179 0.262939
0 0.523137 0.35203 0.0390625 0.101496 0.283691
0 0.485577 0.365385 0.0252404 0.117521 0.262207
0 0.523137 0.350962 0.0390625 0.0961539 0.325195
0 0.844952 0.40812 0.0360577 0.111111 0.29248
0 0.318209 0.381944 0.0354567 0.0758547 0.281494
0 0.485577 0.366453 0.0240385 0.111111 0.275146
0 0.522837 0.349626 0.0390625 0.0977564 0.327637
0 0.845553 0.408387 0.0348557 0.110577 0.295898
0 0.31851 0.38141 0.0348558 0.0758547 0.288574
0 0.479267 0.368056 0.0240385 0.110043 0.274414
0 0.522837 0.348024 0.0396635 0.0972222 0.341553
0 0.317909 0.381944 0.0360577 0.0769231 0.270508
0 0.478966 0.366453 0.0252404 0.110043 0.264404
0 0.523438 0.349893 0.0372596 0.099359 0.362061
0 0.31851 0.381944 0.0348558 0.0769231 0.291016
0 0.485577 0.365652 0.0240385 0.113248 0.266602
0 0.846154 0.407853 0.0360577 0.111111 0.260498
0 0.523438 0.347489 0.0384615 0.0988248 0.369385
0 0.318209 0.380876 0.0354567 0.0779915 0.304932
0 0.478966 0.366453 0.0252404 0.112179 0.275879
0 0.846154 0.405983 0.0372596 0.113248 0.262207
0 0.763221 0.389957 0.0504807 0.0924145 0.256836
0 0.523438 0.349893 0.0384615 0.099359 0.338135
0 0.318209 0.382479 0.0354567 0.0769231 0.272705
0 0.485577 0.366453 0.0240385 0.113248 0.269775
0 0.522837 0.347222 0.0396635 0.099359 0.260498
