1 0.0807292 0.0878155 0.03125 0.0341046 0.255371
1 0.492788 0.730168 0.0689103 0.0673077 0.327637
0 0.495192 0.739183 0.0689103 0.061298 0.262207
0 0.493189 0.737981 0.0745192 0.0673077 0.390381
1 0.492788 0.734375 0.0721154 0.0673077 0.303955
0 0.491987 0.741587 0.0705128 0.0673077 0.26123
0 0.491186 0.73738 0.0785256 0.0661058 0.453369
0 0.540465 0.410457 0.0849359 0.0480769 0.27124
1 0.491987 0.739183 0.0745192 0.0625 0.263672
0 0.492788 0.738582 0.0721154 0.0661058 0.337158
0 0.492788 0.740385 0.068109 0.0661058 0.539062
0 0.543269 0.413462 0.0817308 0.0396635 0.267334
0 0.495994 0.737981 0.0769231 0.0649039 0.654785
0 0.546875 0.414063 0.0841346 0.0414663 0.320068
0 0.495994 0.737981 0.0769231 0.0673077 0.554688
0 0.491987 0.739784 0.0705128 0.0673077 0.306641
0 0.490385 0.736779 0.0713141 0.0625 0.295898
0 0.491987 0.736779 0.0657051 0.0637019 0.399902
0 0.546474 0.415565 0.0817308 0.0378606 0.256836
0 0.492788 0.739183 0.0721154 0.0649039 0.440674
1 0.492788 0.737981 0.0777243 0.0625 0.404541
0 0.49359 0.73738 0.0753205 0.0649038 0.431152
0 0.540064 0.41226 0.0945513 0.046875 0.319092
0 0.50601 0.735577 0.088141 0.0661058 0.353027
0 0.492788 0.737981 0.0705128 0.0625 0.440674
0 0.540465 0.412861 0.0865384 0.0444712 0.332764
0 0.540865 0.413462 0.0865385 0.0444711 0.301514
0 0.49399 0.737981 0.0737179 0.0625 0.294189
0 0.542468 0.414964 0.0865384 0.0384616 0.279053
0 0.491987 0.736779 0.0769231 0.0673077 0.550781
0 0.541667 0.414063 0.088141 0.0408654 0.320068
0 0.495192 0.736779 0.0753205 0.0637019 0.603027
0 0.540064 0.415264 0.0961538 0.0432692 0.359375
0 0.491186 0.735577 0.0721154 0.0649039 0.449463
0 0.542067 0.414063 0.088141 0.0414663 0.299072
0 0.493189 0.738582 0.0689102 0.0673077 0.673828
0 0.54367 0.414663 0.0873398 0.0408654 0.52832
1 0.0774239 0.0863882 0.0346554 0.0234375 0.253174
0 0.491186 0.736779 0.0769231 0.0673077 0.339844
0 0.541667 0.413161 0.0849359 0.0438702 0.327637
1 0.0757212 0.0868389 0.0332532 0.0246394 0.301514
0 0.542067 0.412861 0.0865384 0.0408654 0.384033
0 0.543269 0.414063 0.0849359 0.0408654 0.42334
0 0.541667 0.413462 0.0897436 0.0456731 0.34082
0 0.541266 0.414663 0.0857372 0.0414663 0.265869
0 0.491987 0.736178 0.0705128 0.0649038 0.312256
0 0.542468 0.414663 0.0865384 0.0432692 0.300781
1 0.0777244 0.0881911 0.0350561 0.0246394 0.257568
1 0.489984 0.736779 0.073718 0.0625 0.291748
0 0.541667 0.413762 0.0865384 0.0402644 0.263672
0 0.492788 0.736779 0.0753205 0.0649038 0.368408
0 0.491186 0.736779 0.0721154 0.0673077 0.323486
1 0.0769231 0.085637 0.0352564 0.0261418 0.259033
0 0.541667 0.414663 0.088141 0.0432692 0.32251
0 0.494391 0.735577 0.0721154 0.0649039 0.262939
0 0.489583 0.739183 0.0705128 0.0625 0.453369
0 0.542869 0.414663 0.0849359 0.0396635 0.438721
1 0.077524 0.0860126 0.0332532 0.0241887 0.27124
0 0.494792 0.736779 0.0713141 0.0673077 0.351318
0 0.540865 0.414663 0.0897436 0.0444712 0.310791
0 0.540465 0.413462 0.0905448 0.046875 0.392334
1 0.491186 0.736779 0.0697115 0.0625 0.263672
0 0.490385 0.736178 0.0737179 0.0625 0.59375
0 0.538862 0.413161 0.0905449 0.0432692 0.458984
1 0.0761218 0.0854117 0.0360577 0.0250901 0.263672
0 0.540465 0.414062 0.0905448 0.0432692 0.266602
1 0.491186 0.740385 0.0705128 0.0625 0.253906
0 0.491987 0.735577 0.0705128 0.0625 0.251709
0 0.49359 0.734976 0.0721154 0.0624999 0.504883
0 0.542468 0.413462 0.0897436 0.0432692 0.314941
1 0.0777244 0.0858624 0.0348558 0.0255409 0.283691
0 0.491987 0.736779 0.0705128 0.0600962 0.53125
0 0.543269 0.412861 0.0865384 0.0408654 0.344238
1 0.0768229 0.0863882 0.0374599 0.0270433 0.274414
0 0.491186 0.735577 0.0729167 0.0625 0.65918
0 0.541667 0.413462 0.0849359 0.0408654 0.419678
1 0.0777244 0.0866887 0.0340545 0.0246394 0.296631
1 0.540064 0.414063 0.0897436 0.0444712 0.27124
0 0.491186 0.737981 0.0721154 0.0625 0.254639
0 0.542067 0.410457 0.0921474 0.046875 0.345215
0 0.492788 0.735577 0.0753205 0.0673077 0.324219
1 0.492788 0.736178 0.0689103 0.0637019 0.275879
1 0.0786258 0.0848858 0.0364583 0.023738 0.251709
0 0.494391 0.735577 0.0769231 0.0673077 0.481445
0 0.540865 0.411959 0.0913461 0.0444712 0.362061
1 0.0773237 0.0853365 0.0340545 0.0234375 0.279053
0 0.491186 0.73738 0.0721154 0.0625 0.567871
0 0.542468 0.413462 0.0865384 0.0432692 0.395996
1 0.0773237 0.086238 0.0344551 0.0243389 0.338135
0 0.494391 0.734976 0.0769231 0.0673077 0.541992
0 0.541667 0.410757 0.088141 0.0456731 0.376709
1 0.0770232 0.0871394 0.0354567 0.023738 0.288574
0 0.491186 0.734375 0.0753205 0.0661058 0.619629
0 0.539263 0.411358 0.0929487 0.0432692 0.304932
1 0.0778245 0.0866887 0.0350561 0.0234375 0.295898
0 0.495192 0.734976 0.0785257 0.0697115 0.314941
1 0.491186 0.727163 0.0689102 0.0624999 0.282959
1 0.0765224 0.085637 0.035657 0.023137 0.270508
0 0.494391 0.731971 0.0753205 0.0697116 0.431152
1 0.0770232 0.0857121 0.0348558 0.023137 0.2854
0 0.490385 0.733173 0.0769231 0.0649038 0.464844
1 0.486378 0.727163 0.0721154 0.0576923 0.371094
1 0.0753205 0.0874399 0.0352564 0.0232873 0.303223
1 0.49359 0.735577 0.0753205 0.0649039 0.337158
1 0.0765224 0.0880409 0.0352564 0.0240385 0.313232
0 0.491987 0.733173 0.0769231 0.0673077 0.538086
1 0.0765224 0.0871394 0.0372596 0.0258413 0.350342
1 0.489583 0.727163 0.0737179 0.0588942 0.320068
1 0.49359 0.736779 0.0721154 0.0649038 0.373779
1 0.0759215 0.0865385 0.0344551 0.0238882 0.363037
1 0.491587 0.736178 0.0729167 0.0649038 0.430176
1 0.0769231 0.0872145 0.0328526 0.0226863 0.404541
1 0.539263 0.413462 0.0889423 0.0408654 0.258301
1 0.0761218 0.0872897 0.0328526 0.0234375 0.359375
1 0.49359 0.736779 0.0705128 0.0625 0.342529
0 0.492788 0.736779 0.0721154 0.0625 0.30249
1 0.540465 0.412861 0.0857372 0.0408654 0.252441
0 0.491987 0.73738 0.0705128 0.0637019 0.495117
1 0.492788 0.736779 0.0705128 0.0637019 0.431152
1 0.0767227 0.0857873 0.0352564 0.0243389 0.395996
1 0.540865 0.413462 0.0857371 0.0408654 0.300781
0 0.491987 0.737981 0.0697115 0.0625 0.507812
1 0.0766226 0.0861629 0.0336538 0.0238882 0.387695
1 0.49359 0.73738 0.0689102 0.0612981 0.338867
1 0.541266 0.414363 0.0841346 0.0390625 0.336426
0 0.491186 0.736779 0.0737179 0.0649038 0.611328
1 0.0763221 0.0868389 0.0344551 0.023738 0.362061
1 0.489583 0.731971 0.0721154 0.0637019 0.34082
0 0.540865 0.414062 0.088141 0.0396635 0.250977
1 0.49359 0.736779 0.0713141 0.0625 0.416748
1 0.075621 0.0863882 0.0354567 0.0238882 0.401611
1 0.0815304 0.440204 0.0464744 0.0210337 0.264404
0 0.49399 0.739183 0.0729167 0.0649039 0.524414
1 0.0761218 0.0866887 0.0332532 0.0228365 0.410156
1 0.490385 0.730769 0.0713141 0.0576923 0.366699
1 0.0809295 0.44351 0.0480769 0.0192308 0.257568
1 0.0764223 0.0871394 0.0342548 0.0235877 0.376709
0 0.492788 0.73738 0.0713141 0.0649038 0.331055
1 0.491186 0.732572 0.0689102 0.0600962 0.284668
1 0.49359 0.735577 0.0705128 0.0637019 0.429199
1 0.0769231 0.0878155 0.0340545 0.0235877 0.386719
1 0.0810296 0.444111 0.0478766 0.0192308 0.274414
1 0.492788 0.736779 0.0721154 0.0625 0.507812
1 0.0763221 0.0881911 0.0348558 0.0243389 0.397949
1 0.0815304 0.444411 0.0482772 0.0192308 0.258301
1 0.492788 0.736779 0.0721154 0.0625 0.456055
1 0.0763221 0.0878906 0.0354567 0.0240385 0.375732
1 0.0813301 0.444111 0.0478766 0.0186298 0.258301
1 0.492388 0.736779 0.0713141 0.0637019 0.469727
1 0.0765224 0.0878155 0.0344551 0.0238882 0.403564
1 0.0811298 0.444411 0.0484776 0.0186298 0.27124
1 0.492788 0.736779 0.0713141 0.0637019 0.403564
1 0.0765224 0.0881911 0.0348558 0.0240385 0.366699
1 0.0815304 0.444111 0.0488782 0.0192308 0.265869
1 0.0764223 0.0884165 0.0346555 0.023738 0.374756
1 0.489183 0.732572 0.0697115 0.0600962 0.35498
1 0.0813301 0.444111 0.0484776 0.0192308 0.27124
1 0.0761218 0.0872897 0.0328526 0.0234375 0.359375
1 0.49359 0.736779 0.0705128 0.0625 0.343262
0 0.492788 0.736779 0.0721154 0.0625 0.303223
1 0.540465 0.412861 0.0857372 0.0408654 0.252441
