1 0.513522 0.333333 0.0246394 0.0352564 0.513672
1 0.700721 0.721154 0.0384616 0.0416667 0.351318
1 0.504808 0.255609 0.0240385 0.0416667 0.31665
1 0.701923 0.0502804 0.0144231 0.0376603 0.2854
1 0.517428 0.621795 0.0216346 0.036859 0.266602
1 0.55619 0.204227 0.0252404 0.0338542 0.252441
1 0.503606 0.560096 0.0276442 0.0464744 0.27124
1 0.560096 0.208333 0.0228365 0.0264423 0.268066
1 0.521635 0.634615 0.0246394 0.0464744 0.253906
1 0.513221 0.33734 0.0228365 0.036859 0.414062
1 0.55649 0.206731 0.0264423 0.0400641 0.312256
1 0.0359075 0.517228 0.0264423 0.0376602 0.279053
1 0.172025 0.614583 0.0381611 0.0496795 0.254639
1 0.554688 0.206731 0.0288461 0.0288462 0.270508
1 0.173678 0.613582 0.0372596 0.0452724 0.343262
1 0.698317 0.739583 0.0456731 0.0416667 0.267334
1 0.16857 0.328526 0.0276442 0.036859 0.265137
1 0.510216 0.336538 0.0282452 0.03125 0.256104
1 0.546875 0.460737 0.0192308 0.036859 0.280518
1 0.172476 0.614583 0.0366587 0.0416667 0.338867
1 0.512019 0.334135 0.0246394 0.0288461 0.284668
1 0.505409 0.560096 0.0282452 0.0416667 0.283691
1 0.186298 0.456731 0.0384616 0.0496795 0.255371
1 0.701322 0.735577 0.0444712 0.0352564 0.254639
1 0.699519 0.738782 0.048077 0.0384615 0.258301
1 0.509916 0.338141 0.0252404 0.0272436 0.253174
1 0.700721 0.738782 0.0480769 0.0448718 0.313232
1 0.698317 0.738782 0.0456731 0.0416667 0.282959
1 0.545072 0.459936 0.0174279 0.0304487 0.313232
1 0.510216 0.333333 0.0276443 0.025641 0.312256
1 0.503606 0.556891 0.0300481 0.0416667 0.286865
1 0.502404 0.260417 0.0216346 0.036859 0.283691
1 0.173678 0.616186 0.0426683 0.0512821 0.265137
1 0.186148 0.457532 0.0480769 0.0536859 0.259033
1 0.698317 0.738782 0.0432692 0.0320513 0.253906
1 0.558293 0.205929 0.0264423 0.03125 0.250244
1 0.545673 0.461538 0.0216346 0.036859 0.281494
1 0.505108 0.563301 0.0294471 0.0400641 0.260498
1 0.512019 0.336138 0.0240385 0.0272436 0.254639
1 0.173377 0.613582 0.0426683 0.0516827 0.30249
1 0.504808 0.560897 0.0300481 0.0416667 0.288574
1 0.545673 0.461538 0.0204327 0.0336538 0.286133
1 0.174279 0.617788 0.0429688 0.0480769 0.265137
1 0.545072 0.46234 0.0204327 0.0352564 0.252441
1 0.505108 0.564904 0.0270432 0.0400641 0.250244
1 0.511118 0.338141 0.0258414 0.0320513 0.258301
1 0.504207 0.564904 0.0276442 0.0432692 0.258301
1 0.515024 0.635417 0.0276442 0.0432692 0.260498
1 0.173978 0.616186 0.0402644 0.0464744 0.311523
1 0.547175 0.461939 0.0180289 0.0320513 0.289307
1 0.205829 0.127204 0.0342548 0.0532853 0.272705
1 0.50601 0.564503 0.0264423 0.0360577 0.262939
1 0.170673 0.328526 0.0324519 0.036859 0.259766
1 0.173978 0.615385 0.0444711 0.0496795 0.256836
1 0.545974 0.461538 0.0174279 0.0320513 0.270508
1 0.173678 0.616186 0.0447716 0.0528846 0.260498
1 0.504507 0.564904 0.0252404 0.0288462 0.255371
1 0.171274 0.616987 0.0372596 0.0464744 0.250977
1 0.545974 0.459936 0.0222356 0.036859 0.272705
1 0.173978 0.616186 0.0420673 0.0480769 0.250977
1 0.516226 0.63782 0.0252404 0.0432692 0.250244
1 0.698918 0.739583 0.0456731 0.0352564 0.262207
1 0.547175 0.461538 0.0192308 0.0352564 0.2854
1 0.20628 0.125801 0.0405649 0.0608974 0.277588
1 0.173828 0.615184 0.0423678 0.0484776 0.263672
1 0.51262 0.336538 0.0276442 0.0272436 0.252441
1 0.206881 0.126603 0.0396635 0.0576923 0.297363
1 0.515024 0.636218 0.0276442 0.0416666 0.286865
1 0.172476 0.61879 0.0420673 0.0508814 0.277588
1 0.545974 0.461538 0.0198317 0.0328526 0.274414
1 0.510216 0.336939 0.0240385 0.0248398 0.262939
1 0.0322266 0.130008 0.0205829 0.035657 0.259033
1 0.697115 0.738782 0.0480769 0.0384615 0.256836
1 0.169471 0.329327 0.0336538 0.0400641 0.254639
1 0.342548 0.88782 0.0384616 0.0480769 0.253174
1 0.171274 0.61879 0.0414663 0.0476763 0.330322
1 0.695313 0.738782 0.0444711 0.040064 0.265869
1 0.513822 0.639423 0.0252404 0.0416667 0.259766
1 0.205228 0.128606 0.0396635 0.0584936 0.255371
1 0.545373 0.46234 0.0198317 0.0344552 0.289307
1 0.515024 0.636218 0.0276442 0.0448718 0.284668
1 0.698317 0.733974 0.0480769 0.0352564 0.263672
1 0.1875 0.457532 0.0486779 0.0544872 0.254639
1 0.503606 0.563301 0.0264423 0.0352564 0.252441
1 0.172476 0.616186 0.0408654 0.0512821 0.257568
1 0.698317 0.740385 0.0444712 0.0352564 0.256836
1 0.509315 0.336138 0.0234375 0.0256411 0.265869
1 0.545673 0.460737 0.0180289 0.0336538 0.253906
1 0.546274 0.463141 0.0204327 0.0336538 0.339844
1 0.172175 0.616787 0.0423678 0.0484775 0.296631
1 0.505108 0.567308 0.0282451 0.0336538 0.286133
1 0.698317 0.740385 0.0408654 0.0320513 0.284668
1 0.515024 0.637019 0.0264423 0.0432692 0.281494
1 0.510216 0.338942 0.0258413 0.0272436 0.27832
1 0.20628 0.126803 0.0396635 0.0556891 0.311523
1 0.512019 0.336939 0.0276442 0.025641 0.311523
1 0.699519 0.738782 0.0432692 0.0320513 0.290283
1 0.171875 0.615385 0.0411659 0.0480769 0.2854
1 0.545673 0.463141 0.0180289 0.0304487 0.284668
1 0.16857 0.330929 0.031851 0.0416667 0.263672
1 0.0336914 0.131811 0.0220102 0.0348558 0.262939
1 0.0338792 0.129006 0.0246394 0.0364583 0.29834
1 0.511418 0.336538 0.0264423 0.0240385 0.29834
1 0.516526 0.634615 0.0264423 0.0400641 0.291748
1 0.173678 0.616186 0.0423678 0.0448718 0.290283
1 0.169471 0.330128 0.0336538 0.0400641 0.287842
1 0.34375 0.880609 0.0384615 0.0448718 0.2854
1 0.545373 0.460737 0.0186298 0.0304487 0.272705
1 0.698918 0.738782 0.0456731 0.0352564 0.266602
1 0.206731 0.127003 0.0396635 0.0576923 0.265137
1 0.171424 0.617788 0.0417668 0.0480769 0.342529
1 0.545373 0.460737 0.0204327 0.0320513 0.32251
1 0.0323017 0.13141 0.0219351 0.035657 0.307373
1 0.168269 0.330128 0.031851 0.0384615 0.304932
1 0.515324 0.636218 0.0258414 0.0384615 0.301514
1 0.698317 0.737981 0.0444712 0.036859 0.300781
1 0.205829 0.128606 0.0396635 0.0584936 0.268066
1 0.504808 0.565705 0.0282452 0.0344551 0.256836
1 0.510817 0.33774 0.0246394 0.0248397 0.255371
1 0.545673 0.46274 0.0192308 0.0304487 0.253906
1 0.216346 0.19992 0.0396635 0.0504808 0.307373
1 0.20613 0.128205 0.0378606 0.0576923 0.293457
1 0.342548 0.889423 0.0420673 0.0480769 0.291748
1 0.173077 0.617788 0.0420673 0.0464743 0.268066
1 0.545673 0.461939 0.0192308 0.0336538 0.250977
1 0.544772 0.460737 0.0210337 0.0336538 0.346924
1 0.214994 0.197516 0.0414664 0.056891 0.299805
1 0.0316256 0.129808 0.0235877 0.0372596 0.29834
1 0.510216 0.334936 0.0276443 0.025641 0.29248
1 0.172927 0.615585 0.0444711 0.0444711 0.282227
1 0.515325 0.636218 0.0246394 0.0384615 0.27832
1 0.341947 0.888622 0.0408654 0.0464743 0.265137
1 0.167668 0.331731 0.0339543 0.0416667 0.260498
1 0.697716 0.739583 0.046875 0.0336539 0.253906
1 0.173227 0.615585 0.0423678 0.0476763 0.323486
1 0.34375 0.88141 0.0450721 0.0512821 0.307373
1 0.545673 0.461538 0.0174279 0.0320513 0.299805
1 0.16872 0.329728 0.0321514 0.0400641 0.281494
1 0.515325 0.636218 0.0240385 0.0416666 0.279785
1 0.510517 0.335737 0.0264423 0.0240385 0.277588
1 0.135554 0.802885 0.0504057 0.0544872 0.266602
1 0.173377 0.615184 0.0420673 0.0452724 0.293457
1 0.546875 0.46274 0.0180289 0.0320513 0.283691
1 0.169171 0.332131 0.0324519 0.0384615 0.266602
1 0.515325 0.63782 0.0240385 0.0384615 0.256836
1 0.545974 0.461538 0.0186298 0.0320513 0.360352
1 0.173377 0.614583 0.0426683 0.0432692 0.336426
1 0.132512 0.80609 0.0498798 0.0576923 0.32251
1 0.169621 0.329327 0.0345553 0.0400641 0.31665
1 0.34405 0.88141 0.0426682 0.0480769 0.299805
1 0.515024 0.635417 0.0264423 0.0416667 0.287842
1 0.509916 0.336939 0.0234375 0.0240385 0.277588
1 0.208383 0.126202 0.0417668 0.0616987 0.265137
1 0.20643 0.127404 0.0414663 0.0584936 0.309082
1 0.547476 0.459936 0.0204327 0.0320513 0.27124
1 0.133413 0.804487 0.0489784 0.0576923 0.267334
1 0.171274 0.614583 0.0396635 0.0464744 0.263672
1 0.342548 0.879808 0.0420673 0.0480769 0.256104
1 0.206731 0.127804 0.0420673 0.0592949 0.276611
1 0.171575 0.616186 0.0426683 0.0480769 0.257568
1 0.546274 0.461538 0.0192308 0.0304487 0.251709
1 0.20613 0.127804 0.0408654 0.0600961 0.34082
1 0.546274 0.459535 0.016827 0.0288462 0.296631
1 0.172175 0.615385 0.0390625 0.0448718 0.29248
1 0.0322266 0.129207 0.0202825 0.0372596 0.286133
1 0.515625 0.633814 0.0252404 0.0384615 0.273682
1 0.698317 0.739583 0.0456731 0.0304486 0.266602
1 0.169471 0.328926 0.0324519 0.0376603 0.255371
1 0.186148 0.455929 0.0453726 0.0544872 0.251709
1 0.20613 0.127404 0.0420673 0.0608974 0.359375
1 0.546875 0.46234 0.0216346 0.0344552 0.294189
1 0.214994 0.195513 0.0417668 0.0616987 0.282959
1 0.173978 0.619391 0.0414664 0.0464744 0.265137
1 0.515324 0.636218 0.0282452 0.0448718 0.262207
1 0.699519 0.738782 0.0444711 0.0384615 0.260498
1 0.168269 0.33133 0.0336538 0.0440705 0.259033
1 0.344952 0.88141 0.0390625 0.0480769 0.256836
1 0.545673 0.459936 0.0192308 0.0304487 0.334473
1 0.342548 0.884615 0.0408654 0.0496794 0.323486
1 0.206731 0.127003 0.0420673 0.0560897 0.321777
1 0.516226 0.634615 0.0252404 0.0384615 0.29834
1 0.169321 0.329327 0.0327524 0.0400641 0.294922
1 0.172476 0.615385 0.0408654 0.0464743 0.286865
1 0.698317 0.738782 0.0456731 0.0384615 0.284668
1 0.511118 0.336538 0.0264423 0.0240385 0.281494
1 0.381911 0.479968 0.0354567 0.0416667 0.273682
1 0.207031 0.127003 0.047476 0.0657051 0.335449
1 0.545673 0.460337 0.0180289 0.0304487 0.325928
1 0.516827 0.635417 0.0240385 0.0400641 0.307373
1 0.173678 0.615385 0.0423678 0.0480769 0.291016
1 0.698918 0.737981 0.046875 0.036859 0.2854
1 0.342548 0.888622 0.0408654 0.0448717 0.284668
1 0.0348182 0.129207 0.0208083 0.0372596 0.276611
1 0.169772 0.329327 0.0336538 0.0416667 0.275879
1 0.51262 0.336138 0.0252404 0.0240385 0.265869
1 0.1872 0.457131 0.0522837 0.0576923 0.262939
1 0.503005 0.563702 0.0264423 0.0320513 0.260498
1 0.216647 0.192107 0.0450721 0.0572917 0.258301
1 0.0335787 0.128606 0.0211839 0.0392628 0.379395
1 0.545673 0.461538 0.0180289 0.0320513 0.336426
1 0.516226 0.636218 0.0240385 0.0400641 0.319092
1 0.341947 0.883013 0.0420673 0.0528846 0.318359
1 0.16857 0.329327 0.0324519 0.0416667 0.313232
1 0.697115 0.738782 0.0456731 0.0352564 0.303223
1 0.172326 0.615385 0.0435697 0.0480769 0.29834
1 0.699519 0.057492 0.016827 0.0372596 0.291016
1 0.215445 0.191106 0.0432692 0.0600961 0.283691
1 0.332332 0.4375 0.03125 0.0392628 0.264404
1 0.134165 0.809295 0.0516827 0.0544871 0.26123
1 0.510817 0.33734 0.0252404 0.025641 0.255371
1 0.546274 0.460737 0.0180289 0.0304487 0.325195
1 0.033729 0.128606 0.0208834 0.0360577 0.27832
1 0.173678 0.619391 0.0402644 0.0400641 0.276611
1 0.516526 0.636218 0.0222356 0.036859 0.276611
1 0.698317 0.739583 0.0432692 0.0304486 0.276611
1 0.505409 0.565705 0.0240385 0.0272436 0.258301
1 0.546274 0.461538 0.0204327 0.0320513 0.289307
1 0.207332 0.125801 0.0396635 0.0608974 0.286865
1 0.34375 0.88141 0.0384615 0.0480769 0.263672
1 0.218299 0.191506 0.0405649 0.0560897 0.26123
1 0.0342548 0.128205 0.0253906 0.0432692 0.253906
1 0.207632 0.128205 0.0396635 0.0548878 0.323486
1 0.545673 0.46234 0.0192308 0.0304487 0.284668
1 0.0321514 0.13141 0.0235877 0.036859 0.277588
1 0.515625 0.636218 0.0252404 0.0384615 0.263672
1 0.185847 0.459936 0.0459736 0.0528846 0.262207
1 0.20643 0.1252 0.0402644 0.0612981 0.289307
1 0.34345 0.879808 0.0396635 0.0480769 0.27124
1 0.217548 0.191907 0.0417668 0.0576923 0.257568
1 0.20598 0.127003 0.0417668 0.0588942 0.338867
1 0.168269 0.33133 0.0324519 0.0440705 0.318359
1 0.544772 0.46234 0.0204327 0.0320513 0.306641
1 0.0328651 0.130609 0.0223107 0.0400641 0.289307
1 0.515325 0.636218 0.0252404 0.0416666 0.287842
1 0.216196 0.198718 0.0411659 0.0544872 0.275879
1 0.172025 0.617187 0.0435697 0.0476763 0.265137
1 0.340745 0.891026 0.0396635 0.0480769 0.263672
1 0.546274 0.461939 0.0180289 0.03125 0.336426
1 0.515926 0.635417 0.0240385 0.0400641 0.308105
1 0.16857 0.331731 0.031851 0.0416667 0.300781
1 0.504808 0.566506 0.0252404 0.0320513 0.29248
1 0.172927 0.616787 0.0432692 0.0452725 0.289307
1 0.0324895 0.132812 0.0221605 0.0348558 0.27832
1 0.206731 0.126002 0.0426683 0.0620994 0.27832
1 0.511118 0.338141 0.0258414 0.0272436 0.27124
1 0.217248 0.197216 0.0408654 0.0526843 0.250977
1 0.216647 0.197917 0.0420673 0.0536859 0.310791
1 0.174279 0.61879 0.0426683 0.0476763 0.299805
1 0.033128 0.128405 0.023738 0.0404647 0.29248
1 0.546274 0.459936 0.0192308 0.0304487 0.291748
1 0.342548 0.88141 0.0420673 0.0512821 0.281494
1 0.206731 0.126603 0.0444712 0.0616987 0.277588
1 0.16887 0.329728 0.0324519 0.0408654 0.262207
1 0.515625 0.634615 0.0246394 0.0384615 0.256104
1 0.504207 0.564904 0.0264423 0.0320513 0.253174
1 0.134916 0.803686 0.046875 0.0512821 0.307373
1 0.342548 0.88141 0.0384616 0.0480769 0.283691
1 0.546274 0.461138 0.0186298 0.0320513 0.280518
1 0.515625 0.636218 0.0234375 0.0416666 0.270508
1 0.16857 0.330128 0.0300481 0.0408654 0.253174
1 0.20613 0.127804 0.0432692 0.0612981 0.320068
1 0.516226 0.636218 0.0240385 0.0384615 0.30249
1 0.546274 0.461538 0.0186298 0.0320513 0.29834
1 0.380709 0.481971 0.0360577 0.0432692 0.296631
1 0.217248 0.199519 0.0414663 0.0528846 0.295898
1 0.341346 0.891827 0.0408654 0.0512821 0.2854
1 0.168119 0.330529 0.0330529 0.0416666 0.276611
1 0.173828 0.61879 0.0435697 0.0476763 0.275146
1 0.0328275 0.129808 0.0247897 0.0384615 0.272705
1 0.134766 0.809295 0.0480769 0.0576923 0.264404
1 0.698317 0.740385 0.0444712 0.036859 0.256104
1 0.504507 0.566506 0.0246394 0.0304487 0.255371
1 0.205829 0.125801 0.0444712 0.0641026 0.352295
1 0.546574 0.459936 0.0180289 0.0328525 0.306641
1 0.168419 0.328526 0.0315505 0.0416667 0.304932
1 0.341947 0.88141 0.0384615 0.0464744 0.304932
1 0.515926 0.633013 0.0252404 0.0384615 0.300781
1 0.174129 0.61859 0.0414663 0.0448718 0.293457
1 0.216647 0.196314 0.0414663 0.0528846 0.282959
1 0.510216 0.33774 0.0240385 0.0240385 0.269775
1 0.38131 0.479167 0.0336538 0.0416667 0.258301
1 0.0344426 0.130208 0.0254657 0.0392628 0.256836
1 0.503305 0.563301 0.0258414 0.0352564 0.254639
1 0.135367 0.804487 0.0456731 0.0544871 0.250244
1 0.134653 0.807692 0.0516076 0.0592948 0.37207
1 0.207332 0.128405 0.0459736 0.0649038 0.339844
1 0.173077 0.61859 0.0441707 0.0496795 0.330322
1 0.341647 0.889423 0.0408654 0.0512821 0.320801
1 0.546875 0.459936 0.0204327 0.0352564 0.315674
1 0.516226 0.634615 0.0258413 0.0416667 0.304932
1 0.0330153 0.129808 0.0235126 0.0420673 0.299072
1 0.216496 0.197816 0.0426683 0.0546875 0.296631
1 0.381611 0.480769 0.0372596 0.0480769 0.296631
1 0.16857 0.329327 0.0342548 0.0480769 0.273682
1 0.510517 0.33774 0.0252404 0.0248397 0.268066
1 0.504507 0.564503 0.0270432 0.036859 0.262207
1 0.546274 0.461138 0.0192308 0.03125 0.343262
1 0.516226 0.634615 0.0240385 0.0384615 0.325195
1 0.342248 0.883013 0.0396635 0.048077 0.324219
1 0.173678 0.618389 0.0438702 0.0452724 0.309814
1 0.216346 0.198818 0.0426683 0.0526843 0.300781
1 0.333534 0.435897 0.0336538 0.0384615 0.280518
1 0.033729 0.130609 0.0229868 0.0376603 0.27832
1 0.383413 0.479968 0.0360577 0.0416667 0.269775
1 0.504207 0.564904 0.0252404 0.0320513 0.268066
1 0.169471 0.329327 0.0321514 0.0424679 0.265137
1 0.698317 0.738782 0.0432692 0.0320513 0.257568
1 0.341947 0.88141 0.0396635 0.0480769 0.317383
1 0.545673 0.459535 0.0180289 0.03125 0.310791
1 0.383113 0.479968 0.0348557 0.0400641 0.307373
1 0.516526 0.634615 0.0258413 0.0400641 0.307373
1 0.173077 0.619391 0.0414664 0.0464744 0.288574
1 0.216947 0.198818 0.0414664 0.0526843 0.2854
1 0.504207 0.564904 0.0246394 0.0328525 0.280518
1 0.169772 0.329327 0.0342548 0.0432692 0.279785
1 0.135066 0.806891 0.047476 0.0464744 0.279053
1 0.0335787 0.129006 0.023738 0.0376602 0.271973
1 0.510517 0.336538 0.0240385 0.0224359 0.270508
1 0.207181 0.128405 0.0435697 0.0612981 0.256836
1 0.333233 0.435497 0.03125 0.0384615 0.253906
1 0.206731 0.127404 0.0450721 0.0649038 0.331055
1 0.341947 0.889423 0.0396635 0.0480769 0.29834
1 0.173528 0.619391 0.0420673 0.0480769 0.291748
1 0.382813 0.480769 0.0366587 0.0448718 0.290283
1 0.546274 0.459936 0.0186298 0.0336538 0.284668
1 0.0341046 0.129006 0.0246394 0.0420673 0.277588
1 0.516226 0.635417 0.0252404 0.0400641 0.273682
1 0.134916 0.807692 0.0498798 0.0544872 0.271973
1 0.510817 0.336138 0.0240384 0.0256411 0.262939
1 0.169471 0.329728 0.0324519 0.0440705 0.259766
1 0.217097 0.199419 0.0417668 0.0546875 0.256836
1 0.504507 0.564904 0.0246394 0.0344551 0.253906
1 0.20613 0.127003 0.0438702 0.0641026 0.330322
1 0.342248 0.879808 0.0396635 0.0480769 0.328613
1 0.545673 0.459535 0.0186298 0.0320513 0.318359
1 0.515625 0.635417 0.0246394 0.0384615 0.318359
1 0.173227 0.617788 0.0432692 0.0480769 0.317383
1 0.382212 0.480369 0.0372596 0.0416667 0.313232
1 0.16857 0.329728 0.0336538 0.0424679 0.308105
1 0.216346 0.192107 0.0438702 0.0556891 0.294922
1 0.332933 0.435897 0.0336538 0.0400641 0.281494
1 0.509916 0.33734 0.0246394 0.0248397 0.267334
1 0.504207 0.564103 0.0252404 0.0336538 0.264404
1 0.0335036 0.129407 0.0264423 0.0400641 0.259766
1 0.185397 0.459135 0.0504808 0.0592949 0.256104
1 0.134578 0.807692 0.048152 0.051282 0.314941
1 0.516226 0.634615 0.0252404 0.0416667 0.297363
1 0.16887 0.331731 0.0345553 0.0448718 0.294922
1 0.341947 0.883013 0.0408654 0.048077 0.290283
1 0.173678 0.61879 0.0435697 0.0476763 0.288574
1 0.20598 0.127003 0.0432692 0.0604968 0.27832
1 0.546574 0.461538 0.0192308 0.03125 0.275879
1 0.0344802 0.130609 0.0246394 0.0384615 0.27124
1 0.215745 0.195913 0.0441707 0.056891 0.27124
1 0.382212 0.480769 0.0372596 0.0448718 0.27124
1 0.332933 0.438301 0.0342548 0.0384615 0.269043
1 0.173978 0.61879 0.0429687 0.0476763 0.319092
1 0.545974 0.459936 0.0180289 0.0304487 0.314941
1 0.342248 0.88141 0.0390625 0.0480769 0.313232
1 0.516526 0.635417 0.0246394 0.0400641 0.312256
1 0.0343675 0.129808 0.0242638 0.0392628 0.300781
1 0.504207 0.564904 0.0252404 0.0320513 0.29248
1 0.333534 0.435497 0.0324519 0.0392628 0.291016
1 0.135667 0.807692 0.047476 0.0528847 0.290283
1 0.216496 0.197917 0.0444712 0.0560897 0.282959
1 0.510216 0.33734 0.0252404 0.0224359 0.275146
1 0.169171 0.330128 0.0336539 0.0432692 0.27124
1 0.546274 0.459936 0.0192308 0.03125 0.361084
1 0.172776 0.615184 0.0420673 0.0452724 0.325928
1 0.515625 0.636218 0.0252404 0.0416666 0.321777
1 0.134766 0.809295 0.0480769 0.0480769 0.30249
1 0.504207 0.564103 0.0252404 0.0336538 0.300781
1 0.342849 0.883013 0.0378606 0.0448717 0.283691
1 0.216647 0.198017 0.0438702 0.0558894 0.264404
1 0.169171 0.330929 0.0336539 0.0448718 0.262939
1 0.186298 0.457933 0.0495793 0.0592949 0.256836
1 0.698317 0.738782 0.0432692 0.0336539 0.256836
1 0.516226 0.634615 0.0252404 0.0416667 0.360352
1 0.341947 0.88141 0.0372596 0.0448718 0.353027
1 0.172776 0.616787 0.0426683 0.0452725 0.352295
1 0.546875 0.460737 0.0192308 0.0320513 0.342529
1 0.133564 0.80609 0.0489784 0.0512821 0.339844
1 0.169321 0.329327 0.0333534 0.0432692 0.334473
1 0.20598 0.125801 0.0414663 0.0629006 0.309082
1 0.504207 0.566506 0.0252404 0.0320513 0.306641
1 0.382812 0.479167 0.0348558 0.0432692 0.30249
1 0.216346 0.196314 0.0426683 0.0552885 0.29248
1 0.185397 0.456731 0.0492788 0.0592949 0.287842
1 0.333534 0.435897 0.03125 0.0400641 0.276611
1 0.697115 0.738782 0.0456731 0.0320513 0.274414
1 0.134315 0.810096 0.0501803 0.0576924 0.31665
1 0.516226 0.636218 0.0240385 0.0416666 0.287842
1 0.172776 0.617788 0.0438702 0.0496795 0.27832
1 0.167969 0.331731 0.0336539 0.0448718 0.270508
1 0.546875 0.461538 0.0192308 0.0320513 0.256836
1 0.382212 0.48157 0.0348558 0.0440705 0.252441
1 0.341346 0.882211 0.0396635 0.0480769 0.252441
1 0.216647 0.197917 0.0444712 0.056891 0.250977
1 0.17488 0.617788 0.0432692 0.0464743 0.348633
1 0.134615 0.804487 0.0495793 0.0512821 0.320801
1 0.344651 0.883013 0.0408654 0.0512821 0.313232
1 0.547476 0.459135 0.0192308 0.0304487 0.311523
1 0.217849 0.191907 0.0450721 0.0584936 0.300781
1 0.516526 0.633814 0.0252404 0.0400641 0.29834
1 0.385216 0.479567 0.0360577 0.0448718 0.288574
1 0.169171 0.330128 0.0336539 0.0432692 0.286133
1 0.504808 0.563301 0.0264423 0.0336538 0.2854
1 0.0349685 0.130609 0.025015 0.0400641 0.269043
1 0.334736 0.435897 0.0324519 0.0400641 0.265869
1 0.185998 0.455929 0.0498798 0.0608974 0.265137
1 0.0402644 0.516827 0.0297476 0.0384615 0.253906
1 0.515625 0.634615 0.0258413 0.0416667 0.327637
1 0.341947 0.88141 0.0396635 0.0480769 0.31665
1 0.174279 0.61859 0.0441707 0.0464744 0.314941
1 0.546574 0.459936 0.0198317 0.03125 0.311523
1 0.216647 0.196314 0.0426683 0.0544872 0.293457
1 0.510216 0.336939 0.0264423 0.0240385 0.291748
1 0.333534 0.435897 0.0300481 0.0400641 0.27832
1 0.16887 0.330128 0.0336539 0.0432692 0.275146
1 0.504507 0.564503 0.0258413 0.0336538 0.266602
1 0.172476 0.61859 0.0441707 0.0496795 0.364746
1 0.134465 0.809295 0.0480769 0.0544871 0.352295
1 0.516226 0.635417 0.0252404 0.0400641 0.347656
1 0.546875 0.460337 0.0192308 0.0328525 0.338135
1 0.215745 0.198017 0.0438702 0.0558894 0.332764
1 0.169171 0.33133 0.0348558 0.0440705 0.320068
1 0.332933 0.437099 0.03125 0.0408654 0.317383
1 0.342548 0.883814 0.0396635 0.0496795 0.308105
1 0.0343675 0.130809 0.0226112 0.0396635 0.305664
1 0.510517 0.338141 0.0246394 0.025641 0.301514
1 0.504207 0.565304 0.0264423 0.036859 0.295898
1 0.382212 0.482372 0.0360577 0.0448718 0.293457
1 0.697115 0.738782 0.0456731 0.0352564 0.256836
1 0.174129 0.617788 0.0435697 0.0480769 0.369385
1 0.134766 0.806891 0.0489784 0.0528846 0.359375
1 0.516827 0.635417 0.0252404 0.0416667 0.332764
1 0.216647 0.198017 0.0441707 0.0558894 0.326904
1 0.169621 0.331731 0.0339543 0.0432692 0.319092
1 0.546875 0.460337 0.0192308 0.0328525 0.317383
1 0.333534 0.4375 0.03125 0.0400641 0.315674
1 0.344351 0.885417 0.0396635 0.051282 0.304932
1 0.505409 0.565705 0.0264423 0.0320513 0.300781
1 0.383113 0.482372 0.0354568 0.0448718 0.282959
1 0.0345177 0.13101 0.0232121 0.0392628 0.259766
1 0.207482 0.127404 0.0423678 0.0625 0.256104
1 0.511118 0.33734 0.0240384 0.0224359 0.254639
1 0.173828 0.617788 0.0429688 0.0480769 0.366699
1 0.546875 0.460737 0.0192308 0.0320513 0.354004
1 0.134766 0.809295 0.047476 0.0544871 0.353027
1 0.216346 0.197516 0.0444711 0.0552885 0.345215
1 0.516827 0.634615 0.0252404 0.0416667 0.338867
1 0.0351562 0.130609 0.023738 0.0400641 0.313965
1 0.34405 0.883814 0.0390625 0.0496795 0.309082
1 0.505409 0.565705 0.0258413 0.0336538 0.307373
1 0.169772 0.331731 0.0339543 0.0440705 0.30249
1 0.334435 0.436699 0.030649 0.0400641 0.299805
1 0.511418 0.338141 0.0252404 0.0240385 0.272705
1 0.698317 0.737981 0.0456731 0.0336538 0.269043
1 0.383413 0.48157 0.0348558 0.0432692 0.256836
1 0.516226 0.634615 0.0246394 0.0384615 0.311523
1 0.546274 0.461138 0.0192308 0.0304487 0.282227
1 0.505108 0.564904 0.0246394 0.0336538 0.276611
1 0.133564 0.80609 0.0471755 0.0512821 0.270508
1 0.169171 0.332532 0.0336539 0.0416666 0.266602
1 0.333834 0.438301 0.03125 0.0384615 0.262207
1 0.172776 0.617788 0.0420673 0.0432692 0.262207
1 0.342548 0.88141 0.0360577 0.0448718 0.259033
1 0.217698 0.193109 0.0441707 0.0560897 0.257568
1 0.698317 0.738782 0.0456731 0.0320513 0.250244
1 0.516226 0.634615 0.0258413 0.0416667 0.314941
1 0.216947 0.191707 0.046274 0.0596955 0.311523
1 0.169471 0.331731 0.0336538 0.0432692 0.295898
1 0.172776 0.618389 0.0444711 0.0484776 0.291748
1 0.546574 0.459936 0.0192308 0.03125 0.288574
1 0.698317 0.737179 0.046875 0.0352563 0.286133
1 0.504207 0.5625 0.0258413 0.036859 0.275146
1 0.334135 0.437901 0.030649 0.0392628 0.262207
1 0.341947 0.891026 0.0384615 0.0480769 0.258301
1 0.134052 0.803686 0.0461989 0.0496795 0.250977
1 0.171575 0.617788 0.0420673 0.0464743 0.389648
1 0.515926 0.633814 0.0258413 0.0400641 0.384033
1 0.16887 0.330929 0.0336539 0.0432692 0.338135
1 0.215895 0.194611 0.0432692 0.05629 0.336426
1 0.341647 0.888622 0.0378606 0.0448717 0.332031
1 0.698317 0.738782 0.0444712 0.0320513 0.325195
1 0.503305 0.565705 0.0246394 0.0352564 0.31665
1 0.332632 0.439103 0.0294471 0.036859 0.313965
1 0.545373 0.461538 0.0192308 0.0320513 0.313965
1 0.205829 0.130609 0.0402644 0.0616987 0.300781
1 0.0335036 0.133413 0.0228365 0.036859 0.299072
1 0.381611 0.480769 0.0336538 0.0432692 0.294189
1 0.185096 0.45633 0.0486779 0.0576923 0.280518
1 0.133864 0.804487 0.0477764 0.0512821 0.275879
1 0.172927 0.616787 0.0417668 0.0452725 0.399902
1 0.546274 0.459135 0.0180289 0.0304487 0.369385
1 0.334135 0.436699 0.0300481 0.0376602 0.352295
1 0.516226 0.632212 0.0246394 0.036859 0.350342
1 0.698918 0.735577 0.0444711 0.0320513 0.337158
1 0.217698 0.194311 0.0411659 0.0528846 0.33374
1 0.342548 0.886218 0.0360577 0.0448718 0.332031
1 0.169772 0.327324 0.031851 0.0416666 0.330322
1 0.504207 0.564103 0.0240385 0.0320513 0.305664
1 0.382512 0.477965 0.0330529 0.0400641 0.284668
1 0.560096 0.207131 0.0264423 0.025641 0.265137
1 0.0339543 0.134014 0.0217849 0.0344551 0.26123
1 0.186148 0.456731 0.0483774 0.0592949 0.256836
1 0.135367 0.806891 0.0450721 0.0448718 0.251709
1 0.510216 0.340545 0.0252404 0.0240385 0.250977
1 0.172927 0.620393 0.0429687 0.0476763 0.402588
1 0.516226 0.634615 0.0258413 0.0416667 0.375732
1 0.0333909 0.132212 0.0236629 0.0392628 0.362061
1 0.545974 0.460737 0.0198317 0.0320513 0.345947
1 0.341947 0.889423 0.0384615 0.0480769 0.344238
1 0.334135 0.438301 0.0324519 0.0400641 0.343262
1 0.698317 0.737179 0.0456731 0.0352563 0.343262
1 0.169171 0.331731 0.0330529 0.0448718 0.338867
1 0.217097 0.195112 0.0429687 0.0560897 0.335449
1 0.504207 0.566907 0.0258413 0.0352564 0.318359
1 0.134916 0.810096 0.0477764 0.048077 0.271973
1 0.382212 0.479567 0.0348558 0.0448718 0.264404
1 0.185547 0.460737 0.0492788 0.0625 0.262207
1 0.0413912 0.519231 0.0282452 0.0328526 0.250244
1 0.172776 0.617788 0.0432692 0.0480769 0.437744
1 0.0331656 0.130609 0.0224609 0.0392628 0.418701
1 0.545974 0.458734 0.0198317 0.03125 0.388672
1 0.217548 0.194611 0.0414663 0.0530849 0.36377
1 0.516226 0.634615 0.0252404 0.0384615 0.35498
1 0.510216 0.340144 0.0264423 0.0240385 0.347656
1 0.504808 0.564503 0.0252404 0.03125 0.345215
1 0.207332 0.130008 0.0432692 0.0608974 0.335449
1 0.169471 0.330128 0.0330529 0.0432692 0.307373
1 0.698317 0.735577 0.0444712 0.0320513 0.304932
1 0.0419922 0.516827 0.0258413 0.0304487 0.295898
1 0.334435 0.436699 0.030649 0.0400641 0.287842
1 0.343149 0.883814 0.0360577 0.0464744 0.269775
1 0.700721 0.0612981 0.0168269 0.0320513 0.259766
1 0.560096 0.209535 0.0264423 0.0240385 0.251709
1 0.172326 0.616987 0.0426683 0.0448718 0.5
1 0.033128 0.132212 0.0217849 0.0360577 0.44458
1 0.546274 0.458734 0.0192308 0.0304487 0.442627
1 0.20643 0.128606 0.0420673 0.0600961 0.429199
1 0.516226 0.63141 0.0252404 0.0384615 0.40918
1 0.217548 0.194311 0.0426683 0.0520833 0.395996
1 0.510216 0.340545 0.0252404 0.0232372 0.380371
1 0.504207 0.565705 0.0240385 0.0288462 0.370117
1 0.697716 0.737179 0.0456731 0.0336538 0.36377
1 0.16902 0.329327 0.0327524 0.0432692 0.354004
1 0.334135 0.436298 0.0300481 0.0384615 0.330322
1 0.342849 0.886218 0.0366586 0.0448718 0.310791
1 0.185998 0.45633 0.046875 0.0576923 0.291016
1 0.559495 0.209936 0.0252404 0.0240385 0.276611
1 0.135066 0.807692 0.046875 0.0480769 0.272705
1 0.0416917 0.519231 0.0247897 0.0288462 0.267334
1 0.700721 0.0614984 0.0168269 0.0304487 0.258301
1 0.381611 0.477564 0.0336538 0.0432692 0.256104
1 0.0327524 0.132612 0.0213341 0.036859 0.44165
1 0.172476 0.617187 0.0420673 0.0476763 0.417725
1 0.545673 0.457933 0.0192308 0.0296474 0.378418
1 0.515625 0.632212 0.0252404 0.0384615 0.355713
1 0.509315 0.340545 0.0258413 0.0240385 0.349609
1 0.503606 0.564904 0.0240385 0.0320513 0.338135
1 0.217248 0.196715 0.0414663 0.0520833 0.337158
1 0.20628 0.129407 0.0399639 0.0608974 0.320801
1 0.16902 0.328926 0.0327524 0.0440705 0.309082
1 0.342849 0.885417 0.0366586 0.0432693 0.307373
1 0.698317 0.736378 0.0432692 0.0320513 0.30249
1 0.333534 0.437901 0.0300481 0.0376603 0.291748
1 0.381911 0.479167 0.0336538 0.0432692 0.275879
1 0.555288 0.209936 0.0264423 0.0240385 0.262939
1 0.0358323 0.520433 0.0256911 0.03125 0.255371
1 0.70012 0.0616987 0.016827 0.03125 0.254639
1 0.134916 0.809295 0.0456731 0.0448717 0.252441
1 0.173528 0.616787 0.0423678 0.0452725 0.50293
1 0.546274 0.456731 0.0204327 0.0304487 0.474609
1 0.510216 0.338942 0.0264423 0.0232372 0.432129
1 0.0338792 0.13101 0.0223858 0.0376602 0.425293
1 0.516226 0.63141 0.0240385 0.0384615 0.418701
1 0.504207 0.5625 0.0252404 0.0320513 0.404541
1 0.334135 0.4375 0.03125 0.0392628 0.389648
1 0.698317 0.735577 0.0444712 0.0320513 0.369385
1 0.217548 0.195513 0.0414663 0.0528846 0.36377
1 0.343149 0.886218 0.0372596 0.0448718 0.359375
1 0.169471 0.327724 0.0327524 0.0432692 0.352295
1 0.559495 0.208333 0.0264423 0.0248397 0.329346
1 0.20613 0.128205 0.0405649 0.0604968 0.326904
1 0.701322 0.0612981 0.0180288 0.0320513 0.314941
1 0.382512 0.478365 0.0336538 0.0432692 0.308105
1 0.0417481 0.517628 0.0261794 0.0304487 0.279785
1 0.0419171 0.386218 0.027494 0.0344551 0.259766
1 0.186448 0.458333 0.0465745 0.0592949 0.253174
1 0.0330529 0.13121 0.0213341 0.0372596 0.470703
1 0.173077 0.617788 0.0423678 0.0464743 0.470703
1 0.546274 0.459135 0.0192308 0.0304487 0.44751
1 0.504808 0.566106 0.0252404 0.0304487 0.400635
1 0.516526 0.633013 0.0234375 0.0384615 0.398926
1 0.509615 0.340545 0.0252404 0.0240385 0.394287
1 0.342548 0.889423 0.0360577 0.0448717 0.389648
1 0.697716 0.737179 0.0444712 0.0320513 0.381104
1 0.217248 0.197115 0.0420673 0.0520833 0.379395
1 0.382212 0.479167 0.0342548 0.0432692 0.367432
1 0.334435 0.438301 0.030649 0.0384615 0.365723
1 0.20613 0.128806 0.0390625 0.0584936 0.36377
1 0.169471 0.328926 0.031851 0.0440705 0.360352
1 0.135216 0.809295 0.0459736 0.0464744 0.353027
1 0.185998 0.459135 0.0450721 0.0576923 0.30249
1 0.700721 0.061899 0.0180289 0.0316506 0.299805
1 0.559195 0.210737 0.0258414 0.025641 0.279785
1 0.0409968 0.519231 0.0258789 0.0304487 0.277588
1 0.546274 0.458333 0.0198317 0.0304487 0.503906
1 0.173077 0.617788 0.0426683 0.0464743 0.475586
1 0.0335787 0.13141 0.0219351 0.0376603 0.473633
1 0.504507 0.564904 0.0252404 0.0304487 0.446533
1 0.516827 0.632212 0.0240385 0.0384615 0.439697
1 0.510216 0.340545 0.0252404 0.0240385 0.407227
1 0.333534 0.437901 0.03125 0.0376603 0.406494
1 0.697716 0.736378 0.0444712 0.0304487 0.402588
1 0.169772 0.328526 0.0333534 0.0432692 0.388672
1 0.216647 0.194712 0.0426683 0.0528846 0.375732
1 0.135066 0.809295 0.047476 0.0464744 0.354004
1 0.342849 0.887019 0.0372596 0.0448718 0.349609
1 0.382212 0.479167 0.0348558 0.0432692 0.335449
1 0.700721 0.0616987 0.0180289 0.03125 0.323486
1 0.205529 0.128205 0.0384615 0.0576923 0.306641
1 0.559495 0.209135 0.0264423 0.025641 0.304932
1 0.185697 0.457933 0.046274 0.056891 0.286133
1 0.0360577 0.519231 0.0270433 0.0320513 0.2854
1 0.0417668 0.385817 0.0283954 0.0344551 0.258301
1 0.0405837 0.241186 0.0333158 0.0352564 0.250244
1 0.545673 0.458333 0.0204327 0.0304487 0.490234
1 0.516226 0.633013 0.0252404 0.0384615 0.482422
1 0.172476 0.61859 0.0432692 0.0464744 0.472656
1 0.033128 0.131811 0.0226863 0.0384615 0.466797
1 0.504207 0.565705 0.0246394 0.0320513 0.439697
1 0.217398 0.195613 0.0423678 0.0542868 0.429199
1 0.509615 0.341346 0.0264423 0.0240385 0.418701
1 0.169171 0.329327 0.0330529 0.0432692 0.373779
1 0.698317 0.735577 0.0432692 0.0320513 0.371094
1 0.342548 0.886218 0.0396635 0.0448718 0.360352
1 0.333834 0.4375 0.030649 0.0384615 0.346924
1 0.205679 0.128606 0.0396635 0.0584936 0.317383
1 0.381911 0.477564 0.0354567 0.0432692 0.310791
1 0.185998 0.458333 0.046274 0.0560897 0.307373
1 0.554988 0.209936 0.0270433 0.025641 0.290283
1 0.700721 0.0622997 0.0192308 0.0316506 0.286865
1 0.0407903 0.518429 0.0259916 0.0320513 0.286133
1 0.370793 0.117188 0.0384616 0.052484 0.276611
1 0.0408654 0.241587 0.0327524 0.0360577 0.264404
1 0.546274 0.459135 0.0192308 0.0304487 0.489258
1 0.173077 0.617187 0.0429688 0.0476763 0.487305
1 0.0341046 0.13141 0.0211839 0.0384615 0.485352
1 0.516827 0.633013 0.0240385 0.0384615 0.450439
1 0.504808 0.565705 0.0252404 0.0304487 0.44165
1 0.334135 0.4375 0.0300481 0.0384615 0.413086
1 0.509916 0.341346 0.0246394 0.0240385 0.405518
1 0.217398 0.196414 0.0417668 0.0542869 0.39502
1 0.169772 0.330128 0.0324519 0.0432692 0.390381
1 0.343149 0.886218 0.0384616 0.0448718 0.388672
1 0.698317 0.736378 0.0432692 0.0320513 0.349609
1 0.186599 0.458734 0.046875 0.0576923 0.331055
1 0.20613 0.127804 0.0390625 0.0584936 0.329346
1 0.382212 0.479167 0.0348558 0.0416667 0.328613
1 0.134465 0.809295 0.047476 0.0448717 0.309814
1 0.700721 0.0612981 0.0168269 0.0320513 0.30249
1 0.555889 0.209936 0.0264423 0.025641 0.296631
1 0.036546 0.520032 0.0251653 0.0320513 0.29248
1 0.0421424 0.386218 0.0270433 0.0336538 0.275879
1 0.173377 0.617187 0.0432692 0.0476763 0.492188
1 0.546274 0.459135 0.0198317 0.0304487 0.473633
1 0.0337665 0.13141 0.0226112 0.0400641 0.463867
1 0.504808 0.564904 0.0252404 0.0320513 0.448486
1 0.516526 0.632212 0.0246394 0.0400641 0.445557
1 0.510216 0.340545 0.0264423 0.0240385 0.435791
1 0.217548 0.194712 0.0426683 0.0560897 0.410156
1 0.169922 0.329327 0.0333534 0.0432692 0.398926
1 0.343149 0.886218 0.0384616 0.0464744 0.381104
1 0.698317 0.737179 0.0456731 0.0320513 0.370117
1 0.334135 0.436699 0.031851 0.0400641 0.362061
1 0.186599 0.457532 0.046875 0.0576923 0.331055
1 0.559495 0.209936 0.0264423 0.025641 0.314941
1 0.0409968 0.517628 0.0261794 0.0320513 0.307373
1 0.385216 0.477163 0.0336538 0.0432692 0.293457
1 0.205829 0.128205 0.0390625 0.0596955 0.282227
1 0.700721 0.0620994 0.0180289 0.0328526 0.265869
1 0.503606 0.266026 0.0180289 0.0304487 0.254639
1 0.173077 0.61859 0.0420673 0.0464744 0.49707
1 0.546274 0.459135 0.0192308 0.0304487 0.476562
1 0.516526 0.632212 0.0246394 0.0384615 0.472656
1 0.0338792 0.132612 0.0225361 0.0392628 0.455078
1 0.504808 0.565705 0.0252404 0.0320513 0.434082
1 0.217248 0.195913 0.0426683 0.0544872 0.425293
1 0.169772 0.330128 0.0324519 0.0432692 0.418701
1 0.510216 0.341346 0.0258413 0.0240385 0.414795
1 0.697716 0.736378 0.0456731 0.0320513 0.406494
1 0.342548 0.887019 0.0372596 0.0448718 0.396973
1 0.334435 0.4375 0.03125 0.0392628 0.380371
1 0.382512 0.477965 0.0342548 0.0424679 0.375732
1 0.205829 0.129006 0.0378606 0.0576923 0.353027
1 0.186148 0.458333 0.0453726 0.0560897 0.329346
1 0.559495 0.209135 0.0264423 0.0240385 0.303955
1 0.135066 0.809295 0.0459736 0.0448717 0.290283
1 0.0364333 0.520032 0.0258413 0.03125 0.279785
1 0.701322 0.0622997 0.0180288 0.0324519 0.272705
1 0.0379733 0.244391 0.0328275 0.036859 0.27124
1 0.173377 0.617788 0.0420673 0.0464743 0.510742
1 0.516526 0.633013 0.0240385 0.0384615 0.499023
1 0.545974 0.459936 0.0192308 0.0304487 0.49707
1 0.0338041 0.132212 0.0220853 0.0392628 0.47168
1 0.217548 0.195913 0.0417668 0.0536859 0.462891
1 0.504207 0.565705 0.0252404 0.0320513 0.461914
1 0.169772 0.329728 0.0330529 0.0440705 0.42627
1 0.509916 0.341346 0.0258413 0.0240385 0.42627
1 0.343149 0.887019 0.0384616 0.0464744 0.420654
1 0.697716 0.737179 0.0444712 0.0320513 0.412109
1 0.334135 0.437901 0.03125 0.0384615 0.387695
1 0.382512 0.478766 0.0342548 0.0432692 0.375732
1 0.135216 0.808493 0.046875 0.0480769 0.368408
1 0.186448 0.457933 0.0459736 0.0560897 0.353027
1 0.559495 0.209135 0.0264423 0.025641 0.324219
1 0.205679 0.128806 0.0369591 0.0572917 0.306641
1 0.0407903 0.519231 0.0259916 0.0304487 0.291748
1 0.700721 0.061899 0.0168269 0.0316506 0.287842
1 0.371094 0.117388 0.0384615 0.0528846 0.264404
1 0.0385367 0.244792 0.0332031 0.036859 0.264404
1 0.0417481 0.38742 0.0276818 0.0344551 0.256836
1 0.173077 0.61879 0.0426683 0.0476763 0.480469
1 0.516226 0.633013 0.0252404 0.0384615 0.480469
1 0.545974 0.459135 0.0198317 0.0304487 0.475586
1 0.0338041 0.132212 0.0235877 0.0396635 0.446533
1 0.217999 0.195913 0.0429687 0.0544872 0.446533
1 0.504507 0.566106 0.0252404 0.03125 0.439697
1 0.342849 0.886218 0.0390625 0.0480769 0.413086
1 0.169471 0.330929 0.0330529 0.0432692 0.401611
1 0.698317 0.737179 0.0444712 0.0320513 0.395996
1 0.510216 0.341346 0.0264423 0.0240385 0.387695
1 0.334435 0.4375 0.031851 0.0392628 0.385742
1 0.382212 0.478766 0.0348558 0.0432692 0.356689
1 0.135216 0.809295 0.0471755 0.0464744 0.34082
1 0.186599 0.457933 0.046274 0.056891 0.338135
1 0.205829 0.129006 0.0384616 0.0584936 0.324219
1 0.559495 0.209535 0.0264423 0.025641 0.295898
1 0.04064 0.519231 0.0265925 0.03125 0.291748
1 0.371394 0.117989 0.0396635 0.0532852 0.275146
1 0.0380108 0.244792 0.0336538 0.036859 0.253174
1 0.546274 0.458734 0.0204327 0.03125 0.500977
1 0.516226 0.632212 0.0252404 0.0400641 0.500977
1 0.172927 0.616987 0.0423678 0.0480769 0.499023
1 0.217849 0.195112 0.0420673 0.0544872 0.47168
1 0.0336538 0.132011 0.0228365 0.0392628 0.462891
1 0.504808 0.565304 0.0252404 0.03125 0.456055
1 0.342548 0.886218 0.0384616 0.0464744 0.437744
1 0.509916 0.340945 0.0264423 0.0232372 0.436768
1 0.169471 0.329728 0.0330529 0.0440705 0.417725
1 0.334736 0.436699 0.03125 0.0384615 0.404541
1 0.698317 0.735577 0.0456731 0.0320513 0.398926
1 0.382212 0.477965 0.0348558 0.0432692 0.373779
1 0.186298 0.456731 0.0450721 0.0576923 0.364746
1 0.205679 0.128606 0.0375601 0.0592949 0.323486
1 0.134878 0.809295 0.0469501 0.0464744 0.319092
1 0.558894 0.209135 0.0264423 0.0248397 0.311523
1 0.371394 0.117788 0.0390625 0.0536859 0.307373
1 0.0358323 0.520032 0.026893 0.0320513 0.29834
1 0.700721 0.0622997 0.0192308 0.0328526 0.280518
1 0.0378606 0.244792 0.0335036 0.0376603 0.272705
1 0.0418419 0.387019 0.0283954 0.0344551 0.257568
1 0.173077 0.616987 0.0423678 0.0480769 0.489258
1 0.546574 0.459135 0.0198317 0.0304487 0.488281
1 0.516226 0.632212 0.0240385 0.0400641 0.485352
1 0.504808 0.565705 0.0252404 0.0304487 0.453369
1 0.217849 0.195913 0.0426683 0.0544872 0.445557
1 0.0338792 0.132011 0.0225361 0.0392628 0.440674
1 0.169621 0.329327 0.0327524 0.0432692 0.400635
1 0.343149 0.886218 0.0384616 0.0464744 0.400635
1 0.510216 0.341346 0.0264423 0.0240385 0.399902
1 0.698317 0.736378 0.0456731 0.0320513 0.383057
1 0.334736 0.4375 0.03125 0.0384615 0.349609
1 0.186298 0.456731 0.0459736 0.0576923 0.329346
1 0.382212 0.478365 0.0348558 0.0432692 0.325195
1 0.559495 0.209936 0.0264423 0.0248397 0.306641
1 0.205829 0.128806 0.0378606 0.0588942 0.293457
1 0.134878 0.808493 0.0469501 0.0464744 0.2854
1 0.0407903 0.518429 0.0267428 0.0304487 0.277588
1 0.701322 0.0625 0.0180288 0.0324519 0.265137
1 0.516226 0.633013 0.0246394 0.0400641 0.516602
1 0.546274 0.459535 0.0198317 0.0304487 0.514648
1 0.172927 0.617788 0.0423678 0.0464743 0.509766
1 0.504507 0.566506 0.0252404 0.0304487 0.466797
1 0.0336538 0.132212 0.0226863 0.0392628 0.457031
1 0.217548 0.196414 0.0426683 0.0542869 0.456055
1 0.169471 0.330128 0.0330529 0.0432692 0.421631
1 0.698317 0.736378 0.0456731 0.0320513 0.408203
1 0.510216 0.341747 0.0264423 0.0232372 0.402588
1 0.342849 0.887019 0.0384616 0.0464744 0.390381
1 0.382212 0.478365 0.0348558 0.0432692 0.337158
1 0.334435 0.4375 0.030649 0.0384615 0.336426
1 0.185998 0.457532 0.0456731 0.0576923 0.331055
1 0.559195 0.209936 0.0264423 0.0240385 0.329346
1 0.20598 0.129407 0.0384615 0.0588942 0.325928
1 0.0407151 0.518429 0.0265925 0.0304487 0.294189
1 0.134916 0.809295 0.0471755 0.0448717 0.29248
1 0.700721 0.0622997 0.0168269 0.0320513 0.275146
1 0.0379357 0.244391 0.0336538 0.0376602 0.262939
1 0.640625 0.0661058 0.016827 0.0348558 0.26123
1 0.0327524 0.132612 0.0213341 0.036859 0.44165
1 0.172476 0.617187 0.0420673 0.0476763 0.417725
1 0.545673 0.457933 0.0192308 0.0296474 0.378418
1 0.515625 0.632212 0.0252404 0.0384615 0.355713
1 0.509315 0.340545 0.0258413 0.0240385 0.349609
1 0.503606 0.564904 0.0240385 0.0320513 0.338135
1 0.217248 0.196715 0.0414663 0.0528846 0.337158
1 0.20628 0.129407 0.0399639 0.0608974 0.320068
1 0.16902 0.328926 0.0327524 0.0440705 0.309082
1 0.342849 0.885417 0.0366586 0.0432693 0.306641
1 0.698317 0.736378 0.0432692 0.0320513 0.30249
1 0.333534 0.437901 0.0300481 0.0376603 0.291748
1 0.381911 0.479167 0.0336538 0.0432692 0.276611
1 0.555288 0.209936 0.0264423 0.0240385 0.263672
1 0.70012 0.0616987 0.016827 0.03125 0.254639
1 0.0358323 0.520433 0.0256911 0.03125 0.254639
1 0.134916 0.809295 0.0456731 0.0448717 0.252441
