1 0.944712 0.643029 0.0480769 0.0665064 0.463867
1 0.363582 0.770032 0.0697115 0.0817307 0.299805
1 0.683894 0.0227865 0.0384615 0.0455729 0.269775
1 0.942308 0.63782 0.0576923 0.0785256 0.259033
1 0.939303 0.632212 0.0492789 0.0721154 0.360352
1 0.365986 0.750401 0.0588942 0.071314 0.284668
1 0.683293 0.0180038 0.0432692 0.0360076 0.256104
1 0.941106 0.63782 0.0480769 0.0657051 0.367432
1 0.945312 0.63742 0.0528846 0.0616987 0.296631
1 0.366887 0.757812 0.0618991 0.0612981 0.267334
1 0.36268 0.758814 0.0649039 0.0657051 0.309814
1 0.942308 0.636218 0.0552885 0.0608974 0.252441
1 0.939904 0.648638 0.0552885 0.0600961 0.254639
1 0.94351 0.639423 0.0576923 0.0737179 0.309814
1 0.364483 0.761218 0.0606971 0.0641025 0.250977
1 0.944712 0.639423 0.0552885 0.0689102 0.32251
1 0.365986 0.754808 0.0661058 0.0705128 0.392334
1 0.94351 0.635817 0.0552885 0.0713141 0.335449
1 0.364784 0.759615 0.0673077 0.0689102 0.275146
1 0.944712 0.638622 0.0528846 0.0689103 0.269043
1 0.364183 0.751603 0.0637019 0.0705129 0.331055
1 0.945913 0.634615 0.0600961 0.0729167 0.299805
0 0.686899 0.0176282 0.0444711 0.0352564 0.263672
1 0.942909 0.639423 0.0540865 0.0657051 0.415771
1 0.94351 0.639824 0.0600961 0.0697115 0.440674
1 0.364483 0.761218 0.063101 0.0673077 0.309814
0 0.364784 0.754006 0.0618991 0.0721154 0.411133
0 0.418269 0.734776 0.0378606 0.0753206 0.380371
0 0.685096 0.0161258 0.0420673 0.0322516 0.334473
1 0.94351 0.633013 0.0552885 0.0753205 0.295898
1 0.944111 0.636218 0.0516827 0.0673077 0.35498
1 0.365385 0.755208 0.0612981 0.071314 0.282227
1 0.94351 0.644231 0.0552885 0.073718 0.265869
1 0.362981 0.759615 0.0649038 0.0705128 0.264404
1 0.94351 0.637019 0.0576923 0.0705128 0.367432
1 0.363582 0.758814 0.0637019 0.0689102 0.365723
0 0.41887 0.735176 0.0426683 0.0777244 0.282959
1 0.94351 0.63742 0.0576923 0.0721154 0.312256
1 0.94351 0.638622 0.0504808 0.0689103 0.294189
1 0.365084 0.759816 0.0582933 0.0637019 0.281494
1 0.366587 0.755208 0.0588942 0.0697115 0.296631
1 0.944712 0.633013 0.0504807 0.0641026 0.270508
1 0.364183 0.758013 0.0649038 0.0705129 0.37207
1 0.941106 0.640625 0.0528846 0.0705128 0.385742
1 0.364784 0.761218 0.0600961 0.0608974 0.338135
1 0.941707 0.641827 0.0540866 0.0705128 0.317383
1 0.94351 0.637019 0.0576923 0.0705128 0.379395
1 0.367188 0.758013 0.0625 0.0657051 0.287842
1 0.942308 0.639423 0.0600961 0.0753205 0.358398
1 0.363582 0.759615 0.0625 0.0673077 0.304932
1 0.942909 0.640625 0.0540865 0.068109 0.305664
1 0.365084 0.761218 0.0606971 0.0625 0.265137
1 0.942308 0.639423 0.0576923 0.0689102 0.27832
1 0.942909 0.639824 0.0528846 0.0665064 0.424316
1 0.365385 0.762019 0.0588942 0.0657051 0.411133
1 0.365385 0.761018 0.0612981 0.0580929 0.410156
1 0.942308 0.641827 0.0552885 0.0657051 0.37207
1 0.944111 0.641026 0.0552885 0.0697115 0.369385
1 0.366587 0.754808 0.0576923 0.0625 0.281494
1 0.942308 0.642228 0.0552885 0.0729167 0.517578
1 0.365385 0.758814 0.0625 0.0641025 0.336426
1 0.94351 0.641026 0.0564904 0.0737179 0.373779
1 0.365986 0.759615 0.0600962 0.0625 0.358398
1 0.365385 0.761218 0.0600962 0.0641025 0.494141
1 0.94351 0.642628 0.0552885 0.0745192 0.42627
1 0.364784 0.758213 0.0649038 0.066907 0.392334
1 0.942909 0.638622 0.0588942 0.0769231 0.371094
1 0.94351 0.63782 0.0552885 0.0737179 0.403564
1 0.365685 0.759615 0.0582932 0.0625 0.37207
1 0.94351 0.639423 0.0600961 0.0769231 0.505859
1 0.365986 0.757212 0.0612981 0.0657051 0.410156
1 0.944712 0.639423 0.0564904 0.0769231 0.482422
1 0.365385 0.758013 0.063101 0.0641025 0.463867
0 0.472356 0.00773738 0.0360577 0.0154748 0.256104
1 0.941707 0.639423 0.0540866 0.0697115 0.428223
1 0.363582 0.759615 0.0600962 0.0608974 0.369385
1 0.942308 0.638622 0.0540865 0.0657051 0.321777
1 0.364784 0.757211 0.0625 0.0689102 0.320801
1 0.942308 0.639423 0.0516827 0.0657051 0.343262
1 0.364784 0.758013 0.0625 0.0625 0.309082
1 0.364784 0.758814 0.0625 0.0689102 0.425293
1 0.942308 0.639423 0.0528846 0.0705128 0.386719
1 0.941106 0.638622 0.0564904 0.0705128 0.301514
1 0.364483 0.758814 0.063101 0.0673077 0.272705
1 0.942308 0.640224 0.0528846 0.0633013 0.387695
1 0.364784 0.755609 0.0588942 0.0641026 0.324219
1 0.94351 0.640224 0.0564904 0.0729167 0.452393
1 0.364784 0.758213 0.0637019 0.0701122 0.38501
1 0.942909 0.639423 0.0576923 0.0705128 0.414795
1 0.364784 0.758013 0.0625 0.0673076 0.378418
1 0.945913 0.63782 0.0600961 0.0689102 0.383057
1 0.365986 0.758013 0.0625 0.0657051 0.377441
1 0.365986 0.758814 0.0594952 0.0625 0.365723
1 0.944712 0.638622 0.0552885 0.0705128 0.337158
1 0.944712 0.640224 0.0528846 0.0673077 0.36377
1 0.365685 0.754808 0.0600962 0.0608974 0.348633
1 0.944712 0.639423 0.0576923 0.0737179 0.334473
1 0.366286 0.754407 0.0606971 0.0633013 0.299072
1 0.942909 0.640224 0.0552885 0.0713141 0.376709
1 0.364183 0.759816 0.0612981 0.0637019 0.342529
1 0.365084 0.759816 0.0612981 0.0669071 0.39502
1 0.94351 0.63782 0.0576923 0.0737179 0.348633
1 0.94351 0.639423 0.0576923 0.0737179 0.373047
1 0.364784 0.757211 0.0612981 0.0673077 0.353027
1 0.365084 0.754006 0.0576923 0.0625 0.34082
1 0.94351 0.638221 0.0528846 0.0705128 0.339844
1 0.942308 0.640625 0.0576923 0.0729167 0.480469
1 0.364784 0.759615 0.0600961 0.0657052 0.413086
1 0.94351 0.638622 0.0552885 0.0721154 0.420654
1 0.365385 0.758013 0.0606971 0.0641025 0.410156
1 0.364183 0.759615 0.0612981 0.0657052 0.433105
1 0.944712 0.641827 0.0552885 0.0737179 0.369385
1 0.365084 0.759816 0.0618991 0.0637019 0.401611
1 0.94351 0.641026 0.0576923 0.0721154 0.360352
1 0.365385 0.758013 0.0600962 0.0641025 0.37207
1 0.944712 0.641827 0.0540866 0.0705128 0.331055
1 0.944712 0.639423 0.0576923 0.0721154 0.376709
1 0.364784 0.756611 0.0625 0.0669071 0.376709
0 0.464543 0.515224 0.27524 0.390224 0.314941
1 0.364784 0.755609 0.0588942 0.0625 0.400635
1 0.94351 0.638221 0.0552885 0.0729167 0.385742
1 0.364183 0.758013 0.0600962 0.0641025 0.351318
1 0.942308 0.640224 0.0540865 0.0689102 0.325928
1 0.365385 0.75641 0.0588942 0.0657052 0.389648
1 0.944111 0.638622 0.0552885 0.0689103 0.334473
1 0.364784 0.75641 0.0618991 0.0641025 0.413086
1 0.944111 0.639022 0.0552885 0.068109 0.354004
1 0.94351 0.638622 0.0564904 0.0721154 0.429199
1 0.364183 0.75641 0.0612981 0.0657052 0.414795
1 0.944712 0.641026 0.0612981 0.0785256 0.404541
1 0.365385 0.758213 0.0625 0.0701122 0.351318
1 0.365385 0.75601 0.0625 0.0665064 0.376709
1 0.944712 0.63782 0.0600962 0.0737179 0.375732
1 0.94351 0.63782 0.0576923 0.0737179 0.40918
1 0.365084 0.754808 0.0606971 0.0641026 0.398926
1 0.942909 0.639824 0.0564904 0.0753205 0.434082
1 0.365084 0.758013 0.0618991 0.0689103 0.414795
1 0.364784 0.75641 0.0625 0.0689102 0.407227
1 0.944111 0.639022 0.0564904 0.0713141 0.383057
1 0.94351 0.638622 0.0528846 0.0689103 0.399902
1 0.363882 0.757211 0.061899 0.0689102 0.399902
1 0.363582 0.757211 0.0637019 0.0673077 0.37207
1 0.942308 0.635016 0.0576923 0.0713141 0.360352
1 0.944111 0.635417 0.0588942 0.0769231 0.38208
1 0.364784 0.75601 0.0625 0.068109 0.361084
1 0.364183 0.759615 0.0625 0.0673077 0.469727
1 0.941707 0.640224 0.0564904 0.0705128 0.435791
1 0.416466 0.744792 0.0360577 0.0600961 0.252441
1 0.364183 0.757812 0.0612981 0.0677083 0.438721
1 0.944712 0.636218 0.0576923 0.0713141 0.419678
1 0.94351 0.639423 0.0600961 0.0753205 0.467773
1 0.364784 0.758814 0.0612981 0.0689102 0.410156
1 0.94351 0.641026 0.0576923 0.0721154 0.480469
1 0.365385 0.758213 0.0612981 0.066907 0.440674
1 0.94351 0.641426 0.0576923 0.0745192 0.555664
1 0.364784 0.755609 0.0612981 0.0657052 0.480469
1 0.416466 0.738782 0.0372596 0.0657052 0.250977
1 0.944712 0.639423 0.0576923 0.0721154 0.475586
1 0.365084 0.757812 0.0618991 0.0645032 0.414062
1 0.416466 0.742788 0.0372596 0.0641025 0.269775
1 0.364183 0.760417 0.0625 0.0673077 0.535156
1 0.94351 0.639423 0.0564904 0.0713141 0.519531
1 0.417368 0.741987 0.0378606 0.0657051 0.320068
1 0.94351 0.640625 0.0552885 0.0697115 0.515625
1 0.364784 0.758013 0.0606971 0.0641025 0.515625
1 0.417067 0.742788 0.0372596 0.0641025 0.309814
1 0.364183 0.75621 0.0618991 0.0645032 0.479492
1 0.942308 0.63742 0.0552885 0.0697115 0.446533
1 0.417668 0.741987 0.0372596 0.0657051 0.304932
1 0.94351 0.63782 0.0576923 0.0721154 0.504883
1 0.364784 0.75641 0.0612981 0.0657052 0.49707
1 0.417067 0.740785 0.0378606 0.0665064 0.269775
1 0.94351 0.63782 0.0552885 0.0705128 0.504883
1 0.364784 0.758213 0.0612981 0.066907 0.489258
1 0.417668 0.741587 0.0372596 0.0649038 0.259766
1 0.942909 0.638622 0.0564904 0.0721154 0.448486
1 0.365084 0.75621 0.0618991 0.0645032 0.412109
1 0.94351 0.63742 0.0552885 0.068109 0.480469
1 0.365385 0.75621 0.0600962 0.0645032 0.479492
1 0.417668 0.741987 0.0372596 0.0641025 0.272705
1 0.364784 0.758013 0.0600961 0.0641025 0.522461
1 0.94351 0.63742 0.0552885 0.0689102 0.498047
1 0.417668 0.741987 0.0360577 0.0641025 0.279053
1 0.365385 0.75621 0.0600962 0.0645032 0.494141
1 0.944111 0.636218 0.0564904 0.0689103 0.470703
1 0.417668 0.741186 0.0372596 0.0641025 0.258301
1 0.365385 0.75641 0.0600962 0.0641025 0.509766
1 0.94351 0.637019 0.0552885 0.0705128 0.507812
1 0.417668 0.741186 0.0372596 0.0641025 0.268066
1 0.94351 0.636218 0.0564904 0.0705128 0.510742
1 0.365084 0.75601 0.0600962 0.0649039 0.5
0 0.679087 0.0241887 0.0600961 0.0483774 0.265869
1 0.417668 0.741186 0.0372596 0.0641025 0.259766
1 0.94351 0.636218 0.0552885 0.0697115 0.488281
1 0.364784 0.75601 0.0600961 0.0649039 0.481445
0 0.680288 0.0238381 0.0576923 0.0476763 0.262207
1 0.417668 0.741186 0.0372596 0.0641025 0.257568
1 0.944712 0.639423 0.0576923 0.0721154 0.475586
1 0.365084 0.757812 0.0618991 0.0645032 0.414062
1 0.416466 0.742788 0.0372596 0.0641025 0.269043
