1 0.576623 0.762821 0.0510817 0.102564 0.356689
1 0.572115 0.743056 0.0540865 0.108974 0.295898
0 0.790264 0.417735 0.0588943 0.0555556 0.269775
1 0.574519 0.73985 0.0516827 0.115385 0.52832
1 0.941707 0.288194 0.0757212 0.155449 0.27832
1 0.574519 0.747329 0.0516827 0.0940171 0.449463
1 0.576322 0.751603 0.0528846 0.099359 0.325195
1 0.57512 0.738248 0.0528846 0.0940171 0.253906
1 0.573918 0.744658 0.0504808 0.0876069 0.255371
1 0.576923 0.742521 0.0492788 0.0961539 0.396973
1 0.577524 0.744124 0.0516827 0.100427 0.269775
1 0.934495 0.282586 0.078125 0.166132 0.290283
1 0.576923 0.739316 0.0516827 0.0982906 0.253906
1 0.576322 0.745727 0.0528846 0.100427 0.309814
1 0.57482 0.754273 0.0534856 0.0940171 0.254639
1 0.576322 0.743056 0.0576923 0.105769 0.356689
1 0.576923 0.744124 0.0516827 0.0950854 0.339844
1 0.574219 0.747329 0.0546875 0.0982906 0.263672
1 0.576623 0.741453 0.0546875 0.100427 0.291748
1 0.576022 0.745727 0.0546875 0.101496 0.299805
1 0.507812 0.239383 0.111779 0.213542 0.286865
1 0.574519 0.747863 0.0540865 0.104701 0.266602
1 0.57512 0.744658 0.0492788 0.0982906 0.338867
1 0.577975 0.740385 0.0507812 0.0961539 0.290283
1 0.577524 0.745727 0.0552885 0.101496 0.338867
1 0.574519 0.745727 0.0504807 0.0918803 0.332031
1 0.57512 0.745727 0.0516827 0.0940171 0.29248
1 0.577524 0.740385 0.0540865 0.0961539 0.299072
1 0.574519 0.752671 0.0540865 0.101496 0.258301
1 0.575721 0.746795 0.0528846 0.0940171 0.337158
1 0.575721 0.74359 0.0552885 0.104701 0.272705
1 0.575721 0.754273 0.0504807 0.0961539 0.445557
1 0.57512 0.746795 0.0528846 0.090812 0.346924
1 0.57512 0.744658 0.0504807 0.0961538 0.388672
1 0.574519 0.754273 0.0528846 0.102564 0.446533
0 0.838942 0.364583 0.175481 0.235577 0.250244
1 0.57512 0.748398 0.0528846 0.0972223 0.348633
1 0.576322 0.752137 0.0516827 0.0961539 0.448486
1 0.57512 0.75 0.0564904 0.100427 0.343262
1 0.57512 0.75 0.0504807 0.0940171 0.395996
1 0.575721 0.750534 0.0552885 0.0961539 0.433105
1 0.575721 0.745192 0.0540865 0.0961539 0.389648
1 0.573918 0.74359 0.0528846 0.0940171 0.37207
1 0.574519 0.746795 0.0504807 0.0897436 0.319092
1 0.573317 0.751068 0.0492789 0.0929487 0.348633
1 0.574519 0.74359 0.0552885 0.0982906 0.354004
1 0.575421 0.744124 0.0546875 0.099359 0.250244
1 0.575721 0.745192 0.0504807 0.0940171 0.307373
0 0.0676833 0.349359 0.10652 0.199786 0.421631
1 0.574519 0.747329 0.0540865 0.100427 0.34082
0 0.844351 0.367254 0.188702 0.230235 0.295898
1 0.573017 0.744658 0.0522837 0.0961538 0.398926
1 0.57512 0.746795 0.0552885 0.0961538 0.300781
1 0.574519 0.746261 0.0540865 0.0993589 0.306641
1 0.57482 0.746261 0.0510817 0.0929487 0.321777
1 0.576322 0.746261 0.0504807 0.101496 0.367432
1 0.573918 0.746261 0.0528846 0.0972222 0.325195
1 0.573918 0.745727 0.0552885 0.100427 0.299805
1 0.576923 0.753205 0.0540865 0.0982906 0.313232
1 0.576623 0.745727 0.0534855 0.0982906 0.378418
1 0.573317 0.747329 0.0528846 0.0950854 0.373047
1 0.573317 0.746261 0.0528846 0.0950854 0.390381
1 0.573317 0.75641 0.0552885 0.0982906 0.348633
0 0.0673077 0.351496 0.0976563 0.181624 0.291748
0 0.0703876 0.34188 0.117037 0.198718 0.458008
1 0.573317 0.758547 0.0552885 0.100427 0.369385
0 0.846154 0.37313 0.182692 0.215278 0.269775
1 0.573918 0.757479 0.0516827 0.0961539 0.315674
0 0.375 0.436966 0.21274 0.301282 0.258301
1 0.573918 0.753205 0.0528846 0.0961539 0.282227
1 0.575721 0.744658 0.0516827 0.101496 0.366699
1 0.573918 0.753205 0.0516827 0.0940171 0.305664
0 0.1564 0.331731 0.114483 0.220085 0.388672
1 0.574519 0.745192 0.0516827 0.0961539 0.343262
0 0.0679838 0.343483 0.102915 0.192308 0.289307
0 0.0678899 0.347222 0.100098 0.180556 0.350342
1 0.576923 0.746795 0.0540865 0.0961538 0.346924
0 0.847356 0.362714 0.173077 0.205128 0.250244
1 0.575721 0.745727 0.0528846 0.0940171 0.38208
1 0.573618 0.756944 0.0522837 0.0950855 0.275146
1 0.575721 0.745192 0.0540865 0.0972222 0.325928
1 0.575721 0.752137 0.0552885 0.0972222 0.328613
1 0.57512 0.752671 0.0528846 0.0972222 0.380371
1 0.576322 0.751068 0.0528846 0.0961539 0.375732
1 0.573618 0.753205 0.0510818 0.0918804 0.367432
1 0.576322 0.746795 0.0528846 0.0961538 0.320801
1 0.220703 0.523504 0.0273438 0.0523504 0.250977
1 0.57512 0.745727 0.0528846 0.0982906 0.308105
1 0.573317 0.754273 0.0528846 0.0940171 0.383057
1 0.574219 0.754808 0.0534856 0.0961538 0.366699
1 0.219952 0.526709 0.0258414 0.0523504 0.293457
1 0.57512 0.752137 0.0540865 0.0961539 0.351318
1 0.220102 0.525775 0.0291466 0.0574252 0.253906
1 0.574519 0.753205 0.0540865 0.0950854 0.413086
1 0.574519 0.751603 0.0540865 0.0961538 0.499023
1 0.575721 0.751068 0.0528846 0.0940171 0.388672
1 0.219351 0.527778 0.0270433 0.051282 0.295898
1 0.57512 0.748932 0.0528846 0.0961539 0.435059
0 0.847356 0.360577 0.185096 0.211538 0.338867
1 0.220252 0.527778 0.0270433 0.0534188 0.269043
0 0.0682843 0.338141 0.0999099 0.175748 0.256836
1 0.57512 0.751068 0.0516827 0.0918804 0.446533
0 0.844952 0.364049 0.173077 0.215278 0.414795
1 0.219651 0.528846 0.0270433 0.0523504 0.269043
1 0.574519 0.745727 0.0540865 0.0961538 0.435059
0 0.846755 0.364049 0.18149 0.219551 0.311523
1 0.219651 0.525641 0.0264423 0.0512821 0.262939
1 0.574519 0.747863 0.0540865 0.0940171 0.437744
0 0.846154 0.362447 0.182692 0.223825 0.339844
1 0.219651 0.527778 0.0285457 0.0544872 0.252441
0 0.0676082 0.342415 0.106971 0.18109 0.251709
1 0.574519 0.747329 0.0540865 0.0972222 0.467773
0 0.848558 0.36485 0.185096 0.224359 0.435791
1 0.220252 0.528846 0.0264423 0.051282 0.271973
1 0.57512 0.750534 0.0540865 0.0950855 0.435791
0 0.846154 0.363782 0.180288 0.223291 0.368408
1 0.57482 0.747329 0.0522837 0.0940171 0.46875
0 0.848558 0.361111 0.186298 0.221154 0.449463
1 0.220252 0.526709 0.0270433 0.0523504 0.286865
1 0.574519 0.745727 0.0528846 0.0940171 0.5
0 0.847957 0.362179 0.185096 0.223291 0.490234
1 0.219952 0.526709 0.0270433 0.0512821 0.250244
1 0.57512 0.744124 0.0528846 0.0950854 0.478516
0 0.847356 0.355769 0.182692 0.209402 0.416748
1 0.219952 0.522569 0.0282452 0.0531517 0.273682
1 0.574519 0.747329 0.0528846 0.0950854 0.466797
0 0.847356 0.359241 0.18149 0.214209 0.341553
1 0.220102 0.527244 0.0279447 0.0523504 0.267334
1 0.574519 0.746261 0.0528846 0.0950854 0.448486
0 0.847356 0.356838 0.185096 0.212607 0.36377
1 0.574519 0.745192 0.0528846 0.0940171 0.459961
0 0.847356 0.356036 0.185096 0.212073 0.29248
1 0.575721 0.751068 0.0528846 0.0940171 0.388672
1 0.219351 0.527778 0.0270433 0.051282 0.294922
