1 0.778846 0.0619992 0.078125 0.115385 0.658203
1 0.814303 0.626603 0.0805289 0.105769 0.645996
1 0.396635 0.691507 0.0661058 0.0729167 0.440674
1 0.591346 0.331731 0.0745193 0.0929487 0.402588
1 0.353966 0.309896 0.0709135 0.133413 0.391357
1 0.299204 0.59375 0.0854868 0.137821 0.325928
1 0.573317 0.0285958 0.0552885 0.0571915 0.280518
1 0.65024 0.63141 0.0697115 0.088141 0.277588
1 0.661058 0.0247897 0.0408654 0.0495793 0.252441
1 0.772837 0.0711138 0.0961539 0.142228 0.343262
1 0.396635 0.6875 0.0799279 0.0945513 0.314941
1 0.769231 0.058093 0.0841346 0.116186 0.723145
1 0.594351 0.32492 0.0793269 0.101763 0.634277
1 0.392728 0.682692 0.0691106 0.0929487 0.564941
1 0.813702 0.614583 0.0769231 0.088141 0.482422
1 0.569712 0.0284956 0.046875 0.0569912 0.325195
1 0.813702 0.621795 0.0841346 0.103365 0.356689
1 0.394832 0.683494 0.0685096 0.0849359 0.398926
1 0.5939 0.327123 0.0742188 0.0973558 0.335449
1 0.571815 0.0271935 0.0546875 0.054387 0.325195
1 0.814303 0.61859 0.0733173 0.108974 0.291016
1 0.772236 0.0637019 0.0841346 0.127404 0.343262
1 0.394231 0.692308 0.0709135 0.0897436 0.307373
1 0.571514 0.0341046 0.0600961 0.0682091 0.265869
1 0.813702 0.629407 0.0817308 0.125 0.262207
1 0.816106 0.624599 0.0769231 0.10016 0.520508
1 0.397837 0.691507 0.0673077 0.0865385 0.506836
1 0.771635 0.0570413 0.0865384 0.114083 0.412109
1 0.594802 0.332131 0.0796274 0.104167 0.393311
1 0.337139 0.298478 0.0661058 0.122596 0.291016
1 0.573918 0.0281951 0.0540865 0.0563902 0.259766
1 0.592698 0.332131 0.0790264 0.0953526 0.339844
1 0.396635 0.69351 0.0757212 0.0857372 0.330322
1 0.817308 0.616587 0.0841346 0.105769 0.31665
1 0.771034 0.0603966 0.0997596 0.120793 0.258301
1 0.813101 0.622196 0.0793269 0.108974 0.486328
1 0.391226 0.691507 0.0685096 0.0825321 0.390381
1 0.771635 0.0599459 0.0841346 0.119892 0.371094
1 0.592548 0.329728 0.0709135 0.0897436 0.284668
1 0.816106 0.625 0.078125 0.106571 0.462891
1 0.397837 0.690705 0.0709135 0.0881411 0.389648
1 0.772837 0.0569411 0.0841346 0.113882 0.339844
1 0.573918 0.0289964 0.0576923 0.0579928 0.262207
1 0.594952 0.335337 0.0769231 0.100962 0.253174
1 0.591496 0.32492 0.0814303 0.108173 0.347656
1 0.814904 0.613782 0.0793269 0.0977565 0.320068
1 0.774639 0.054988 0.0961538 0.109976 0.287842
1 0.398438 0.681891 0.0709135 0.0961538 0.269775
1 0.59375 0.32472 0.0877404 0.118189 0.279053
1 0.593149 0.32512 0.0829327 0.105369 0.422607
1 0.814904 0.623798 0.0817308 0.110577 0.398926
1 0.394832 0.686298 0.0769231 0.09375 0.370117
1 0.57512 0.0301482 0.0540865 0.0602965 0.303223
1 0.771635 0.0637019 0.100962 0.127404 0.299805
1 0.395132 0.689904 0.0679086 0.0833333 0.404541
1 0.594952 0.327524 0.0793269 0.0981571 0.388672
1 0.817308 0.619391 0.0793269 0.116987 0.358398
1 0.774038 0.0562901 0.0817307 0.11258 0.318359
1 0.649038 0.630609 0.078125 0.0817308 0.258301
1 0.813702 0.613782 0.0805288 0.111378 0.507812
1 0.592548 0.326522 0.0805288 0.106571 0.432129
1 0.394832 0.685897 0.0697115 0.09375 0.332764
1 0.596004 0.326122 0.0796274 0.107372 0.275879
1 0.5936 0.329728 0.0772235 0.102564 0.463867
1 0.813702 0.618189 0.0769231 0.115385 0.460938
1 0.770433 0.0572917 0.0877404 0.114583 0.434082
1 0.652644 0.629808 0.0745193 0.0801282 0.309814
1 0.772236 0.0588942 0.0889423 0.117788 0.356689
1 0.595553 0.334135 0.0817308 0.0977564 0.345215
1 0.815505 0.620994 0.0793269 0.102564 0.335449
1 0.394832 0.691907 0.0745192 0.0873398 0.258301
1 0.591196 0.328125 0.0796274 0.108173 0.472656
1 0.771635 0.0586939 0.0889423 0.117388 0.425293
1 0.39393 0.686699 0.0745192 0.100962 0.345215
1 0.649038 0.625801 0.0769231 0.0905449 0.294922
1 0.399639 0.683494 0.0643029 0.0897436 0.300781
1 0.814904 0.619391 0.0769231 0.104167 0.262207
1 0.596004 0.324519 0.0724159 0.103365 0.252441
1 0.769832 0.058093 0.092548 0.116186 0.443604
1 0.813702 0.626603 0.0817308 0.124199 0.440674
1 0.5939 0.330329 0.0790264 0.108574 0.336426
1 0.571514 0.0352063 0.0576923 0.0704127 0.255371
1 0.815505 0.619391 0.0853365 0.107372 0.342529
1 0.592398 0.313702 0.0796274 0.105769 0.318359
1 0.394832 0.683894 0.0667067 0.0897436 0.276611
1 0.592548 0.328125 0.0757212 0.099359 0.624512
1 0.814904 0.620192 0.0793269 0.107372 0.60498
1 0.771034 0.056841 0.0853365 0.113682 0.583984
1 0.649038 0.627003 0.0769231 0.0921474 0.50293
1 0.39363 0.686699 0.0685096 0.0865384 0.49707
1 0.346454 0.295873 0.0757212 0.135016 0.356689
1 0.301983 0.609375 0.0823317 0.0873398 0.353027
1 0.394231 0.457933 0.116587 0.146635 0.294189
1 0.813702 0.616987 0.079327 0.107372 0.548828
1 0.594802 0.332131 0.0772235 0.102564 0.519531
1 0.771635 0.0554387 0.0817307 0.110877 0.488281
1 0.38732 0.686298 0.0498798 0.0857372 0.324219
1 0.301082 0.608974 0.0853365 0.0881411 0.2854
1 0.593149 0.330128 0.0805288 0.099359 0.341553
1 0.814904 0.621795 0.0829327 0.116987 0.2854
1 0.8125 0.621795 0.0817308 0.107372 0.366699
1 0.770433 0.0571414 0.0877404 0.114283 0.330322
1 0.392728 0.688301 0.0576923 0.0865384 0.277588
1 0.591496 0.328926 0.0790265 0.102564 0.253906
1 0.591496 0.326923 0.0790265 0.105769 0.396973
1 0.813702 0.616987 0.0745193 0.102564 0.368408
1 0.394832 0.685096 0.0697115 0.0945513 0.309814
1 0.647837 0.621394 0.0793269 0.0897436 0.256836
1 0.595553 0.327324 0.0817308 0.104968 0.459961
1 0.816106 0.61859 0.0817307 0.107372 0.424316
1 0.774038 0.0596955 0.0913462 0.119391 0.359375
1 0.396635 0.686298 0.0721154 0.0905448 0.347656
1 0.649038 0.622596 0.078125 0.0945513 0.30249
1 0.814904 0.619792 0.0793269 0.108173 0.492188
1 0.592698 0.324519 0.0790264 0.0897436 0.478516
1 0.772837 0.0567909 0.0961539 0.113582 0.417725
1 0.39363 0.687099 0.0685096 0.0881411 0.392334
1 0.56851 0.0299479 0.0576923 0.0598958 0.276611
1 0.593149 0.33093 0.0709135 0.0913462 0.414795
1 0.8125 0.623798 0.079327 0.107372 0.343262
1 0.571214 0.0322015 0.0498798 0.064403 0.306641
1 0.396635 0.688702 0.0649038 0.0857372 0.275146
1 0.594802 0.325721 0.0796274 0.100962 0.503906
1 0.816106 0.617788 0.0841346 0.111378 0.464844
1 0.398438 0.68109 0.0685096 0.0913462 0.337158
1 0.76863 0.0570914 0.09375 0.114183 0.336426
1 0.299579 0.602564 0.0907452 0.0961539 0.280518
1 0.57482 0.0294471 0.0570913 0.0588942 0.263672
1 0.813702 0.621795 0.079327 0.110577 0.511719
1 0.771635 0.0586438 0.0889423 0.117288 0.435791
1 0.596004 0.323918 0.0772235 0.0941506 0.420654
1 0.570913 0.0313001 0.0552885 0.0626002 0.350342
1 0.392728 0.683494 0.0739183 0.0905449 0.342529
1 0.302885 0.610978 0.0829327 0.0897436 0.306641
1 0.65024 0.624599 0.079327 0.0953526 0.272705
1 0.814303 0.623397 0.0841346 0.115385 0.467773
1 0.59375 0.326522 0.078125 0.0945513 0.406494
1 0.39393 0.688301 0.0649038 0.0833333 0.356689
1 0.300556 0.598558 0.0875902 0.11218 0.338135
1 0.770433 0.0576422 0.0889423 0.115284 0.309814
1 0.571514 0.031901 0.0588942 0.0638021 0.288574
1 0.595553 0.326723 0.079327 0.105369 0.387695
1 0.774038 0.0570914 0.0865384 0.114183 0.279785
1 0.397236 0.682692 0.0673077 0.0945513 0.269043
1 0.816106 0.619391 0.0817307 0.11218 0.482422
1 0.397536 0.686298 0.0673077 0.0889423 0.464844
1 0.594351 0.328726 0.0721154 0.0941506 0.451416
1 0.65024 0.628606 0.0757211 0.0921474 0.397949
1 0.572115 0.029397 0.0504808 0.0587941 0.347656
1 0.772236 0.0573918 0.0865385 0.114784 0.282227
1 0.817308 0.619391 0.0841346 0.106571 0.38208
1 0.592398 0.328926 0.0796274 0.104167 0.37207
1 0.570913 0.0290966 0.0540865 0.0581931 0.367432
1 0.397236 0.689103 0.0667068 0.0849359 0.344238
1 0.594952 0.329127 0.0793269 0.100561 0.459961
1 0.396635 0.6875 0.0715144 0.088141 0.414795
1 0.817308 0.620994 0.0793269 0.105769 0.348633
1 0.572115 0.0291466 0.0516827 0.0582933 0.282227
1 0.813702 0.625801 0.0829327 0.110577 0.568848
1 0.59375 0.333734 0.0817307 0.0977564 0.53125
1 0.39363 0.689904 0.0697115 0.0881411 0.474609
1 0.570913 0.0326022 0.0540865 0.0652043 0.442627
1 0.648438 0.629808 0.0829327 0.0905448 0.334473
1 0.769832 0.0613982 0.0877404 0.122796 0.308105
1 0.59375 0.329327 0.0793269 0.104167 0.517578
1 0.816106 0.61899 0.0817307 0.104167 0.458008
1 0.395433 0.689904 0.0673077 0.0897436 0.437744
1 0.572115 0.0314002 0.0552885 0.0628005 0.270508
1 0.814904 0.61899 0.0793269 0.111378 0.545898
1 0.398438 0.689103 0.0637019 0.0921474 0.523438
1 0.59375 0.330529 0.0769231 0.0977564 0.512695
1 0.770433 0.0577424 0.0913461 0.115485 0.410156
1 0.572716 0.0311498 0.0540865 0.0622997 0.387695
1 0.648438 0.627404 0.078125 0.0913462 0.363037
1 0.298002 0.618189 0.0842849 0.082532 0.360352
1 0.629808 0.547276 0.0865385 0.0785256 0.250977
1 0.814904 0.620994 0.0817308 0.107372 0.44165
1 0.395433 0.685096 0.0721154 0.0913461 0.40918
1 0.592548 0.322716 0.0817307 0.109375 0.371094
1 0.573017 0.029347 0.0570913 0.0586939 0.291748
1 0.394832 0.683494 0.0697115 0.0929487 0.556641
1 0.813702 0.613782 0.0817308 0.113782 0.488281
1 0.771034 0.0566907 0.0877404 0.113381 0.483398
1 0.591346 0.322115 0.0769231 0.105769 0.434082
1 0.646635 0.621795 0.0745193 0.0929487 0.369385
1 0.627404 0.543269 0.0841346 0.0865384 0.323486
1 0.572716 0.0302484 0.0576923 0.0604968 0.291016
1 0.398438 0.489984 0.116587 0.241186 0.27124
1 0.816707 0.619391 0.0865385 0.11859 0.574707
1 0.396034 0.685897 0.0709134 0.0913461 0.527344
0 0.527043 0.464343 0.152644 0.14343 0.411133
1 0.595553 0.325521 0.079327 0.108574 0.386719
1 0.774038 0.0595954 0.0913462 0.119191 0.345215
1 0.814904 0.61859 0.0817308 0.108974 0.461914
0 0.522837 0.46875 0.170673 0.160256 0.405518
1 0.396034 0.689103 0.0697115 0.0913462 0.400635
1 0.594351 0.329728 0.078125 0.0985577 0.385742
1 0.771635 0.0582933 0.0889423 0.116587 0.367432
1 0.570913 0.0318009 0.0600962 0.0636018 0.350342
1 0.650841 0.628205 0.0817308 0.0945513 0.334473
1 0.811298 0.619391 0.0769231 0.109776 0.492188
1 0.5939 0.328325 0.0742188 0.0989583 0.44458
1 0.569111 0.0296474 0.0540865 0.0592949 0.328613
1 0.394231 0.686699 0.0721154 0.0865384 0.327637
1 0.646635 0.63141 0.0757212 0.0961538 0.310791
1 0.769231 0.0560897 0.0865385 0.112179 0.308105
1 0.8125 0.620192 0.0841346 0.104167 0.442627
1 0.594351 0.33133 0.0817308 0.103365 0.35498
1 0.766827 0.0610978 0.0961538 0.122196 0.309082
1 0.394832 0.689103 0.0685096 0.0881411 0.306641
1 0.593149 0.326522 0.0793269 0.10016 0.462891
1 0.810096 0.612179 0.076923 0.115385 0.434082
1 0.39363 0.689503 0.0637019 0.0833333 0.38208
1 0.569111 0.0301983 0.0528846 0.0603966 0.351318
1 0.592398 0.328526 0.0796274 0.102564 0.526367
1 0.811298 0.610978 0.0817308 0.121795 0.511719
1 0.76863 0.0553385 0.0901442 0.110677 0.460938
1 0.394531 0.6875 0.0691106 0.0945513 0.439697
1 0.646635 0.625401 0.0745193 0.0905449 0.346924
1 0.569712 0.0310497 0.0528846 0.0620994 0.286133
1 0.596004 0.327324 0.0748197 0.0977564 0.415771
1 0.813702 0.620994 0.0817308 0.110577 0.35498
1 0.397236 0.686699 0.0673077 0.0897436 0.336426
1 0.814303 0.617788 0.0817307 0.110577 0.394287
1 0.59375 0.327324 0.0757212 0.101763 0.381104
1 0.397236 0.686699 0.0661057 0.0913462 0.307373
0 0.521034 0.465946 0.169471 0.157853 0.6875
0 0.895433 0.437099 0.144231 0.188301 0.450439
1 0.59375 0.325321 0.0817307 0.110577 0.431152
1 0.814904 0.616587 0.0805288 0.116186 0.401611
0 0.392428 0.485577 0.129808 0.213141 0.39502
1 0.396034 0.686699 0.0685096 0.0913462 0.378418
0 0.582933 0.456731 0.19351 0.180288 0.365723
0 0.830529 0.479968 0.228365 0.232372 0.308105
1 0.652644 0.628205 0.0805288 0.0945513 0.273682
1 0.770433 0.0567909 0.0913461 0.113582 0.26123
0 0.228666 0.363882 0.0997596 0.171274 0.250244
1 0.813702 0.61859 0.0769231 0.105769 0.466797
1 0.594952 0.32492 0.078125 0.0985577 0.436768
0 0.550481 0.461538 0.143029 0.145833 0.40918
1 0.769231 0.056891 0.0865385 0.113782 0.35498
1 0.396635 0.6875 0.0673077 0.0921474 0.324219
1 0.651442 0.628205 0.0817308 0.0945513 0.320068
1 0.595553 0.330128 0.0805289 0.099359 0.469727
1 0.814303 0.619391 0.0829327 0.108974 0.456055
1 0.395433 0.688301 0.0709135 0.0913462 0.393311
1 0.771034 0.0581931 0.0913462 0.116386 0.335449
1 0.572416 0.0303486 0.0546875 0.0606971 0.311523
0 0.545072 0.458333 0.149039 0.161859 0.299072
1 0.65024 0.627404 0.0829327 0.0977564 0.256104
1 0.816106 0.619391 0.0841346 0.110577 0.464844
1 0.596304 0.32492 0.0766226 0.101763 0.412109
1 0.398738 0.689103 0.0655048 0.0889423 0.345947
1 0.571514 0.0310497 0.0528846 0.0620994 0.308105
1 0.770433 0.0596955 0.09375 0.119391 0.291748
0 0.548077 0.467949 0.171875 0.158654 0.288574
1 0.650841 0.627404 0.0805289 0.100961 0.250244
1 0.593149 0.323718 0.0805288 0.103365 0.479492
1 0.811899 0.61218 0.0829327 0.11859 0.454346
1 0.771635 0.0575922 0.0913461 0.115184 0.342529
1 0.395433 0.6875 0.0673077 0.0849359 0.313232
0 0.522837 0.463942 0.147837 0.144231 0.297363
1 0.8125 0.619792 0.0865385 0.109776 0.450439
1 0.595102 0.327123 0.0814303 0.10617 0.430176
0 0.522837 0.467949 0.146635 0.133013 0.374756
1 0.396635 0.687099 0.0691106 0.0889423 0.358398
1 0.572115 0.0311498 0.0540865 0.0622997 0.295898
1 0.76863 0.0585938 0.092548 0.117188 0.287842
1 0.649038 0.628205 0.0841346 0.105769 0.252441
1 0.813702 0.61859 0.0817308 0.112981 0.464844
0 0.546274 0.465545 0.146635 0.13141 0.420654
1 0.395433 0.688301 0.0703125 0.0897436 0.40918
0 0.901442 0.433494 0.134615 0.171474 0.380371
1 0.59375 0.327724 0.0817307 0.103365 0.374756
1 0.814904 0.617788 0.0793269 0.115385 0.517578
1 0.596304 0.328125 0.0766226 0.0969551 0.435791
1 0.395433 0.685497 0.0727164 0.0897436 0.429199
1 0.772236 0.0579928 0.094952 0.115986 0.313965
1 0.571514 0.0302484 0.0540865 0.0604968 0.268066
0 0.519832 0.465946 0.153846 0.153846 0.503906
1 0.594351 0.328325 0.0769231 0.100561 0.464844
1 0.813101 0.620192 0.0841346 0.115385 0.451416
0 0.394832 0.483173 0.123798 0.217949 0.379395
1 0.397837 0.6875 0.0673077 0.0929487 0.361084
1 0.573017 0.0330028 0.0558894 0.0660056 0.307373
1 0.65024 0.627404 0.079327 0.0961538 0.262207
1 0.813101 0.620593 0.0817307 0.104167 0.492188
1 0.592398 0.329928 0.0772235 0.101362 0.480469
1 0.396935 0.689904 0.0697115 0.0913462 0.454346
0 0.521034 0.458734 0.16226 0.145833 0.436768
1 0.770433 0.0574419 0.0913461 0.114884 0.314941
1 0.570913 0.030649 0.0540865 0.0612981 0.282959
1 0.65024 0.628205 0.078125 0.0929487 0.281494
1 0.813702 0.623397 0.079327 0.109776 0.535156
1 0.594802 0.331731 0.0772235 0.0977564 0.50293
1 0.395733 0.689904 0.0685096 0.0897436 0.496094
1 0.769231 0.0585938 0.0889423 0.117188 0.329346
1 0.570913 0.0302484 0.0528846 0.0604968 0.308105
0 0.524639 0.472756 0.164663 0.142628 0.299805
0 0.523438 0.469952 0.169471 0.172276 0.643555
0 0.399038 0.495994 0.133413 0.229968 0.612305
1 0.594351 0.328926 0.0769231 0.102564 0.485352
1 0.813101 0.619792 0.0805289 0.109776 0.479492
1 0.396034 0.688702 0.0661058 0.0913462 0.459961
1 0.571514 0.026242 0.0552885 0.052484 0.305664
0 0.523738 0.460737 0.166466 0.148237 0.634277
1 0.813101 0.619792 0.0781251 0.111378 0.535156
1 0.592548 0.329928 0.078125 0.101362 0.511719
1 0.396034 0.689904 0.0709134 0.0929487 0.416748
0 0.573017 0.447115 0.167668 0.165064 0.375732
1 0.571815 0.0314002 0.0534856 0.0628005 0.370117
1 0.771635 0.0563902 0.0913461 0.11278 0.367432
1 0.649038 0.628205 0.0793269 0.0929487 0.282227
0 0.399038 0.480769 0.134014 0.230769 0.259033
0 0.519832 0.461939 0.165865 0.154647 0.762207
0 0.397837 0.489583 0.128606 0.216346 0.672363
1 0.814303 0.620192 0.0829327 0.115385 0.520508
1 0.397536 0.691507 0.0709135 0.0929487 0.496094
1 0.595553 0.330529 0.079327 0.103365 0.473633
0 0.90024 0.429487 0.137019 0.189103 0.365723
1 0.771635 0.056891 0.0889423 0.113782 0.299805
0 0.577524 0.443109 0.140625 0.158654 0.257568
0 0.51893 0.461538 0.158053 0.141026 0.747559
0 0.397536 0.492789 0.124399 0.209936 0.660156
1 0.814904 0.621795 0.0793269 0.108974 0.451416
1 0.397837 0.692308 0.0649038 0.0881411 0.429199
1 0.596755 0.33133 0.0793269 0.099359 0.411133
1 0.573017 0.0324018 0.0534856 0.0648037 0.264404
0 0.521635 0.466346 0.164664 0.158654 0.544922
1 0.8125 0.61899 0.0817308 0.111378 0.476562
1 0.59375 0.326923 0.0805288 0.108173 0.438721
1 0.395433 0.688702 0.0733173 0.0921474 0.432129
1 0.770433 0.0578926 0.0913461 0.115785 0.329346
0 0.536659 0.464343 0.159856 0.137019 0.566895
0 0.399038 0.48117 0.122596 0.196314 0.522461
1 0.593149 0.326923 0.0793269 0.099359 0.510742
1 0.810096 0.619792 0.0805288 0.101763 0.443604
1 0.394231 0.685897 0.0721154 0.0929487 0.435059
1 0.573017 0.0311498 0.0558894 0.0622997 0.286865
1 0.769832 0.0604968 0.0961538 0.120994 0.284668
0 0.398137 0.492788 0.128005 0.224359 0.567871
1 0.811899 0.617388 0.0793269 0.104968 0.443604
0 0.521635 0.46274 0.165865 0.15625 0.430176
1 0.59375 0.33093 0.078125 0.0969551 0.396973
1 0.394832 0.688301 0.0709135 0.0865384 0.377441
0 0.522837 0.463542 0.16226 0.160256 0.86084
0 0.394832 0.490785 0.125 0.221955 0.555664
1 0.594351 0.329728 0.0769231 0.0969551 0.462891
1 0.813101 0.620994 0.0781251 0.104167 0.451416
1 0.395433 0.685897 0.0709135 0.0905449 0.353027
0 0.527043 0.463141 0.15625 0.145833 0.851562
0 0.399038 0.492388 0.129808 0.220353 0.700195
1 0.8125 0.61859 0.0817308 0.108974 0.542969
1 0.594952 0.330529 0.0769231 0.100962 0.523438
1 0.395433 0.690305 0.0733173 0.0913461 0.397949
1 0.771635 0.0577925 0.0913461 0.115585 0.310791
1 0.571815 0.0307492 0.0558894 0.0614984 0.281494
1 0.59375 0.327123 0.0769231 0.100561 0.617676
1 0.811298 0.616987 0.0817308 0.108974 0.611328
1 0.395433 0.686699 0.0745193 0.0945513 0.515625
1 0.771635 0.0566907 0.0913461 0.113381 0.507812
0 0.520132 0.470353 0.158053 0.144231 0.323486
1 0.571815 0.0303486 0.0522837 0.0606971 0.305664
1 0.649038 0.625801 0.0769231 0.0929487 0.284668
1 0.594351 0.325521 0.0805288 0.100561 0.510742
1 0.8125 0.620994 0.079327 0.107372 0.462891
1 0.395433 0.688702 0.0715144 0.0945513 0.390381
1 0.770433 0.0581931 0.0925481 0.116386 0.323486
0 0.524038 0.46234 0.151442 0.153846 0.253906
0 0.528245 0.467147 0.163462 0.147436 0.609375
1 0.813101 0.620994 0.0805289 0.110577 0.5
1 0.594952 0.327123 0.078125 0.102965 0.491211
1 0.771635 0.059345 0.0937501 0.11869 0.407227
1 0.396034 0.689503 0.0721154 0.0897436 0.405518
0 0.395433 0.48718 0.125 0.214744 0.337158
1 0.572115 0.0299479 0.0528846 0.0598958 0.276611
0 0.398438 0.488782 0.129808 0.216346 0.67041
1 0.8125 0.621795 0.079327 0.104167 0.545898
1 0.59375 0.327724 0.078125 0.10016 0.524414
0 0.536058 0.467147 0.177885 0.155449 0.482422
1 0.395733 0.688301 0.0709135 0.0945513 0.414062
1 0.572115 0.03125 0.0528846 0.0625 0.293457
1 0.771635 0.0584936 0.0949519 0.116987 0.26123
0 0.399038 0.489583 0.13101 0.221154 0.508789
1 0.59375 0.330529 0.078125 0.099359 0.492188
1 0.813101 0.624199 0.0817307 0.113782 0.475586
1 0.396034 0.688301 0.0697115 0.0945513 0.461914
0 0.522837 0.467949 0.151442 0.145833 0.442627
1 0.770433 0.0579928 0.09375 0.115986 0.341553
1 0.572716 0.0316506 0.0516827 0.0633013 0.336426
0 0.520132 0.459936 0.155649 0.147436 0.746094
0 0.396334 0.486378 0.131611 0.219551 0.57959
1 0.5936 0.330128 0.0772235 0.10016 0.517578
1 0.814303 0.623397 0.0829327 0.108173 0.510742
1 0.772837 0.0578926 0.0937501 0.115785 0.449463
1 0.397236 0.6875 0.0685096 0.0945513 0.398926
1 0.572115 0.0313502 0.0528846 0.0627003 0.260498
1 0.593149 0.329728 0.0817307 0.102564 0.509766
1 0.811298 0.625 0.0817308 0.107372 0.488281
1 0.394832 0.6875 0.0709135 0.0905449 0.46582
1 0.769231 0.0585938 0.0913461 0.117188 0.393311
1 0.570613 0.0295974 0.0534856 0.0591947 0.371094
0 0.523738 0.467548 0.170072 0.158654 0.535156
1 0.811298 0.622596 0.079327 0.107372 0.478516
1 0.594351 0.331931 0.078125 0.0973558 0.475586
0 0.39393 0.490385 0.131611 0.227564 0.448486
1 0.39393 0.689103 0.0739182 0.0913462 0.448486
1 0.770433 0.0577925 0.0889423 0.115585 0.354004
1 0.572416 0.0298978 0.0534856 0.0597957 0.281494
0 0.522837 0.475962 0.164663 0.153846 0.545898
1 0.814904 0.620994 0.0793269 0.105769 0.520508
0 0.40024 0.5 0.137019 0.233974 0.494141
1 0.596154 0.328526 0.076923 0.102564 0.486328
1 0.397236 0.686699 0.0721154 0.0961539 0.418701
1 0.8125 0.622596 0.079327 0.107372 0.577637
1 0.394832 0.692308 0.0697115 0.0881411 0.487305
1 0.594952 0.334535 0.0757211 0.100962 0.460938
1 0.570613 0.0311999 0.0534856 0.0623998 0.375732
1 0.770433 0.0587941 0.0913461 0.117588 0.327637
1 0.649038 0.626603 0.0817308 0.0993589 0.279053
1 0.813702 0.620994 0.079327 0.105769 0.571777
1 0.396935 0.691507 0.0691106 0.0881411 0.505859
1 0.595553 0.334936 0.076923 0.0921474 0.462891
1 0.571514 0.0335537 0.0552885 0.0671074 0.315674
0 0.524038 0.466346 0.168269 0.160256 0.558105
1 0.594952 0.334535 0.0769231 0.0977564 0.509766
1 0.813702 0.625 0.0817308 0.108974 0.495117
1 0.396034 0.690705 0.0709134 0.0921474 0.485352
0 0.396635 0.49359 0.13101 0.225962 0.303223
1 0.572115 0.0329527 0.0540865 0.0659055 0.294189
1 0.594351 0.332131 0.078125 0.0969551 0.539062
1 0.813702 0.621795 0.0805288 0.107372 0.518555
1 0.395733 0.690705 0.0703125 0.0913462 0.508789
0 0.525841 0.460337 0.147837 0.141827 0.498047
1 0.572115 0.0338542 0.0528846 0.0677083 0.345947
1 0.59375 0.33133 0.078125 0.0969551 0.645996
0 0.527644 0.459135 0.153846 0.137821 0.62793
1 0.8125 0.620994 0.079327 0.104167 0.60498
1 0.395132 0.691106 0.0697115 0.0905449 0.60498
0 0.897837 0.429888 0.137019 0.182692 0.560059
1 0.298678 0.608974 0.0907452 0.102564 0.352295
1 0.571214 0.0313001 0.0522837 0.0626002 0.347656
1 0.647837 0.626202 0.0817307 0.0969551 0.32251
1 0.770433 0.0585437 0.0913461 0.117087 0.309082
1 0.594952 0.332933 0.078125 0.0953526 0.533203
1 0.8125 0.624599 0.0817308 0.106571 0.516602
1 0.395433 0.693109 0.0697115 0.0897436 0.492188
0 0.522236 0.459936 0.164664 0.165064 0.312256
1 0.572416 0.0339042 0.0546875 0.0678085 0.309814
1 0.299354 0.614183 0.0911959 0.0969552 0.29248
1 0.770433 0.0594451 0.0913461 0.11889 0.291016
1 0.647837 0.628205 0.0817307 0.0993589 0.259766
0 0.521635 0.459135 0.158654 0.161058 0.708008
1 0.811298 0.623397 0.0805288 0.107372 0.64502
1 0.5936 0.332933 0.0796274 0.0985577 0.637695
1 0.394832 0.692308 0.0685096 0.0897436 0.560059
0 0.398438 0.491186 0.134615 0.224359 0.434082
1 0.771034 0.0596454 0.092548 0.119291 0.38208
1 0.572115 0.0335036 0.0540865 0.0670072 0.332764
1 0.299579 0.613382 0.0901442 0.0993589 0.309082
1 0.8125 0.626603 0.0805288 0.106571 0.623535
1 0.595102 0.334535 0.0790264 0.0961539 0.583984
1 0.395433 0.695513 0.0709135 0.088141 0.533203
0 0.524639 0.460737 0.15024 0.145833 0.514648
1 0.770433 0.0603966 0.0913461 0.120793 0.361084
1 0.571514 0.0337039 0.0528846 0.0674079 0.341553
0 0.398438 0.491987 0.133413 0.224359 0.272705
1 0.300556 0.616987 0.089994 0.0961538 0.272705
1 0.811298 0.620994 0.078125 0.104167 0.675781
1 0.594351 0.332933 0.0793269 0.0977564 0.602051
1 0.394832 0.690305 0.0709135 0.0889423 0.57373
0 0.520433 0.461538 0.158654 0.161859 0.477539
1 0.572115 0.0336038 0.0528846 0.0672075 0.379395
0 0.396635 0.492788 0.133413 0.224359 0.366699
1 0.769832 0.0595954 0.0901442 0.119191 0.359375
0 0.521334 0.461538 0.156851 0.160256 0.638672
1 0.813101 0.623397 0.0805289 0.107372 0.614258
1 0.594952 0.334535 0.078125 0.0969551 0.604004
1 0.396034 0.691907 0.0697115 0.0897436 0.557129
0 0.396635 0.489984 0.132212 0.223558 0.440674
1 0.572115 0.0329026 0.0516827 0.0658053 0.373779
1 0.770433 0.060597 0.0913461 0.121194 0.303223
1 0.30018 0.611779 0.0901443 0.101763 0.284668
1 0.648438 0.627003 0.0793269 0.0945513 0.275146
0 0.897837 0.43109 0.143029 0.189103 0.270508
0 0.521635 0.46234 0.153846 0.153846 0.633301
1 0.5939 0.333333 0.0790264 0.0985577 0.621582
1 0.8125 0.623397 0.0769231 0.107372 0.616699
1 0.394832 0.690305 0.0721154 0.0905449 0.572754
0 0.397236 0.490385 0.129808 0.221154 0.535156
1 0.770433 0.0598958 0.0889423 0.119792 0.394287
1 0.571815 0.0330028 0.0522837 0.0660056 0.350342
1 0.647837 0.625801 0.0769231 0.0961538 0.269775
1 0.813702 0.622196 0.079327 0.108173 0.586914
0 0.521034 0.46234 0.15625 0.157051 0.57959
1 0.594952 0.334535 0.0793269 0.0977564 0.578613
1 0.395733 0.691106 0.0727163 0.0913461 0.526367
0 0.397837 0.492788 0.132812 0.225962 0.5
1 0.571514 0.0342548 0.0528846 0.0685096 0.364746
1 0.8125 0.622596 0.0769231 0.103365 0.617676
1 0.595102 0.332532 0.0790264 0.0977564 0.577637
0 0.397837 0.490385 0.134014 0.225962 0.555664
0 0.524639 0.457532 0.152644 0.142628 0.553711
1 0.396034 0.689103 0.0697115 0.0889423 0.510742
1 0.571514 0.0319511 0.0528846 0.0639022 0.304932
1 0.594952 0.332532 0.0793269 0.099359 0.644043
1 0.8125 0.622596 0.0769231 0.105769 0.640625
0 0.523738 0.458333 0.149639 0.142628 0.59375
1 0.395433 0.688702 0.0709135 0.0897436 0.557129
0 0.396034 0.489183 0.13101 0.221955 0.520508
1 0.571815 0.0327023 0.0522837 0.0654047 0.335449
1 0.769832 0.0606971 0.0913462 0.121394 0.291748
0 0.523438 0.45593 0.15024 0.137821 0.655762
1 0.595553 0.331731 0.079327 0.0985577 0.630859
1 0.8125 0.617788 0.0769231 0.105769 0.625
0 0.396635 0.489583 0.13101 0.223558 0.608398
1 0.396034 0.687901 0.0709134 0.0889423 0.527344
1 0.572716 0.0323017 0.0528846 0.0646034 0.323486
1 0.771635 0.0597456 0.0913461 0.119491 0.307373
1 0.813101 0.621795 0.0781251 0.104167 0.642578
1 0.594952 0.332933 0.0805289 0.10016 0.638672
0 0.397236 0.489583 0.132212 0.225962 0.562988
0 0.519231 0.461138 0.153846 0.157051 0.541992
1 0.396034 0.689103 0.0733173 0.0897436 0.539062
1 0.571514 0.033153 0.0516827 0.0663061 0.310791
1 0.770433 0.0604968 0.0925481 0.120994 0.259766
1 0.8125 0.619391 0.079327 0.108173 0.653809
1 0.594952 0.332933 0.0805289 0.10016 0.642578
0 0.524038 0.45593 0.151442 0.139423 0.578613
1 0.395433 0.6875 0.0733173 0.0905449 0.559082
0 0.396635 0.489583 0.132212 0.225962 0.53125
1 0.771034 0.0603466 0.092548 0.120693 0.369385
1 0.572716 0.0327023 0.0528846 0.0654047 0.334473
1 0.811298 0.619391 0.0769231 0.105769 0.63623
1 0.594802 0.331731 0.0796274 0.0985577 0.625977
1 0.395132 0.688301 0.0721154 0.0889423 0.550781
0 0.523438 0.45593 0.152644 0.141026 0.53418
0 0.396334 0.489583 0.132212 0.225962 0.476562
1 0.571514 0.0329527 0.0516827 0.0659055 0.328613
1 0.770433 0.0598958 0.0913461 0.119792 0.288574
1 0.594952 0.332933 0.078125 0.0953526 0.533203
1 0.8125 0.624599 0.0817308 0.106571 0.516602
1 0.395433 0.693109 0.0697115 0.0897436 0.492188
0 0.522236 0.459936 0.164664 0.165064 0.311523
1 0.572115 0.0339042 0.0540865 0.0678085 0.310791
1 0.299354 0.614183 0.0911959 0.0969552 0.293457
1 0.770433 0.0594451 0.0913461 0.11889 0.291748
1 0.647837 0.628205 0.0817307 0.0993589 0.260498
