1 0.926683 0.588141 0.103365 0.129808 0.571777
1 0.240685 0.284455 0.0504808 0.0600961 0.355713
1 0.917067 0.577724 0.0961538 0.116987 0.605957
1 0.789663 0.883013 0.079327 0.0897437 0.562988
1 0.240685 0.284054 0.047476 0.0608974 0.286865
1 0.786058 0.899038 0.0865385 0.0929487 0.390381
1 0.240385 0.287059 0.0600961 0.0689103 0.262939
1 0.789063 0.891827 0.0889423 0.0801282 0.36377
1 0.242788 0.282853 0.0570913 0.0753205 0.326904
1 0.236178 0.286058 0.0552885 0.0697115 0.276611
1 0.789663 0.88782 0.0889423 0.0801283 0.259766
1 0.788462 0.896635 0.0853366 0.084936 0.378418
1 0.921875 0.584135 0.0961538 0.126603 0.344238
1 0.240986 0.286058 0.0570914 0.0665064 0.277588
1 0.23738 0.285657 0.0552885 0.0689103 0.319092
1 0.78726 0.891026 0.0865385 0.0913461 0.431152
1 0.236779 0.281651 0.0540866 0.0745192 0.297363
1 0.789663 0.895032 0.0853365 0.0753205 0.299072
1 0.238281 0.295272 0.0528846 0.0697115 0.284668
1 0.921875 0.578125 0.100962 0.121795 0.281494
1 0.919471 0.571314 0.09375 0.123397 0.505859
1 0.786058 0.880609 0.0841346 0.0961539 0.424316
1 0.236478 0.283053 0.0546875 0.0685096 0.320801
1 0.243389 0.282051 0.0588942 0.0761218 0.27832
1 0.792668 0.889423 0.0805289 0.0865384 0.250244
1 0.23738 0.28726 0.0582933 0.0657051 0.368408
1 0.789062 0.891026 0.0793269 0.0769231 0.345215
1 0.923077 0.582532 0.0985577 0.134615 0.281494
1 0.923077 0.588942 0.0961539 0.125801 0.369385
1 0.790264 0.894231 0.0841346 0.0833333 0.36377
1 0.23738 0.285657 0.0588942 0.0657051 0.347656
1 0.236478 0.278045 0.0570913 0.0753205 0.323486
1 0.791466 0.88782 0.0805288 0.0801283 0.35498
1 0.238882 0.284455 0.0552885 0.0641026 0.338135
1 0.922476 0.579327 0.0973558 0.134615 0.507812
1 0.789062 0.897436 0.0865385 0.0961538 0.467773
1 0.23768 0.290064 0.0567909 0.0753205 0.370117
1 0.238582 0.283053 0.0588942 0.0693109 0.315674
1 0.791466 0.883013 0.0877404 0.0833333 0.2854
1 0.789663 0.884615 0.0805289 0.0833333 0.700684
1 0.923077 0.578125 0.0985577 0.127404 0.555664
1 0.235276 0.283453 0.0558894 0.0661058 0.419678
1 0.790264 0.894231 0.0829327 0.0833333 0.653809
1 0.239032 0.286458 0.0567909 0.0713141 0.435059
1 0.921875 0.577324 0.103365 0.132212 0.341553
1 0.790865 0.889423 0.0817308 0.0913462 0.416748
1 0.924279 0.584135 0.0985577 0.120994 0.305664
1 0.23768 0.283854 0.0576923 0.0709134 0.250977
1 0.789063 0.890224 0.0841346 0.0897436 0.486328
1 0.918269 0.580128 0.104567 0.125 0.448486
1 0.236779 0.285657 0.0516827 0.0665064 0.300781
1 0.786659 0.888622 0.0865385 0.0881409 0.420654
1 0.23723 0.279647 0.0483774 0.0608974 0.31665
1 0.789063 0.886218 0.0877404 0.0929486 0.525391
1 0.236929 0.279647 0.0537861 0.0705128 0.303223
1 0.790264 0.889423 0.0841346 0.088141 0.466797
1 0.234075 0.282853 0.0564904 0.0721154 0.338867
1 0.922476 0.576923 0.0997596 0.128205 0.255371
1 0.787861 0.895833 0.0793269 0.0929486 0.483398
1 0.789663 0.883814 0.0817308 0.0913462 0.604004
1 0.918269 0.579327 0.108173 0.128205 0.336426
1 0.238281 0.283053 0.0546875 0.0673077 0.318359
1 0.790865 0.889423 0.0769231 0.0897436 0.651367
1 0.923077 0.581731 0.100961 0.129006 0.417725
1 0.235577 0.281851 0.0600962 0.0785256 0.380371
1 0.788462 0.889423 0.0805288 0.0865384 0.498047
1 0.920673 0.57532 0.103365 0.133013 0.30249
1 0.23768 0.284455 0.0528846 0.0685096 0.29248
1 0.790865 0.885417 0.078125 0.0817307 0.392334
1 0.923077 0.577724 0.0985577 0.126603 0.361084
1 0.790865 0.891026 0.0769231 0.0801282 0.44458
1 0.236178 0.284856 0.0510817 0.0633013 0.345947
1 0.923077 0.579728 0.103365 0.130609 0.267334
1 0.789663 0.892628 0.0841346 0.0817308 0.550781
1 0.235877 0.285256 0.0522837 0.0616987 0.35498
1 0.922476 0.581731 0.104567 0.141026 0.259766
1 0.791466 0.892628 0.0817308 0.0801282 0.489258
1 0.237079 0.282652 0.0534856 0.0661058 0.373047
1 0.924279 0.581731 0.100962 0.136218 0.266602
1 0.787861 0.897436 0.0817307 0.0897436 0.533203
1 0.236178 0.284856 0.0552885 0.0657051 0.400635
1 0.923077 0.584936 0.105769 0.133013 0.325928
1 0.789063 0.890224 0.0829327 0.0913461 0.609375
1 0.23738 0.284455 0.0558894 0.0721154 0.305664
1 0.789663 0.891827 0.079327 0.0801282 0.59375
1 0.923077 0.579327 0.103365 0.134615 0.539062
1 0.235577 0.287059 0.0564904 0.0713141 0.360352
1 0.789663 0.88782 0.0817308 0.0801283 0.599121
1 0.235276 0.28105 0.0594952 0.0741186 0.404541
1 0.923077 0.578926 0.103365 0.126603 0.313232
1 0.789063 0.888622 0.0829327 0.0849359 0.510742
1 0.236178 0.280449 0.0558894 0.0705128 0.507812
1 0.923678 0.573317 0.103365 0.129006 0.329346
1 0.924279 0.580128 0.103365 0.133013 0.594727
1 0.790865 0.892628 0.0817308 0.0833333 0.545898
1 0.236178 0.282452 0.0564904 0.072516 0.492188
1 0.790264 0.890224 0.0853366 0.0849359 0.563965
1 0.23768 0.28125 0.054988 0.0689103 0.400635
1 0.923077 0.584135 0.103365 0.13141 0.362061
1 0.786659 0.886218 0.0805289 0.0865385 0.547852
1 0.921875 0.576923 0.102163 0.125801 0.422607
1 0.234675 0.28105 0.0564904 0.0645032 0.38501
1 0.786659 0.892628 0.0877404 0.0961538 0.565918
1 0.236178 0.28125 0.0582933 0.0697115 0.365723
1 0.919471 0.583333 0.105769 0.13141 0.36377
1 0.786058 0.88782 0.079327 0.0865384 0.50293
1 0.238281 0.282452 0.0528846 0.068109 0.347656
1 0.920072 0.576522 0.0985577 0.125801 0.262939
1 0.921875 0.573317 0.100962 0.135417 0.621582
1 0.78726 0.88782 0.0817308 0.0849359 0.516602
1 0.236478 0.28125 0.0525841 0.0753205 0.413086
1 0.789063 0.894231 0.0805289 0.0865384 0.450439
1 0.921274 0.579327 0.0985577 0.126603 0.396973
1 0.238582 0.279848 0.0558894 0.0733173 0.311523
1 0.789663 0.891026 0.0817308 0.0897436 0.524414
1 0.238131 0.28145 0.0546875 0.0653045 0.366699
1 0.788462 0.890224 0.0841346 0.0945513 0.570801
1 0.921875 0.579728 0.103365 0.127404 0.511719
1 0.236929 0.28105 0.054988 0.072516 0.422607
1 0.787861 0.889423 0.0829327 0.0897436 0.583008
1 0.919471 0.576923 0.102163 0.136218 0.53125
1 0.237079 0.28125 0.0558894 0.0677083 0.439697
1 0.789663 0.888622 0.0841346 0.0929487 0.526367
1 0.921875 0.580529 0.100962 0.127404 0.47168
1 0.238281 0.283053 0.0561899 0.0701122 0.381104
1 0.790865 0.892628 0.0829327 0.0897436 0.501953
1 0.921875 0.582532 0.103365 0.125 0.420654
1 0.238882 0.28125 0.0558894 0.0705128 0.377441
1 0.788462 0.886218 0.0805288 0.0865385 0.562988
1 0.238281 0.281651 0.0534856 0.0649038 0.39502
1 0.922476 0.57492 0.102163 0.129808 0.38501
1 0.789062 0.891026 0.0853366 0.0961539 0.610352
1 0.239183 0.276442 0.0552885 0.0705128 0.400635
1 0.920673 0.583333 0.104567 0.129808 0.359375
1 0.788462 0.892628 0.0865385 0.0929487 0.533203
1 0.923077 0.582933 0.103365 0.132212 0.363037
1 0.239183 0.282452 0.0540866 0.0665064 0.358398
1 0.790865 0.892628 0.0817308 0.0833333 0.504883
1 0.920673 0.578526 0.105769 0.13141 0.359375
1 0.236779 0.28125 0.0534856 0.0657051 0.352295
1 0.789663 0.894231 0.0841346 0.0897436 0.559082
1 0.920673 0.584535 0.102163 0.128205 0.370117
1 0.239483 0.282452 0.0522837 0.0665064 0.349609
1 0.788462 0.88782 0.0841346 0.0865384 0.500977
1 0.921274 0.583333 0.102163 0.128205 0.474609
1 0.237981 0.276042 0.0486779 0.0653045 0.356689
1 0.789062 0.895833 0.0853366 0.0865385 0.580566
1 0.921875 0.582933 0.100962 0.135417 0.439697
1 0.238882 0.28125 0.054988 0.0701122 0.410156
1 0.788462 0.892628 0.0829327 0.0897436 0.550781
1 0.921875 0.579327 0.103365 0.136218 0.438721
1 0.239483 0.28105 0.0528846 0.0689102 0.408203
1 0.787861 0.892628 0.0841346 0.0913462 0.619629
1 0.924279 0.580128 0.103365 0.129808 0.564941
1 0.237981 0.282051 0.0567909 0.0721154 0.377441
1 0.921875 0.582532 0.103365 0.132212 0.541992
1 0.790264 0.895833 0.0853366 0.0929486 0.49707
1 0.238882 0.282252 0.054387 0.0713141 0.371094
1 0.790264 0.897436 0.0841346 0.0897436 0.472656
1 0.921875 0.579327 0.103365 0.133013 0.391357
1 0.239183 0.28145 0.0540866 0.066907 0.320801
1 0.920673 0.582933 0.103365 0.133814 0.511719
1 0.789063 0.895032 0.0841346 0.0945513 0.469727
1 0.237079 0.280048 0.0552885 0.0697115 0.39502
1 0.787861 0.892628 0.0865385 0.0897436 0.513672
1 0.236929 0.280048 0.0552885 0.0697115 0.427246
1 0.921875 0.580128 0.105769 0.129808 0.403564
1 0.921875 0.580128 0.105769 0.129808 0.513672
1 0.788462 0.891026 0.0817308 0.0865385 0.503906
1 0.237079 0.280449 0.0534856 0.068109 0.38501
1 0.923077 0.579728 0.103365 0.133814 0.526367
1 0.790865 0.892628 0.0793269 0.0849359 0.440674
1 0.237981 0.280849 0.0546875 0.0665064 0.370117
1 0.788462 0.891026 0.0817308 0.0801282 0.533203
1 0.921875 0.579728 0.100962 0.13141 0.493164
1 0.239032 0.28105 0.054988 0.0649038 0.373047
1 0.78726 0.888622 0.0817308 0.0801283 0.606934
1 0.921875 0.576122 0.103365 0.13141 0.548828
1 0.23768 0.277644 0.0540865 0.0689103 0.464844
1 0.787861 0.888622 0.0817307 0.0865384 0.46875
1 0.920072 0.578526 0.103365 0.137821 0.40918
1 0.238131 0.282252 0.0567909 0.0721154 0.373047
1 0.789063 0.890224 0.0829327 0.0865385 0.470703
1 0.921875 0.580529 0.105769 0.133013 0.460938
1 0.23768 0.280849 0.0558894 0.0705128 0.433105
1 0.921875 0.577324 0.103365 0.135417 0.492188
1 0.788462 0.894231 0.0841346 0.0833333 0.484375
1 0.238582 0.28145 0.054387 0.0677083 0.40918
1 0.923077 0.580128 0.106971 0.142628 0.551758
1 0.789063 0.895833 0.0841346 0.0897436 0.532227
1 0.238281 0.280048 0.0576923 0.072516 0.452393
1 0.921875 0.581731 0.102163 0.133013 0.612305
1 0.789663 0.894231 0.0841346 0.0961538 0.541992
1 0.238882 0.282051 0.0558894 0.0701122 0.406494
1 0.786659 0.890224 0.0853366 0.0929487 0.549805
1 0.920673 0.580128 0.105769 0.141026 0.507812
1 0.23768 0.279247 0.0546875 0.068109 0.406494
1 0.920673 0.576923 0.103365 0.136218 0.506836
1 0.787861 0.890224 0.0841346 0.088141 0.436768
1 0.238582 0.277644 0.0540866 0.0661058 0.397949
1 0.923077 0.580929 0.108173 0.139423 0.532227
1 0.790865 0.88782 0.0829327 0.0929487 0.513672
1 0.239483 0.276442 0.0534856 0.0689103 0.492188
0 0.638822 0.241186 0.305288 0.458333 0.296631
1 0.787861 0.889423 0.0841346 0.0929487 0.628906
1 0.921875 0.580128 0.108173 0.139423 0.57666
1 0.23768 0.278846 0.054387 0.068109 0.485352
1 0.788462 0.890224 0.0817308 0.0913461 0.538086
1 0.921875 0.580128 0.103365 0.13141 0.44458
1 0.240084 0.276042 0.0546875 0.068109 0.440674
1 0.788462 0.886218 0.0817308 0.0865385 0.512695
1 0.921875 0.582933 0.104567 0.137019 0.472656
1 0.23738 0.277644 0.0579928 0.0705128 0.46582
0 0.644381 0.251202 0.290565 0.423077 0.378418
1 0.78726 0.888622 0.0829327 0.0881409 0.570801
1 0.920072 0.580929 0.103365 0.139423 0.506836
1 0.236929 0.280849 0.0585938 0.0713141 0.474609
0 0.645433 0.225761 0.280048 0.425881 0.290283
1 0.921274 0.58133 0.102163 0.13141 0.64502
1 0.78726 0.891026 0.0841346 0.088141 0.639648
1 0.236779 0.282452 0.0594952 0.0729167 0.521484
1 0.920673 0.582532 0.100962 0.136218 0.577637
1 0.78726 0.891827 0.0841346 0.0897436 0.57373
1 0.237831 0.283253 0.0591947 0.0729167 0.454346
1 0.920673 0.579327 0.100962 0.135417 0.656738
1 0.78726 0.892628 0.0817308 0.0897436 0.637695
1 0.23768 0.283253 0.0564904 0.0697115 0.491211
1 0.78726 0.894231 0.0829327 0.0897436 0.634277
1 0.920673 0.582532 0.100962 0.136218 0.609375
1 0.237831 0.285657 0.0561899 0.0689103 0.489258
1 0.786058 0.894231 0.0817308 0.0833333 0.613281
1 0.920673 0.582532 0.103365 0.133013 0.602051
1 0.238281 0.286859 0.0564904 0.0685096 0.523438
1 0.921274 0.580529 0.103365 0.137019 0.587891
1 0.787861 0.889423 0.0817307 0.0833333 0.567871
1 0.239032 0.280449 0.0561899 0.0705128 0.488281
1 0.921274 0.583734 0.102163 0.133814 0.619629
1 0.78726 0.891026 0.0793269 0.084936 0.605957
1 0.237079 0.284455 0.0570914 0.0689103 0.488281
1 0.787861 0.892628 0.0829327 0.0865384 0.59375
1 0.921274 0.584135 0.103365 0.133814 0.563965
1 0.239483 0.284054 0.0564904 0.0697115 0.476562
1 0.921875 0.582933 0.100962 0.135417 0.597168
1 0.788462 0.891026 0.0817308 0.084936 0.558105
1 0.238281 0.281651 0.0570913 0.0665064 0.500977
1 0.78726 0.889423 0.0817308 0.0897436 0.643555
1 0.920673 0.582131 0.102163 0.137821 0.637695
1 0.239934 0.279247 0.0567909 0.0697115 0.533203
1 0.921274 0.580929 0.102163 0.133814 0.634277
1 0.787861 0.88782 0.0817307 0.0865384 0.621582
1 0.240385 0.278846 0.0564904 0.0689103 0.509766
1 0.921274 0.579327 0.102163 0.136218 0.620605
1 0.787861 0.889423 0.0829327 0.0865384 0.608398
1 0.240535 0.278846 0.0555889 0.0697115 0.539062
1 0.921274 0.581731 0.102163 0.134615 0.65918
1 0.78726 0.891026 0.0817308 0.0865385 0.625
1 0.237981 0.283053 0.0564904 0.0685096 0.49707
1 0.920673 0.580929 0.102163 0.133013 0.631836
1 0.78726 0.889423 0.0817308 0.0849359 0.608398
1 0.23768 0.282853 0.0564904 0.068109 0.50293
1 0.920673 0.582532 0.100962 0.136218 0.578613
1 0.78726 0.891827 0.0841346 0.0897436 0.574707
1 0.237831 0.283253 0.0591947 0.0729167 0.454346
