1 0.265625 0.586004 0.0444712 0.051282 0.479492
1 0.352764 0.788462 0.0258414 0.0534188 0.339844
1 0.866587 0.573718 0.0408654 0.114316 0.413086
1 0.350361 0.792735 0.0288462 0.0555556 0.330322
1 0.425481 0.584402 0.0348558 0.0854701 0.308105
1 0.777644 0.595086 0.03125 0.108974 0.288574
0 0.0427997 0.556624 0.0643404 0.0619658 0.410156
1 0.351262 0.793803 0.0294471 0.0619659 0.313965
1 0.860577 0.565171 0.0456731 0.115385 0.40918
1 0.421875 0.567842 0.0480769 0.0972222 0.296631
0 0.780048 0.584936 0.0360577 0.128205 0.250244
1 0.862981 0.561966 0.0504807 0.115385 0.300781
1 0.862981 0.574252 0.0516828 0.134615 0.26123
1 0.864183 0.569444 0.0504807 0.108974 0.29248
1 0.558894 0.561966 0.0480769 0.0854701 0.252441
1 0.865986 0.565171 0.0540865 0.111111 0.271973
1 0.862981 0.558894 0.0528846 0.119391 0.254639
0 0.559495 0.569444 0.046875 0.0833333 0.473633
0 0.270132 0.58547 0.0456731 0.0448718 0.388672
0 0.778846 0.583333 0.0288462 0.106838 0.334473
1 0.865385 0.567842 0.0564904 0.122863 0.301514
0 0.560697 0.568376 0.0528846 0.0918804 0.483398
0 0.0446965 0.553419 0.0602464 0.059829 0.373047
0 0.354567 0.526709 0.0444712 0.042735 0.360352
0 0.778846 0.594017 0.0360577 0.108974 0.337158
0 0.270132 0.589744 0.0402644 0.0448718 0.309082
0 0.424279 0.573184 0.0396635 0.090812 0.260498
1 0.865385 0.5625 0.0480769 0.125 0.258301
0 0.779447 0.58547 0.03125 0.117521 0.359375
0 0.560096 0.57265 0.0504807 0.0865385 0.35498
0 0.268179 0.586538 0.0483774 0.0448718 0.615234
0 0.0440392 0.554487 0.0594576 0.0566239 0.482422
0 0.560697 0.567308 0.0516827 0.0854701 0.479492
0 0.780048 0.578526 0.0348557 0.120726 0.464844
0 0.42518 0.574786 0.0420673 0.0918804 0.405518
0 0.615385 0.616987 0.0408654 0.0416667 0.352295
0 0.865385 0.564637 0.0504807 0.126068 0.312256
0 0.780048 0.580128 0.03125 0.110043 0.250977
0 0.269306 0.589209 0.0467247 0.0491453 0.320068
0 0.561298 0.577991 0.0528846 0.0918803 0.313232
0 0.778245 0.580128 0.0324519 0.116453 0.293457
0 0.422776 0.574786 0.046274 0.0940171 0.50293
0 0.778846 0.580662 0.0360577 0.122863 0.442627
0 0.864183 0.565171 0.0552884 0.130342 0.332764
0 0.0428936 0.556624 0.0643029 0.0598291 0.329346
0 0.270733 0.587607 0.046274 0.042735 0.271973
0 0.776442 0.580128 0.03125 0.117521 0.401611
0 0.560697 0.573718 0.0528846 0.0886752 0.391357
0 0.865385 0.564103 0.0456731 0.117521 0.329346
0 0.0417668 0.558761 0.0608474 0.0587607 0.313965
0 0.422175 0.575855 0.0390625 0.0844017 0.294922
0 0.868389 0.569444 0.0540865 0.126068 0.299805
0 0.560697 0.573184 0.0516827 0.0844017 0.282227
0 0.779447 0.580128 0.03125 0.115385 0.268066
0 0.779447 0.583333 0.0276443 0.111111 0.44458
0 0.560998 0.575855 0.0486779 0.0833333 0.29248
0 0.0414663 0.551282 0.0609976 0.0598291 0.252441
0 0.780048 0.581197 0.03125 0.121795 0.64502
0 0.560096 0.571581 0.0504807 0.0897436 0.564941
0 0.865385 0.565171 0.0504807 0.121795 0.421631
0 0.269907 0.58547 0.043119 0.0427351 0.342529
0 0.0411659 0.550214 0.0567909 0.0555556 0.270508
0 0.559195 0.573718 0.0522837 0.0961539 0.314941
0 0.560998 0.575855 0.0486779 0.0876068 0.27832
0 0.561899 0.570513 0.0516827 0.0961539 0.730957
0 0.777644 0.57906 0.0336538 0.119658 0.624512
0 0.268029 0.587607 0.046875 0.0459401 0.369385
0 0.0434195 0.556624 0.0602464 0.0587607 0.349609
0 0.865385 0.564637 0.0552884 0.121795 0.313232
0 0.42488 0.575321 0.0396635 0.0865384 0.286865
0 0.571514 0.571047 0.0757211 0.107906 0.424316
0 0.777644 0.577991 0.0336538 0.120726 0.408203
0 0.423678 0.580128 0.046875 0.0961539 0.478516
0 0.561298 0.57265 0.0564904 0.111111 0.440674
0 0.861779 0.568376 0.0528846 0.125 0.38501
0 0.778846 0.583333 0.03125 0.113248 0.365723
0 0.5622 0.573184 0.0522837 0.0929487 0.355713
0 0.778846 0.582265 0.03125 0.113248 0.299072
0 0.561899 0.575855 0.0492788 0.0961539 0.348633
0 0.778846 0.584936 0.0300481 0.106838 0.325195
0 0.426082 0.57906 0.0420673 0.0940171 0.321777
0 0.0411659 0.555021 0.0591947 0.0641026 0.294189
1 0.352163 0.797009 0.0282452 0.0555556 0.270508
0 0.865385 0.568376 0.0504807 0.121795 0.269775
0 0.26893 0.590812 0.046274 0.0470086 0.267334
0 0.561899 0.576389 0.0540865 0.0876069 0.341553
0 0.778846 0.58547 0.03125 0.108974 0.325195
1 0.0409405 0.553419 0.0600962 0.0576923 0.269775
0 0.5625 0.571581 0.0504807 0.0897436 0.487305
0 0.865385 0.567308 0.0504807 0.123932 0.449463
0 0.779447 0.580128 0.03125 0.111111 0.418701
0 0.0427997 0.558761 0.062838 0.0576923 0.32251
0 0.78125 0.584936 0.0360577 0.122863 0.526367
0 0.865385 0.571581 0.0552884 0.13141 0.467773
0 0.560096 0.572115 0.0528846 0.0929487 0.46582
0 0.0416917 0.558761 0.0621995 0.0598291 0.362061
0 0.425781 0.577991 0.0456731 0.0961538 0.339844
0 0.268329 0.589744 0.046274 0.0470086 0.262939
0 0.864784 0.570513 0.0540865 0.128205 0.606934
0 0.42518 0.577991 0.0420673 0.0897436 0.532227
0 0.0435697 0.557158 0.0653546 0.0544871 0.530273
0 0.778846 0.584402 0.03125 0.111111 0.521484
0 0.561298 0.569444 0.0528846 0.0886752 0.405518
0 0.353666 0.544872 0.0450721 0.0352564 0.330322
0 0.26893 0.594017 0.0438702 0.0352564 0.327637
0 0.354868 0.527778 0.0414663 0.0373931 0.282227
0 0.560697 0.571047 0.0516827 0.0950854 0.369385
0 0.0428936 0.558761 0.066256 0.0619658 0.269775
0 0.560096 0.571581 0.0552885 0.0918803 0.388672
0 0.0410156 0.55235 0.0640024 0.0608974 0.345947
0 0.780649 0.576923 0.0300481 0.115385 0.318359
0 0.560697 0.569979 0.0516827 0.102564 0.57666
0 0.780048 0.576923 0.0336538 0.122863 0.487305
0 0.0449219 0.557692 0.0671575 0.068376 0.402588
0 0.865385 0.567308 0.0528846 0.117521 0.317383
0 0.269231 0.589744 0.047476 0.0491453 0.300781
0 0.422476 0.575855 0.0456731 0.0876068 0.276611
0 0.354567 0.546474 0.0492788 0.0416667 0.253174
0 0.778245 0.576923 0.03125 0.119658 0.36377
0 0.560998 0.570513 0.0534855 0.0982906 0.324219
0 0.778846 0.582265 0.0240385 0.113248 0.499023
0 0.560697 0.571047 0.0540865 0.0929487 0.480469
0 0.86238 0.567308 0.0504807 0.119658 0.415771
0 0.0424993 0.55235 0.0622371 0.0598291 0.399902
0 0.422476 0.57906 0.0444712 0.0961539 0.38501
0 0.268329 0.589209 0.0450721 0.0416667 0.323486
1 0.350962 0.795406 0.0246394 0.0523504 0.275879
0 0.558894 0.569444 0.0552885 0.0897436 0.499023
0 0.778245 0.581731 0.03125 0.113248 0.490234
0 0.0425931 0.555556 0.0635517 0.0619658 0.296631
0 0.696514 0.613248 0.0240385 0.0769231 0.27124
0 0.864183 0.569444 0.0516828 0.115385 0.263672
0 0.778245 0.584402 0.0300481 0.113248 0.414062
0 0.865385 0.567308 0.0480769 0.11859 0.404541
0 0.561599 0.57265 0.0522836 0.0940171 0.385742
0 0.424579 0.575855 0.0414663 0.0940171 0.303955
0 0.778846 0.584936 0.0300481 0.110043 0.361084
0 0.561899 0.569444 0.0516827 0.0876069 0.353027
0 0.861779 0.565171 0.0552884 0.120726 0.351318
0 0.0413161 0.55235 0.063101 0.0598291 0.330322
0 0.267127 0.586538 0.0438702 0.0405983 0.304932
0 0.423678 0.576923 0.0414664 0.0897436 0.269775
0 0.561899 0.570513 0.0540865 0.102564 0.538086
0 0.778846 0.577991 0.0300481 0.115385 0.448486
0 0.864183 0.563568 0.0504807 0.11859 0.395996
0 0.0426871 0.556624 0.0654672 0.0641026 0.374756
0 0.268329 0.588141 0.0456731 0.0459401 0.362061
0 0.423678 0.574786 0.0408654 0.0961539 0.344238
0 0.5622 0.573184 0.0570913 0.105769 0.57666
0 0.424579 0.577457 0.046875 0.099359 0.490234
0 0.777644 0.57906 0.03125 0.121795 0.472656
0 0.864784 0.568376 0.0576923 0.128205 0.417725
0 0.0433444 0.555556 0.0679087 0.0726496 0.416748
0 0.269081 0.587607 0.0483774 0.0491453 0.33374
0 0.561599 0.571581 0.0546875 0.102564 0.525391
0 0.780048 0.583333 0.0288462 0.117521 0.467773
0 0.353065 0.527778 0.046274 0.042735 0.320801
0 0.268029 0.589209 0.0450721 0.0459401 0.301514
1 0.350962 0.79594 0.0252404 0.0491453 0.275146
0 0.0422363 0.553419 0.0627629 0.059829 0.256104
0 0.561899 0.573718 0.0540865 0.100427 0.654785
0 0.778846 0.581731 0.03125 0.122863 0.600098
0 0.0452975 0.555556 0.0682091 0.0651709 0.552734
0 0.269231 0.594551 0.0492788 0.042735 0.398926
0 0.423678 0.575855 0.0408654 0.0940171 0.396973
0 0.864183 0.569444 0.0492789 0.11859 0.39502
0 0.354267 0.542735 0.0480769 0.0405983 0.364746
0 0.353966 0.526709 0.046875 0.042735 0.33374
0 0.694712 0.613248 0.0240385 0.0769231 0.33374
0 0.26878 0.608974 0.0465745 0.0470085 0.327637
0 0.559796 0.568376 0.0546875 0.0897436 0.476562
0 0.778846 0.579594 0.0288462 0.119658 0.44165
0 0.0407151 0.553419 0.063101 0.0641026 0.373047
0 0.864183 0.566774 0.0480769 0.120727 0.345947
0 0.267728 0.588675 0.046274 0.0448718 0.287842
0 0.423678 0.574786 0.0384615 0.0918804 0.2854
0 0.865385 0.567308 0.0504807 0.108974 0.506836
0 0.42488 0.573718 0.0420673 0.0897436 0.46582
0 0.778846 0.581197 0.0288462 0.115385 0.433105
0 0.561899 0.567308 0.0540865 0.0918804 0.399902
0 0.268179 0.589744 0.0459736 0.042735 0.327637
0 0.353966 0.527244 0.0456731 0.0384616 0.284668
0 0.696514 0.613248 0.0204327 0.0683761 0.275879
0 0.354567 0.542201 0.046274 0.0405983 0.255371
0 0.780048 0.582265 0.0288462 0.119658 0.383057
0 0.561599 0.568376 0.0534856 0.0897436 0.339844
0 0.26863 0.587607 0.046274 0.0491453 0.328613
0 0.42488 0.575855 0.0426683 0.0918803 0.315674
0 0.0420861 0.553419 0.06096 0.0630342 0.303223
0 0.866587 0.565171 0.0492788 0.119658 0.529297
0 0.779447 0.582265 0.0300481 0.114316 0.519531
0 0.425481 0.575855 0.0420673 0.0940171 0.517578
0 0.561899 0.568376 0.0528846 0.101496 0.50293
0 0.0429688 0.557692 0.0632512 0.0619658 0.394287
0 0.26893 0.587607 0.046274 0.0448718 0.392334
0 0.352764 0.526709 0.0456731 0.042735 0.385742
0 0.353365 0.543269 0.046875 0.0438034 0.258301
0 0.863582 0.569444 0.0540865 0.129274 0.564941
0 0.423978 0.57906 0.0432693 0.0940171 0.541992
0 0.779447 0.583868 0.0300481 0.119658 0.524414
0 0.561899 0.57265 0.0540865 0.0961539 0.470703
0 0.695913 0.612714 0.0240385 0.0779914 0.279053
0 0.0423678 0.554487 0.0661058 0.0662393 0.252441
0 0.780048 0.581197 0.0288462 0.121795 0.562988
0 0.866587 0.569444 0.0480769 0.117521 0.537109
0 0.42488 0.577991 0.0414664 0.0940171 0.515625
0 0.560697 0.571581 0.0516827 0.0918803 0.451416
0 0.26863 0.589744 0.046875 0.0448718 0.287842
0 0.04295 0.558761 0.0655424 0.0598291 0.266602
0 0.779447 0.580128 0.0300481 0.117521 0.483398
0 0.862981 0.568376 0.0528846 0.123932 0.434082
0 0.0415415 0.55609 0.0644531 0.0619658 0.394287
0 0.421875 0.576923 0.0444711 0.0961539 0.392334
0 0.267428 0.589744 0.046875 0.0459401 0.383057
0 0.561298 0.572115 0.0540865 0.0961539 0.338135
0 0.695913 0.613248 0.0216346 0.0747863 0.268066
0 0.353365 0.543803 0.046274 0.0405983 0.26123
0 0.352764 0.528312 0.0438702 0.0405983 0.256836
0 0.864183 0.566239 0.0528846 0.126068 0.325928
0 0.778846 0.577991 0.0288462 0.119658 0.310791
0 0.0413912 0.554487 0.0644531 0.0662393 0.283691
0 0.267578 0.587607 0.0465745 0.0448718 0.268066
0 0.423077 0.573184 0.0456731 0.099359 0.259033
0 0.863582 0.567308 0.0504808 0.121795 0.539062
0 0.778846 0.582799 0.0288462 0.114316 0.490234
0 0.561298 0.570513 0.0504807 0.0918803 0.428223
0 0.0430439 0.555556 0.0650541 0.0619658 0.387695
0 0.423377 0.575855 0.0408654 0.0918803 0.380371
0 0.268179 0.587607 0.0453726 0.0438034 0.327637
0 0.353966 0.526709 0.0432692 0.0405983 0.260498
0 0.697115 0.614316 0.0192308 0.0694444 0.254639
0 0.561899 0.573718 0.0528846 0.0982906 0.532227
0 0.864183 0.568376 0.0528846 0.121795 0.507812
0 0.778846 0.582265 0.03125 0.121795 0.418701
0 0.0452224 0.571581 0.066256 0.0662393 0.370117
0 0.423678 0.575855 0.0432692 0.0918803 0.321777
0 0.267728 0.589209 0.047476 0.042735 0.26123
0 0.561599 0.571047 0.0510817 0.0886752 0.474609
0 0.864183 0.568376 0.0504807 0.128205 0.451416
0 0.424279 0.575855 0.0396635 0.0897436 0.414062
0 0.778245 0.581197 0.0276443 0.123932 0.400635
0 0.0420673 0.557692 0.0640024 0.0619658 0.362061
0 0.560697 0.571581 0.0552885 0.0961538 0.466797
0 0.865385 0.569979 0.0528846 0.119658 0.440674
0 0.423077 0.577991 0.046274 0.0940171 0.414062
0 0.0451472 0.569444 0.0635517 0.0662393 0.390381
0 0.777644 0.580128 0.0336538 0.123932 0.347656
0 0.268029 0.589744 0.0480769 0.0459401 0.323486
0 0.695913 0.614316 0.0228365 0.0747863 0.279053
0 0.561899 0.573184 0.0516827 0.0940171 0.640625
0 0.864183 0.565705 0.0540866 0.119658 0.575684
0 0.424579 0.576389 0.0426682 0.090812 0.540039
0 0.778846 0.583333 0.0300481 0.115385 0.518555
0 0.0423678 0.558227 0.0649038 0.0608974 0.475586
0 0.26893 0.587607 0.046875 0.0384616 0.418701
0 0.695913 0.61485 0.0192308 0.0705128 0.397949
0 0.352764 0.526709 0.0432692 0.0384616 0.348633
0 0.352764 0.53953 0.0456731 0.0384616 0.293457
1 0.352163 0.79594 0.0264423 0.0502137 0.275146
0 0.5625 0.571581 0.0516827 0.0940171 0.558105
0 0.778245 0.582265 0.03125 0.115385 0.454346
0 0.042518 0.556624 0.0664062 0.0683761 0.422607
0 0.864183 0.573718 0.0480769 0.11859 0.342529
0 0.268029 0.586538 0.0450721 0.0405983 0.341553
0 0.423978 0.576389 0.0384615 0.0918803 0.334473
0 0.695913 0.613248 0.0216346 0.0726496 0.331055
0 0.353365 0.526709 0.0444711 0.0384616 0.257568
0 0.779447 0.582265 0.0300481 0.113248 0.556641
0 0.561599 0.56891 0.0510817 0.0886752 0.539062
0 0.42488 0.574786 0.0372596 0.0918804 0.44165
0 0.696514 0.61218 0.0216346 0.0769231 0.42334
0 0.26863 0.586538 0.0456731 0.042735 0.412109
0 0.865986 0.571581 0.0492788 0.119658 0.411133
0 0.0409405 0.55235 0.0647536 0.0662393 0.405518
0 0.353666 0.526709 0.0444712 0.0395299 0.323486
0 0.354567 0.541667 0.0456731 0.0416667 0.265869
0 0.559495 0.565705 0.0540865 0.0918803 0.655762
0 0.778245 0.57906 0.0324519 0.11859 0.608398
0 0.042518 0.553419 0.0652043 0.0683761 0.476562
0 0.423077 0.573718 0.0432692 0.0918803 0.474609
0 0.267728 0.586004 0.0450721 0.042735 0.408203
0 0.695913 0.610043 0.0240385 0.0790599 0.39502
0 0.864183 0.567308 0.0504807 0.116453 0.392334
0 0.353065 0.527244 0.0438702 0.0395299 0.35498
0 0.352764 0.540598 0.0456731 0.0416667 0.269043
0 0.560697 0.569444 0.0528846 0.0918803 0.556641
0 0.778245 0.580662 0.0324519 0.116453 0.466797
0 0.424279 0.574786 0.0408654 0.0876068 0.362061
0 0.865385 0.567308 0.0480769 0.113248 0.337158
0 0.267728 0.589209 0.0456731 0.0438034 0.323486
0 0.0428373 0.556624 0.0654673 0.0662393 0.279053
0 0.353966 0.528312 0.0456731 0.042735 0.254639
0 0.5622 0.569979 0.0558894 0.0982906 0.615234
0 0.778846 0.576923 0.0288462 0.119658 0.57959
0 0.423678 0.57265 0.0408654 0.0918803 0.47168
0 0.864784 0.566239 0.0492788 0.115385 0.44165
0 0.268029 0.587607 0.0456731 0.042735 0.393311
0 0.696514 0.610043 0.0228365 0.0790599 0.353027
0 0.0434946 0.555021 0.0664062 0.0683761 0.347656
0 0.353966 0.527778 0.0456731 0.0416667 0.315674
1 0.351562 0.79594 0.0252404 0.0491453 0.274414
0 0.779447 0.577991 0.0300481 0.11859 0.5
0 0.561599 0.568376 0.0546875 0.090812 0.452393
0 0.865385 0.561966 0.0504807 0.121795 0.394287
0 0.26878 0.587607 0.0441707 0.0405983 0.379395
0 0.0435885 0.553419 0.0666692 0.065171 0.35498
0 0.423978 0.571581 0.0402644 0.0897436 0.321777
0 0.695913 0.608974 0.0216346 0.0747863 0.312256
1 0.351562 0.794872 0.0252404 0.051282 0.273682
0 0.354567 0.527244 0.0444712 0.0395299 0.262207
0 0.560096 0.566239 0.0540865 0.0940171 0.64502
0 0.778846 0.577991 0.0288462 0.117521 0.539062
0 0.864183 0.5625 0.0504807 0.119658 0.462891
0 0.423678 0.572115 0.0384615 0.0886752 0.448486
0 0.268329 0.588675 0.0438702 0.0405983 0.395996
0 0.0427997 0.554487 0.0670448 0.0673077 0.375732
0 0.697115 0.608974 0.0204327 0.0726496 0.367432
1 0.352163 0.797543 0.0246394 0.0491453 0.30249
0 0.612981 0.613248 0.0384615 0.0491453 0.294189
0 0.353666 0.528846 0.046875 0.0405983 0.275879
0 0.561899 0.570513 0.0552885 0.100427 0.460938
0 0.778846 0.580128 0.03125 0.121795 0.408203
0 0.267879 0.589744 0.0459736 0.0448718 0.348633
0 0.864183 0.563034 0.0528846 0.121795 0.346924
0 0.42488 0.573718 0.0396635 0.0929487 0.319092
0 0.0418983 0.554487 0.0649414 0.0662393 0.265137
0 0.697115 0.614316 0.0240385 0.0726496 0.254639
0 0.353966 0.528846 0.046274 0.0470086 0.250244
0 0.5622 0.565171 0.0558894 0.0961539 0.577637
0 0.862981 0.5625 0.0552884 0.125 0.569824
0 0.778846 0.579594 0.03125 0.122863 0.516602
0 0.424279 0.569444 0.0420673 0.0918803 0.458008
0 0.268329 0.586538 0.046274 0.042735 0.440674
0 0.0432692 0.552885 0.0670072 0.0662393 0.351318
0 0.697115 0.608974 0.0228365 0.0769231 0.336426
0 0.353365 0.527244 0.047476 0.0438034 0.312256
0 0.560998 0.565171 0.0558895 0.0961539 0.5
0 0.778245 0.576923 0.0324519 0.121795 0.473633
0 0.864784 0.566239 0.0516827 0.115385 0.414795
0 0.268329 0.586538 0.046875 0.0405983 0.385742
0 0.424579 0.570513 0.0414663 0.0940171 0.359375
0 0.695913 0.608974 0.0216346 0.0790599 0.327637
0 0.0426871 0.554487 0.0654672 0.0630342 0.27124
0 0.353065 0.527778 0.0438702 0.0405983 0.262939
0 0.561298 0.569444 0.0564904 0.099359 0.638672
0 0.778846 0.57906 0.03125 0.119658 0.575684
0 0.862981 0.565171 0.0528846 0.120726 0.482422
0 0.422476 0.572115 0.0432693 0.0940171 0.433105
0 0.267728 0.588675 0.046875 0.0459401 0.401611
0 0.0431941 0.555021 0.066857 0.0673077 0.331055
0 0.697115 0.612714 0.0204327 0.0726496 0.299072
0 0.352163 0.527778 0.0444711 0.0416667 0.267334
0 0.561899 0.566239 0.0564904 0.100427 0.560059
0 0.778846 0.579594 0.03125 0.11859 0.455078
0 0.268179 0.586538 0.0465745 0.042735 0.421631
0 0.04372 0.551282 0.0670072 0.0683761 0.342529
0 0.423377 0.570513 0.0444712 0.0961539 0.332764
0 0.862981 0.564103 0.0528846 0.123932 0.318359
0 0.353365 0.526709 0.046875 0.042735 0.311523
0 0.697115 0.611645 0.0216346 0.0758547 0.277588
0 0.614183 0.611645 0.0432693 0.0544872 0.253174
0 0.560697 0.566239 0.0564904 0.0961539 0.562988
0 0.780048 0.580128 0.0300481 0.117521 0.524414
0 0.86238 0.565705 0.0540865 0.122863 0.475586
0 0.26893 0.587607 0.0450721 0.0405983 0.42334
0 0.423077 0.57265 0.0420673 0.0918803 0.376709
0 0.697115 0.610043 0.0204327 0.0747863 0.347656
0 0.353365 0.527244 0.0480769 0.042735 0.305664
0 0.0412973 0.551282 0.0670448 0.0641026 0.284668
1 0.352764 0.797009 0.0264423 0.051282 0.254639
0 0.561899 0.566239 0.0564904 0.0982906 0.459961
0 0.779447 0.57906 0.0324519 0.121795 0.433105
0 0.697115 0.608974 0.0216346 0.0747863 0.313232
0 0.269156 0.590812 0.0494291 0.0405983 0.29834
0 0.353966 0.525641 0.0492788 0.042735 0.260498
0 0.5625 0.564103 0.0564904 0.0961538 0.470703
0 0.779447 0.578526 0.03125 0.119658 0.405518
0 0.697115 0.605769 0.0216346 0.0726496 0.32251
0 0.26863 0.58547 0.0486779 0.0427351 0.31665
1 0.351562 0.78953 0.0252404 0.0512821 0.304932
0 0.353065 0.524573 0.047476 0.0448718 0.276611
0 0.0440956 0.544872 0.0686599 0.0769231 0.258301
0 0.862981 0.560363 0.0528846 0.120727 0.59082
0 0.560998 0.561966 0.0546875 0.0886752 0.57959
0 0.778245 0.578526 0.0300481 0.11859 0.539062
0 0.422476 0.566773 0.0444712 0.0897436 0.40918
1 0.350661 0.797009 0.0246394 0.0491453 0.29834
0 0.863582 0.561432 0.0564903 0.119658 0.588867
0 0.780048 0.574786 0.03125 0.115385 0.529297
0 0.561899 0.561966 0.0540865 0.0897436 0.50293
1 0.351562 0.793803 0.0252404 0.0512821 0.346924
0 0.424279 0.565705 0.0420673 0.0897436 0.345947
0 0.0443209 0.564103 0.0640024 0.0705129 0.305664
1 0.26848 0.583868 0.0441707 0.0438034 0.269775
0 0.778846 0.576923 0.03125 0.117521 0.543945
0 0.561298 0.563034 0.0540865 0.0918803 0.53125
0 0.86238 0.561832 0.0516827 0.124199 0.348633
1 0.351863 0.800214 0.0264423 0.0512821 0.319092
1 0.044997 0.551282 0.0677584 0.0705128 0.304932
0 0.423678 0.565705 0.0396635 0.090812 0.299805
0 0.269156 0.586004 0.0458233 0.042735 0.282959
0 0.0444524 0.568376 0.063439 0.0662393 0.262207
0 0.561298 0.563034 0.0552885 0.0940171 0.556641
0 0.779447 0.578526 0.03125 0.122863 0.551758
0 0.861779 0.565171 0.0576923 0.126068 0.44458
0 0.422476 0.56891 0.0432693 0.0961539 0.375732
1 0.351562 0.797009 0.0252404 0.0491453 0.366699
0 0.697115 0.613248 0.0192308 0.0683761 0.336426
0 0.0427434 0.555556 0.0656551 0.0608974 0.29248
0 0.267879 0.587607 0.0441707 0.042735 0.260498
1 0.0450721 0.546474 0.0647536 0.0683761 0.252441
0 0.778245 0.580128 0.0300481 0.122863 0.521484
0 0.561298 0.564103 0.0540865 0.0918803 0.519531
0 0.0440204 0.564103 0.0656551 0.0673077 0.439697
0 0.862981 0.558227 0.0528846 0.125 0.427246
1 0.351562 0.79968 0.0228365 0.0459401 0.414062
0 0.421875 0.569444 0.0420673 0.0929487 0.366699
0 0.269531 0.594017 0.046274 0.0363248 0.346924
0 0.697115 0.614316 0.0192308 0.0683761 0.323486
0 0.561599 0.566239 0.0534856 0.0897436 0.526367
0 0.778846 0.581197 0.0300481 0.119658 0.486328
0 0.0424993 0.554487 0.0661433 0.0630342 0.390381
0 0.422476 0.571047 0.0408654 0.090812 0.376709
0 0.862981 0.560764 0.0504807 0.124199 0.374756
1 0.350962 0.795406 0.0240385 0.0502136 0.368408
0 0.696514 0.614316 0.0192308 0.0705128 0.358398
0 0.269757 0.592415 0.0434195 0.0363248 0.327637
0 0.561298 0.563034 0.0540865 0.0918803 0.626953
0 0.778846 0.577991 0.03125 0.123932 0.587891
0 0.861779 0.560363 0.0552884 0.121795 0.52832
0 0.0419922 0.554487 0.0665565 0.0641026 0.484375
1 0.351562 0.790598 0.0252404 0.0512821 0.445557
0 0.421875 0.568376 0.0420673 0.0940171 0.434082
0 0.269231 0.589744 0.046274 0.0384616 0.42627
0 0.697115 0.611111 0.0192308 0.0705128 0.385742
0 0.560697 0.564103 0.0540865 0.0897436 0.624512
0 0.779447 0.57906 0.0300481 0.119658 0.548828
0 0.862981 0.563034 0.0552884 0.117521 0.53125
0 0.422476 0.568376 0.0402644 0.0897436 0.437744
0 0.0420485 0.552885 0.0655424 0.0641026 0.425293
0 0.269081 0.589744 0.0453726 0.0384616 0.411133
1 0.351562 0.79594 0.0252404 0.051282 0.407227
0 0.697115 0.614316 0.0192308 0.0683761 0.392334
0 0.352764 0.529915 0.0444711 0.0384615 0.276611
0 0.561298 0.564103 0.0552885 0.0897436 0.62793
0 0.861779 0.563568 0.0552884 0.11859 0.571777
0 0.779447 0.583333 0.0300481 0.121795 0.541992
0 0.0441895 0.561966 0.0660682 0.0683761 0.487305
0 0.423077 0.572115 0.0420673 0.0918803 0.438721
1 0.351562 0.793803 0.0258414 0.0523504 0.435791
0 0.697115 0.615919 0.0192308 0.0673077 0.427246
0 0.26893 0.592949 0.046274 0.0363248 0.414795
0 0.352764 0.537393 0.046875 0.0384615 0.281494
0 0.561298 0.565705 0.0540865 0.0897436 0.581543
0 0.779447 0.582265 0.03125 0.120727 0.509766
0 0.0423678 0.554487 0.0658053 0.0641026 0.455078
1 0.351562 0.794872 0.0252404 0.0534188 0.438721
0 0.269081 0.59188 0.0477764 0.0384615 0.410156
0 0.86238 0.561031 0.0516827 0.125801 0.400635
0 0.421875 0.571581 0.0408654 0.0918803 0.397949
0 0.697115 0.615385 0.0192308 0.0683761 0.320068
0 0.353666 0.530983 0.0450721 0.0405983 0.291016
0 0.561899 0.569444 0.0540865 0.0918803 0.673828
0 0.780048 0.583333 0.03125 0.120726 0.556641
0 0.861779 0.563034 0.0576923 0.119658 0.535156
0 0.423077 0.57265 0.0420673 0.0918803 0.469727
0 0.269531 0.594017 0.047476 0.0384616 0.451416
0 0.042349 0.555556 0.0655424 0.0619658 0.442627
1 0.351562 0.798077 0.0252404 0.051282 0.439697
0 0.697716 0.617521 0.0192308 0.0683761 0.436768
0 0.354567 0.537927 0.046875 0.0395299 0.27832
0 0.5622 0.567308 0.0546875 0.0897436 0.567871
0 0.780048 0.584402 0.03125 0.123932 0.554688
0 0.0428936 0.555556 0.066256 0.0619658 0.480469
1 0.351562 0.797543 0.0252404 0.0512821 0.446533
0 0.861779 0.565171 0.0576923 0.123932 0.434082
0 0.269531 0.592415 0.047476 0.0384615 0.427246
0 0.423077 0.571581 0.0420673 0.0918803 0.42627
0 0.697115 0.616453 0.0192308 0.0694444 0.406494
0 0.613582 0.614316 0.0384615 0.051282 0.287842
0 0.353966 0.532051 0.0456731 0.0395299 0.277588
0 0.561899 0.567308 0.0552885 0.0897436 0.643555
0 0.779447 0.584402 0.0300481 0.11859 0.589844
0 0.0428185 0.555556 0.0652043 0.0641026 0.499023
0 0.422776 0.57265 0.0408654 0.0918803 0.460938
0 0.862981 0.564103 0.0552884 0.120726 0.453369
0 0.697115 0.616987 0.0192308 0.0673077 0.450439
0 0.269231 0.592415 0.047476 0.0395299 0.443604
1 0.351863 0.797009 0.0252404 0.051282 0.437744
0 0.353666 0.532051 0.046274 0.0395299 0.2854
0 0.561599 0.568376 0.0546875 0.0897436 0.621582
0 0.779447 0.584402 0.0300481 0.11859 0.591797
0 0.423377 0.57265 0.0414663 0.0918803 0.477539
0 0.0425932 0.555021 0.0664062 0.0641026 0.473633
0 0.862981 0.563568 0.0552884 0.120726 0.462891
1 0.351562 0.798077 0.0252404 0.0502137 0.449463
0 0.269231 0.593483 0.0480769 0.0384615 0.448486
0 0.697115 0.617521 0.0180289 0.0673077 0.407227
0 0.353966 0.532051 0.046274 0.0384616 0.294189
0 0.612981 0.615385 0.0384615 0.0523504 0.2854
0 0.5622 0.563034 0.0546875 0.0897436 0.643555
0 0.780048 0.581197 0.03125 0.117521 0.603027
0 0.862981 0.559829 0.0552884 0.117521 0.511719
0 0.422476 0.568376 0.0420673 0.090812 0.462891
1 0.351262 0.793803 0.0258414 0.0512821 0.437744
0 0.269531 0.589209 0.0480769 0.0395299 0.432129
0 0.0426683 0.55235 0.0661058 0.0651709 0.422607
0 0.697115 0.614316 0.0192308 0.0683761 0.392334
0 0.354567 0.528846 0.0456731 0.0384615 0.309082
0 0.561899 0.567308 0.0540865 0.0897436 0.64502
0 0.780048 0.586538 0.0288462 0.117521 0.632324
0 0.862981 0.565171 0.0540866 0.121795 0.545898
0 0.423077 0.571047 0.0408654 0.0886752 0.489258
0 0.0424429 0.555556 0.065655 0.0619658 0.472656
1 0.351562 0.797009 0.0258414 0.051282 0.451416
0 0.269231 0.59188 0.047476 0.0373931 0.449463
0 0.697115 0.617521 0.0180289 0.0683761 0.412109
0 0.353966 0.531517 0.0456731 0.0384616 0.281494
0 0.561899 0.565171 0.0540865 0.0897436 0.664551
0 0.779447 0.583868 0.0300481 0.11859 0.626953
0 0.862981 0.563034 0.0552884 0.121795 0.562988
0 0.424279 0.570513 0.0402645 0.0876069 0.491211
0 0.0424993 0.553419 0.0661433 0.0641026 0.474609
0 0.269231 0.590812 0.047476 0.0384615 0.457031
1 0.351562 0.794872 0.0258414 0.051282 0.436768
0 0.697115 0.615385 0.0192308 0.0683761 0.42334
0 0.353966 0.530983 0.0456731 0.0384615 0.306641
0 0.561599 0.566239 0.0546875 0.0897436 0.632324
0 0.779447 0.584936 0.0300481 0.11859 0.60498
0 0.862981 0.563034 0.0552884 0.119658 0.523438
0 0.0424429 0.554487 0.0661058 0.0641026 0.498047
0 0.422776 0.570513 0.0420673 0.0897436 0.492188
0 0.269231 0.59188 0.047476 0.0384615 0.451416
1 0.351562 0.794872 0.0252404 0.051282 0.451416
0 0.697115 0.616453 0.0192308 0.0683761 0.396973
0 0.353666 0.530983 0.046274 0.0384615 0.291748
0 0.561599 0.566239 0.0534856 0.0897436 0.526367
0 0.778846 0.581197 0.0300481 0.119658 0.486328
0 0.0424993 0.554487 0.0661433 0.0630342 0.390381
0 0.422476 0.571047 0.0408654 0.090812 0.375732
0 0.862981 0.560764 0.0504807 0.124199 0.375732
1 0.350962 0.79594 0.0240385 0.051282 0.368408
0 0.696514 0.61485 0.0192308 0.0694444 0.358398
0 0.269757 0.592415 0.0434195 0.0363248 0.327637
