1 0.0902945 0.564904 0.0264423 0.036859 0.29248
1 0.361779 0.878205 0.0492788 0.0673076 0.265869
1 0.0891677 0.570513 0.0345553 0.0448718 0.251709
1 0.360577 0.875 0.0432692 0.0641026 0.270508
1 0.688702 0.839743 0.0408654 0.0480769 0.26123
1 0.365385 0.891026 0.0420673 0.0592948 0.250244
1 0.0911959 0.570112 0.0291466 0.0352564 0.260498
1 0.691106 0.839744 0.0432692 0.0512821 0.254639
1 0.361779 0.880609 0.046875 0.0560898 0.287842
1 0.36268 0.879808 0.0414664 0.0560898 0.267334
1 0.361779 0.88141 0.0480769 0.0608974 0.288574
1 0.691106 0.841346 0.0480769 0.0576924 0.254639
1 0.359976 0.879808 0.0492788 0.0673077 0.264404
1 0.6875 0.842147 0.0432692 0.0528846 0.279785
1 0.361478 0.88141 0.0432692 0.0576923 0.276611
1 0.0889423 0.570913 0.0351562 0.0384615 0.274414
1 0.361779 0.879808 0.0432692 0.0544872 0.313965
1 0.0890925 0.569712 0.0360577 0.036859 0.286133
1 0.689303 0.842147 0.0444712 0.0496795 0.267334
1 0.361178 0.88141 0.0426683 0.0544872 0.345215
1 0.686899 0.841346 0.0408654 0.048077 0.254639
1 0.0881911 0.571314 0.0330529 0.036859 0.253174
1 0.363882 0.88141 0.0480769 0.0608974 0.277588
1 0.363582 0.878205 0.0480769 0.0576923 0.272705
1 0.0880409 0.570513 0.0335036 0.0384615 0.264404
1 0.362981 0.88141 0.0492788 0.0608974 0.306641
1 0.0881911 0.570513 0.0336538 0.0392628 0.250977
1 0.0883413 0.569712 0.0336538 0.0376602 0.262939
1 0.361779 0.879808 0.0456731 0.0608974 0.252441
1 0.362981 0.88141 0.046875 0.0608974 0.308105
1 0.361779 0.882212 0.0456731 0.0625 0.282959
1 0.0883413 0.570513 0.0342548 0.036859 0.267334
1 0.362981 0.878205 0.0492788 0.0641025 0.27124
1 0.361779 0.879808 0.047476 0.0608974 0.321777
1 0.0871394 0.570112 0.0326022 0.0384615 0.274414
1 0.36268 0.88141 0.0444711 0.0576923 0.251709
1 0.36238 0.879808 0.0462741 0.0576923 0.284668
1 0.362079 0.88141 0.0450721 0.0544872 0.263672
1 0.36238 0.879808 0.0456731 0.0641025 0.250977
1 0.361178 0.879006 0.0462741 0.0608975 0.279785
1 0.36238 0.880609 0.0492788 0.0641026 0.256836
1 0.0878906 0.571314 0.0330529 0.036859 0.257568
1 0.363281 0.879808 0.046274 0.0608974 0.29248
0 0.6875 0.46274 0.0528846 0.111378 0.262207
1 0.361779 0.880609 0.0456731 0.0560898 0.280518
1 0.0880409 0.571314 0.0327524 0.036859 0.269775
1 0.364183 0.88141 0.0450721 0.0592948 0.262939
1 0.36238 0.879808 0.046875 0.0576923 0.280518
1 0.361779 0.88141 0.0480769 0.0608974 0.291016
1 0.221454 0.202524 0.0204327 0.0332532 0.262207
1 0.361178 0.886218 0.0444712 0.0544872 0.307373
1 0.360577 0.88782 0.0450721 0.0576923 0.275879
1 0.332332 0.530849 0.0288462 0.0408654 0.271973
1 0.0884916 0.57532 0.0332031 0.036859 0.260498
1 0.332933 0.530849 0.0294471 0.0416667 0.320068
1 0.0886418 0.575721 0.0321514 0.0344551 0.319092
1 0.36238 0.884615 0.0450721 0.0608975 0.276611
1 0.0884916 0.574519 0.0333534 0.0360577 0.291016
1 0.332332 0.530449 0.0294471 0.0416667 0.276611
1 0.36238 0.884615 0.0444711 0.0544871 0.253174
1 0.0886418 0.574519 0.0339543 0.036859 0.346924
1 0.332933 0.532051 0.0300481 0.0416667 0.34082
1 0.361779 0.884615 0.0444712 0.0576923 0.330322
1 0.294772 0.555288 0.031851 0.0416666 0.257568
1 0.361178 0.887019 0.0432692 0.0560898 0.358398
1 0.0880409 0.57492 0.0333534 0.036859 0.305664
1 0.332933 0.533253 0.0300481 0.0424679 0.303223
1 0.0881911 0.573718 0.0336538 0.036859 0.348633
1 0.361779 0.883013 0.0456731 0.0576923 0.341553
1 0.332332 0.532452 0.0300481 0.0408654 0.320068
1 0.361178 0.883814 0.0456731 0.0560897 0.363037
1 0.0879657 0.57532 0.0344051 0.0384615 0.344238
1 0.332933 0.53125 0.0300481 0.0416667 0.33374
1 0.294471 0.554487 0.03125 0.0416667 0.254639
1 0.362079 0.883013 0.0456731 0.0576923 0.356689
1 0.0885667 0.57532 0.0333534 0.036859 0.335449
1 0.332933 0.532452 0.0288461 0.0416667 0.319092
1 0.294471 0.555288 0.03125 0.0408654 0.256836
1 0.362981 0.886218 0.0456731 0.0608974 0.325195
1 0.332933 0.534455 0.0300481 0.0432692 0.324219
1 0.0888672 0.576923 0.034405 0.0392628 0.304932
1 0.294471 0.55609 0.03125 0.0432692 0.264404
1 0.236478 0.861378 0.0282452 0.0320513 0.252441
1 0.332933 0.532051 0.0300481 0.0416667 0.33374
1 0.0887921 0.576923 0.0339543 0.0384615 0.318359
1 0.36238 0.884615 0.0444711 0.0560898 0.307373
1 0.222055 0.196715 0.0204327 0.0296474 0.268066
1 0.294772 0.554487 0.03125 0.0416667 0.26123
1 0.361779 0.884615 0.0444712 0.0576923 0.365723
1 0.0886418 0.57532 0.0339543 0.036859 0.351318
1 0.332933 0.532853 0.0300481 0.0424679 0.334473
1 0.236178 0.857372 0.0273438 0.0320513 0.263672
1 0.294471 0.555288 0.03125 0.0416666 0.260498
1 0.0884916 0.574519 0.0348558 0.0376602 0.35498
1 0.361779 0.882211 0.0456731 0.0576923 0.334473
1 0.332933 0.53125 0.03125 0.0432692 0.313965
1 0.236178 0.855769 0.0282452 0.0320513 0.272705
1 0.0884916 0.57532 0.034405 0.0384615 0.367432
1 0.333233 0.530449 0.0300481 0.0416667 0.345947
1 0.236478 0.857372 0.0279447 0.0320513 0.299805
1 0.362079 0.884615 0.0444712 0.0544871 0.294922
1 0.295072 0.553686 0.0324519 0.0416667 0.259033
1 0.0884916 0.57532 0.0345553 0.0376602 0.342529
1 0.333534 0.532051 0.0300481 0.0432692 0.32251
1 0.362079 0.884615 0.0444712 0.0560898 0.301514
1 0.295072 0.554487 0.0324519 0.0432692 0.250977
1 0.236478 0.857372 0.0282452 0.0320513 0.250977
1 0.0884165 0.576522 0.0345553 0.0376603 0.335449
1 0.332933 0.532051 0.0300481 0.042468 0.33374
1 0.361779 0.884615 0.0444712 0.0544871 0.286865
1 0.294772 0.554487 0.0324519 0.0432692 0.259766
1 0.236178 0.857372 0.0276442 0.0304487 0.257568
1 0.0884916 0.574519 0.0333534 0.0360577 0.291016
1 0.332332 0.530449 0.0294471 0.0416667 0.276611
1 0.36238 0.884615 0.0444711 0.0544871 0.253174
