1 0.668269 0.125 0.0408654 0.0620994 0.262207
1 0.017503 0.0197816 0.035006 0.0395633 0.256836
1 0.703726 0.363782 0.0252404 0.0376602 0.251709
1 0.893029 0.715545 0.0264423 0.0544871 0.263672
1 0.814904 0.121194 0.03125 0.0576923 0.258301
1 0.669471 0.128606 0.0432692 0.0556891 0.257568
1 0.913462 0.408654 0.0384616 0.051282 0.277588
1 0.891827 0.715144 0.0264423 0.0512821 0.253174
1 0.701923 0.362981 0.03125 0.0424679 0.251709
1 0.913462 0.410657 0.0384616 0.0520833 0.286133
1 0.700721 0.363782 0.03125 0.0440705 0.269043
1 0.407452 0.365284 0.0336538 0.0466747 0.265869
1 0.668269 0.13121 0.0396635 0.0508814 0.260498
1 0.0754207 0.132512 0.0402644 0.0454728 0.258301
1 0.913462 0.409054 0.0396635 0.0488782 0.286133
1 0.110276 0.688301 0.0372596 0.0464743 0.264404
1 0.701923 0.363782 0.0288462 0.0440705 0.26123
1 0.209736 0.314503 0.0330529 0.0432692 0.258301
1 0.701923 0.36258 0.03125 0.0432692 0.288574
1 0.912861 0.409054 0.0420673 0.0488782 0.283691
1 0.406851 0.366286 0.0402644 0.0526843 0.279785
1 0.110427 0.686699 0.0372596 0.0480769 0.275879
1 0.668269 0.130008 0.0408654 0.0496795 0.275146
1 0.816707 0.122897 0.0336539 0.0534856 0.27124
1 0.0766226 0.130809 0.0405649 0.0440705 0.269043
1 0.209736 0.313301 0.0324519 0.0400641 0.256836
1 0.582332 0.402644 0.030048 0.0520833 0.255371
1 0.701923 0.363882 0.03125 0.0430689 0.293457
1 0.110427 0.685897 0.0366586 0.0496795 0.293457
1 0.667668 0.132412 0.0396635 0.052484 0.291016
1 0.913462 0.409054 0.0384616 0.0480769 0.279053
1 0.403846 0.365785 0.0360577 0.0504808 0.277588
1 0.893029 0.717147 0.0288462 0.0496795 0.275146
1 0.59375 0.694712 0.0336539 0.0464743 0.250244
1 0.91226 0.409054 0.0384616 0.0480769 0.268066
1 0.669471 0.13141 0.0408654 0.0516827 0.265869
1 0.40625 0.366987 0.0384616 0.0504808 0.253906
1 0.700721 0.363081 0.0336539 0.0446714 0.289307
1 0.932091 0.720353 0.03125 0.0392629 0.258301
1 0.893029 0.715945 0.0288462 0.0512821 0.256104
1 0.815505 0.123397 0.0324519 0.0532853 0.253906
1 0.701322 0.363381 0.03125 0.0456731 0.309082
1 0.404748 0.36258 0.0390625 0.0512821 0.303223
1 0.669471 0.129006 0.0408654 0.0504808 0.270508
1 0.893029 0.715545 0.0288462 0.0512821 0.263672
1 0.0757212 0.130709 0.0416166 0.0470753 0.262207
1 0.405349 0.364583 0.0408654 0.0520833 0.294922
1 0.668269 0.130809 0.0408654 0.0492788 0.279053
1 0.111629 0.685897 0.0390625 0.0520833 0.274414
1 0.701923 0.363782 0.0300481 0.0440705 0.271973
1 0.893029 0.716346 0.0288462 0.0496795 0.253174
1 0.893029 0.715144 0.0264423 0.0512821 0.2854
1 0.701322 0.362981 0.0288462 0.0448718 0.281494
1 0.11223 0.681891 0.038762 0.0544872 0.27832
1 0.404447 0.362179 0.0396635 0.0480769 0.276611
1 0.597356 0.693109 0.0360577 0.0544872 0.268066
1 0.66887 0.130809 0.0408654 0.0520833 0.259033
1 0.581731 0.40024 0.0276442 0.0544872 0.252441
1 0.911659 0.407051 0.0396635 0.0504808 0.251709
1 0.701923 0.36228 0.0300481 0.0446715 0.279785
1 0.405649 0.363381 0.0336539 0.0464744 0.262939
1 0.913462 0.40625 0.0396635 0.0480769 0.251709
1 0.893029 0.715945 0.03125 0.0536859 0.264404
1 0.406851 0.365785 0.0360577 0.0472756 0.260498
1 0.912861 0.398237 0.0408654 0.051282 0.260498
1 0.110201 0.686699 0.0374099 0.0528846 0.256836
1 0.701322 0.362881 0.03125 0.041867 0.297363
1 0.210337 0.312901 0.0336539 0.0440705 0.265137
1 0.912861 0.408654 0.0420673 0.0496795 0.263672
1 0.893029 0.715945 0.0300481 0.0488783 0.256104
1 0.405649 0.364583 0.0354567 0.0440705 0.251709
1 0.912861 0.40625 0.0432692 0.0496795 0.303223
1 0.702524 0.362179 0.0336539 0.0456731 0.275146
1 0.110877 0.685897 0.0363582 0.0472757 0.265137
1 0.406851 0.363782 0.0366587 0.0472756 0.262207
1 0.21229 0.3125 0.0330529 0.0432692 0.257568
1 0.893029 0.715144 0.03125 0.0512821 0.255371
1 0.669471 0.130008 0.0420673 0.0544872 0.254639
1 0.211238 0.310697 0.0372596 0.0476763 0.338135
1 0.70012 0.362981 0.030048 0.0440705 0.299805
1 0.911058 0.405449 0.0432692 0.0496795 0.287842
1 0.110126 0.684295 0.0363582 0.0512821 0.279053
1 0.404447 0.362079 0.0348558 0.0450721 0.27832
1 0.667668 0.130409 0.0396635 0.0500801 0.269775
1 0.861779 0.435096 0.0384616 0.0392628 0.266602
1 0.58113 0.39984 0.0288461 0.0520833 0.26123
1 0.892428 0.715545 0.0288461 0.0512821 0.258301
1 0.923077 0.120593 0.0432692 0.0432692 0.251709
1 0.701322 0.362179 0.0300481 0.0400641 0.271973
1 0.211388 0.311699 0.0354567 0.0432692 0.267334
1 0.703125 0.360978 0.03125 0.0456731 0.264404
1 0.701923 0.363782 0.03125 0.0408654 0.258301
1 0.210487 0.312901 0.0342548 0.0420673 0.256836
1 0.211088 0.310096 0.0333534 0.0472756 0.260498
1 0.701923 0.363782 0.0324519 0.0456731 0.269043
1 0.893029 0.716346 0.0300481 0.0512821 0.263672
1 0.702524 0.364183 0.03125 0.0424679 0.253174
1 0.59976 0.693109 0.0348557 0.0496794 0.251709
1 0.404147 0.360176 0.0360577 0.0440705 0.250977
1 0.211238 0.312099 0.0330529 0.0428686 0.266602
1 0.701923 0.360677 0.03125 0.046274 0.252441
1 0.701322 0.361278 0.0336538 0.0466747 0.267334
1 0.109826 0.685897 0.0381611 0.051282 0.258301
1 0.700721 0.362981 0.0324519 0.0440705 0.299072
1 0.667067 0.130208 0.0384616 0.0520833 0.27832
1 0.91226 0.399038 0.0408654 0.0496795 0.262939
1 0.110427 0.683894 0.0354567 0.0512821 0.255371
1 0.89363 0.715144 0.0288462 0.0504808 0.253174
1 0.404447 0.36228 0.0360577 0.0446715 0.251709
1 0.701322 0.361378 0.0324519 0.0480769 0.270508
1 0.210036 0.321314 0.0348558 0.0472756 0.255371
1 0.672476 0.131811 0.0408654 0.0544872 0.253174
1 0.701322 0.362981 0.03125 0.0424679 0.288574
1 0.89363 0.715545 0.0288462 0.0496795 0.270508
1 0.668269 0.13121 0.0396635 0.0520833 0.268066
1 0.864183 0.435096 0.0360577 0.0400641 0.255371
1 0.932692 0.721955 0.0300481 0.0384616 0.255371
1 0.581881 0.403045 0.0285457 0.0480769 0.250977
1 0.211088 0.320513 0.0348558 0.042468 0.280518
1 0.700721 0.362179 0.03125 0.0440705 0.275879
1 0.404447 0.360577 0.0348558 0.0456731 0.253174
1 0.211238 0.3127 0.0360577 0.046875 0.263672
1 0.701923 0.36228 0.0324519 0.0478766 0.259033
1 0.405048 0.363081 0.0384615 0.0478766 0.284668
1 0.700721 0.360577 0.0324519 0.0472756 0.281494
1 0.113882 0.676282 0.0375601 0.0576923 0.271973
1 0.932692 0.721154 0.03125 0.0400641 0.269043
1 0.667668 0.130909 0.0396635 0.051883 0.265869
1 0.893029 0.715545 0.0288462 0.048077 0.257568
1 0.597957 0.693109 0.0348558 0.0496794 0.256836
1 0.862981 0.434695 0.0396635 0.0424679 0.253906
1 0.211689 0.315705 0.0354567 0.0432692 0.253174
1 0.40655 0.364984 0.0390625 0.0472756 0.256104
1 0.701923 0.363381 0.0336538 0.0448718 0.250977
1 0.701923 0.360978 0.0324519 0.0464744 0.319092
1 0.40655 0.363381 0.0372596 0.0464744 0.313965
1 0.933293 0.721154 0.03125 0.0400641 0.262939
1 0.894231 0.715945 0.0276442 0.0488783 0.26123
1 0.668269 0.129908 0.0384615 0.0514824 0.260498
1 0.213341 0.316106 0.0348558 0.0440705 0.260498
1 0.862981 0.434295 0.0384616 0.0448718 0.256104
1 0.548678 0.750401 0.0390625 0.0552885 0.253906
1 0.701322 0.360176 0.0324519 0.0456731 0.309082
1 0.406851 0.36258 0.0360577 0.0448718 0.276611
1 0.668269 0.130308 0.0384615 0.0498798 0.275879
1 0.913462 0.407051 0.0384616 0.0496795 0.270508
1 0.932692 0.721154 0.03125 0.0400641 0.269043
1 0.210487 0.315104 0.0342548 0.0424679 0.265869
1 0.862981 0.435897 0.0384616 0.0432692 0.262207
1 0.548678 0.749599 0.0384616 0.0520833 0.26123
1 0.894231 0.716346 0.0300481 0.0496795 0.253174
1 0.701322 0.359375 0.03125 0.0464743 0.36377
1 0.668269 0.130208 0.0384615 0.0508814 0.334473
1 0.40625 0.363381 0.0360577 0.0432692 0.332031
1 0.91226 0.406651 0.0384616 0.0472756 0.320801
1 0.21244 0.315905 0.0348558 0.0428686 0.307373
1 0.110502 0.682692 0.0365084 0.0528846 0.301514
1 0.894231 0.715545 0.0264423 0.048077 0.299805
1 0.932692 0.722756 0.03125 0.0384615 0.287842
1 0.862981 0.435897 0.0384616 0.0416667 0.286865
1 0.816106 0.121294 0.0288461 0.0498798 0.279053
1 0.0740685 0.132712 0.0372596 0.0442708 0.272705
1 0.548678 0.751603 0.0372596 0.0496795 0.271973
1 0.59976 0.694712 0.0324519 0.0480769 0.27124
1 0.581731 0.40024 0.0288461 0.0512821 0.266602
1 0.701923 0.360978 0.0336538 0.0456731 0.309082
1 0.213942 0.314904 0.0360577 0.0472756 0.281494
1 0.91226 0.405449 0.0408654 0.0488782 0.275879
1 0.408053 0.363081 0.0372596 0.046274 0.269775
1 0.894231 0.714744 0.03125 0.0496795 0.269775
1 0.668269 0.130308 0.0384615 0.0514824 0.263672
1 0.109976 0.677484 0.0369591 0.0552885 0.263672
1 0.862981 0.435096 0.0384616 0.042468 0.259033
1 0.933293 0.721154 0.0324519 0.0400641 0.257568
1 0.600962 0.69351 0.0348558 0.0496794 0.254639
1 0.549279 0.751202 0.0396635 0.0552885 0.253174
1 0.700721 0.360677 0.0336539 0.046274 0.299072
1 0.406851 0.363381 0.0372596 0.0456731 0.27124
1 0.89363 0.715545 0.0288462 0.048077 0.265137
1 0.109751 0.677083 0.0365084 0.0544872 0.262207
1 0.932692 0.721154 0.03125 0.0384616 0.26123
1 0.549279 0.752003 0.0396635 0.0584936 0.256104
1 0.667668 0.13121 0.0384616 0.0508814 0.254639
1 0.862981 0.434695 0.0384616 0.0416667 0.252441
1 0.701923 0.361779 0.0336538 0.0472756 0.321777
1 0.110427 0.678285 0.0381611 0.0544872 0.307373
1 0.668269 0.130709 0.0408654 0.0522836 0.304932
1 0.549279 0.752404 0.0408654 0.0576923 0.299072
1 0.91226 0.408654 0.0408654 0.0496795 0.297363
1 0.894231 0.717147 0.0288462 0.0504808 0.281494
1 0.40625 0.365385 0.0384616 0.0488782 0.277588
1 0.21244 0.316506 0.0357572 0.0464744 0.274414
1 0.932692 0.721955 0.03125 0.0416667 0.269775
1 0.862981 0.436699 0.0384616 0.0448718 0.269043
1 0.894231 0.716747 0.0288462 0.0496795 0.294922
1 0.549579 0.750801 0.0390625 0.0544872 0.282959
1 0.701923 0.363081 0.03125 0.046274 0.276611
1 0.862981 0.436699 0.0384616 0.0432692 0.272705
1 0.913462 0.409054 0.0384616 0.0496795 0.265137
1 0.932692 0.721955 0.03125 0.0400641 0.258301
1 0.668269 0.130409 0.0384615 0.0508814 0.256104
1 0.109826 0.677083 0.0366587 0.0544872 0.252441
1 0.701923 0.360677 0.03125 0.046274 0.307373
1 0.912861 0.408654 0.0396635 0.0496795 0.293457
1 0.894231 0.717147 0.0288462 0.0496795 0.287842
1 0.863582 0.437099 0.0384616 0.0440705 0.279785
1 0.54988 0.75 0.0396635 0.0544872 0.271973
1 0.66887 0.130308 0.0384616 0.0510817 0.27124
1 0.110877 0.676683 0.0366587 0.0528846 0.266602
1 0.816106 0.122997 0.0288461 0.0508814 0.258301
1 0.933894 0.721955 0.03125 0.0400641 0.256104
1 0.405048 0.361779 0.0384615 0.0488782 0.253906
1 0.59976 0.69351 0.0360577 0.0488782 0.251709
1 0.701923 0.360176 0.0324519 0.0440705 0.283691
1 0.213041 0.314904 0.0342548 0.0428686 0.262207
1 0.912861 0.399439 0.0408654 0.0504808 0.257568
1 0.894231 0.716346 0.0288462 0.0496795 0.257568
1 0.932692 0.721154 0.03125 0.0384616 0.254639
1 0.862981 0.437099 0.0384616 0.0408654 0.250244
1 0.109826 0.677484 0.0369591 0.0544872 0.270508
1 0.701923 0.363381 0.03125 0.0472756 0.267334
1 0.210036 0.313702 0.0348558 0.0464744 0.262939
1 0.894231 0.716747 0.0288462 0.0496795 0.255371
1 0.862981 0.438301 0.0384616 0.0432692 0.253174
1 0.549579 0.75 0.0402644 0.0544872 0.251709
1 0.91226 0.409856 0.0396635 0.0488782 0.338135
1 0.893029 0.717949 0.0288462 0.0512821 0.332031
1 0.700721 0.363381 0.03125 0.0448718 0.32251
1 0.548678 0.752003 0.0408654 0.0536859 0.315674
1 0.667668 0.133413 0.0396635 0.0508814 0.310791
1 0.814904 0.122796 0.0288462 0.0508814 0.304932
1 0.108924 0.689904 0.0372596 0.0480769 0.303223
1 0.402644 0.374199 0.0366587 0.0496795 0.291748
1 0.58113 0.401442 0.0288461 0.0528846 0.289307
1 0.86238 0.436699 0.0384616 0.0432692 0.283691
1 0.932692 0.72516 0.03125 0.0384615 0.281494
1 0.920673 0.122396 0.0408654 0.0428686 0.279053
1 0.073092 0.134014 0.0375601 0.0456731 0.275879
1 0.209135 0.321915 0.0348558 0.0440705 0.262939
1 0.521034 0.108774 0.0324519 0.051282 0.259766
1 0.598558 0.695513 0.0336539 0.0480769 0.250977
1 0.912861 0.409856 0.0384616 0.0472756 0.334473
1 0.109675 0.688702 0.0360577 0.0496795 0.327637
1 0.816106 0.122796 0.0288461 0.0500801 0.325195
1 0.701923 0.365385 0.03125 0.0432692 0.32251
1 0.894231 0.71875 0.0288462 0.051282 0.319092
1 0.668269 0.134415 0.0384615 0.0508814 0.315674
1 0.549579 0.752404 0.0396635 0.0512821 0.311523
1 0.863582 0.438301 0.0384616 0.0432692 0.307373
1 0.407452 0.372997 0.0372596 0.0488782 0.30249
1 0.581881 0.401843 0.0285457 0.0504808 0.294189
1 0.210637 0.319912 0.0342548 0.0432692 0.282227
1 0.923077 0.122796 0.0408654 0.0420673 0.280518
1 0.932692 0.725962 0.03125 0.0376603 0.279785
1 0.870793 0.119291 0.0348558 0.0434696 0.270508
1 0.600361 0.695513 0.0336538 0.0464744 0.262207
1 0.523437 0.115986 0.0300481 0.0496795 0.259766
1 0.0742939 0.135817 0.0365084 0.0440705 0.252441
1 0.701923 0.364984 0.0336538 0.0440705 0.349609
1 0.213041 0.313702 0.0360577 0.0480769 0.347656
1 0.913462 0.411458 0.0384616 0.0488782 0.347656
1 0.893029 0.719551 0.0288462 0.0528846 0.341553
1 0.668269 0.133614 0.0396635 0.0512821 0.337158
1 0.549279 0.752003 0.0408654 0.0520833 0.325195
1 0.814904 0.122095 0.0300481 0.0514824 0.32251
1 0.862981 0.440705 0.0384616 0.0432692 0.309814
1 0.109225 0.688301 0.0372596 0.0512821 0.306641
1 0.933293 0.72516 0.0324519 0.0400641 0.299805
1 0.407752 0.365785 0.0366586 0.0472756 0.29834
1 0.074369 0.135617 0.0380108 0.0460737 0.289307
1 0.59976 0.695513 0.0360577 0.0488782 0.281494
1 0.523137 0.11248 0.031851 0.0534856 0.279785
1 0.923077 0.123998 0.0432692 0.0452724 0.279053
1 0.58113 0.402244 0.0300481 0.0512821 0.27832
1 0.870192 0.118389 0.0348557 0.0456731 0.266602
1 0.701923 0.365385 0.03125 0.0448718 0.376709
1 0.913462 0.409455 0.0372596 0.0464744 0.369385
1 0.549279 0.751202 0.0396635 0.0520833 0.365723
1 0.668269 0.134415 0.0396635 0.0516827 0.357666
1 0.109826 0.687901 0.0372596 0.0496794 0.35498
1 0.814904 0.122997 0.0288462 0.0488782 0.354004
1 0.893029 0.71875 0.0288462 0.051282 0.341553
1 0.407452 0.370593 0.0360577 0.0496795 0.33374
1 0.213191 0.315705 0.0345553 0.0460737 0.332031
1 0.862981 0.438301 0.0408654 0.0440705 0.32251
1 0.581731 0.402244 0.0276442 0.0480769 0.319092
1 0.59976 0.695913 0.0336538 0.0480769 0.307373
1 0.932692 0.724359 0.03125 0.040064 0.286865
1 0.870192 0.119391 0.0336538 0.0440705 0.283691
1 0.523137 0.111779 0.0330529 0.0508814 0.271973
1 0.0742188 0.136018 0.0363582 0.0452724 0.270508
1 0.923077 0.124399 0.0432692 0.0436699 0.262939
1 0.701322 0.366987 0.03125 0.042468 0.414795
1 0.913462 0.407853 0.0372596 0.0464744 0.395996
1 0.109826 0.686699 0.0363582 0.0480769 0.395996
1 0.89363 0.717949 0.0276443 0.0512821 0.392334
1 0.667668 0.133413 0.0384616 0.0496795 0.390381
1 0.548978 0.752003 0.0390625 0.0520833 0.386719
1 0.862981 0.4375 0.0396635 0.0416667 0.378418
1 0.815505 0.122396 0.0288462 0.0504808 0.373047
1 0.407151 0.370192 0.0372596 0.051282 0.373047
1 0.59976 0.695513 0.0336538 0.0480769 0.351318
1 0.581731 0.402244 0.0276442 0.0496795 0.349609
1 0.21229 0.31871 0.0339543 0.0444711 0.343262
1 0.932692 0.72516 0.03125 0.036859 0.34082
1 0.0739183 0.135917 0.0369591 0.0430689 0.325195
1 0.522837 0.115385 0.0288462 0.0512821 0.281494
1 0.922476 0.124199 0.0432692 0.0452724 0.279785
1 0.870793 0.118189 0.0348558 0.0456731 0.277588
1 0.701322 0.365385 0.03125 0.0432692 0.379395
1 0.893029 0.717548 0.0276442 0.0512821 0.358398
1 0.913462 0.407853 0.0384616 0.0480769 0.357666
1 0.668269 0.133013 0.0384615 0.0504808 0.330322
1 0.549579 0.752404 0.0390625 0.0512821 0.325928
1 0.814904 0.121995 0.0288462 0.0500801 0.32251
1 0.109675 0.688702 0.0357572 0.0496795 0.32251
1 0.932692 0.72476 0.03125 0.0376602 0.317383
1 0.862981 0.4375 0.0384616 0.042468 0.313232
1 0.58113 0.402244 0.0276442 0.0496795 0.305664
1 0.407452 0.36869 0.0348558 0.046274 0.303955
1 0.212891 0.318109 0.0327524 0.0448718 0.29834
1 0.59976 0.696314 0.0336538 0.0480769 0.291748
1 0.0738432 0.136619 0.0365084 0.0432692 0.27124
1 0.701923 0.365385 0.0324519 0.0440705 0.434082
1 0.913462 0.407452 0.0384616 0.0480769 0.412109
1 0.668269 0.133313 0.0384615 0.0502804 0.411133
1 0.89363 0.717548 0.0288462 0.0512821 0.410156
1 0.549579 0.752404 0.0396635 0.0512821 0.396973
1 0.109976 0.688301 0.0363582 0.0496794 0.39502
1 0.815505 0.121995 0.0300481 0.0504808 0.375732
1 0.933293 0.724359 0.03125 0.0384615 0.36377
1 0.213041 0.316506 0.0342548 0.0456731 0.360352
1 0.862981 0.437099 0.0384616 0.0424679 0.360352
1 0.407452 0.367388 0.0360577 0.0456731 0.353027
1 0.582332 0.402244 0.0276442 0.0496795 0.351318
1 0.600361 0.696314 0.0336538 0.0480769 0.324219
1 0.0740685 0.135817 0.0357572 0.0432692 0.301514
1 0.523437 0.114383 0.0300481 0.0496795 0.29834
1 0.926683 0.122396 0.0408654 0.0428686 0.2854
1 0.870793 0.117087 0.0336538 0.0426683 0.269043
1 0.894231 0.717949 0.0264423 0.0496794 0.402588
1 0.668269 0.132913 0.0384615 0.0502804 0.388672
1 0.701322 0.367788 0.03125 0.0432692 0.384033
1 0.912861 0.408654 0.0384616 0.0472756 0.379395
1 0.109976 0.688301 0.0354567 0.0496794 0.362061
1 0.549279 0.752404 0.0384616 0.0512821 0.356689
1 0.862981 0.438301 0.0384616 0.0432692 0.352295
1 0.816106 0.122696 0.0288461 0.0494792 0.349609
1 0.210337 0.321314 0.0333534 0.0448718 0.347656
1 0.932692 0.72516 0.03125 0.0384615 0.341553
1 0.582332 0.403846 0.0276442 0.0496795 0.337158
1 0.407452 0.371795 0.0360577 0.0480769 0.321777
1 0.59976 0.695913 0.0336538 0.0472757 0.313232
1 0.0740685 0.135617 0.0366587 0.0440705 0.303955
1 0.926082 0.123197 0.0408654 0.0432692 0.288574
1 0.523137 0.115385 0.0294471 0.0492788 0.282227
1 0.870793 0.117288 0.0336538 0.0428686 0.272705
1 0.89363 0.717147 0.0264423 0.0496795 0.431152
1 0.668269 0.132812 0.0384615 0.0496795 0.401611
1 0.701322 0.367788 0.03125 0.0424679 0.397949
1 0.91226 0.407853 0.0384616 0.0464744 0.380371
1 0.548978 0.751202 0.0390625 0.0504808 0.373779
1 0.815505 0.121394 0.0288462 0.0488782 0.369385
1 0.862981 0.4375 0.0384616 0.0416667 0.366699
1 0.110276 0.686699 0.0366586 0.0496795 0.366699
1 0.932692 0.724359 0.03125 0.036859 0.357666
1 0.581731 0.401843 0.0276442 0.0480769 0.353027
1 0.210637 0.319712 0.0348558 0.0456731 0.348633
1 0.59976 0.695513 0.0336538 0.0464744 0.337158
1 0.406851 0.36849 0.0360577 0.0450721 0.318359
1 0.0739183 0.136518 0.0372596 0.0434695 0.305664
1 0.522236 0.112179 0.0300481 0.052484 0.291016
1 0.923077 0.121494 0.0408654 0.0426683 0.284668
1 0.870192 0.114984 0.0336538 0.0420673 0.258301
1 0.89363 0.716346 0.0288462 0.0496795 0.412109
1 0.667668 0.132712 0.0396635 0.0498798 0.405518
1 0.701322 0.366987 0.0324519 0.0448718 0.401611
1 0.109675 0.6875 0.0375601 0.0496794 0.400635
1 0.209886 0.320513 0.0357572 0.0464744 0.383057
1 0.913462 0.407051 0.0384616 0.0472756 0.383057
1 0.815505 0.120994 0.0300481 0.0496795 0.377441
1 0.548978 0.751603 0.0390625 0.0512821 0.371094
1 0.862981 0.4375 0.0384616 0.0432692 0.369385
1 0.932692 0.723558 0.03125 0.040064 0.361084
1 0.581731 0.401843 0.0288461 0.0480769 0.352295
1 0.407452 0.370593 0.0360577 0.0488782 0.347656
1 0.59976 0.695112 0.0336538 0.0480769 0.331055
1 0.926683 0.121394 0.0408654 0.0428686 0.303223
1 0.522837 0.114183 0.0300481 0.0500801 0.291016
1 0.0736178 0.136619 0.0375601 0.0428686 0.289307
1 0.871394 0.115385 0.0336539 0.0432692 0.282227
1 0.668269 0.132212 0.0384615 0.0500801 0.411133
1 0.89363 0.717548 0.0276443 0.0504808 0.408203
1 0.110276 0.686699 0.0369591 0.0488782 0.405518
1 0.701923 0.366587 0.03125 0.0432692 0.404541
1 0.913462 0.408253 0.0384616 0.0472756 0.384033
1 0.862981 0.439103 0.0384616 0.0416667 0.381104
1 0.549279 0.751603 0.0384616 0.0512821 0.371094
1 0.815505 0.122596 0.0288462 0.0492788 0.363037
1 0.932692 0.724359 0.03125 0.0376602 0.363037
1 0.213341 0.319311 0.0342548 0.0448718 0.360352
1 0.581731 0.403045 0.0276442 0.0480769 0.349609
1 0.407452 0.367788 0.0348558 0.0448718 0.335449
1 0.59976 0.695513 0.0336538 0.0472757 0.330322
1 0.523438 0.113982 0.03125 0.0538862 0.320801
1 0.074369 0.135917 0.0366587 0.0430689 0.31665
1 0.922476 0.122095 0.0408654 0.0426683 0.273682
1 0.870793 0.115385 0.0324519 0.0424679 0.262939
1 0.110652 0.686699 0.0371094 0.0496795 0.421631
1 0.66887 0.133213 0.0396635 0.051282 0.420654
1 0.701923 0.366587 0.0324519 0.0456731 0.407227
1 0.913462 0.407853 0.0384616 0.0480769 0.386719
1 0.212891 0.320112 0.0351562 0.0464743 0.38208
1 0.862981 0.438301 0.0384616 0.0416667 0.381104
1 0.54988 0.753205 0.0396635 0.0544871 0.373047
1 0.816106 0.122196 0.03125 0.0504808 0.37207
1 0.89363 0.717147 0.0288462 0.0512821 0.366699
1 0.581881 0.401442 0.0285457 0.0496795 0.358398
1 0.407151 0.36859 0.0360577 0.0464744 0.342529
1 0.932692 0.724359 0.03125 0.0392628 0.329346
1 0.600361 0.696715 0.0336538 0.0480769 0.303955
1 0.523437 0.114583 0.0300481 0.0508814 0.300781
1 0.0748948 0.136218 0.0371094 0.0436699 0.294922
1 0.870793 0.115785 0.0336538 0.0444711 0.264404
1 0.923077 0.121795 0.0420673 0.0432692 0.257568
1 0.668269 0.133313 0.0384615 0.0506811 0.418701
1 0.110577 0.685497 0.0360577 0.0496795 0.411133
1 0.913462 0.407853 0.0384616 0.0472756 0.406494
1 0.701923 0.366987 0.03125 0.0440705 0.404541
1 0.894231 0.717147 0.0288462 0.0496795 0.404541
1 0.862981 0.438702 0.0384616 0.0424679 0.391357
1 0.210337 0.320513 0.0348558 0.0456731 0.389648
1 0.54988 0.751603 0.0396635 0.0528846 0.374756
1 0.816106 0.122296 0.0288461 0.0490785 0.368408
1 0.582332 0.401442 0.0276442 0.0496795 0.364746
1 0.407151 0.368189 0.0366587 0.0456731 0.349609
1 0.932692 0.72476 0.03125 0.0384615 0.347656
1 0.596154 0.695913 0.0336538 0.0464744 0.327637
1 0.523437 0.113381 0.030649 0.0512821 0.320801
1 0.0745943 0.136619 0.0362079 0.0428686 0.319092
1 0.871394 0.115685 0.0336539 0.0432692 0.29248
1 0.922476 0.121595 0.0408654 0.0420673 0.286865
1 0.668269 0.132712 0.0384615 0.0502804 0.430176
1 0.701923 0.366186 0.03125 0.0432692 0.42334
1 0.110427 0.685897 0.0366586 0.0496795 0.421631
1 0.913462 0.407853 0.0384616 0.0464744 0.410156
1 0.893029 0.716747 0.0288462 0.0496795 0.406494
1 0.210787 0.320312 0.0354567 0.0460737 0.402588
1 0.863582 0.438301 0.0384616 0.0432692 0.399902
1 0.815505 0.121995 0.0300481 0.0496795 0.383057
1 0.54988 0.750801 0.0396635 0.0512821 0.381104
1 0.581881 0.401843 0.0285457 0.0496795 0.375732
1 0.407452 0.367788 0.0360577 0.0456731 0.373047
1 0.932692 0.724359 0.03125 0.0384615 0.36377
1 0.59976 0.695112 0.0336538 0.0480769 0.345215
1 0.0746695 0.136418 0.0366587 0.0420673 0.329346
1 0.523437 0.113982 0.0300481 0.0492788 0.31665
1 0.923077 0.121394 0.0408654 0.0420673 0.301514
1 0.870793 0.115084 0.0336538 0.0428686 0.294922
1 0.701923 0.366987 0.0336538 0.0440705 0.403564
1 0.110201 0.685096 0.0368089 0.0496795 0.401611
1 0.668269 0.133213 0.0396635 0.0504808 0.400635
1 0.913462 0.407452 0.0384616 0.0472756 0.386719
1 0.213341 0.320112 0.0351562 0.0456731 0.381104
1 0.862981 0.4375 0.0384616 0.0432692 0.379395
1 0.893029 0.716346 0.0288462 0.0496795 0.373047
1 0.581731 0.402244 0.0288461 0.0496795 0.360352
1 0.816106 0.122296 0.03125 0.0502804 0.359375
1 0.549279 0.750401 0.0396635 0.0520833 0.359375
1 0.407452 0.36859 0.0360577 0.0456731 0.354004
1 0.932692 0.724359 0.03125 0.0384615 0.342529
1 0.59976 0.695513 0.0336538 0.0480769 0.323486
1 0.0742939 0.136719 0.0374099 0.0426683 0.308105
1 0.523438 0.114183 0.03125 0.052484 0.307373
1 0.923077 0.121795 0.0408654 0.0424679 0.2854
1 0.871394 0.115184 0.0336539 0.0436699 0.280518
1 0.110276 0.684295 0.0366586 0.0496795 0.431152
1 0.701923 0.366587 0.03125 0.0440705 0.42627
1 0.668269 0.132512 0.0384615 0.0506811 0.420654
1 0.913462 0.407452 0.0384616 0.0472756 0.403564
1 0.213041 0.320112 0.0354567 0.0456731 0.401611
1 0.89363 0.716346 0.0288462 0.0504808 0.392334
1 0.862981 0.437901 0.0384616 0.042468 0.387695
1 0.581881 0.401442 0.0285457 0.0496795 0.378418
1 0.549279 0.750401 0.0396635 0.0520833 0.377441
1 0.816106 0.121595 0.0300481 0.0500801 0.375732
1 0.407452 0.368189 0.0360577 0.0456731 0.366699
1 0.932692 0.723958 0.03125 0.0384615 0.364746
1 0.59976 0.695112 0.0336538 0.0488782 0.341553
1 0.0742188 0.135817 0.0372596 0.0432692 0.314941
1 0.523438 0.114283 0.03125 0.0526843 0.313232
1 0.871394 0.115184 0.0336539 0.0440705 0.2854
1 0.923077 0.121394 0.0408654 0.0428686 0.2854
1 0.701923 0.366587 0.03125 0.0440705 0.403564
1 0.110276 0.685497 0.0366586 0.0496795 0.402588
1 0.668269 0.132712 0.0384615 0.0506811 0.396973
1 0.213341 0.319712 0.0348558 0.0456731 0.381104
1 0.913462 0.407853 0.0384616 0.0480769 0.379395
1 0.89363 0.716346 0.0288462 0.0512821 0.373047
1 0.862981 0.438301 0.0384616 0.0432692 0.366699
1 0.549279 0.750401 0.0396635 0.0520833 0.360352
1 0.582332 0.402244 0.0288461 0.0496795 0.359375
1 0.816106 0.121595 0.0300481 0.0500801 0.356689
1 0.407452 0.36899 0.0360577 0.0456731 0.343262
1 0.932692 0.724359 0.03125 0.0384615 0.34082
1 0.600361 0.695513 0.0348558 0.0480769 0.320801
1 0.0742939 0.136318 0.0374099 0.0426683 0.301514
1 0.523438 0.113381 0.03125 0.0528846 0.300781
1 0.923077 0.121294 0.0408654 0.0426683 0.271973
1 0.871394 0.115084 0.0348558 0.0440705 0.269043
1 0.110126 0.685497 0.0369591 0.0496795 0.420654
1 0.668269 0.133013 0.0384615 0.0508814 0.415771
1 0.701923 0.366987 0.03125 0.0440705 0.415771
1 0.210337 0.320513 0.0357572 0.0456731 0.39502
1 0.913462 0.407853 0.0384616 0.0472756 0.394287
1 0.89363 0.716747 0.0288462 0.0504808 0.385742
1 0.815505 0.121595 0.0300481 0.0500801 0.375732
1 0.862981 0.438301 0.0384616 0.0432692 0.374756
1 0.549279 0.750801 0.0390625 0.0512821 0.374756
1 0.581881 0.402244 0.0285457 0.0496795 0.371094
1 0.407452 0.369391 0.0360577 0.0464744 0.35498
1 0.932692 0.724359 0.03125 0.0384615 0.346924
1 0.59976 0.695513 0.0336538 0.0480769 0.33374
1 0.0742188 0.136619 0.0374099 0.0428686 0.311523
1 0.523437 0.114083 0.0300481 0.0502804 0.304932
1 0.922476 0.121194 0.0420673 0.0424679 0.283691
1 0.871394 0.115084 0.0348558 0.0434695 0.27832
1 0.701322 0.365385 0.03125 0.0432692 0.378418
1 0.893029 0.717548 0.0276442 0.0512821 0.359375
1 0.913462 0.407853 0.0384616 0.0480769 0.357666
1 0.668269 0.133013 0.0384615 0.0504808 0.330322
1 0.549579 0.752404 0.0390625 0.0512821 0.325928
1 0.814904 0.121995 0.0288462 0.0500801 0.32251
1 0.109675 0.688702 0.0357572 0.0496795 0.32251
1 0.932692 0.72476 0.03125 0.0376602 0.317383
1 0.862981 0.4375 0.0384616 0.042468 0.313232
1 0.58113 0.402244 0.0276442 0.0496795 0.305664
1 0.407452 0.36869 0.0348558 0.046274 0.304932
1 0.212891 0.318109 0.0327524 0.0448718 0.299072
1 0.59976 0.696314 0.0336538 0.0480769 0.291748
1 0.0738432 0.136619 0.0365084 0.0432692 0.27124
