1 0.222656 0.966346 0.0760216 0.0673077 0.420654
1 0.503305 0.921474 0.0480769 0.0673077 0.332764
1 0.376803 0.523237 0.0769231 0.110577 0.286865
1 0.636418 0.968349 0.0829327 0.0633013 0.263672
1 0.500901 0.910257 0.0655048 0.0897436 0.288574
1 0.502103 0.910257 0.061899 0.0833333 0.491211
1 0.638221 0.965946 0.0793269 0.0681089 0.467773
1 0.234675 0.354968 0.112981 0.129006 0.446533
1 0.500901 0.913462 0.0637019 0.0833333 0.437744
1 0.641827 0.970353 0.0841346 0.0592948 0.389648
1 0.21845 0.961138 0.0835337 0.0777243 0.376709
1 0.235427 0.357772 0.11869 0.128205 0.352295
1 0.5 0.915064 0.0528846 0.0833333 0.350342
1 0.74399 0.954327 0.0889423 0.0913462 0.325928
1 0.497596 0.918269 0.0685096 0.0769231 0.435791
1 0.23137 0.362079 0.114784 0.138021 0.413086
1 0.643029 0.963542 0.0841346 0.0729167 0.342529
1 0.497296 0.915064 0.0643029 0.0801282 0.357666
1 0.635817 0.965545 0.0769231 0.0689102 0.345947
1 0.5 0.917468 0.0649038 0.0817308 0.461914
1 0.640625 0.963942 0.0805288 0.0721154 0.406494
1 0.235877 0.361378 0.115986 0.125801 0.376709
1 0.503005 0.908654 0.0600961 0.0897436 0.332764
1 0.235276 0.354567 0.11238 0.132212 0.305664
1 0.500601 0.911859 0.0697115 0.0833333 0.255371
1 0.501803 0.913462 0.0588942 0.0801282 0.532227
1 0.235276 0.357372 0.107572 0.129808 0.37207
1 0.741587 0.94992 0.0889423 0.10016 0.252441
1 0.503305 0.917468 0.0643029 0.0833333 0.438721
1 0.742188 0.952724 0.0901443 0.0945513 0.325928
1 0.234826 0.358974 0.108474 0.124199 0.309814
1 0.63762 0.96234 0.0901443 0.0753205 0.258301
1 0.501803 0.911859 0.0673077 0.088141 0.459961
1 0.638221 0.959535 0.0865385 0.0809295 0.418701
1 0.23107 0.355869 0.115385 0.134415 0.341553
1 0.504207 0.911859 0.0661058 0.0833333 0.344238
1 0.233774 0.354167 0.105769 0.11218 0.34082
1 0.235877 0.360577 0.106971 0.121795 0.588867
1 0.500601 0.915064 0.0625 0.0865384 0.456055
1 0.63762 0.96234 0.0865385 0.0753205 0.33374
1 0.23723 0.371394 0.110276 0.129006 0.583984
1 0.501803 0.917468 0.0649039 0.0785256 0.419678
1 0.641827 0.967147 0.0865385 0.0657051 0.288574
1 0.222656 0.959135 0.0889423 0.0817308 0.257568
1 0.234976 0.358173 0.109375 0.126603 0.520508
1 0.500301 0.913462 0.0600962 0.0897436 0.501953
1 0.638221 0.960337 0.0841346 0.0793269 0.320801
1 0.739183 0.949519 0.0865385 0.0961538 0.259766
1 0.233774 0.354267 0.101562 0.115184 0.380371
1 0.503606 0.913462 0.0612981 0.0801282 0.314941
1 0.639423 0.959135 0.0841346 0.0817308 0.284668
1 0.498498 0.921474 0.0643029 0.0865384 0.393311
1 0.233624 0.357472 0.104267 0.118389 0.38208
1 0.638221 0.963942 0.0865385 0.0721154 0.345947
1 0.739183 0.952724 0.0841346 0.0945513 0.314941
1 0.21875 0.96234 0.0847356 0.0753205 0.279053
1 0.8125 0.953526 0.0600962 0.0769231 0.265869
1 0.638221 0.95593 0.0913462 0.088141 0.353027
1 0.234675 0.35026 0.113582 0.118389 0.34082
1 0.501202 0.911859 0.0637019 0.0833333 0.313232
1 0.741587 0.944712 0.0889423 0.104167 0.305664
1 0.638221 0.959936 0.0889423 0.0801282 0.571777
1 0.498798 0.915865 0.0649038 0.0817308 0.561035
1 0.234976 0.354167 0.110577 0.111378 0.498047
1 0.217248 0.96274 0.086238 0.0745192 0.449463
1 0.741587 0.953526 0.0841346 0.0929487 0.401611
1 0.817909 0.554487 0.078125 0.134615 0.324219
1 0.0951022 0.558093 0.11238 0.140224 0.282959
1 0.638221 0.960337 0.0889423 0.0793269 0.596191
1 0.235577 0.354968 0.110577 0.108173 0.580566
1 0.220403 0.957532 0.0826322 0.0849359 0.459961
1 0.740986 0.951122 0.0865385 0.0977564 0.421631
1 0.500601 0.913462 0.0546875 0.0769231 0.393311
1 0.813101 0.951923 0.0625001 0.0801282 0.373047
1 0.501202 0.915064 0.0637019 0.0833333 0.359375
1 0.639423 0.963542 0.0865385 0.0729167 0.326904
1 0.236478 0.356571 0.10637 0.119391 0.253906
1 0.638221 0.963141 0.0865385 0.0737179 0.399902
1 0.497897 0.916667 0.0588942 0.0801282 0.365723
1 0.21905 0.959135 0.0841346 0.0817308 0.323486
1 0.817308 0.953526 0.0576923 0.0689103 0.257568
1 0.500601 0.911859 0.0600962 0.0833333 0.470703
1 0.23768 0.354167 0.113582 0.124199 0.363037
1 0.633413 0.958333 0.0865385 0.0833333 0.351318
1 0.740385 0.948718 0.0817307 0.0977564 0.319092
1 0.219351 0.957532 0.0799279 0.0849359 0.272705
1 0.813702 0.949519 0.0576923 0.0705128 0.258301
1 0.233474 0.356571 0.109375 0.11859 0.592773
1 0.498197 0.911859 0.0673077 0.0865384 0.542969
1 0.638221 0.960737 0.0889423 0.0785256 0.414795
1 0.740385 0.951122 0.0841346 0.0977564 0.406494
1 0.815505 0.945513 0.0661057 0.0865384 0.324219
1 0.221154 0.955128 0.0841346 0.0897436 0.306641
1 0.501202 0.91266 0.0612981 0.0769231 0.477539
1 0.739784 0.951122 0.0817307 0.0961538 0.388672
1 0.637019 0.960737 0.0865385 0.0785256 0.377441
1 0.235427 0.350861 0.108474 0.11238 0.344238
1 0.221154 0.959135 0.077524 0.0817308 0.342529
1 0.814303 0.950321 0.061298 0.0769231 0.306641
1 0.5 0.915064 0.0588943 0.0801282 0.391357
1 0.228816 0.361779 0.106671 0.109776 0.325928
1 0.739183 0.95593 0.0793269 0.088141 0.286133
1 0.503005 0.914263 0.0661058 0.0817308 0.508789
1 0.232272 0.351663 0.117788 0.115585 0.480469
1 0.639423 0.959936 0.0865385 0.0801282 0.474609
1 0.741587 0.952324 0.0865385 0.0953526 0.436768
1 0.220853 0.956731 0.0841346 0.0865384 0.389648
1 0.816707 0.947115 0.0588942 0.0769231 0.280518
1 0.498798 0.915064 0.0673077 0.0865384 0.492188
1 0.235276 0.351763 0.108774 0.117788 0.44165
1 0.639423 0.965946 0.078125 0.0681089 0.338867
1 0.222206 0.954728 0.0832332 0.0905448 0.314941
1 0.814904 0.946314 0.0625 0.0833333 0.29248
0 0.659255 0.560096 0.206731 0.229167 0.277588
1 0.235126 0.349259 0.111478 0.113982 0.474609
1 0.637019 0.961138 0.0865385 0.0777243 0.396973
1 0.501202 0.916667 0.0649039 0.0833333 0.38208
1 0.219351 0.958333 0.0805289 0.0833333 0.325195
1 0.816106 0.945513 0.0649038 0.0769231 0.279053
1 0.740986 0.952724 0.0889423 0.0945513 0.256836
1 0.503005 0.913462 0.0655048 0.0897436 0.410156
1 0.222506 0.955128 0.0832332 0.0897436 0.368408
1 0.741587 0.952724 0.0817307 0.0945513 0.324219
1 0.816106 0.950321 0.0600961 0.0801282 0.299072
1 0.639423 0.959936 0.0877404 0.0801282 0.272705
1 0.501202 0.917468 0.0612981 0.0785256 0.570801
1 0.638221 0.964744 0.0865385 0.0705128 0.469727
1 0.740385 0.953526 0.0829327 0.0929487 0.414795
1 0.237079 0.355068 0.117188 0.121595 0.410156
1 0.816707 0.948718 0.0588942 0.0801282 0.362061
1 0.220853 0.959535 0.0799279 0.0809295 0.361084
1 0.501202 0.915064 0.0637019 0.0801282 0.53418
1 0.233023 0.359876 0.110276 0.123197 0.454346
1 0.636418 0.964744 0.0865385 0.0705128 0.402588
1 0.814904 0.951923 0.0612981 0.0801282 0.400635
1 0.740385 0.953926 0.0865385 0.0921474 0.348633
1 0.221304 0.959936 0.0844351 0.0801282 0.34082
0 0.658053 0.532853 0.168269 0.171474 0.275146
1 0.369591 0.896635 0.0432692 0.0576923 0.256104
1 0.502704 0.914263 0.063101 0.0801282 0.489258
1 0.63762 0.96234 0.0853365 0.0753205 0.474609
1 0.814303 0.951923 0.0625 0.0769231 0.427246
1 0.235126 0.361378 0.10607 0.11859 0.412109
1 0.74399 0.951923 0.0913461 0.0961538 0.391357
1 0.221304 0.958734 0.0823317 0.0825321 0.31665
1 0.236929 0.36258 0.118089 0.127404 0.523438
1 0.5 0.916667 0.0625 0.0833333 0.512695
1 0.636418 0.964744 0.0817308 0.0705128 0.482422
1 0.813702 0.951923 0.0625 0.0769231 0.450439
1 0.740385 0.952324 0.0913462 0.0953526 0.443604
1 0.235126 0.354167 0.111478 0.129006 0.535156
1 0.501202 0.915064 0.0661058 0.0865384 0.462891
1 0.63762 0.96234 0.0853365 0.0753205 0.421631
1 0.740385 0.953526 0.0841346 0.0929487 0.414062
1 0.220853 0.95593 0.0859375 0.088141 0.408203
1 0.816106 0.952724 0.0625 0.0753205 0.365723
1 0.502404 0.915865 0.0576923 0.0785257 0.522461
1 0.220553 0.961538 0.0811298 0.0769231 0.463867
1 0.637019 0.959936 0.0865385 0.0801282 0.44458
1 0.739183 0.952724 0.0841346 0.0945513 0.40918
1 0.816106 0.953526 0.0649038 0.0705128 0.364746
1 0.255409 0.661058 0.154447 0.18109 0.255371
1 0.237079 0.348558 0.108774 0.122596 0.478516
1 0.637019 0.957532 0.0865385 0.0849359 0.410156
1 0.501202 0.91266 0.0661058 0.0849359 0.397949
1 0.221154 0.95593 0.0844351 0.088141 0.377441
1 0.739183 0.949519 0.0889423 0.100961 0.358398
1 0.816707 0.940705 0.0697115 0.0769231 0.308105
1 0.637019 0.956731 0.0841346 0.0865384 0.544922
1 0.739784 0.950321 0.0829327 0.0993589 0.498047
1 0.501202 0.910257 0.0649039 0.0849359 0.493164
1 0.8125 0.945513 0.0673077 0.0801282 0.455078
1 0.236328 0.352464 0.11268 0.121995 0.417725
1 0.220252 0.956731 0.0799279 0.0865384 0.394287
1 0.501502 0.913462 0.0661057 0.0865384 0.510742
1 0.816106 0.948718 0.0625 0.0801282 0.482422
1 0.741587 0.951522 0.0889423 0.0969551 0.44751
1 0.638221 0.958734 0.0841346 0.0825321 0.417725
0 0.651593 0.536058 0.165565 0.179487 0.414062
1 0.222356 0.957532 0.0799279 0.0849359 0.348633
1 0.23152 0.356971 0.104267 0.133814 0.305664
1 0.503606 0.91266 0.0655048 0.0833333 0.461914
1 0.638221 0.96234 0.0877404 0.0753205 0.338135
1 0.816106 0.943109 0.0697116 0.0785257 0.332031
1 0.742188 0.951923 0.0865385 0.0961538 0.274414
1 0.236929 0.355769 0.116887 0.129808 0.270508
1 0.498197 0.913462 0.0552885 0.0833333 0.408203
1 0.637019 0.959936 0.0817307 0.0801282 0.393311
1 0.234075 0.359876 0.106971 0.118389 0.334473
1 0.813702 0.947115 0.0649038 0.0769231 0.308105
1 0.220252 0.954728 0.0832332 0.0905448 0.286865
1 0.740385 0.951923 0.0841346 0.0961538 0.251709
1 0.501202 0.91266 0.0625 0.0849359 0.42334
1 0.638221 0.967949 0.0841346 0.0641026 0.364746
1 0.234525 0.366286 0.109675 0.115184 0.339844
1 0.814904 0.950321 0.0649038 0.0753205 0.313965
1 0.2186 0.957532 0.0898438 0.0849359 0.295898
1 0.498197 0.913462 0.0600962 0.0833333 0.469727
1 0.635817 0.960737 0.0793269 0.0785256 0.386719
1 0.814303 0.951923 0.0600962 0.0705128 0.373047
1 0.739183 0.952324 0.0841346 0.0953526 0.331055
1 0.233624 0.351763 0.109675 0.120192 0.326904
0 0.661058 0.533654 0.183894 0.177885 0.31665
1 0.499399 0.911058 0.0625 0.0817308 0.486328
1 0.636418 0.959936 0.0841346 0.0801282 0.424316
1 0.814303 0.950321 0.0661057 0.0769231 0.397949
1 0.232272 0.350962 0.10637 0.123397 0.388672
1 0.739183 0.950321 0.0829327 0.0993589 0.374756
1 0.2189 0.954327 0.0874399 0.0913462 0.305664
1 0.236629 0.354567 0.113281 0.124199 0.34082
1 0.501202 0.911859 0.0661058 0.0865384 0.33374
1 0.814904 0.948718 0.0637019 0.0769231 0.32251
1 0.221454 0.957933 0.0811298 0.0841346 0.300781
1 0.502404 0.913462 0.0600961 0.0801282 0.404541
1 0.815505 0.950321 0.0625 0.0705128 0.349609
1 0.638221 0.960737 0.0853365 0.0785256 0.330322
1 0.236629 0.358574 0.110276 0.123397 0.32251
1 0.221304 0.955128 0.0823317 0.0897436 0.259033
1 0.502704 0.911859 0.0667068 0.0865384 0.470703
1 0.235276 0.359675 0.109375 0.121995 0.451416
0 0.659856 0.540064 0.1875 0.18109 0.404541
1 0.637019 0.959936 0.0853365 0.0801282 0.386719
1 0.222055 0.956731 0.0859375 0.0865384 0.365723
1 0.816707 0.947115 0.0673077 0.0801282 0.344238
1 0.740385 0.951923 0.0865385 0.0961538 0.313965
1 0.237079 0.358073 0.108774 0.123598 0.684082
1 0.501202 0.91266 0.0649039 0.0849359 0.401611
1 0.814904 0.947917 0.0649038 0.0801282 0.396973
1 0.637019 0.96234 0.0805288 0.0753205 0.359375
1 0.221454 0.95593 0.0835337 0.088141 0.332031
1 0.503606 0.911859 0.0649039 0.0897436 0.459961
1 0.637019 0.959936 0.0841346 0.0801282 0.398926
1 0.816106 0.948718 0.0649038 0.0769231 0.391357
1 0.235727 0.361779 0.108474 0.119391 0.358398
1 0.221304 0.956731 0.0850361 0.0865384 0.31665
1 0.503005 0.913462 0.0600961 0.0865384 0.496094
1 0.816106 0.948718 0.0625 0.0801282 0.402588
1 0.638221 0.960737 0.0817307 0.0785256 0.378418
1 0.233173 0.361478 0.106971 0.123197 0.351318
1 0.741587 0.952724 0.0841346 0.0945513 0.262939
1 0.501803 0.911859 0.0625 0.0913462 0.500977
1 0.814904 0.945513 0.0649038 0.0801282 0.411133
1 0.636418 0.956731 0.0829327 0.0865384 0.368408
1 0.739183 0.951122 0.0841346 0.0977564 0.366699
1 0.235276 0.358974 0.11238 0.122596 0.349609
1 0.219351 0.95593 0.0805289 0.088141 0.288574
1 0.234826 0.359075 0.114483 0.123197 0.500977
1 0.503305 0.913462 0.0661057 0.0929487 0.477539
1 0.635817 0.959936 0.0829327 0.0801282 0.365723
0 0.653996 0.53766 0.170373 0.168269 0.36377
1 0.816106 0.94391 0.0649038 0.0833333 0.326904
1 0.740385 0.951923 0.0853365 0.0961538 0.313965
1 0.219501 0.95593 0.0838341 0.088141 0.300781
1 0.369291 0.890224 0.0408654 0.0641026 0.29834
0 0.816707 0.55649 0.102164 0.148237 0.269775
1 0.499399 0.916667 0.0673077 0.0881411 0.428223
1 0.636418 0.960737 0.0817308 0.0785256 0.415771
1 0.237079 0.361478 0.109375 0.118389 0.407227
1 0.814904 0.950321 0.0625 0.0737179 0.395996
1 0.219651 0.95593 0.0835337 0.088141 0.325195
1 0.740385 0.952724 0.0865385 0.0945513 0.295898
1 0.502404 0.914263 0.0661058 0.0865384 0.484375
1 0.234375 0.350561 0.109375 0.125801 0.467773
1 0.63762 0.958333 0.0829327 0.0833333 0.433105
1 0.8125 0.948718 0.0625 0.0705128 0.389648
1 0.221004 0.955128 0.0826322 0.0897436 0.377441
1 0.741587 0.951923 0.0817307 0.0961538 0.328613
1 0.502404 0.911058 0.0625001 0.0881411 0.385742
1 0.234525 0.359776 0.104868 0.117788 0.373047
1 0.813702 0.948718 0.0649038 0.0769231 0.352295
1 0.638221 0.958333 0.0841346 0.0833333 0.338135
0 0.655198 0.53766 0.179988 0.184295 0.262207
1 0.220403 0.955128 0.0871394 0.0897436 0.258301
1 0.501803 0.913462 0.063101 0.0833333 0.522461
1 0.635817 0.960337 0.0841346 0.0793269 0.433105
0 0.654898 0.53125 0.16857 0.17468 0.429199
1 0.235577 0.36218 0.110577 0.120192 0.415771
1 0.739183 0.952724 0.0889423 0.0945513 0.352295
1 0.816106 0.947115 0.0625 0.0737179 0.350342
1 0.217999 0.957532 0.0892428 0.0849359 0.286133
1 0.234675 0.364984 0.109375 0.117788 0.638672
1 0.502404 0.913462 0.063702 0.0833333 0.481445
1 0.636418 0.96234 0.0829327 0.0753205 0.440674
1 0.220853 0.958333 0.0859375 0.0833333 0.376709
1 0.816106 0.950321 0.0612981 0.0737179 0.360352
1 0.740986 0.953926 0.0841346 0.0921474 0.330322
1 0.501803 0.91266 0.063702 0.0865384 0.521484
1 0.23738 0.361779 0.11238 0.125 0.430176
1 0.637019 0.959535 0.0817307 0.0809295 0.40918
1 0.816106 0.949519 0.0600961 0.0737179 0.392334
0 0.654898 0.540465 0.166166 0.186699 0.290283
1 0.236178 0.351362 0.111178 0.122596 0.530273
1 0.502404 0.911859 0.063101 0.0849359 0.485352
1 0.637019 0.961138 0.0841346 0.0777243 0.448486
1 0.220403 0.957933 0.0823317 0.0841346 0.377441
1 0.814904 0.950321 0.0649038 0.0769231 0.375732
1 0.740385 0.953125 0.0841346 0.09375 0.338135
0 0.661659 0.530449 0.18149 0.173077 0.284668
1 0.235276 0.362881 0.112981 0.123598 0.582031
1 0.502404 0.911859 0.063702 0.0865384 0.519531
1 0.63762 0.961538 0.0865385 0.0769231 0.476562
1 0.814904 0.952724 0.0612981 0.0785257 0.381104
1 0.222055 0.957532 0.0823317 0.0849359 0.355713
0 0.654447 0.536458 0.169471 0.177083 0.336426
0 0.65024 0.53726 0.16226 0.16266 0.466797
1 0.235276 0.351863 0.113582 0.128005 0.44751
1 0.502404 0.91266 0.0600961 0.0849359 0.438721
1 0.637019 0.963141 0.0841346 0.0737179 0.363037
1 0.816106 0.951923 0.0600961 0.0769231 0.328613
1 0.222055 0.961138 0.0811298 0.0777243 0.252441
1 0.500601 0.910257 0.0625 0.0897436 0.46582
1 0.813101 0.948718 0.0649039 0.0769231 0.373047
1 0.635817 0.960737 0.0841346 0.0785256 0.367432
0 0.656851 0.535657 0.169471 0.183494 0.365723
1 0.234525 0.362981 0.110877 0.129006 0.31665
1 0.21845 0.957532 0.0853365 0.0849359 0.29248
1 0.739183 0.953125 0.0841346 0.09375 0.263672
1 0.500601 0.910257 0.0637019 0.0865385 0.549805
1 0.236178 0.354167 0.115385 0.129808 0.507812
1 0.814904 0.948718 0.0637019 0.0737179 0.383057
1 0.635817 0.960737 0.0817308 0.0785256 0.365723
1 0.216947 0.957532 0.0841346 0.0849359 0.362061
1 0.738582 0.947115 0.0841346 0.102564 0.259766
0 0.652043 0.534455 0.159856 0.17468 0.498047
1 0.235727 0.354067 0.113281 0.130008 0.466797
1 0.501803 0.913462 0.0625 0.0849359 0.448486
1 0.636418 0.961538 0.0829327 0.0769231 0.394287
1 0.815505 0.951122 0.061298 0.0721154 0.38501
1 0.21845 0.958333 0.0823317 0.0833333 0.350342
1 0.501803 0.91266 0.0625 0.0833333 0.538086
1 0.236629 0.361378 0.109675 0.121795 0.474609
0 0.506611 0.520833 0.108173 0.121795 0.434082
0 0.655048 0.535257 0.165865 0.183494 0.428223
1 0.637019 0.960737 0.0829327 0.0785256 0.404541
1 0.219802 0.958333 0.0820312 0.0833333 0.366699
1 0.816106 0.950321 0.0625 0.0705128 0.353027
1 0.740385 0.955128 0.0841346 0.0897436 0.27124
1 0.236779 0.352163 0.114784 0.132212 0.614258
1 0.501803 0.911859 0.0649039 0.0833333 0.575684
1 0.637019 0.961939 0.0841346 0.0761218 0.472656
1 0.219501 0.957933 0.0844351 0.0841346 0.467773
0 0.655649 0.532452 0.164663 0.169872 0.443604
0 0.506611 0.521635 0.108173 0.116987 0.421631
1 0.816106 0.950321 0.0625 0.0705128 0.395996
1 0.740385 0.953526 0.0865385 0.0929487 0.394287
1 0.501202 0.910257 0.0661058 0.0865385 0.646973
1 0.237079 0.351362 0.113582 0.134615 0.555664
1 0.635817 0.958734 0.0865385 0.0825321 0.499023
1 0.739183 0.952724 0.0853365 0.0945513 0.469727
1 0.813702 0.951122 0.0649038 0.0705128 0.456055
1 0.217548 0.957532 0.0847356 0.0849359 0.385742
1 0.233924 0.350861 0.111478 0.131611 0.614258
1 0.501803 0.911058 0.0661058 0.0881411 0.495117
1 0.637019 0.957933 0.0841346 0.0841346 0.44751
1 0.816707 0.950321 0.0637019 0.0737179 0.381104
1 0.21875 0.956731 0.0853365 0.0865384 0.303223
1 0.235427 0.350861 0.113882 0.131611 0.614258
1 0.501803 0.910257 0.0655048 0.0865385 0.516602
0 0.50601 0.522436 0.108774 0.120192 0.415771
1 0.637019 0.960337 0.0817307 0.0793269 0.414795
1 0.219802 0.95633 0.086839 0.0873397 0.392334
1 0.815505 0.947115 0.0625 0.0769231 0.387695
1 0.740986 0.951923 0.0877404 0.0961538 0.301514
1 0.501202 0.910257 0.0643029 0.0833333 0.571777
1 0.234976 0.34976 0.109976 0.130609 0.522461
1 0.636418 0.958734 0.0829327 0.0825321 0.453369
1 0.814904 0.948718 0.0625 0.0737179 0.392334
0 0.655649 0.529647 0.164663 0.177885 0.381104
1 0.218299 0.957532 0.0844351 0.0849359 0.274414
1 0.501202 0.911859 0.0637019 0.0865384 0.570801
1 0.237079 0.352664 0.114784 0.13762 0.551758
1 0.814904 0.950321 0.0625 0.0769231 0.445557
1 0.637019 0.959936 0.0865385 0.0801282 0.404541
1 0.234375 0.352965 0.114183 0.136218 0.705566
1 0.502404 0.91266 0.061298 0.0833333 0.561035
0 0.505409 0.524038 0.109375 0.123397 0.536133
1 0.637019 0.961538 0.0889423 0.0769231 0.475586
1 0.816106 0.950321 0.0600961 0.0737179 0.418701
1 0.219201 0.957132 0.085637 0.0857372 0.404541
0 0.653846 0.534856 0.161058 0.172276 0.349609
1 0.739183 0.954327 0.0889423 0.0913462 0.289307
1 0.235427 0.353365 0.115084 0.135417 0.605957
1 0.4997 0.913462 0.0637019 0.0897436 0.512695
1 0.634615 0.959936 0.0841346 0.0801282 0.437744
1 0.814303 0.947115 0.0637019 0.0737179 0.405518
1 0.217097 0.957532 0.0865385 0.0849359 0.323486
0 0.505409 0.522436 0.109375 0.121795 0.318359
1 0.235577 0.348558 0.112981 0.133013 0.638672
1 0.501202 0.913462 0.0637019 0.0865384 0.541992
1 0.634615 0.958734 0.0841346 0.0825321 0.46875
1 0.814904 0.948718 0.0649038 0.0769231 0.35498
1 0.23738 0.351763 0.114183 0.137821 0.654785
1 0.503005 0.91266 0.0625 0.0865384 0.542969
1 0.636418 0.959135 0.0889423 0.0817308 0.445557
1 0.816106 0.947917 0.0649038 0.0769231 0.338867
1 0.236629 0.351362 0.109675 0.133013 0.624512
1 0.501202 0.911859 0.0637019 0.0833333 0.607422
1 0.815505 0.948718 0.0649038 0.0753205 0.46582
1 0.635216 0.958734 0.0853365 0.0825321 0.456055
1 0.221755 0.95593 0.0811298 0.088141 0.319092
1 0.739183 0.951122 0.0889423 0.0977564 0.305664
1 0.5 0.913462 0.0637019 0.0865384 0.560059
1 0.235877 0.35016 0.110577 0.129808 0.548828
1 0.636418 0.961939 0.0841346 0.0761218 0.483398
1 0.817308 0.950321 0.0649039 0.0737179 0.417725
1 0.221605 0.957532 0.0811298 0.0849359 0.346924
1 0.236629 0.353365 0.114483 0.141827 0.596191
1 0.502103 0.911859 0.0649038 0.0865384 0.569824
1 0.635817 0.960737 0.0841346 0.0785256 0.499023
1 0.815505 0.948718 0.0637019 0.0769231 0.419678
0 0.659856 0.532051 0.169471 0.18109 0.336426
1 0.2189 0.958333 0.0838341 0.0833333 0.31665
0 0.505108 0.519231 0.108173 0.121795 0.30249
1 0.739784 0.954327 0.0865385 0.0913462 0.296631
0 0.822115 0.55649 0.09375 0.152244 0.26123
1 0.502404 0.911859 0.0649039 0.0865384 0.602051
1 0.236178 0.352163 0.113582 0.133013 0.586914
1 0.635817 0.960337 0.0853365 0.0793269 0.480469
1 0.816106 0.951923 0.0649038 0.0721154 0.456055
1 0.739183 0.955128 0.0865385 0.0897436 0.351318
0 0.504808 0.51883 0.106971 0.121795 0.344238
1 0.2189 0.958333 0.0820313 0.0833333 0.294922
0 0.659856 0.527244 0.158654 0.177885 0.291016
1 0.236478 0.358073 0.115986 0.131611 0.748535
1 0.501202 0.913462 0.0661058 0.0865384 0.677246
0 0.659856 0.53125 0.163462 0.177885 0.65332
1 0.635817 0.960737 0.0841346 0.0785256 0.600098
1 0.814904 0.951923 0.0637019 0.0737179 0.518555
1 0.217548 0.959135 0.0829327 0.0817308 0.504883
1 0.739183 0.955128 0.0865385 0.0897436 0.469727
0 0.505409 0.519631 0.108173 0.123397 0.320068
1 0.371995 0.897436 0.0384615 0.0576923 0.270508
1 0.235577 0.35647 0.114784 0.126803 0.596191
1 0.502103 0.915064 0.0655048 0.0865384 0.57373
1 0.635817 0.96234 0.0841346 0.0753205 0.507812
1 0.816106 0.952724 0.0649038 0.0721154 0.42627
1 0.217999 0.959535 0.0838341 0.0809295 0.402588
1 0.739183 0.95593 0.0889423 0.088141 0.347656
0 0.665865 0.529647 0.170673 0.177885 0.34082
1 0.371995 0.897436 0.0384615 0.0608974 0.279053
1 0.236028 0.359075 0.115084 0.13121 0.769043
1 0.501202 0.915865 0.0643029 0.0849359 0.639648
1 0.635817 0.96234 0.0841346 0.0753205 0.600098
0 0.669471 0.528846 0.175481 0.174679 0.517578
1 0.814904 0.951923 0.0649038 0.0737179 0.503906
1 0.217548 0.959936 0.0817308 0.0801282 0.492188
1 0.739183 0.955529 0.0865385 0.0889423 0.417725
0 0.505709 0.51843 0.107572 0.128205 0.40918
1 0.236178 0.363081 0.114784 0.126402 0.663574
1 0.501502 0.916667 0.061899 0.0801282 0.59375
1 0.635817 0.964744 0.0841346 0.0705128 0.562012
0 0.667067 0.53125 0.170673 0.17468 0.540039
1 0.814904 0.953526 0.0625 0.0705128 0.473633
1 0.21875 0.961538 0.0811298 0.0769231 0.392334
1 0.739183 0.957532 0.0865385 0.0849359 0.317383
0 0.505108 0.519231 0.106971 0.123397 0.290283
1 0.234976 0.359675 0.113582 0.126803 0.74707
1 0.501202 0.914263 0.0649039 0.0833333 0.629883
1 0.634615 0.961538 0.0841346 0.0769231 0.585938
1 0.814904 0.950321 0.0625 0.0737179 0.459961
0 0.65625 0.533654 0.164663 0.184295 0.416748
1 0.217999 0.959936 0.0814303 0.0801282 0.391357
1 0.738582 0.955128 0.0865385 0.0897436 0.275146
0 0.504207 0.51843 0.105769 0.125 0.253906
1 0.235727 0.357272 0.115685 0.131611 0.739258
1 0.501803 0.913462 0.063702 0.0833333 0.650391
1 0.637019 0.959535 0.0853365 0.0809295 0.555664
1 0.2186 0.959936 0.0823317 0.0801282 0.451416
1 0.815505 0.950321 0.061298 0.0721154 0.429199
0 0.655649 0.532853 0.157452 0.179487 0.418701
1 0.739183 0.955128 0.0865385 0.0897436 0.27832
1 0.367488 0.897436 0.0414664 0.0641026 0.276611
1 0.235427 0.359876 0.114483 0.13121 0.745605
1 0.501502 0.915064 0.0649038 0.0865384 0.666992
0 0.656851 0.535657 0.157452 0.171474 0.598145
1 0.635817 0.961138 0.0841346 0.0777243 0.540039
1 0.816106 0.950321 0.0600961 0.0721154 0.460938
1 0.217698 0.959936 0.0823317 0.0801282 0.438721
0 0.505709 0.520833 0.106971 0.123397 0.325928
1 0.739183 0.955128 0.0865385 0.0897436 0.320068
1 0.367488 0.898237 0.0414664 0.0625 0.262207
1 0.235727 0.36228 0.115685 0.128005 0.691895
1 0.502404 0.915865 0.0649039 0.0849359 0.656738
1 0.635817 0.961538 0.0865385 0.0769231 0.530273
1 0.816106 0.951923 0.0625 0.0721154 0.410156
0 0.655048 0.530449 0.157452 0.176282 0.405518
1 0.21845 0.960737 0.0829327 0.0785256 0.29834
1 0.368389 0.899038 0.0408654 0.0641026 0.27124
1 0.503005 0.914263 0.0625 0.0833333 0.67041
1 0.236178 0.362981 0.114784 0.128205 0.657715
0 0.657452 0.535256 0.161058 0.175481 0.544922
1 0.637019 0.959936 0.0841346 0.0801282 0.522461
1 0.813702 0.952724 0.0625 0.0689103 0.435791
1 0.367788 0.897436 0.0408654 0.0625 0.281494
1 0.217849 0.959936 0.0835337 0.0801282 0.259033
1 0.235877 0.360477 0.114784 0.130008 0.726562
1 0.502404 0.91266 0.063101 0.0849359 0.698242
1 0.635817 0.959135 0.0853365 0.0817308 0.562988
1 0.815505 0.947115 0.0637019 0.0801282 0.494141
0 0.655048 0.529647 0.15625 0.174679 0.448486
1 0.21845 0.959135 0.0832332 0.0817308 0.399902
1 0.367788 0.895833 0.0408654 0.0641026 0.290283
0 0.505409 0.519231 0.108173 0.125 0.263672
1 0.236178 0.360677 0.114784 0.129607 0.75293
1 0.502704 0.910257 0.0637019 0.0833333 0.67334
1 0.636418 0.959135 0.0841346 0.0817308 0.544922
0 0.655048 0.528045 0.15625 0.172276 0.508789
1 0.816106 0.944712 0.0625 0.0769231 0.47168
1 0.219351 0.959135 0.0838341 0.0817308 0.318359
1 0.367788 0.894231 0.0408654 0.0608974 0.262207
1 0.235727 0.36258 0.115084 0.132212 0.711426
1 0.502404 0.913462 0.0643029 0.0865384 0.6875
1 0.636418 0.959936 0.0853365 0.0801282 0.543945
1 0.816106 0.947917 0.0625 0.0785257 0.457031
0 0.653846 0.528846 0.15625 0.174679 0.38501
0 0.505409 0.517628 0.107572 0.123397 0.29834
1 0.218149 0.959135 0.0859375 0.0817308 0.290283
1 0.372596 0.895833 0.0378606 0.0592949 0.267334
1 0.235577 0.363381 0.115385 0.132212 0.730469
1 0.502404 0.91266 0.0643029 0.0849359 0.67334
1 0.636418 0.959936 0.0853365 0.0801282 0.539062
1 0.815505 0.946314 0.0637019 0.0785257 0.46582
1 0.21905 0.959135 0.0841346 0.0817308 0.342529
0 0.654898 0.535257 0.15655 0.171474 0.328613
0 0.505409 0.517628 0.106971 0.121795 0.270508
1 0.367788 0.895032 0.0408654 0.0625 0.267334
1 0.235276 0.363381 0.115385 0.129006 0.70166
1 0.502404 0.913462 0.063702 0.0833333 0.67041
1 0.635817 0.960737 0.0841346 0.0785256 0.538086
1 0.815505 0.947115 0.0637019 0.0769231 0.454346
0 0.655649 0.528846 0.159856 0.174679 0.327637
1 0.21875 0.959535 0.0835337 0.0809295 0.325928
1 0.367788 0.895833 0.0408654 0.0625 0.27832
1 0.235577 0.35647 0.114784 0.126803 0.596191
1 0.502103 0.915064 0.0655048 0.0865384 0.57373
1 0.635817 0.96234 0.0841346 0.0753205 0.507812
1 0.816106 0.952724 0.0649038 0.0721154 0.427246
1 0.217999 0.959535 0.0838341 0.0809295 0.402588
1 0.739183 0.95593 0.0889423 0.088141 0.347656
0 0.665865 0.529647 0.170673 0.177885 0.339844
1 0.371995 0.897436 0.0384615 0.0608974 0.27832
