1 0.723123 0.590841 0.024024 0.0405405 0.341553
1 0.151652 0.438438 0.0276276 0.0330331 0.328613
1 0.800601 0.608296 0.0204205 0.0416667 0.324219
1 0.863063 0.598348 0.0492492 0.0765766 0.388672
1 0.156607 0.442192 0.0246246 0.0315315 0.31665
1 0.562463 0.466216 0.0306306 0.0360361 0.304932
1 0.563964 0.467718 0.0324324 0.0405405 0.301514
1 0.122222 0.542793 0.0492493 0.0570571 0.271973
1 0.154655 0.443318 0.0348348 0.042042 0.259033
1 0.14985 0.43994 0.0339339 0.0345345 0.344238
1 0.86006 0.593844 0.0456457 0.0780781 0.308105
1 0.124324 0.545045 0.0441441 0.0630631 0.2854
1 0.781982 0.412162 0.036036 0.0315315 0.265869
1 0.228979 0.486862 0.042042 0.0480481 0.265869
1 0.72012 0.604917 0.0312312 0.0424174 0.269043
1 0.150751 0.440691 0.0294294 0.0352853 0.262939
1 0.865466 0.591592 0.0456457 0.0735736 0.255371
1 0.123423 0.552553 0.0411411 0.0540541 0.251709
1 0.563964 0.464339 0.0312312 0.0382883 0.250977
1 0.151051 0.440691 0.0312312 0.0315315 0.275879
1 0.798799 0.611111 0.0216216 0.0450451 0.272705
1 0.123874 0.552928 0.0393393 0.0548048 0.271973
1 0.71952 0.605856 0.0288288 0.0480481 0.253906
1 0.12256 0.551802 0.0431682 0.0540541 0.275879
1 0.563964 0.466216 0.0324324 0.0367868 0.27832
1 0.123686 0.554805 0.0421171 0.0570571 0.251709
0 0.57958 0.543544 0.0312312 0.0285285 0.398926
1 0.784384 0.412162 0.0336337 0.0315315 0.257568
1 0.563664 0.468093 0.0306306 0.0360361 0.250977
1 0.562463 0.468469 0.0318319 0.0360361 0.263672
0 0.573874 0.541291 0.0318319 0.0300301 0.514648
0 0.797598 0.611862 0.0264264 0.0465465 0.264404
1 0.563964 0.467342 0.0312312 0.0315315 0.27124
1 0.151051 0.442192 0.0294294 0.0315315 0.250977
1 0.561562 0.465465 0.0300301 0.0322823 0.257568
1 0.122973 0.551051 0.045045 0.0600601 0.252441
1 0.562162 0.467342 0.0312312 0.033033 0.259766
1 0.562763 0.466967 0.0336337 0.0390391 0.273682
1 0.122372 0.552177 0.0477477 0.0630631 0.313232
1 0.121772 0.550676 0.0489489 0.0578078 0.303223
1 0.71952 0.60792 0.0312312 0.0424174 0.260498
1 0.122823 0.548799 0.042042 0.0570571 0.255371
1 0.123386 0.555556 0.0433183 0.0585586 0.306641
1 0.563664 0.469219 0.0318319 0.0360361 0.283691
1 0.797598 0.612613 0.0264264 0.0435435 0.265137
1 0.15 0.442943 0.0327327 0.0405405 0.251709
1 0.783183 0.413288 0.036036 0.0322823 0.250977
1 0.71952 0.607357 0.0336336 0.0435435 0.276611
1 0.15045 0.442192 0.0312312 0.0337838 0.269043
1 0.124324 0.554429 0.0432432 0.0540541 0.256836
1 0.798799 0.612613 0.0252252 0.0420421 0.250244
1 0.124625 0.553679 0.0435435 0.0555555 0.311523
1 0.150751 0.441441 0.0318318 0.0345345 0.277588
1 0.14955 0.442192 0.0306306 0.036036 0.276611
1 0.71952 0.606419 0.0336336 0.0454204 0.268066
1 0.798198 0.613363 0.0276276 0.0435435 0.265137
1 0.123123 0.552177 0.0435435 0.0525525 0.255371
1 0.122823 0.553303 0.0402403 0.0540541 0.268066
1 0.149099 0.441441 0.0336336 0.0345345 0.284668
0 0.318919 0.553303 0.0996997 0.124625 0.284668
1 0.562162 0.466967 0.0324325 0.0345345 0.260498
1 0.781982 0.412162 0.036036 0.0315315 0.256836
0 0.317793 0.543544 0.107958 0.147147 0.294189
0 0.577778 0.545045 0.0324324 0.0315315 0.255371
0 0.575375 0.542042 0.0336336 0.0330331 0.275879
1 0.784384 0.412162 0.0336337 0.0315315 0.266602
1 0.562162 0.468468 0.03003 0.0345345 0.259033
1 0.15045 0.441441 0.0324324 0.0315315 0.252441
0 0.314715 0.561562 0.0990991 0.100601 0.282959
0 0.314715 0.561562 0.104505 0.115616 0.272705
1 0.784384 0.411411 0.0336337 0.0300301 0.279053
1 0.718919 0.605856 0.0312312 0.0450451 0.268066
0 0.313814 0.5503 0.100901 0.123123 0.310791
1 0.564264 0.468468 0.0306306 0.0345345 0.259033
1 0.783183 0.413664 0.0336336 0.0337838 0.258301
1 0.563363 0.468469 0.0300301 0.0337838 0.294189
1 0.783183 0.411411 0.0336336 0.033033 0.279053
1 0.71952 0.607357 0.0336336 0.0450451 0.274414
1 0.124474 0.548048 0.0468468 0.0585585 0.270508
0 0.318844 0.556306 0.108258 0.130631 0.250977
0 0.315916 0.56006 0.105105 0.133634 0.33374
0 0.578378 0.543919 0.0324325 0.0315315 0.326904
1 0.563363 0.467718 0.0324324 0.0330331 0.29834
1 0.784384 0.411411 0.0348348 0.0315315 0.283691
1 0.151652 0.440315 0.0303303 0.0315315 0.26123
0 0.316517 0.553303 0.103303 0.121622 0.529297
1 0.783183 0.411411 0.0336336 0.0300301 0.29834
1 0.561562 0.467718 0.0288288 0.0345345 0.279785
1 0.12286 0.546547 0.0443694 0.0585586 0.265869
1 0.15 0.441441 0.0303303 0.0345345 0.258301
1 0.783183 0.412538 0.0324324 0.0307808 0.258301
0 0.312838 0.555556 0.107057 0.141141 0.363037
0 0.315616 0.548799 0.106907 0.133634 0.390381
0 0.577928 0.543544 0.0333333 0.0315315 0.279785
0 0.312613 0.56006 0.111712 0.124625 0.359375
0 0.315991 0.551051 0.109159 0.129129 0.293457
0 0.314414 0.552177 0.105706 0.120871 0.445557
1 0.718318 0.605856 0.0336336 0.0450451 0.275879
1 0.562463 0.465465 0.0306306 0.0360361 0.26123
0 0.314414 0.554054 0.108709 0.132132 0.336426
0 0.314114 0.557057 0.105706 0.127628 0.306641
1 0.562463 0.466216 0.0306306 0.0345345 0.255371
1 0.15015 0.440691 0.03003 0.0337838 0.251709
0 0.320721 0.552928 0.100901 0.113363 0.373047
0 0.319219 0.548048 0.108108 0.133634 0.611328
0 0.798799 0.611862 0.0240241 0.0450451 0.279785
0 0.315015 0.555931 0.102102 0.122372 0.59082
0 0.317417 0.565315 0.102703 0.123123 0.488281
0 0.31539 0.553303 0.107958 0.130631 0.491211
1 0.14955 0.43994 0.0318318 0.0352853 0.251709
0 0.316216 0.551051 0.106306 0.136637 0.404541
0 0.317417 0.557808 0.104505 0.121622 0.571777
1 0.563363 0.466216 0.0300301 0.0360361 0.268066
1 0.783183 0.412913 0.0336336 0.0330331 0.266602
1 0.15015 0.441066 0.0315315 0.0360361 0.254639
0 0.317793 0.559309 0.105556 0.117117 0.371094
1 0.15 0.442192 0.0315315 0.036036 0.286865
1 0.783183 0.413664 0.0336336 0.0330331 0.282227
1 0.563363 0.465841 0.0300301 0.0352853 0.276611
1 0.15045 0.442192 0.0312312 0.0345345 0.299805
1 0.783183 0.412162 0.0336336 0.0307808 0.293457
1 0.718318 0.604917 0.0312312 0.0454204 0.291748
1 0.563664 0.468093 0.0294294 0.0345345 0.284668
0 0.317417 0.557808 0.105706 0.112613 0.281494
0 0.577778 0.54467 0.0336337 0.0322823 0.256104
0 0.314414 0.557432 0.108709 0.122372 0.473633
0 0.316517 0.556306 0.111111 0.12012 0.594727
1 0.564264 0.465465 0.0318318 0.0360361 0.265869
1 0.14985 0.440691 0.0312312 0.033033 0.259766
0 0.315315 0.552928 0.107508 0.122372 0.495117
1 0.14985 0.440315 0.0306306 0.0337838 0.255371
1 0.563964 0.46509 0.03003 0.0345345 0.255371
0 0.316216 0.554805 0.10991 0.127628 0.527344
1 0.783183 0.414414 0.0348349 0.0352853 0.262207
1 0.563964 0.466967 0.0312312 0.036036 0.257568
1 0.1503 0.440691 0.0327327 0.0360361 0.253906
0 0.31524 0.552553 0.108258 0.124625 0.44165
1 0.783183 0.414414 0.0336336 0.0345345 0.263672
0 0.31464 0.558559 0.108258 0.121622 0.650391
1 0.150601 0.442192 0.0321321 0.0345345 0.269775
1 0.784384 0.414414 0.0336337 0.0345345 0.265137
1 0.563964 0.468469 0.0312312 0.0360361 0.256104
0 0.316517 0.551802 0.105706 0.136637 0.392334
0 0.317417 0.558183 0.10991 0.128378 0.594727
1 0.783183 0.415165 0.0324324 0.0315315 0.281494
1 0.71952 0.596096 0.0336336 0.0480481 0.256836
0 0.31539 0.551426 0.111562 0.12988 0.328613
1 0.782583 0.417417 0.0336337 0.033033 0.326904
1 0.718318 0.603604 0.0312312 0.0465466 0.314941
1 0.149099 0.447072 0.0312312 0.0307808 0.309814
1 0.563363 0.471847 0.0288288 0.0330331 0.265869
1 0.783183 0.415916 0.0336336 0.0315315 0.350342
1 0.71952 0.601914 0.0312312 0.0454204 0.325195
1 0.798799 0.608859 0.0264264 0.0420421 0.320068
1 0.575075 0.543168 0.0318319 0.0330331 0.299072
1 0.564264 0.46997 0.0294294 0.0315315 0.293457
0 0.318619 0.568318 0.108709 0.112613 0.286865
1 0.14985 0.447447 0.0294294 0.0307808 0.280518
1 0.841442 0.518018 0.0252252 0.0405405 0.252441
1 0.71952 0.597598 0.0336336 0.0480481 0.347656
1 0.783183 0.415165 0.0348349 0.0345345 0.331055
1 0.563664 0.468093 0.0306306 0.0345345 0.311523
0 0.318844 0.557057 0.113063 0.126126 0.306641
1 0.15 0.446321 0.0309309 0.0322823 0.293457
0 0.316817 0.557808 0.114114 0.118619 0.498047
1 0.563664 0.466967 0.0294294 0.0345345 0.344238
1 0.783183 0.414414 0.0336336 0.0315315 0.336426
1 0.154805 0.444444 0.0297297 0.0330331 0.303955
1 0.232733 0.492493 0.0399399 0.0405405 0.280518
1 0.71952 0.598348 0.0336336 0.0480481 0.279785
1 0.575375 0.542417 0.0324324 0.0345345 0.271973
0 0.317417 0.567568 0.107508 0.114114 0.53125
1 0.783183 0.414414 0.0324324 0.0315315 0.40918
1 0.563363 0.466967 0.0288288 0.0330331 0.393311
1 0.1497 0.444444 0.0297297 0.0315315 0.362061
1 0.232132 0.491742 0.0414414 0.0405405 0.33374
1 0.718318 0.599099 0.0336336 0.0465465 0.305664
0 0.798198 0.60792 0.0264264 0.0454204 0.280518
1 0.841442 0.518018 0.0252252 0.039039 0.27832
1 0.374775 0.626877 0.0252252 0.0315315 0.274414
1 0.783183 0.413664 0.0336336 0.0315315 0.364746
0 0.316441 0.560811 0.111862 0.126126 0.348633
1 0.562763 0.467718 0.0288288 0.0330331 0.332764
1 0.718919 0.600601 0.0336337 0.0495495 0.314941
1 0.1497 0.444444 0.0294294 0.0315315 0.307373
1 0.232733 0.493243 0.039039 0.0390391 0.287842
1 0.373874 0.62988 0.024024 0.0300301 0.276611
1 0.122372 0.545796 0.0405405 0.0540541 0.259033
0 0.316817 0.559685 0.107508 0.125375 0.687012
1 0.783183 0.412538 0.0336336 0.0307808 0.411133
1 0.563964 0.466967 0.03003 0.0330331 0.40918
1 0.233333 0.492493 0.0396396 0.0405405 0.339844
1 0.154655 0.443694 0.0294294 0.033033 0.337158
1 0.71952 0.600601 0.0336336 0.0495495 0.290283
1 0.374775 0.628378 0.0252252 0.0315315 0.289307
1 0.122823 0.545796 0.0411411 0.0540541 0.279785
1 0.841442 0.517267 0.0252252 0.0405405 0.258301
0 0.798799 0.609422 0.0276276 0.0454204 0.256104
0 0.316216 0.558559 0.108108 0.124625 0.605957
1 0.783183 0.413664 0.0324324 0.0330331 0.388672
1 0.563964 0.468844 0.03003 0.0330331 0.380371
1 0.232583 0.492868 0.0402402 0.0405405 0.32251
1 0.154354 0.445571 0.03003 0.0330331 0.312256
1 0.374775 0.629129 0.024024 0.0300301 0.299805
1 0.71952 0.604354 0.0312312 0.0480481 0.284668
1 0.122523 0.545796 0.0408408 0.0540541 0.277588
0 0.799399 0.610923 0.0264264 0.0454204 0.26123
0 0.31464 0.561937 0.108258 0.122372 0.450439
1 0.783784 0.413288 0.0336336 0.0300301 0.422607
1 0.563363 0.467718 0.0300301 0.0315315 0.398926
1 0.154505 0.44482 0.0303303 0.033033 0.363037
1 0.232282 0.492493 0.0405405 0.0405405 0.334473
0 0.798799 0.611862 0.0264264 0.0435435 0.33374
1 0.71952 0.604354 0.0312312 0.0465465 0.311523
1 0.374775 0.62988 0.024024 0.0300301 0.289307
1 0.841442 0.517267 0.0252252 0.0405405 0.287842
0 0.316216 0.558934 0.109309 0.128378 0.518555
1 0.782583 0.413664 0.0336337 0.0315315 0.422607
1 0.563363 0.467718 0.0300301 0.0330331 0.400635
1 0.154354 0.445946 0.03003 0.033033 0.327637
1 0.374475 0.627628 0.0258258 0.03003 0.296631
1 0.232432 0.492117 0.0402402 0.0405405 0.294189
0 0.798799 0.609422 0.0276276 0.0454204 0.273682
1 0.841442 0.516892 0.0264264 0.0420421 0.267334
1 0.783183 0.414039 0.0336336 0.0315315 0.415771
0 0.315015 0.56006 0.108108 0.12012 0.400635
1 0.563664 0.468093 0.0294294 0.033033 0.398926
1 0.154955 0.445946 0.0288288 0.0315315 0.342529
1 0.232883 0.492868 0.0387387 0.0397898 0.301514
0 0.798799 0.611111 0.0264264 0.0450451 0.295898
1 0.842042 0.518018 0.0264264 0.0412913 0.260498
1 0.374775 0.629129 0.0246246 0.0315315 0.250977
0 0.316441 0.560811 0.108258 0.123123 0.42334
1 0.783183 0.412913 0.0336336 0.0330331 0.418701
1 0.563964 0.467718 0.03003 0.0330331 0.404541
1 0.154655 0.445195 0.0297297 0.0337838 0.375732
0 0.799399 0.611111 0.0276276 0.0465465 0.29248
1 0.232432 0.492493 0.0408408 0.0420421 0.283691
0 0.316817 0.560811 0.108709 0.124625 0.435059
1 0.783183 0.412162 0.0336336 0.0315315 0.420654
1 0.563964 0.467718 0.03003 0.0330331 0.401611
1 0.154505 0.445571 0.0297297 0.0330331 0.34082
1 0.232282 0.492493 0.0405405 0.0412913 0.296631
1 0.375075 0.627628 0.0246246 0.03003 0.288574
0 0.798799 0.611111 0.0264264 0.0450451 0.287842
1 0.842042 0.518018 0.0264264 0.0420421 0.265869
0 0.315841 0.561562 0.108258 0.123123 0.478516
1 0.783183 0.413288 0.0336336 0.0315315 0.435791
1 0.563363 0.467718 0.0288288 0.0330331 0.425293
1 0.154354 0.445195 0.0294294 0.0330331 0.358398
0 0.575976 0.542042 0.0324324 0.0307808 0.334473
1 0.232282 0.491742 0.0399399 0.0405405 0.331055
1 0.374775 0.628378 0.024024 0.0315315 0.286133
1 0.842042 0.518018 0.0264264 0.0412913 0.276611
0 0.798799 0.611299 0.0264264 0.0446697 0.266602
0 0.31539 0.56006 0.109159 0.114114 0.495117
1 0.783183 0.412538 0.0336336 0.0315315 0.415771
1 0.563363 0.466216 0.0300301 0.033033 0.408203
1 0.154354 0.444444 0.0294294 0.0330331 0.352295
1 0.232883 0.491366 0.0399399 0.0412913 0.319092
0 0.575075 0.540541 0.033033 0.033033 0.293457
1 0.841442 0.516517 0.0264264 0.042042 0.275146
1 0.374775 0.626126 0.0258258 0.0315315 0.264404
0 0.315841 0.558559 0.108258 0.126126 0.616211
1 0.783183 0.412913 0.0336336 0.0315315 0.448486
1 0.563664 0.466967 0.0306306 0.0330331 0.412109
1 0.154505 0.444444 0.0294294 0.0330331 0.358398
1 0.374775 0.627628 0.0252252 0.03003 0.309814
1 0.232432 0.491742 0.0402402 0.0405405 0.308105
1 0.842042 0.517643 0.0264264 0.0412913 0.29248
0 0.798799 0.611111 0.0264264 0.0450451 0.264404
0 0.577177 0.543168 0.0348349 0.0315315 0.255371
0 0.315916 0.558559 0.108108 0.126126 0.614258
1 0.783183 0.412538 0.0336336 0.0322823 0.420654
1 0.563664 0.466967 0.0306306 0.0330331 0.400635
1 0.154655 0.444444 0.0294294 0.0330331 0.353027
1 0.232733 0.491742 0.0402402 0.0405405 0.309814
1 0.842042 0.517267 0.0264264 0.0412913 0.277588
1 0.374775 0.626877 0.0252252 0.0315315 0.269775
0 0.577177 0.542793 0.0348349 0.0315315 0.262939
0 0.314715 0.559685 0.109309 0.128378 0.574707
1 0.783183 0.412913 0.0336336 0.0315315 0.439697
1 0.563664 0.466967 0.0306306 0.0330331 0.417725
1 0.154505 0.445195 0.0297297 0.0330331 0.375732
1 0.232132 0.491742 0.0408408 0.0405405 0.320801
1 0.374775 0.627628 0.0252252 0.0315315 0.294922
1 0.842042 0.517267 0.0264264 0.0412913 0.29248
0 0.576577 0.542793 0.0348349 0.0315315 0.253174
1 0.783183 0.413664 0.0336336 0.0315315 0.364746
0 0.316441 0.560811 0.111862 0.126126 0.347656
1 0.562763 0.468093 0.0288288 0.0322823 0.33374
1 0.718919 0.600601 0.0336337 0.0495495 0.315674
1 0.1497 0.444444 0.0294294 0.0315315 0.307373
1 0.232733 0.493243 0.039039 0.0390391 0.287842
1 0.373874 0.62988 0.024024 0.0300301 0.276611
1 0.122372 0.545796 0.0405405 0.0540541 0.259033
