1 0.0703125 0.381944 0.0225361 0.0470086 0.33374
1 0.250751 0.657051 0.0501803 0.0662393 0.253906
1 0.0694111 0.385684 0.0300481 0.0534188 0.270508
0 0.612981 0.481303 0.0673077 0.0619658 0.320801
0 0.251202 0.636752 0.0552885 0.0705128 0.36377
1 0.253005 0.653846 0.0516827 0.0619658 0.288574
0 0.61238 0.486645 0.0793269 0.0576923 0.272705
0 0.614032 0.478632 0.0772236 0.0833333 0.262207
1 0.252704 0.659188 0.0498798 0.0619658 0.262207
0 0.611629 0.482372 0.0772235 0.0651709 0.346924
0 0.61238 0.482906 0.0757211 0.0726496 0.404541
0 0.615385 0.487179 0.0745193 0.0587607 0.303223
0 0.615234 0.485043 0.0796274 0.0726496 0.301514
0 0.61238 0.486111 0.0805289 0.0662393 0.269775
0 0.61238 0.485043 0.0721154 0.0555556 0.259766
0 0.612831 0.485043 0.0748197 0.0747863 0.281494
0 0.612981 0.485043 0.0757212 0.0683761 0.359375
0 0.614032 0.486111 0.0772236 0.0705128 0.348633
0 0.61238 0.481838 0.078125 0.0726496 0.296631
0 0.615385 0.486111 0.0769231 0.0619658 0.370117
0 0.617788 0.485043 0.0721154 0.0619658 0.341553
0 0.615385 0.483974 0.0733173 0.0662393 0.500977
0 0.614032 0.482906 0.0796274 0.0705128 0.273682
0 0.614183 0.488248 0.0745193 0.0619658 0.377441
0 0.614183 0.482906 0.0745193 0.0683761 0.290283
0 0.61238 0.481838 0.0745192 0.0662393 0.286133
0 0.614784 0.485043 0.0733173 0.0673077 0.429199
0 0.61238 0.482906 0.0769231 0.0726496 0.414062
0 0.614032 0.485043 0.0748197 0.0726496 0.49707
0 0.615385 0.485043 0.0697115 0.0566239 0.57959
0 0.613582 0.484509 0.0745193 0.0662393 0.487305
0 0.613582 0.482906 0.0757212 0.0641026 0.481445
0 0.611779 0.482906 0.0757211 0.0619658 0.349609
0 0.61238 0.485577 0.0757211 0.0641026 0.27832
0 0.614333 0.482906 0.0766226 0.0662393 0.57373
0 0.614183 0.482906 0.0745193 0.0587607 0.417725
1 0.0693359 0.386752 0.0298978 0.0416667 0.256104
0 0.614183 0.482906 0.0757212 0.0576923 0.403564
1 0.0697867 0.387821 0.0295974 0.0405983 0.250977
0 0.612981 0.486111 0.0757212 0.0662393 0.330322
0 0.614183 0.479701 0.0757212 0.0683761 0.35498
0 0.612981 0.483974 0.0733173 0.0576923 0.258301
0 0.61238 0.485043 0.078125 0.059829 0.271973
1 0.626202 0.242788 0.03125 0.0598291 0.266602
0 0.612831 0.478098 0.0748197 0.0737179 0.301514
1 0.070012 0.38141 0.03125 0.0438034 0.299805
1 0.147536 0.483974 0.0198317 0.0512821 0.265137
0 0.611929 0.477564 0.0766226 0.0683761 0.390381
1 0.0685096 0.387286 0.0307993 0.0405983 0.319092
1 0.146184 0.487714 0.0189303 0.0459402 0.297363
0 0.61238 0.481838 0.0733173 0.0651709 0.260498
1 0.111779 0.542735 0.0243389 0.034188 0.250977
0 0.611929 0.481838 0.0742188 0.0694444 0.383057
1 0.146635 0.491453 0.0204327 0.0470085 0.294189
1 0.0698618 0.39156 0.0310998 0.0427351 0.257568
1 0.0695613 0.389957 0.0309495 0.042735 0.309814
0 0.611178 0.484509 0.0733173 0.0630342 0.291748
1 0.146635 0.493056 0.0204327 0.0448718 0.264404
1 0.625 0.243323 0.0288462 0.0560897 0.262207
0 0.610577 0.485043 0.0757211 0.0619658 0.450439
1 0.070012 0.389957 0.0300481 0.0405983 0.373047
1 0.146635 0.492521 0.0198317 0.042735 0.351318
1 0.625 0.241987 0.0276443 0.0555556 0.30249
1 0.111629 0.542735 0.0258413 0.034188 0.262939
1 0.0692608 0.392094 0.030649 0.042735 0.291748
1 0.145733 0.495192 0.0201322 0.0427351 0.279785
1 0.625 0.242521 0.0288462 0.0576923 0.271973
1 0.111178 0.545406 0.0258413 0.0331197 0.269043
1 0.183293 0.509081 0.0192308 0.0363248 0.250977
0 0.610577 0.486645 0.0745192 0.0651709 0.489258
1 0.146635 0.492521 0.0210337 0.0448718 0.384033
1 0.0695613 0.389423 0.0309495 0.0416667 0.364746
1 0.625601 0.240919 0.0300481 0.0582265 0.327637
1 0.111478 0.542735 0.0258413 0.034188 0.283691
0 0.610577 0.486111 0.0745192 0.0641026 0.569824
1 0.0694862 0.388889 0.0298978 0.042735 0.361084
1 0.146034 0.494124 0.0210336 0.0438034 0.350342
1 0.625601 0.243056 0.0288462 0.0582265 0.331055
1 0.111553 0.542735 0.0256911 0.0352564 0.262207
1 0.145883 0.493056 0.0201322 0.0438034 0.388672
1 0.0696364 0.389423 0.0303486 0.0405983 0.354004
1 0.626202 0.23985 0.0288461 0.0587607 0.330322
0 0.610427 0.486111 0.0724159 0.0598291 0.327637
0 0.611629 0.485043 0.0724159 0.0619658 0.434082
1 0.0692608 0.391026 0.03125 0.0427351 0.387695
1 0.146034 0.494658 0.0216346 0.0427351 0.347656
1 0.625 0.242521 0.03125 0.0587607 0.341553
1 0.111253 0.541667 0.026893 0.0363248 0.280518
0 0.61238 0.487714 0.0709135 0.0576923 0.455078
1 0.146635 0.494658 0.0198317 0.0427351 0.36377
1 0.0695613 0.391026 0.0303486 0.0427351 0.363037
1 0.626202 0.241186 0.0288461 0.0592949 0.294922
1 0.111779 0.543803 0.0255409 0.034188 0.266602
0 0.61238 0.487179 0.0709135 0.0576923 0.380371
1 0.0697867 0.391026 0.0309495 0.0427351 0.367432
1 0.146635 0.496261 0.0210337 0.0438034 0.313965
1 0.626202 0.241987 0.0300481 0.0587607 0.307373
1 0.111779 0.543803 0.0261418 0.0352564 0.291748
0 0.61238 0.488248 0.0709135 0.0576923 0.44458
1 0.070012 0.39156 0.030649 0.0416667 0.373047
1 0.146635 0.495727 0.0210337 0.0438034 0.35498
1 0.626202 0.241987 0.0288461 0.0587607 0.311523
1 0.111929 0.542735 0.0255409 0.034188 0.282227
0 0.611929 0.489316 0.0718149 0.0555556 0.450439
1 0.0697115 0.392094 0.030649 0.0405983 0.38208
1 0.146635 0.495727 0.0204327 0.042735 0.352295
1 0.626202 0.241453 0.0288461 0.0587607 0.34082
1 0.111704 0.543803 0.0250901 0.034188 0.289307
0 0.61238 0.486645 0.0721154 0.0587607 0.448486
1 0.0695613 0.39156 0.0317007 0.0416667 0.351318
1 0.146334 0.495727 0.0216346 0.042735 0.325195
1 0.626202 0.240385 0.03125 0.0587607 0.320801
1 0.111629 0.542735 0.0261418 0.034188 0.27124
1 0.0694862 0.391026 0.03125 0.0416667 0.381104
0 0.61238 0.488248 0.0721154 0.0555556 0.354004
1 0.146184 0.495727 0.0213341 0.0438034 0.350342
1 0.625601 0.240652 0.0300481 0.0582265 0.347656
1 0.111629 0.542735 0.0261418 0.034188 0.286865
0 0.61238 0.487179 0.0721154 0.0555556 0.431152
1 0.0695613 0.391026 0.03125 0.0405983 0.368408
1 0.146484 0.495727 0.0210337 0.042735 0.342529
1 0.626202 0.240385 0.0288461 0.0587607 0.32251
1 0.111779 0.542735 0.0258413 0.034188 0.258301
0 0.61238 0.487714 0.0709135 0.0544871 0.384033
1 0.0695613 0.392094 0.03125 0.0405983 0.373779
1 0.146334 0.495727 0.0210337 0.042735 0.339844
1 0.625601 0.241186 0.0300481 0.0582265 0.338135
1 0.111629 0.543269 0.0261418 0.034188 0.282959
1 0.0692608 0.392094 0.030649 0.042735 0.291748
1 0.145733 0.495192 0.0201322 0.0427351 0.279785
1 0.625 0.242521 0.0288462 0.0576923 0.27124
1 0.111178 0.54594 0.0258413 0.0320513 0.268066
1 0.183293 0.509081 0.0192308 0.0363248 0.250977
