1 0.0546124 0.467949 0.0557392 0.0844017 0.321777
1 0.173528 0.450855 0.0486779 0.0897436 0.427246
1 0.0539363 0.479701 0.0459736 0.0833333 0.310791
1 0.450721 0.449786 0.0697115 0.0844017 0.284668
1 0.719952 0.4375 0.0336539 0.112179 0.263672
0 0.453726 0.443376 0.0769231 0.104701 0.352295
0 0.908053 0.411859 0.0685096 0.0715812 0.329346
1 0.0494291 0.467949 0.050631 0.0854701 0.281494
1 0.0504808 0.464744 0.0444712 0.0769231 0.370117
1 0.16857 0.429487 0.047476 0.108974 0.349609
1 0.627404 0.395833 0.0384615 0.115385 0.343262
1 0.449519 0.434295 0.0685096 0.0972222 0.33374
1 0.527644 0.477564 0.0402644 0.0790599 0.294922
0 0.719952 0.436966 0.0360577 0.136752 0.281494
1 0.0521334 0.476496 0.0507812 0.0801282 0.299072
0 0.911058 0.410791 0.0673078 0.0608974 0.271973
1 0.626202 0.404915 0.0324519 0.113248 0.268066
1 0.0504996 0.474359 0.0504432 0.0769231 0.295898
0 0.909856 0.412393 0.0721154 0.0705129 0.42334
1 0.0523588 0.478632 0.0527344 0.0790599 0.332031
0 0.297776 0.477564 0.0727164 0.0790599 0.257568
1 0.0495793 0.476496 0.0516827 0.0715812 0.303955
0 0.622596 0.520299 0.0504807 0.0405983 0.500977
0 0.909255 0.406517 0.0685097 0.0619658 0.488281
0 0.297551 0.472222 0.074369 0.073718 0.457031
1 0.0519644 0.473291 0.0481145 0.0790598 0.35498
0 0.717548 0.430556 0.03125 0.127137 0.344238
0 0.381611 0.434829 0.03125 0.090812 0.300781
1 0.0518142 0.478098 0.0475135 0.0790599 0.376709
0 0.908654 0.410256 0.0697116 0.0662393 0.586914
0 0.624399 0.521902 0.0492788 0.042735 0.506836
0 0.298753 0.476496 0.0731671 0.0705128 0.492188
0 0.172175 0.442308 0.0492788 0.100427 0.307373
0 0.627404 0.415598 0.0384615 0.111111 0.299072
0 0.38101 0.431624 0.0324519 0.0961539 0.265869
0 0.71875 0.432158 0.0300481 0.136752 0.332031
0 0.450721 0.446581 0.0709135 0.0854701 0.32251
1 0.0530349 0.479701 0.0492789 0.0747863 0.295898
0 0.173227 0.443376 0.0456731 0.0918804 0.289307
0 0.630409 0.406517 0.0384615 0.107906 0.269043
0 0.38131 0.432692 0.030649 0.0918803 0.267334
0 0.451322 0.44765 0.0745193 0.0950855 0.410156
0 0.298152 0.479167 0.0767728 0.0726496 0.363037
1 0.0521334 0.478632 0.0513822 0.0811966 0.335449
0 0.908654 0.410791 0.0745193 0.0715812 0.308105
0 0.170373 0.446047 0.0498798 0.0940171 0.303955
0 0.907452 0.406517 0.0697115 0.0641026 0.638672
0 0.298077 0.473291 0.0751202 0.0705128 0.638672
0 0.449519 0.440171 0.0727163 0.0833333 0.575684
0 0.621394 0.520299 0.0528846 0.0405983 0.524414
0 0.628005 0.403312 0.0420673 0.120727 0.443604
0 0.379808 0.428419 0.03125 0.0940171 0.44165
0 0.719351 0.429487 0.0324519 0.134615 0.440674
0 0.16902 0.435897 0.0477764 0.0961539 0.437744
0 0.528245 0.478633 0.0420673 0.0747863 0.314941
1 0.0519081 0.473291 0.0464243 0.082265 0.342529
0 0.720553 0.428419 0.03125 0.125 0.2854
0 0.71875 0.432692 0.03125 0.123932 0.350342
0 0.907452 0.410791 0.0721154 0.0673077 0.349609
0 0.453726 0.450855 0.0745193 0.102564 0.300781
0 0.297476 0.481303 0.0763221 0.0705129 0.286865
1 0.0522649 0.477564 0.0499174 0.0747863 0.282959
0 0.625 0.404915 0.0360577 0.113248 0.252441
0 0.907452 0.405983 0.0745193 0.0662393 0.293457
0 0.720553 0.42735 0.032452 0.134615 0.253174
0 0.298077 0.473291 0.0745192 0.073718 0.428223
0 0.719952 0.428419 0.0408654 0.136752 0.424316
0 0.621394 0.521368 0.0528846 0.0395299 0.400635
0 0.451322 0.441239 0.0751202 0.0918803 0.399902
0 0.628606 0.404915 0.0408654 0.114316 0.38208
0 0.169321 0.441239 0.0528846 0.0982906 0.348633
1 0.0536358 0.469017 0.0500301 0.0844017 0.345947
0 0.906851 0.40812 0.0697116 0.0683761 0.256836
0 0.90625 0.411859 0.0697115 0.0587607 0.597168
0 0.296875 0.479701 0.0739183 0.0619658 0.46875
0 0.450721 0.446581 0.0799279 0.0918803 0.467773
0 0.717548 0.424679 0.03125 0.123932 0.370117
1 0.0494103 0.476496 0.0490159 0.0854701 0.305664
0 0.625601 0.401709 0.0348558 0.115385 0.279785
0 0.167969 0.44391 0.0480769 0.0950855 0.256104
0 0.453125 0.443376 0.0727163 0.0940171 0.320068
0 0.719952 0.432158 0.0348558 0.125 0.269043
0 0.719351 0.432692 0.0300481 0.123932 0.479492
0 0.449519 0.448184 0.0733173 0.0897436 0.455078
0 0.297776 0.483974 0.0703125 0.0555556 0.402588
0 0.298978 0.464209 0.0709135 0.0619658 0.369385
0 0.170974 0.446581 0.0522837 0.0940171 0.323486
0 0.627404 0.405983 0.0360577 0.115385 0.319092
0 0.903245 0.410791 0.0649039 0.0555556 0.275146
1 0.05311 0.475962 0.0498798 0.0779914 0.268066
0 0.448918 0.4375 0.0727164 0.0918803 0.557129
0 0.627404 0.404915 0.0360577 0.116453 0.553711
0 0.297175 0.480235 0.0757211 0.0651709 0.492188
0 0.719952 0.429487 0.032452 0.129273 0.486328
0 0.903846 0.407586 0.0697115 0.065171 0.459961
0 0.170974 0.440171 0.0480769 0.0897436 0.427246
0 0.620192 0.522436 0.0528846 0.0427351 0.351318
0 0.38101 0.426282 0.0276442 0.0897436 0.270508
1 0.0518142 0.475427 0.048415 0.0811966 0.341553
1 0.052509 0.47703 0.0497296 0.082265 0.306641
0 0.452524 0.443376 0.0721154 0.102564 0.293457
0 0.619591 0.522436 0.0564904 0.0405983 0.26123
0 0.44982 0.451923 0.0703125 0.0897436 0.445557
0 0.296274 0.482372 0.0697115 0.0619658 0.327637
0 0.620192 0.523504 0.0504808 0.0405983 0.318359
1 0.0531851 0.475427 0.0494291 0.0854701 0.279785
0 0.16872 0.444444 0.0501803 0.0961539 0.269043
0 0.906851 0.416667 0.0673077 0.0619658 0.266602
0 0.172175 0.440171 0.0546875 0.0950854 0.764648
0 0.453726 0.445513 0.0793269 0.100427 0.741699
0 0.628005 0.402244 0.0432692 0.117521 0.633301
0 0.907452 0.410256 0.0721154 0.0876069 0.629883
0 0.716346 0.430556 0.0360577 0.134615 0.613281
0 0.299279 0.478632 0.0739183 0.0705128 0.569824
0 0.379808 0.430556 0.0288461 0.0961539 0.383057
0 0.621394 0.522436 0.0528846 0.0405983 0.345215
0 0.530349 0.479167 0.0450721 0.0790599 0.311523
1 0.0528846 0.474893 0.047476 0.0790598 0.255371
0 0.453726 0.441239 0.0817307 0.106838 0.448486
0 0.906851 0.408654 0.0697116 0.0779915 0.402588
0 0.297476 0.477564 0.0727164 0.0726496 0.394287
0 0.170373 0.443376 0.0558894 0.105769 0.375732
0 0.71875 0.432692 0.0324519 0.128205 0.369385
0 0.627404 0.404915 0.0408654 0.119658 0.321777
1 0.0515325 0.476496 0.0515324 0.0854701 0.288574
0 0.717548 0.434829 0.0336538 0.13141 0.461914
0 0.450721 0.441773 0.0757212 0.104701 0.432129
0 0.906851 0.409722 0.0709134 0.0726496 0.371094
0 0.29695 0.475427 0.074369 0.0715812 0.35498
0 0.620192 0.522436 0.0552885 0.0405983 0.342529
0 0.16887 0.442308 0.0510817 0.102564 0.291016
0 0.626202 0.40438 0.0384615 0.119658 0.279785
0 0.452524 0.444444 0.0709135 0.0940171 0.338867
0 0.71875 0.433761 0.0336538 0.128205 0.331055
0 0.908654 0.408654 0.0697116 0.0608974 0.319092
0 0.620793 0.519765 0.0540865 0.0416667 0.294189
0 0.298377 0.477564 0.0715144 0.0641026 0.291748
0 0.169171 0.443376 0.0504808 0.0940171 0.256836
0 0.452224 0.445513 0.0697115 0.0940171 0.430176
0 0.621995 0.525641 0.0504807 0.0384616 0.411133
0 0.90625 0.40812 0.0673077 0.0641026 0.38208
1 0.0529034 0.477564 0.0468374 0.0811966 0.376709
0 0.71875 0.434829 0.0360577 0.130342 0.35498
0 0.297776 0.479701 0.0709135 0.0673077 0.337158
1 0.0513634 0.479701 0.0457106 0.0705128 0.412109
0 0.621394 0.52297 0.0504807 0.0373931 0.373047
0 0.719351 0.434829 0.0324519 0.121795 0.341553
0 0.905048 0.411325 0.0673077 0.0555556 0.306641
0 0.451322 0.444979 0.0733173 0.0833333 0.299072
0 0.297175 0.478632 0.0745192 0.059829 0.270508
0 0.451322 0.442842 0.0745193 0.0929487 0.614258
0 0.908654 0.411859 0.0697116 0.0598291 0.525391
0 0.297776 0.479701 0.0751202 0.0619658 0.477539
0 0.721755 0.434829 0.0360577 0.128205 0.474609
0 0.170072 0.441239 0.046875 0.0897436 0.391357
0 0.622596 0.521368 0.0528846 0.0373931 0.377441
0 0.628005 0.402778 0.0360577 0.115385 0.328613
1 0.0522837 0.465812 0.0447716 0.0769231 0.291748
0 0.722356 0.435363 0.0408654 0.135684 0.602051
0 0.451322 0.445513 0.0721154 0.0897436 0.452393
0 0.620192 0.52297 0.0528846 0.0352564 0.435791
0 0.627404 0.404915 0.0384615 0.115385 0.399902
0 0.295748 0.478632 0.0731671 0.059829 0.376709
0 0.168269 0.442308 0.0465745 0.0940171 0.356689
0 0.907452 0.412393 0.0673077 0.0576923 0.342529
0 0.381611 0.43109 0.0324519 0.0929487 0.303955
1 0.0508 0.467949 0.0462365 0.0811966 0.275879
0 0.908654 0.413462 0.0685096 0.0470086 0.561035
0 0.298678 0.481838 0.0691106 0.042735 0.46582
0 0.719952 0.434829 0.0336539 0.130342 0.443604
0 0.451322 0.440171 0.0769231 0.0865385 0.435791
0 0.622596 0.522436 0.0480769 0.0299146 0.378418
0 0.626803 0.407586 0.0336539 0.112179 0.362061
0 0.379808 0.433761 0.0276442 0.0918803 0.344238
0 0.90625 0.396368 0.0649038 0.0576923 0.252441
0 0.0529597 0.47703 0.0446214 0.0769231 0.250244
1 0.0521146 0.477564 0.0493164 0.0790599 0.408203
0 0.45012 0.443376 0.0739182 0.0918804 0.338135
0 0.296274 0.479701 0.0739183 0.0651709 0.293457
0 0.90625 0.412393 0.0673077 0.0673077 0.279053
0 0.451322 0.442308 0.0745193 0.090812 0.529297
0 0.170974 0.443376 0.0528846 0.0982906 0.442627
0 0.719952 0.431624 0.0336539 0.130342 0.421631
0 0.296274 0.47703 0.0751202 0.0619658 0.40918
0 0.905048 0.410256 0.0685097 0.0598291 0.366699
0 0.620192 0.523504 0.0552885 0.0405983 0.315674
0 0.627404 0.404915 0.0348558 0.115385 0.299072
1 0.0519081 0.476496 0.0494291 0.0769231 0.299072
0 0.716947 0.430556 0.0420673 0.128205 0.544922
0 0.172476 0.441239 0.0537861 0.104701 0.519531
0 0.451923 0.443376 0.0709135 0.0961539 0.516602
0 0.628606 0.40438 0.0408654 0.11859 0.435791
0 0.296875 0.477564 0.0721154 0.0705128 0.432129
0 0.620793 0.52297 0.0540865 0.0373931 0.410156
0 0.907452 0.411325 0.0697115 0.0662393 0.400635
0 0.379808 0.430556 0.0324519 0.0972222 0.330322
0 0.453726 0.444444 0.0769231 0.0918803 0.498047
0 0.719351 0.430021 0.0324519 0.127137 0.393311
0 0.171725 0.443376 0.0537861 0.105769 0.392334
0 0.299354 0.482906 0.0707632 0.0470086 0.304932
1 0.0530349 0.46688 0.0473257 0.0811966 0.275879
0 0.621394 0.523504 0.0528846 0.0363248 0.275879
0 0.627404 0.403312 0.0408654 0.120727 0.259033
0 0.450721 0.446581 0.0745193 0.100427 0.674805
0 0.905649 0.408654 0.0673078 0.0619658 0.637695
0 0.170373 0.444444 0.0522837 0.102564 0.559082
0 0.297401 0.476496 0.0722656 0.0641026 0.535156
0 0.719952 0.431624 0.0240385 0.119658 0.518555
0 0.621995 0.523504 0.0516827 0.034188 0.393311
0 0.628606 0.40812 0.0384615 0.116453 0.388672
1 0.0532039 0.468483 0.0492413 0.0801282 0.307373
0 0.380409 0.432158 0.0288461 0.0961539 0.2854
0 0.717548 0.428419 0.0336538 0.126068 0.49707
0 0.170373 0.443376 0.0522837 0.100427 0.495117
0 0.451322 0.444979 0.0733173 0.0940171 0.46582
0 0.295673 0.475427 0.0709135 0.0598291 0.42627
0 0.622596 0.520299 0.0528846 0.0363248 0.35498
0 0.627404 0.406517 0.0408654 0.114316 0.354004
0 0.903846 0.407051 0.0649038 0.0619658 0.310791
0 0.379507 0.432158 0.031851 0.0940171 0.283691
0 0.452224 0.439103 0.0763221 0.0972222 0.526367
0 0.171424 0.440171 0.0510817 0.0982906 0.430176
0 0.719351 0.435897 0.0324519 0.128205 0.40918
0 0.296274 0.479701 0.0763221 0.0608974 0.321777
0 0.627404 0.405983 0.0384615 0.119658 0.305664
0 0.621394 0.524038 0.0528846 0.0352564 0.297363
0 0.905048 0.410791 0.0673077 0.0683761 0.264404
0 0.380409 0.432692 0.0300481 0.0961538 0.253174
0 0.452524 0.443376 0.0745193 0.0918804 0.40918
0 0.905048 0.409188 0.0673077 0.0619658 0.403564
0 0.295373 0.476496 0.0721154 0.0598291 0.383057
0 0.171875 0.444444 0.0504808 0.0918803 0.365723
0 0.71875 0.432692 0.0324519 0.130342 0.359375
0 0.621394 0.520299 0.0528846 0.034188 0.289307
0 0.628606 0.407051 0.0360577 0.119658 0.265869
0 0.379808 0.430021 0.0276442 0.0886752 0.251709
0 0.451022 0.444444 0.0757211 0.100427 0.649414
0 0.170823 0.441239 0.0522837 0.102564 0.583008
0 0.71875 0.430556 0.03125 0.132479 0.515625
0 0.629207 0.404915 0.0408654 0.122863 0.44458
0 0.296875 0.476496 0.0751202 0.0705128 0.442627
0 0.905048 0.40812 0.0649038 0.0641026 0.42334
0 0.621394 0.52297 0.0504807 0.0373931 0.347656
0 0.453726 0.44391 0.078125 0.107906 0.693359
0 0.172776 0.441773 0.0567909 0.105769 0.683594
0 0.298753 0.474893 0.0767729 0.0726496 0.566895
0 0.719952 0.430556 0.0360577 0.132479 0.495117
0 0.620192 0.522436 0.0552885 0.0405983 0.458984
0 0.0540865 0.478632 0.0528846 0.0918804 0.408203
0 0.626803 0.405449 0.0444711 0.126068 0.374756
0 0.90625 0.411325 0.0721153 0.0811966 0.37207
0 0.451923 0.44765 0.0769231 0.0961539 0.621582
0 0.170823 0.442842 0.0507812 0.0982906 0.578613
0 0.720553 0.433761 0.03125 0.123932 0.517578
0 0.628606 0.40438 0.0384615 0.123932 0.504883
0 0.61899 0.522436 0.0552885 0.0363248 0.50293
0 0.904447 0.410791 0.0685096 0.0651709 0.44165
0 0.297175 0.477564 0.0751202 0.0715812 0.421631
1 0.0517015 0.469017 0.0468374 0.0790598 0.291016
0 0.452524 0.449786 0.0793269 0.102564 0.708984
0 0.298978 0.476496 0.0769231 0.0598291 0.704102
0 0.170974 0.446581 0.0498798 0.102564 0.690918
0 0.720553 0.431624 0.0372596 0.128205 0.642578
0 0.907452 0.410256 0.0721154 0.0705128 0.62793
0 0.628606 0.405983 0.0384615 0.123932 0.581543
0 0.620192 0.521368 0.0552885 0.0384615 0.509766
0 0.528846 0.480769 0.046875 0.0811966 0.353027
0 0.382512 0.431624 0.030649 0.0982906 0.320801
1 0.0516827 0.46688 0.0501803 0.0811966 0.286865
0 0.451322 0.442308 0.078125 0.0940171 0.585938
0 0.170222 0.442842 0.0540865 0.102564 0.570801
0 0.297175 0.476496 0.0739183 0.0619658 0.530273
0 0.720553 0.430556 0.032452 0.126068 0.501953
0 0.626803 0.405983 0.0372596 0.121795 0.499023
0 0.903846 0.40812 0.0673077 0.065171 0.485352
0 0.61899 0.52297 0.0540865 0.0352564 0.337158
1 0.0519081 0.467949 0.0467248 0.0833333 0.296631
0 0.38131 0.43109 0.0288462 0.0940171 0.272705
0 0.451923 0.440705 0.0757212 0.0950855 0.545898
0 0.71875 0.432692 0.03125 0.129274 0.473633
0 0.298603 0.47703 0.0758714 0.0630342 0.47168
0 0.172175 0.440171 0.0510817 0.0940171 0.420654
0 0.621394 0.523504 0.0528846 0.034188 0.418701
0 0.627404 0.405449 0.0360577 0.11859 0.417725
0 0.907452 0.407586 0.0697115 0.0683761 0.369385
1 0.0522085 0.469017 0.0488281 0.0790598 0.266602
0 0.721154 0.429487 0.032452 0.130342 0.492188
0 0.454928 0.44391 0.0793269 0.0972222 0.454346
0 0.301758 0.478098 0.0719652 0.0566239 0.451416
0 0.171725 0.442308 0.0507812 0.0982906 0.38501
0 0.628606 0.40438 0.0372596 0.11859 0.362061
0 0.622596 0.521368 0.0528846 0.0384615 0.345947
0 0.905649 0.408654 0.0637019 0.059829 0.260498
0 0.452524 0.438568 0.0805288 0.104701 0.675781
0 0.298377 0.477564 0.0751202 0.0619658 0.556641
0 0.172776 0.440171 0.0510817 0.0982906 0.53418
0 0.719952 0.430556 0.03125 0.134615 0.527344
0 0.620192 0.521368 0.0528846 0.0384615 0.511719
0 0.628606 0.403846 0.0396635 0.119658 0.458008
0 0.906851 0.40812 0.0685096 0.0726496 0.44165
0 0.381611 0.431624 0.0348557 0.101496 0.318359
0 0.528245 0.472222 0.0456731 0.0747863 0.282959
0 0.450721 0.444444 0.0757212 0.0940171 0.589844
0 0.719952 0.428419 0.03125 0.129273 0.521484
0 0.297476 0.475962 0.0793269 0.0641026 0.509766
0 0.171124 0.445513 0.0501803 0.0972222 0.498047
0 0.628606 0.403846 0.0360577 0.115385 0.466797
0 0.622596 0.522436 0.0588943 0.0405983 0.455078
0 0.907452 0.40812 0.0745193 0.0705128 0.365723
0 0.38101 0.43109 0.031851 0.0982906 0.34082
0 0.0522085 0.475962 0.047476 0.0844017 0.33374
0 0.719952 0.434295 0.032452 0.132479 0.536133
0 0.451022 0.443376 0.078125 0.090812 0.53125
0 0.628005 0.403846 0.0360577 0.119658 0.476562
0 0.171575 0.444444 0.0498798 0.0982906 0.47168
0 0.297476 0.480235 0.0727164 0.0587607 0.433105
0 0.90625 0.411325 0.0721153 0.0619658 0.35498
0 0.620192 0.523504 0.0528846 0.034188 0.324219
0 0.380409 0.430021 0.030649 0.0982906 0.305664
0 0.451923 0.44391 0.0745193 0.0929487 0.552734
0 0.719351 0.432692 0.0324519 0.130342 0.50293
0 0.298152 0.479701 0.0731671 0.0608974 0.469727
0 0.620192 0.523504 0.0552885 0.0373931 0.458008
0 0.171124 0.443376 0.0519832 0.0982906 0.433105
0 0.627404 0.403846 0.0360577 0.117521 0.427246
0 0.90625 0.412393 0.0721153 0.0694444 0.40918
0 0.380409 0.430021 0.0300481 0.099359 0.258301
0 0.170673 0.439103 0.0546875 0.104701 0.446533
0 0.451923 0.444444 0.077524 0.0961539 0.442627
0 0.297776 0.47703 0.0727164 0.0619658 0.411133
0 0.907452 0.409188 0.0721154 0.0705128 0.371094
0 0.620793 0.521368 0.0552885 0.0363248 0.352295
0 0.0522837 0.476496 0.0516827 0.0854701 0.315674
0 0.719952 0.421474 0.03125 0.133547 0.29248
0 0.626803 0.402244 0.0384615 0.114316 0.291016
0 0.450721 0.441239 0.0769231 0.0918803 0.548828
0 0.297175 0.470086 0.0763221 0.0705128 0.472656
0 0.170222 0.441239 0.0495793 0.0982906 0.457031
0 0.626202 0.404915 0.0348558 0.11218 0.420654
0 0.720553 0.423077 0.03125 0.132479 0.416748
0 0.621394 0.521368 0.0528846 0.0363248 0.404541
0 0.90625 0.404915 0.0721153 0.0673077 0.36377
0 0.380409 0.431624 0.0300481 0.0982906 0.254639
0 0.452524 0.440705 0.078125 0.0940171 0.67041
0 0.298978 0.477564 0.0739183 0.0641026 0.504883
0 0.172626 0.441774 0.0519832 0.0982906 0.483398
0 0.719952 0.432158 0.0336539 0.134615 0.473633
0 0.627404 0.405449 0.0408654 0.115385 0.407227
0 0.621394 0.52297 0.0552885 0.0363248 0.398926
0 0.907452 0.411325 0.0697115 0.0726496 0.357666
1 0.0538612 0.469551 0.0473257 0.082265 0.282227
0 0.451322 0.440705 0.0757212 0.0940171 0.599121
0 0.298002 0.471154 0.0734675 0.0662393 0.507812
0 0.169772 0.443376 0.0498798 0.0982906 0.49707
0 0.627404 0.405449 0.0396635 0.122863 0.401611
0 0.621394 0.522436 0.0528846 0.034188 0.401611
0 0.71875 0.421474 0.0276443 0.13141 0.399902
0 0.905649 0.405983 0.0685096 0.0683761 0.384033
0 0.0538048 0.475427 0.0471379 0.0833333 0.339844
0 0.528546 0.482906 0.0438702 0.0747863 0.272705
0 0.379808 0.429487 0.03125 0.100427 0.263672
0 0.453125 0.446047 0.0733173 0.0950854 0.728516
0 0.298678 0.476496 0.0733173 0.0694444 0.661133
0 0.907452 0.410791 0.0721154 0.0747863 0.480469
0 0.171424 0.446581 0.0504808 0.0961538 0.460938
0 0.621394 0.52297 0.0540865 0.034188 0.446533
0 0.716947 0.422009 0.0348557 0.130342 0.438721
0 0.626803 0.403846 0.0396635 0.119658 0.384033
0 0.0534856 0.478632 0.0501803 0.0865384 0.305664
0 0.529447 0.484509 0.0444712 0.0769231 0.294189
0 0.380409 0.432158 0.0342548 0.101496 0.291748
0 0.453425 0.446581 0.0721154 0.0950854 0.794434
0 0.29988 0.476496 0.0703125 0.0619658 0.757812
0 0.170523 0.446581 0.0507812 0.099359 0.625977
0 0.90625 0.40812 0.0673077 0.0630342 0.588867
0 0.620793 0.521368 0.0540865 0.034188 0.519531
0 0.71875 0.434829 0.0336538 0.128205 0.504883
0 0.626202 0.405983 0.0360577 0.116453 0.486328
0 0.0536358 0.47703 0.0507812 0.082265 0.443604
0 0.908654 0.428419 0.0649038 0.0662393 0.399902
0 0.528846 0.482372 0.0432693 0.0769231 0.385742
0 0.38101 0.431624 0.0300481 0.0982906 0.37207
0 0.451923 0.445513 0.0769231 0.099359 0.740234
0 0.298077 0.473291 0.0745192 0.0683761 0.62793
0 0.170673 0.445513 0.0516827 0.099359 0.620605
0 0.718149 0.433761 0.0336538 0.130342 0.509766
0 0.90625 0.40812 0.0697115 0.0683761 0.498047
0 0.621995 0.520833 0.0540865 0.034188 0.459961
0 0.627404 0.406517 0.0408654 0.117521 0.435791
0 0.530048 0.482906 0.0432693 0.0747863 0.344238
0 0.38101 0.431624 0.03125 0.0982906 0.335449
0 0.0530349 0.477564 0.0476262 0.0854701 0.269043
0 0.450721 0.443376 0.0757212 0.0982906 0.716797
0 0.297175 0.473291 0.0751202 0.0705128 0.697754
0 0.719952 0.433227 0.0336539 0.129274 0.618652
0 0.170974 0.445513 0.0492788 0.0982906 0.577637
0 0.905649 0.406517 0.0709134 0.0705128 0.511719
0 0.627404 0.405983 0.0384615 0.115385 0.510742
0 0.621394 0.521368 0.0528846 0.034188 0.458008
0 0.381611 0.428419 0.03125 0.0961539 0.378418
1 0.0530536 0.473291 0.0486403 0.0769231 0.342529
0 0.529447 0.482906 0.0426682 0.0769231 0.334473
0 0.170072 0.442308 0.0510817 0.100427 0.67334
0 0.44982 0.441239 0.0751202 0.0940171 0.67334
0 0.71875 0.430556 0.0384615 0.132479 0.669922
0 0.296575 0.470086 0.0715144 0.0683761 0.578613
0 0.627404 0.402778 0.0408654 0.117521 0.570801
0 0.620192 0.522436 0.0528846 0.0384615 0.487305
0 0.905048 0.40438 0.0697115 0.0619658 0.431152
0 0.528245 0.481838 0.0432693 0.0758547 0.377441
0 0.38101 0.428419 0.0336538 0.099359 0.337158
1 0.0536546 0.473291 0.0486403 0.0769231 0.282959
0 0.0542556 0.474359 0.0486403 0.0833334 0.256104
0 0.45012 0.442308 0.0709135 0.0929487 0.584961
0 0.169171 0.443376 0.0504808 0.0940171 0.565918
0 0.296875 0.472222 0.0697115 0.0683761 0.495117
0 0.718149 0.430556 0.0348557 0.132479 0.488281
0 0.620192 0.522436 0.0540865 0.0363248 0.422607
0 0.627404 0.404915 0.0408654 0.119658 0.400635
0 0.90625 0.409188 0.0697115 0.0641026 0.374756
0 0.38101 0.430556 0.0324519 0.0972222 0.286865
0 0.528245 0.483974 0.0432693 0.0747863 0.269043
0 0.452825 0.441239 0.077524 0.0982906 0.770508
0 0.298603 0.473291 0.0734675 0.0683761 0.6875
0 0.171875 0.440171 0.0528846 0.0972222 0.666992
0 0.71875 0.430556 0.0336538 0.132479 0.635254
0 0.621995 0.521368 0.0552885 0.0331197 0.508789
0 0.628005 0.403312 0.0384615 0.11859 0.47168
0 0.38131 0.428419 0.0300481 0.0961539 0.414795
0 0.907452 0.411325 0.0697115 0.0641026 0.36377
0 0.0539175 0.473291 0.047814 0.0833333 0.357666
0 0.530048 0.481838 0.0432693 0.0747863 0.327637
0 0.452524 0.439103 0.0757212 0.0940171 0.666504
0 0.299279 0.471154 0.0739183 0.0683761 0.551758
0 0.171124 0.439637 0.0507812 0.0972223 0.532227
0 0.719351 0.430556 0.0348558 0.132479 0.482422
0 0.621394 0.522436 0.0540865 0.0320513 0.42334
0 0.627404 0.403312 0.0360577 0.11859 0.389648
0 0.907452 0.40812 0.0673077 0.0641026 0.384033
0 0.38101 0.428419 0.030649 0.0940171 0.321777
0 0.530048 0.482372 0.0420673 0.0705128 0.281494
0 0.45012 0.440171 0.0733173 0.0940171 0.703125
0 0.170072 0.440705 0.0534856 0.099359 0.696777
0 0.29695 0.470086 0.0719651 0.0683761 0.589844
0 0.719351 0.429487 0.0324519 0.126068 0.583984
0 0.619591 0.522436 0.0576923 0.0331197 0.489258
0 0.627404 0.401175 0.0384615 0.122863 0.477539
0 0.90625 0.405449 0.0685097 0.0662393 0.448486
0 0.0524527 0.471154 0.0480394 0.082265 0.443604
0 0.528846 0.482906 0.0420673 0.0705128 0.40918
0 0.38101 0.42735 0.03125 0.0940171 0.305664
0 0.719952 0.428419 0.0360577 0.132479 0.546875
0 0.450721 0.444444 0.0739182 0.0982906 0.541992
0 0.169621 0.444444 0.0513822 0.0982906 0.487305
0 0.297551 0.474359 0.0731671 0.0758547 0.474609
0 0.620192 0.522436 0.0552885 0.0363248 0.433105
0 0.90625 0.410791 0.0721153 0.0758547 0.400635
0 0.627404 0.403312 0.0372596 0.120727 0.394287
0 0.0512508 0.474893 0.0504432 0.0865385 0.30249
0 0.380409 0.430556 0.03125 0.0982906 0.288574
1 0.0515512 0.469017 0.0492413 0.0747863 0.262939
0 0.170222 0.441239 0.0534856 0.100427 0.702637
0 0.451322 0.439103 0.0745193 0.0961539 0.692871
0 0.0518329 0.471154 0.0509315 0.0854701 0.605957
0 0.298152 0.468483 0.0731671 0.0715812 0.602051
0 0.719952 0.430556 0.0360577 0.136752 0.583008
0 0.620793 0.521368 0.0552885 0.034188 0.538086
0 0.627404 0.403312 0.0384615 0.122863 0.491211
0 0.90625 0.403846 0.0721153 0.0705128 0.414795
0 0.38101 0.425214 0.03125 0.0918803 0.375732
0 0.528846 0.480769 0.0432693 0.073718 0.371094
0 0.171274 0.439103 0.0546875 0.103632 0.609375
0 0.450721 0.440705 0.0769231 0.0972222 0.594727
0 0.719351 0.430021 0.0372596 0.135684 0.556641
0 0.297476 0.473291 0.0769231 0.0683761 0.544922
0 0.626803 0.402244 0.0384615 0.123932 0.477539
0 0.621394 0.520299 0.0552885 0.0320513 0.472656
0 0.905649 0.407051 0.0697116 0.0673077 0.435059
0 0.0536358 0.472222 0.0491286 0.0833333 0.395996
0 0.380709 0.425214 0.03125 0.0940171 0.361084
0 0.528846 0.482906 0.0420673 0.0726496 0.2854
0 0.169171 0.44391 0.0528846 0.099359 0.673828
0 0.451022 0.44391 0.0763221 0.100427 0.651367
0 0.719952 0.430556 0.0360577 0.134615 0.611328
0 0.627404 0.403846 0.0408654 0.122863 0.565918
0 0.297476 0.474359 0.0733173 0.0726496 0.555664
0 0.620192 0.52297 0.0552885 0.034188 0.47168
0 0.0516827 0.474359 0.0501803 0.0854701 0.46875
0 0.380709 0.428419 0.0288461 0.0940171 0.400635
0 0.90625 0.412393 0.0697115 0.073718 0.350342
0 0.528846 0.484509 0.0450721 0.0737179 0.339844
0 0.171274 0.438034 0.0534856 0.106838 0.59082
0 0.451322 0.438034 0.0757212 0.0982906 0.569824
0 0.719952 0.433761 0.0408654 0.134615 0.536133
0 0.298603 0.472222 0.0734675 0.0705128 0.493164
0 0.626803 0.401709 0.0396635 0.122863 0.457031
0 0.621394 0.521368 0.0552885 0.0320513 0.416748
0 0.906851 0.405983 0.0709134 0.073718 0.408203
0 0.0521334 0.472756 0.0503305 0.0844017 0.387695
0 0.38131 0.42735 0.030649 0.0982906 0.358398
0 0.529147 0.481838 0.0444711 0.0747863 0.311523
0 0.170373 0.440705 0.0528846 0.0982906 0.646973
0 0.449519 0.440171 0.0757212 0.100427 0.623535
0 0.719952 0.433761 0.0384615 0.134615 0.570801
0 0.2968 0.473825 0.0758714 0.0705129 0.551758
0 0.621394 0.521902 0.0552885 0.034188 0.53418
0 0.627404 0.401709 0.0384615 0.121795 0.510742
0 0.90625 0.407051 0.0745193 0.0747863 0.456055
0 0.0521146 0.474359 0.0481145 0.0833334 0.455078
0 0.381611 0.42735 0.0300481 0.0982906 0.406494
0 0.529447 0.481838 0.0444712 0.0726496 0.397949
0 0.45012 0.438034 0.0745193 0.100427 0.488281
0 0.722356 0.430556 0.0384615 0.135684 0.479492
0 0.621394 0.522436 0.0576923 0.0363248 0.464844
0 0.298377 0.469017 0.0769231 0.0769231 0.438721
0 0.172175 0.439103 0.0540865 0.100427 0.433105
0 0.627404 0.401175 0.0384615 0.123932 0.383057
0 0.906851 0.398504 0.0745193 0.0790598 0.321777
0 0.0526593 0.472756 0.0503305 0.0876069 0.286133
0 0.380709 0.42735 0.030649 0.0982906 0.2854
0 0.453125 0.435363 0.0769231 0.103632 0.553711
0 0.721154 0.428953 0.0360577 0.133547 0.495117
0 0.621394 0.520299 0.0576923 0.0384616 0.493164
0 0.172175 0.435897 0.0540865 0.100427 0.491211
0 0.299354 0.465812 0.0731671 0.0811966 0.457031
0 0.628606 0.400641 0.0384615 0.123932 0.394287
0 0.905048 0.392094 0.0697115 0.0726496 0.277588
1 0.0519644 0.46688 0.047814 0.0811966 0.259766
0 0.380709 0.424679 0.030649 0.0929487 0.257568
0 0.451623 0.435897 0.0727164 0.0940171 0.686035
0 0.170373 0.439103 0.0516827 0.0940171 0.57373
0 0.298377 0.465812 0.0715144 0.0726496 0.57373
0 0.718149 0.428953 0.0336538 0.129273 0.53418
0 0.620192 0.520299 0.0552885 0.0320513 0.472656
0 0.626803 0.399573 0.0360577 0.117521 0.458984
0 0.0516827 0.469017 0.0497296 0.0811966 0.425293
0 0.380709 0.422009 0.030649 0.0876068 0.367432
1 0.0508564 0.470086 0.0497296 0.0833333 0.325928
0 0.528846 0.475427 0.0432693 0.0715812 0.320068
0 0.905048 0.407051 0.0697115 0.0662393 0.299805
0 0.452224 0.433761 0.0745192 0.0940171 0.613281
0 0.298978 0.463675 0.0721154 0.0747863 0.520508
0 0.719952 0.425214 0.0360577 0.132479 0.514648
0 0.170974 0.436432 0.0510817 0.0940171 0.466797
0 0.621394 0.519231 0.0540865 0.0373932 0.463867
0 0.0525654 0.467949 0.0487154 0.0833333 0.433105
0 0.90625 0.407051 0.0697115 0.0662393 0.424316
0 0.628005 0.398504 0.0372596 0.119658 0.418701
0 0.38101 0.42094 0.0300481 0.0897436 0.332031
1 0.051401 0.467415 0.0486403 0.0811966 0.266602
0 0.170974 0.436966 0.0510817 0.0982906 0.584961
0 0.451623 0.436966 0.0751202 0.0940171 0.575684
0 0.298678 0.465812 0.0727164 0.0747863 0.540039
0 0.719952 0.429487 0.0360577 0.134615 0.539062
0 0.905048 0.410256 0.0697115 0.0683761 0.523438
0 0.620793 0.519231 0.0552885 0.0384616 0.484375
0 0.628606 0.403312 0.0384615 0.122863 0.427246
0 0.38101 0.422009 0.03125 0.0940171 0.38208
0 0.051063 0.467949 0.047814 0.0854701 0.370117
0 0.529748 0.474893 0.0420673 0.073718 0.314941
1 0.0509315 0.47062 0.0480769 0.0811966 0.303955
0 0.450721 0.439103 0.0757212 0.0961539 0.617676
0 0.297476 0.473825 0.0721154 0.0651709 0.614258
0 0.721154 0.431624 0.0360577 0.134615 0.610352
0 0.170974 0.438034 0.0504808 0.0961539 0.601074
0 0.905048 0.410256 0.0697115 0.0662393 0.562988
0 0.0516827 0.472222 0.0485276 0.0854701 0.520508
0 0.628005 0.404915 0.0360577 0.121795 0.470703
0 0.621394 0.520833 0.0528846 0.0363248 0.470703
0 0.381611 0.424679 0.0300481 0.0982906 0.354004
0 0.530048 0.481838 0.0408654 0.0683761 0.31665
1 0.0522085 0.464744 0.0494291 0.0790599 0.258301
0 0.297175 0.473291 0.0739183 0.0662393 0.588867
0 0.71875 0.432158 0.0324519 0.133547 0.575684
0 0.905048 0.410256 0.0721153 0.0673077 0.567871
0 0.0515512 0.470086 0.0471379 0.0811966 0.560059
0 0.451322 0.441239 0.077524 0.0950855 0.538086
0 0.171575 0.441239 0.0513822 0.0961539 0.530273
0 0.625601 0.408654 0.0348558 0.120727 0.47168
0 0.620192 0.524573 0.0552885 0.034188 0.392334
0 0.380409 0.424145 0.0300481 0.0982906 0.328613
0 0.529147 0.480769 0.0402645 0.0683761 0.305664
0 0.171575 0.442308 0.0504808 0.0940171 0.565918
0 0.451322 0.442308 0.0769231 0.0961539 0.538086
0 0.719952 0.430556 0.0336539 0.132479 0.526367
0 0.297551 0.475427 0.0731671 0.0641026 0.524414
0 0.621394 0.523504 0.0516827 0.034188 0.476562
0 0.0521522 0.471154 0.0468374 0.0833333 0.460938
0 0.626202 0.40812 0.0348558 0.11859 0.459961
0 0.905048 0.410256 0.0709135 0.0683761 0.458008
0 0.379808 0.426282 0.0288461 0.0918803 0.347656
0 0.529447 0.480769 0.0408654 0.0705129 0.346924
0 0.170673 0.440171 0.0492788 0.0950854 0.676758
0 0.450721 0.438034 0.0769231 0.0961539 0.676758
0 0.297175 0.473291 0.0733173 0.0673077 0.662598
0 0.719351 0.428419 0.0348558 0.133547 0.617676
0 0.0510817 0.470086 0.047476 0.0854701 0.580566
0 0.620793 0.520299 0.0528846 0.0363248 0.562988
0 0.627404 0.403846 0.0384615 0.121795 0.540039
0 0.905048 0.407051 0.0709135 0.0726496 0.494141
0 0.529748 0.479701 0.0408654 0.0705128 0.405518
0 0.380409 0.423611 0.03125 0.0982906 0.397949
0 0.171274 0.441239 0.0486779 0.0918803 0.694336
0 0.298002 0.475427 0.0710637 0.0641026 0.689453
0 0.451022 0.442308 0.0757211 0.0897436 0.6875
0 0.719952 0.431624 0.0336539 0.130342 0.594727
0 0.905048 0.410791 0.0697115 0.0673077 0.59082
0 0.620192 0.521368 0.0528846 0.0363248 0.563965
0 0.627404 0.40812 0.0360577 0.119658 0.52832
0 0.0518329 0.472222 0.0471755 0.0811966 0.469727
0 0.529447 0.480769 0.0396635 0.0683761 0.401611
0 0.380409 0.425214 0.0288461 0.0961539 0.367432
1 0.0516639 0.466346 0.0457106 0.0769231 0.253174
0 0.298002 0.47703 0.0722656 0.0619658 0.690918
0 0.171424 0.440705 0.0507812 0.0961539 0.6875
0 0.451322 0.439103 0.078125 0.0961539 0.635254
0 0.719952 0.430556 0.03125 0.132479 0.616699
0 0.0520583 0.472222 0.0486779 0.0833333 0.571777
0 0.905048 0.407051 0.0697115 0.0662393 0.565918
0 0.620192 0.521902 0.0528846 0.0352564 0.526367
0 0.627404 0.407586 0.0360577 0.120727 0.519531
0 0.529447 0.480769 0.0408654 0.0683761 0.434082
0 0.380709 0.42735 0.0288461 0.0940171 0.388672
0 0.171575 0.441239 0.0510817 0.0940171 0.631836
0 0.298753 0.476496 0.0719652 0.0641026 0.624512
0 0.451923 0.442308 0.0769231 0.0940171 0.569824
0 0.719351 0.431624 0.0336539 0.134615 0.548828
0 0.0520583 0.471688 0.0485276 0.0833333 0.547852
0 0.905048 0.408654 0.0697115 0.0673077 0.536133
0 0.620192 0.521368 0.0528846 0.0363248 0.473633
0 0.627404 0.408654 0.0384615 0.121795 0.452393
0 0.529447 0.481838 0.0408654 0.0683761 0.374756
0 0.380409 0.426282 0.0300481 0.0940171 0.348633
0 0.172025 0.441774 0.0510817 0.0950855 0.747559
0 0.451623 0.441239 0.0751202 0.0961539 0.697754
0 0.298678 0.475427 0.0715144 0.0662393 0.684082
0 0.719952 0.432692 0.0336539 0.134615 0.629883
0 0.0522085 0.472222 0.0485277 0.0833333 0.563965
0 0.905649 0.408654 0.0697116 0.0673077 0.541992
0 0.627404 0.40812 0.0384615 0.121795 0.540039
0 0.621394 0.52297 0.0528846 0.0363248 0.521484
0 0.530048 0.482372 0.0408654 0.0694444 0.430176
0 0.38101 0.426282 0.0300481 0.0940171 0.378418
0 0.172476 0.441239 0.0504808 0.0961539 0.647949
0 0.298678 0.474359 0.0715144 0.0619658 0.629883
0 0.719952 0.433761 0.0348558 0.138889 0.616699
0 0.0516076 0.473291 0.0492788 0.0854701 0.609375
0 0.451923 0.442308 0.0745193 0.0929487 0.558105
0 0.90625 0.40812 0.0697115 0.0641026 0.537109
0 0.621394 0.520299 0.0552885 0.0363248 0.488281
0 0.628606 0.409188 0.0384615 0.126068 0.483398
0 0.530349 0.482372 0.0414664 0.0705128 0.371094
0 0.38101 0.425214 0.0300481 0.0940171 0.354004
0 0.171575 0.440171 0.0495793 0.0940171 0.717773
0 0.451923 0.441239 0.0757212 0.0961539 0.671387
0 0.298603 0.473291 0.0710637 0.0641026 0.664551
0 0.719952 0.432692 0.0336539 0.134615 0.634277
0 0.0523024 0.472222 0.0486403 0.0833333 0.60498
0 0.90625 0.40812 0.0673077 0.065171 0.546875
0 0.627404 0.407051 0.0372596 0.121795 0.542969
0 0.621394 0.521368 0.0552885 0.0363248 0.538086
0 0.530048 0.480769 0.0408654 0.0705129 0.424316
0 0.38101 0.424145 0.0300481 0.0918803 0.395996
0 0.171575 0.438568 0.0501803 0.0950855 0.70166
0 0.298077 0.472222 0.0727164 0.0662393 0.700195
0 0.451322 0.440171 0.0763221 0.0961539 0.676758
0 0.052509 0.471154 0.0495793 0.0833333 0.643555
0 0.719351 0.431624 0.0336539 0.134615 0.619629
0 0.905649 0.406517 0.0697116 0.0683761 0.587891
0 0.621394 0.521368 0.0552885 0.0363248 0.544922
0 0.627404 0.405449 0.0384615 0.121795 0.537109
0 0.530048 0.480769 0.0408654 0.0705129 0.431152
0 0.38101 0.423611 0.0288462 0.0929487 0.40918
0 0.171274 0.434829 0.0510817 0.0961539 0.693359
0 0.451623 0.433761 0.0739183 0.0961539 0.671387
0 0.299279 0.464744 0.0727163 0.0715812 0.655762
0 0.719351 0.426282 0.0336539 0.130342 0.610352
0 0.0526593 0.469017 0.0488281 0.0833333 0.589844
0 0.621394 0.516026 0.0540865 0.0384615 0.564941
0 0.90625 0.401709 0.0697115 0.0683761 0.541016
0 0.628005 0.398504 0.0396635 0.123932 0.516602
0 0.530048 0.476496 0.0420673 0.0726496 0.404541
0 0.380709 0.418803 0.030649 0.0918803 0.395996
0 0.171274 0.440171 0.0495793 0.0940171 0.711426
0 0.298603 0.47062 0.0722656 0.065171 0.669922
0 0.719952 0.432692 0.0336539 0.134615 0.662598
0 0.451923 0.439103 0.0757212 0.0940171 0.65918
0 0.0526593 0.471154 0.0480769 0.082265 0.634277
0 0.905649 0.405449 0.0685096 0.0651709 0.568848
0 0.628005 0.407051 0.0384615 0.123932 0.553711
0 0.621394 0.519231 0.0528846 0.034188 0.538086
0 0.38101 0.423077 0.0300481 0.0897436 0.430176
0 0.530048 0.479701 0.0408654 0.0705128 0.429199
0 0.171124 0.436966 0.0501803 0.0961539 0.727051
0 0.451322 0.436432 0.0745193 0.0940171 0.721191
0 0.298678 0.46688 0.0721154 0.0683761 0.681641
0 0.719952 0.429487 0.0336539 0.133547 0.63623
0 0.0527344 0.470086 0.0488281 0.0833333 0.621582
0 0.621394 0.517094 0.0528846 0.0363248 0.568848
0 0.90625 0.403312 0.0697115 0.0673077 0.564941
0 0.628606 0.402778 0.0384615 0.123932 0.559082
0 0.530048 0.477564 0.0414663 0.0715812 0.435791
0 0.38101 0.419872 0.0300481 0.0897436 0.422607
0 0.170974 0.4375 0.0498798 0.0950855 0.712891
0 0.298753 0.469017 0.0719652 0.0662393 0.680176
0 0.451022 0.436966 0.0739183 0.0940171 0.671387
0 0.052509 0.470086 0.0489784 0.0833333 0.628906
0 0.719351 0.429487 0.0324519 0.132479 0.625
0 0.905048 0.403846 0.0697115 0.0662393 0.580566
0 0.621394 0.517628 0.0540865 0.0352564 0.553711
0 0.627404 0.402778 0.0384615 0.121795 0.542969
0 0.530048 0.478632 0.0408654 0.0705128 0.442627
0 0.38101 0.42094 0.0300481 0.0918803 0.407227
0 0.171575 0.442308 0.0504808 0.0940171 0.565918
0 0.451322 0.442308 0.0769231 0.0961539 0.538086
0 0.719952 0.430556 0.0336539 0.132479 0.526367
0 0.297551 0.475427 0.0731671 0.0641026 0.524414
0 0.621394 0.523504 0.0516827 0.034188 0.476562
0 0.0520583 0.471154 0.0467248 0.0833333 0.461914
0 0.626202 0.40812 0.0348558 0.11859 0.459961
0 0.905048 0.410256 0.0709135 0.0683761 0.458008
0 0.379808 0.426282 0.0288461 0.0918803 0.348633
0 0.529447 0.480769 0.0408654 0.0705129 0.346924
