0 0.122296 0.435897 0.180589 0.213942 0.269775
1 0.970553 0.687901 0.0588943 0.0897436 0.253174
1 0.94351 0.334936 0.0576922 0.0608974 0.268066
1 0.944712 0.333333 0.0576922 0.0592949 0.29248
1 0.94351 0.330729 0.0600961 0.0685096 0.281494
1 0.944111 0.33774 0.0552885 0.0633013 0.29248
1 0.944712 0.335337 0.0528846 0.0584936 0.347656
1 0.94351 0.335337 0.0528846 0.0520833 0.309082
1 0.945312 0.336138 0.0564903 0.0560898 0.314941
0 0.320613 0.451522 0.148438 0.148237 0.364746
1 0.94351 0.33734 0.0552884 0.0520833 0.350342
1 0.69351 0.379006 0.046875 0.0544872 0.263672
1 0.627404 0.382212 0.0360577 0.0440705 0.259766
1 0.945312 0.336739 0.0528847 0.0508814 0.257568
1 0.944712 0.335337 0.0528846 0.0520833 0.313965
0 0.56881 0.492788 0.0811298 0.0833333 0.29248
1 0.94351 0.334135 0.0576922 0.0584936 0.267334
1 0.944111 0.334535 0.0552885 0.0600961 0.338135
0 0.566106 0.497596 0.0829327 0.0833333 0.274414
0 0.344351 0.451923 0.125 0.173077 0.36377
0 0.864183 0.449119 0.153846 0.189103 0.323486
1 0.944712 0.334335 0.0540866 0.0572917 0.289307
1 0.94351 0.334535 0.0552884 0.0600961 0.256836
0 0.342548 0.447917 0.115385 0.173878 0.320801
1 0.740385 0.358574 0.0384615 0.0488782 0.259033
1 0.740385 0.358173 0.0408654 0.0544872 0.276611
0 0.560096 0.510016 0.0925481 0.0857372 0.265137
1 0.944712 0.334135 0.0576922 0.0608974 0.259033
0 0.343149 0.452724 0.125 0.163462 0.454346
0 0.242188 0.473558 0.184495 0.209936 0.329346
0 0.697716 0.466346 0.135817 0.126603 0.296631
1 0.94351 0.334736 0.0552884 0.0564904 0.286133
1 0.739183 0.357472 0.0408654 0.0542869 0.27124
1 0.689303 0.375801 0.0528846 0.0560898 0.269775
0 0.562801 0.492788 0.0883413 0.0873398 0.30249
1 0.945913 0.334535 0.0516827 0.0528846 0.252441
0 0.34976 0.457532 0.122596 0.161859 0.499023
1 0.946514 0.334936 0.0516827 0.0576923 0.253174
0 0.352163 0.448718 0.121394 0.169071 0.358398
0 0.557091 0.505208 0.092548 0.0873398 0.270508
0 0.342548 0.453526 0.127404 0.176282 0.352295
0 0.564904 0.503205 0.0913461 0.0961538 0.284668
1 0.691707 0.377404 0.0516827 0.0576923 0.256104
0 0.33744 0.448718 0.148438 0.170673 0.368408
0 0.560998 0.508013 0.0907452 0.0897436 0.290283
1 0.944712 0.336138 0.0552884 0.056891 0.250977
0 0.347957 0.446314 0.122596 0.168269 0.309814
1 0.945312 0.33774 0.0564903 0.0592949 0.288574
1 0.740385 0.359375 0.0408654 0.0552885 0.269775
0 0.348558 0.453125 0.116587 0.166667 0.327637
1 0.689904 0.375801 0.0504808 0.0560898 0.259033
0 0.354567 0.449519 0.113582 0.160256 0.464844
0 0.56851 0.499199 0.0841346 0.0961539 0.356689
1 0.944712 0.338141 0.0552884 0.0600962 0.305664
1 0.689904 0.379006 0.0528846 0.0600962 0.251709
0 0.34067 0.448718 0.157602 0.17468 0.490234
0 0.56851 0.499199 0.0877404 0.0897436 0.46875
1 0.94351 0.338542 0.0552884 0.056891 0.279785
0 0.350361 0.450321 0.120192 0.160256 0.615234
0 0.566106 0.495192 0.0949519 0.0993589 0.385742
1 0.944712 0.338141 0.0528846 0.0576923 0.269775
0 0.561298 0.503606 0.0985577 0.0913461 0.256836
0 0.34976 0.454327 0.126202 0.173077 0.44458
1 0.94351 0.335938 0.0552884 0.0572917 0.336426
0 0.566406 0.494391 0.0847356 0.0817308 0.311523
1 0.689904 0.375 0.0504808 0.0560898 0.294189
1 0.739183 0.357772 0.0384615 0.0512821 0.255371
0 0.563101 0.503606 0.0877404 0.0793269 0.329346
0 0.335938 0.448718 0.159856 0.169872 0.312256
1 0.94351 0.33754 0.0564904 0.0556891 0.309082
0 0.335036 0.449519 0.161659 0.168269 0.710449
0 0.561899 0.503205 0.0889423 0.0785256 0.342529
1 0.944712 0.336739 0.0552884 0.0556891 0.32251
1 0.739784 0.358974 0.0384615 0.0512821 0.259033
0 0.566106 0.493189 0.0925481 0.0969551 0.373047
1 0.944712 0.335938 0.0576922 0.0556891 0.294189
0 0.348257 0.448718 0.128606 0.171474 0.279785
1 0.689904 0.369491 0.0504808 0.057492 0.256836
1 0.739784 0.358273 0.0384615 0.0510817 0.250977
1 0.942909 0.334936 0.0576923 0.0584936 0.300781
1 0.739183 0.358173 0.0384615 0.0520833 0.29834
0 0.560096 0.502404 0.0961538 0.0785256 0.294189
1 0.691106 0.370292 0.0528846 0.057492 0.262207
0 0.559796 0.503205 0.0919471 0.0881411 0.303955
0 0.350962 0.449519 0.117788 0.168269 0.453369
0 0.559796 0.500801 0.0991587 0.0833333 0.331055
1 0.945312 0.333734 0.0552885 0.0584936 0.293457
1 0.740385 0.358073 0.0396635 0.0530849 0.265869
1 0.692308 0.36899 0.0528846 0.0576923 0.250244
0 0.34375 0.448718 0.138221 0.165064 0.550781
0 0.560697 0.501603 0.0973557 0.0865384 0.392334
1 0.944712 0.335337 0.0552884 0.0560898 0.287842
0 0.352163 0.450321 0.120192 0.171474 0.448486
0 0.235126 0.472756 0.184195 0.219551 0.446533
0 0.560096 0.504808 0.100962 0.0865385 0.344238
1 0.94351 0.335537 0.0564904 0.0572917 0.32251
1 0.739183 0.360176 0.0396635 0.0536859 0.293457
0 0.288462 0.444712 0.116587 0.134615 0.255371
0 0.563101 0.496795 0.0985577 0.088141 0.450439
0 0.336614 0.447115 0.1561 0.179487 0.436768
1 0.945913 0.335136 0.0552884 0.0564904 0.32251
1 0.691707 0.370994 0.0516827 0.0576923 0.289307
1 0.740385 0.360176 0.0384615 0.0512821 0.259766
0 0.561599 0.498397 0.0979567 0.0841346 0.461914
0 0.342548 0.451522 0.14363 0.180288 0.455078
1 0.94351 0.334535 0.0576922 0.056891 0.324219
1 0.688101 0.377404 0.0516827 0.0592949 0.2854
0 0.342248 0.448718 0.125 0.169872 0.431152
1 0.944111 0.336138 0.0564903 0.0544872 0.296631
1 0.691106 0.371795 0.0552885 0.0576923 0.255371
0 0.338341 0.456731 0.145433 0.176282 0.314941
1 0.945312 0.334736 0.0564903 0.0572917 0.273682
1 0.691106 0.370994 0.0528846 0.0592949 0.269043
0 0.342248 0.447917 0.13762 0.169872 0.462891
1 0.944111 0.336939 0.0552885 0.056891 0.319092
1 0.690505 0.372196 0.0540865 0.0592949 0.287842
1 0.739183 0.360577 0.0396635 0.0536859 0.269043
0 0.351562 0.444712 0.121394 0.164263 0.515625
0 0.559796 0.496795 0.0967548 0.0865385 0.334473
1 0.944712 0.340144 0.0528846 0.0560898 0.291016
1 0.688702 0.376202 0.0516827 0.0576923 0.273682
1 0.740385 0.361278 0.0384615 0.0514824 0.263672
0 0.339017 0.453125 0.151292 0.176282 0.565918
0 0.562801 0.499199 0.0967548 0.0945513 0.499023
1 0.944111 0.338141 0.0540865 0.0576923 0.348633
1 0.740385 0.360176 0.0408654 0.0528846 0.301514
1 0.689904 0.372997 0.0552885 0.0625 0.27832
0 0.557993 0.495192 0.107572 0.102564 0.443604
0 0.351562 0.450321 0.126803 0.173878 0.406494
1 0.944712 0.338942 0.0540866 0.056891 0.376709
1 0.740385 0.361378 0.0396635 0.0528846 0.307373
1 0.690505 0.373397 0.0552885 0.0625 0.282959
0 0.561599 0.49399 0.107572 0.100962 0.458008
1 0.944712 0.337139 0.0552884 0.0564904 0.435059
1 0.689303 0.373297 0.0564904 0.0610978 0.363037
1 0.740385 0.360577 0.0384615 0.0520833 0.362061
1 0.800481 0.0423678 0.0432693 0.0510817 0.281494
1 0.330529 0.0544872 0.0528846 0.0592949 0.257568
1 0.911058 0.72516 0.0360578 0.0657051 0.251709
0 0.327599 0.452724 0.160907 0.179487 0.406494
1 0.945913 0.33774 0.0504807 0.0536859 0.342529
1 0.688702 0.373297 0.0528846 0.0562901 0.286865
1 0.740385 0.360978 0.0384615 0.0520834 0.286865
0 0.561899 0.503205 0.102163 0.0889423 0.283691
0 0.350962 0.446314 0.125 0.166667 0.578613
0 0.559195 0.496394 0.100361 0.099359 0.518555
1 0.945913 0.336338 0.0528846 0.0532853 0.371094
0 0.277719 0.447115 0.123648 0.147436 0.370117
1 0.740385 0.360176 0.0384615 0.0520833 0.354004
1 0.690505 0.3749 0.0552885 0.0610978 0.343262
0 0.229267 0.471955 0.192308 0.209936 0.317383
1 0.800481 0.0452975 0.0408654 0.0500301 0.29248
1 0.667067 0.0212841 0.0456731 0.0425681 0.258301
0 0.350361 0.454728 0.116587 0.158654 0.496094
0 0.555889 0.504006 0.102163 0.0897436 0.413086
1 0.944712 0.338341 0.0504807 0.0540865 0.362061
1 0.688101 0.379808 0.0528846 0.0576923 0.320801
1 0.740385 0.363381 0.0384615 0.0520833 0.318359
1 0.667067 0.0220853 0.0456731 0.0441707 0.273682
1 0.715144 0.678686 0.0588943 0.0544872 0.273682
0 0.27216 0.447516 0.126352 0.149038 0.27124
1 0.330529 0.0533854 0.046875 0.0622997 0.269775
1 0.79988 0.0472756 0.0408654 0.0500801 0.264404
0 0.34976 0.456731 0.117788 0.160256 0.57373
1 0.944712 0.337139 0.0528846 0.0540865 0.36377
0 0.555288 0.501603 0.100962 0.0945513 0.332764
1 0.688101 0.378205 0.0528846 0.0584936 0.326904
1 0.739784 0.36258 0.0396635 0.0512821 0.304932
1 0.667067 0.0217348 0.0456731 0.0434696 0.280518
1 0.799279 0.0479768 0.0408654 0.0500801 0.262207
1 0.714543 0.678686 0.0588943 0.0528846 0.250977
0 0.34976 0.453526 0.11899 0.161859 0.545898
1 0.944712 0.336939 0.0528846 0.0544872 0.388672
0 0.556791 0.498397 0.102764 0.0929487 0.373047
1 0.688702 0.373397 0.0528846 0.0576923 0.32251
1 0.740385 0.360577 0.0384615 0.0512821 0.306641
1 0.667067 0.0214343 0.0456731 0.0428686 0.265869
1 0.799279 0.0455729 0.0408654 0.0490785 0.259033
0 0.351562 0.454327 0.115385 0.160256 0.443604
1 0.944712 0.336538 0.0528846 0.0544872 0.389648
1 0.688702 0.373798 0.0528846 0.0584936 0.321777
0 0.557091 0.499599 0.0985577 0.0897436 0.319092
1 0.740385 0.360677 0.0384615 0.0510817 0.314941
1 0.79988 0.0461739 0.0408654 0.0488782 0.256104
0 0.351262 0.45593 0.116587 0.161859 0.512695
1 0.944712 0.338141 0.0528846 0.0544872 0.37207
0 0.557392 0.499199 0.0991587 0.0897436 0.325928
1 0.688702 0.374599 0.0528846 0.0584936 0.314941
1 0.740385 0.360577 0.0384615 0.0512821 0.313965
1 0.79988 0.0467748 0.0420673 0.0498798 0.287842
1 0.667668 0.0221354 0.046875 0.0442708 0.274414
0 0.352464 0.454728 0.115385 0.165865 0.458984
1 0.944712 0.33734 0.0504807 0.0536859 0.373047
1 0.688702 0.373397 0.0516827 0.056891 0.358398
1 0.740385 0.359375 0.0384615 0.0496795 0.323486
0 0.560697 0.501603 0.0961538 0.0833333 0.294189
1 0.800481 0.0458484 0.0408654 0.0489283 0.291016
1 0.628606 0.38101 0.03125 0.0392628 0.274414
1 0.667067 0.021885 0.0456731 0.04377 0.268066
1 0.944712 0.336338 0.0504807 0.0540865 0.395996
1 0.688702 0.373397 0.0528846 0.0584936 0.377441
0 0.339543 0.450721 0.138221 0.165865 0.343262
0 0.557692 0.498397 0.0985577 0.0897436 0.338135
1 0.740385 0.359375 0.0384615 0.0504808 0.328613
1 0.800481 0.0458734 0.0408654 0.0494792 0.288574
1 0.628606 0.38141 0.0324519 0.0400641 0.279053
1 0.667067 0.0217849 0.0456731 0.0435697 0.262939
0 0.227013 0.471154 0.179988 0.211539 0.262207
1 0.330529 0.0524589 0.047476 0.0617488 0.253174
0 0.352764 0.452724 0.112981 0.165064 0.511719
1 0.945913 0.335337 0.0504807 0.0544872 0.377441
1 0.688702 0.372196 0.0528846 0.0584936 0.35498
0 0.557091 0.495593 0.100962 0.0897436 0.325195
1 0.740385 0.358574 0.0384615 0.0512821 0.313232
1 0.79988 0.0455729 0.0420673 0.0492789 0.268066
1 0.628606 0.380208 0.0336538 0.0400641 0.265869
0 0.227464 0.470753 0.18149 0.209135 0.259033
1 0.33113 0.0529848 0.0480769 0.061899 0.254639
0 0.352163 0.452724 0.113582 0.167468 0.610352
1 0.945913 0.335938 0.0504807 0.0540866 0.366699
1 0.688702 0.372596 0.0528846 0.0576923 0.353027
1 0.740385 0.358974 0.0372596 0.0504808 0.327637
0 0.559495 0.501202 0.0997596 0.0865385 0.299072
1 0.800481 0.0444962 0.0432693 0.0508313 0.290283
0 0.227013 0.471955 0.18119 0.210737 0.279785
1 0.628606 0.379808 0.03125 0.0392628 0.270508
0 0.351863 0.453526 0.113582 0.166667 0.506836
1 0.945913 0.335938 0.0504807 0.0540866 0.363037
1 0.688702 0.372496 0.0528846 0.0578926 0.347656
0 0.227163 0.471154 0.179087 0.209936 0.341553
0 0.558293 0.501603 0.0985577 0.0849359 0.33374
1 0.740385 0.359375 0.0384615 0.0512821 0.310791
1 0.800481 0.0453726 0.0408654 0.0490785 0.268066
1 0.628606 0.380609 0.03125 0.0400641 0.250244
0 0.350661 0.453526 0.114784 0.166667 0.59375
1 0.945913 0.336138 0.0504807 0.0536859 0.361084
1 0.688702 0.372997 0.0528846 0.0576923 0.343262
1 0.740385 0.359075 0.0384615 0.0510817 0.321777
0 0.557692 0.501603 0.0997596 0.0849359 0.310791
1 0.79988 0.0458984 0.0420673 0.0492288 0.279053
0 0.227314 0.471955 0.181791 0.211538 0.270508
1 0.667067 0.0216346 0.0456731 0.0432692 0.253174
0 0.327599 0.452724 0.160907 0.179487 0.407227
1 0.945913 0.33774 0.0504807 0.0536859 0.342529
1 0.688702 0.373297 0.0528846 0.0562901 0.286865
1 0.740385 0.360978 0.0384615 0.0520834 0.286865
0 0.561899 0.503205 0.102163 0.0889423 0.284668
