0 0.48117 0.551983 0.0472756 0.0228365 0.250977
0 0.548478 0.722356 0.0809295 0.03125 0.269775
0 0.549279 0.720553 0.0721154 0.0276442 0.327637
0 0.548878 0.721154 0.0745192 0.0288462 0.27124
0 0.549679 0.721154 0.0705128 0.0264423 0.44165
0 0.548478 0.719952 0.0697115 0.0324519 0.275146
0 0.548878 0.719952 0.0737179 0.0288461 0.336426
0 0.549679 0.723558 0.082532 0.0360577 0.283691
0 0.547276 0.719351 0.0721154 0.03125 0.480469
0 0.546474 0.719952 0.0737179 0.0288461 0.365723
0 0.548077 0.71875 0.0729167 0.0276442 0.334473
0 0.549279 0.71875 0.0737179 0.0288461 0.33374
0 0.548478 0.71875 0.0713141 0.032452 0.2854
0 0.548077 0.71875 0.0721154 0.0264423 0.332764
0 0.548478 0.721154 0.0713141 0.0288462 0.396973
0 0.548077 0.719952 0.0737179 0.03125 0.414795
0 0.547276 0.718149 0.073718 0.0276442 0.443604
0 0.548077 0.717548 0.0705128 0.0264423 0.46875
0 0.547676 0.718149 0.0745192 0.0276442 0.42627
0 0.546474 0.716346 0.0705128 0.0264423 0.459961
0 0.547276 0.71875 0.0705128 0.0264423 0.454346
0 0.548077 0.716346 0.0705128 0.0264423 0.473633
0 0.547676 0.716346 0.0689103 0.0216346 0.304932
0 0.548077 0.71875 0.0721154 0.0288461 0.383057
0 0.547676 0.719952 0.0705128 0.0264423 0.313232
0 0.548878 0.716947 0.0713141 0.0252404 0.44165
0 0.549279 0.716947 0.0721154 0.0264423 0.370117
0 0.548077 0.71875 0.0705128 0.0276442 0.38501
0 0.546474 0.714543 0.0705128 0.0252404 0.26123
0 0.547276 0.716346 0.0745192 0.0288461 0.254639
0 0.548478 0.71875 0.0729167 0.0288461 0.332031
0 0.547276 0.720553 0.0721154 0.0276442 0.343262
0 0.547676 0.720553 0.0697115 0.0240385 0.351318
1 0.622596 0.765024 0.0641026 0.0480769 0.299805
1 0.61879 0.761418 0.0604968 0.0480769 0.34082
0 0.547276 0.719952 0.0729167 0.0276442 0.313232
0 0.548077 0.719351 0.0737179 0.03125 0.381104
1 0.622596 0.763822 0.0673077 0.0492788 0.344238
1 0.697917 0.773438 0.0464744 0.0420673 0.303955
0 0.548077 0.719952 0.0737179 0.0276442 0.371094
0 0.547676 0.71875 0.0729167 0.0264423 0.304932
0 0.547276 0.721154 0.073718 0.0288462 0.286133
0 0.548077 0.719351 0.0737179 0.0276442 0.377441
0 0.548077 0.719952 0.0713141 0.0264423 0.375732
0 0.548077 0.719952 0.0729167 0.0276442 0.376709
1 0.61859 0.76262 0.0608974 0.0492789 0.330322
0 0.548878 0.719952 0.0737179 0.0300481 0.378418
1 0.61859 0.763221 0.0625 0.0504808 0.34082
1 0.699519 0.769231 0.0448718 0.0432692 0.253906
0 0.548077 0.719952 0.0713141 0.0264423 0.392334
1 0.619391 0.763221 0.0625 0.0504808 0.315674
1 0.699519 0.769231 0.0464743 0.0432692 0.260498
0 0.548077 0.71875 0.0721154 0.0288461 0.379395
1 0.622596 0.763221 0.0657051 0.0492789 0.270508
0 0.548077 0.719952 0.0737179 0.03125 0.327637
1 0.698718 0.76863 0.0448718 0.0420673 0.26123
0 0.547676 0.720553 0.0697115 0.0240385 0.351318
1 0.622596 0.765024 0.0641026 0.0480769 0.300781
