1 0.591496 0.329728 0.0814302 0.101763 0.648926
1 0.726563 0.460337 0.0516827 0.0689102 0.451416
1 0.637019 0.513622 0.0504808 0.0705128 0.446533
1 0.182542 0.397837 0.0814303 0.0985577 0.410156
1 0.725962 0.356671 0.0913461 0.0815304 0.254639
1 0.632212 0.508413 0.0673077 0.09375 0.324219
0 0.449219 0.530449 0.0540866 0.0737179 0.252441
1 0.588792 0.322516 0.0820313 0.0897436 0.688477
1 0.184495 0.389323 0.0847356 0.0947516 0.680176
1 0.627404 0.500801 0.0552885 0.088141 0.598145
1 0.717548 0.451122 0.0576923 0.0817308 0.44751
1 0.72476 0.344151 0.0913462 0.0889423 0.394287
1 0.71875 0.451522 0.0625 0.0833333 0.299805
1 0.589093 0.326923 0.0766226 0.099359 0.53125
1 0.722356 0.451923 0.0576923 0.0833333 0.476562
1 0.627404 0.504006 0.0625 0.088141 0.451416
1 0.188702 0.395833 0.09375 0.108974 0.34082
1 0.430889 0.454327 0.0588942 0.0625 0.276611
1 0.585938 0.331731 0.079327 0.0961538 0.355713
1 0.628606 0.507212 0.0661058 0.0897436 0.313232
1 0.720553 0.464343 0.0625 0.0833333 0.306641
1 0.63101 0.508814 0.0673077 0.0945513 0.396973
1 0.188702 0.397436 0.093149 0.0977564 0.371094
1 0.584736 0.326122 0.0841346 0.107372 0.341553
1 0.723558 0.46234 0.0552885 0.0833333 0.339844
1 0.586538 0.328526 0.0853366 0.10016 0.290283
1 0.718149 0.463542 0.0625 0.0801282 0.286865
1 0.186749 0.385016 0.10006 0.106571 0.259766
1 0.626202 0.514423 0.0721154 0.0913462 0.396973
1 0.715144 0.463942 0.0600961 0.0817308 0.394287
1 0.185847 0.394231 0.0868389 0.116987 0.363037
1 0.582933 0.325721 0.0865385 0.0977564 0.310791
1 0.723558 0.46274 0.0600961 0.0857371 0.420654
1 0.587139 0.330529 0.0805288 0.10016 0.397949
1 0.1872 0.397436 0.0907452 0.102564 0.313965
1 0.717548 0.347356 0.0721154 0.0649038 0.308105
1 0.63101 0.511218 0.0697116 0.0977564 0.300781
1 0.43149 0.455929 0.0661058 0.0705128 0.276611
1 0.721154 0.46234 0.0600962 0.0817308 0.368408
1 0.633413 0.502804 0.061298 0.0985577 0.277588
1 0.719952 0.455128 0.0637019 0.0897436 0.256836
1 0.719351 0.460737 0.0600961 0.0833333 0.463867
1 0.629808 0.50641 0.0649039 0.0913462 0.320801
1 0.589543 0.327324 0.0853365 0.108974 0.259766
1 0.721154 0.460737 0.0516827 0.0785256 0.467773
1 0.586689 0.334135 0.0790264 0.102564 0.345947
1 0.63101 0.508413 0.0600962 0.0857372 0.345947
1 0.186599 0.389824 0.0967548 0.115385 0.328613
1 0.185397 0.38742 0.0907452 0.108173 0.34082
1 0.588942 0.32492 0.0793269 0.106571 0.326904
1 0.721154 0.459936 0.0552885 0.0865385 0.309082
0 0.26848 0.354968 0.0507813 0.0392628 0.270508
1 0.629808 0.508013 0.0625 0.0929487 0.269775
0 0.370192 0.545673 0.0564904 0.036859 0.262207
1 0.632212 0.510417 0.0600961 0.088141 0.328613
1 0.184495 0.397035 0.094351 0.107372 0.32251
1 0.71875 0.463141 0.061298 0.0785256 0.321777
1 0.585186 0.329327 0.0820313 0.0969551 0.291748
1 0.719351 0.466747 0.0588942 0.082532 0.488281
1 0.188401 0.396234 0.0961538 0.107372 0.414062
1 0.628606 0.511619 0.0661058 0.0889423 0.337158
1 0.429988 0.457532 0.0673077 0.0633013 0.255371
0 0.367188 0.54407 0.0552885 0.0384615 0.428223
0 0.266977 0.354267 0.0531851 0.0366587 0.422607
0 0.366587 0.55649 0.0576923 0.036859 0.411133
1 0.717548 0.460737 0.0625 0.0865384 0.393311
0 0.830529 0.414263 0.0697116 0.0544872 0.360352
0 0.977163 0.532853 0.0456732 0.0352564 0.275879
1 0.722356 0.457532 0.0576923 0.0849359 0.442627
1 0.268329 0.355068 0.0498798 0.0334535 0.319092
1 0.633413 0.504808 0.0625 0.0945513 0.279053
1 0.58774 0.325321 0.0793269 0.0945513 0.275146
1 0.186899 0.391026 0.094351 0.102564 0.266602
1 0.71875 0.467147 0.0625 0.0873397 0.451416
1 0.584135 0.329728 0.0817307 0.108173 0.339844
1 0.185697 0.396534 0.0901442 0.11879 0.309814
1 0.629808 0.51282 0.0673077 0.0977564 0.282227
0 0.365986 0.556891 0.0576923 0.036859 0.257568
1 0.71875 0.454728 0.0625 0.0841346 0.255371
1 0.585337 0.319511 0.0901442 0.103766 0.250244
1 0.185547 0.390625 0.09375 0.104968 0.60498
1 0.71875 0.458734 0.0649039 0.0841346 0.562988
1 0.586388 0.324119 0.0820313 0.101763 0.511719
1 0.632813 0.508814 0.0661058 0.0889423 0.486328
0 0.367788 0.554487 0.0576923 0.0384615 0.335449
1 0.430288 0.454327 0.0625 0.0705128 0.300781
1 0.710938 0.344351 0.0649039 0.0677083 0.291016
1 0.188702 0.391126 0.0997596 0.108774 0.522461
1 0.632813 0.510817 0.063702 0.0945513 0.417725
1 0.719351 0.46274 0.0528846 0.0801282 0.407227
1 0.585938 0.328325 0.0877404 0.102965 0.329346
0 0.367788 0.555689 0.0588942 0.0360577 0.287842
1 0.713942 0.346554 0.0697116 0.0689103 0.265137
1 0.719952 0.463542 0.0625 0.0817308 0.361084
1 0.629207 0.512019 0.0721154 0.0897436 0.336426
1 0.185397 0.395733 0.0913462 0.102764 0.307373
1 0.583083 0.328325 0.0814303 0.0989584 0.253906
1 0.184495 0.393029 0.0919471 0.113782 0.458008
1 0.586388 0.328125 0.0772235 0.104167 0.431152
1 0.721154 0.460737 0.0600962 0.0849359 0.405518
1 0.632813 0.512019 0.0588942 0.088141 0.371094
1 0.719952 0.461538 0.0625 0.0897436 0.412109
1 0.184645 0.393429 0.0934495 0.104167 0.386719
1 0.629808 0.512019 0.0673077 0.0977564 0.353027
1 0.713341 0.342949 0.0637019 0.0665064 0.29834
0 0.828125 0.423077 0.0649039 0.0464744 0.280518
1 0.71875 0.457532 0.0649039 0.0865384 0.538086
1 0.629808 0.507612 0.0721154 0.0953526 0.450439
1 0.184345 0.392628 0.0928486 0.107372 0.329346
1 0.717548 0.460337 0.0625 0.0841346 0.457031
1 0.186899 0.387921 0.09375 0.102364 0.440674
1 0.626803 0.507212 0.0709135 0.0961538 0.439697
1 0.584135 0.323317 0.0865385 0.103365 0.356689
1 0.710337 0.344952 0.0649039 0.0657051 0.295898
1 0.720553 0.459936 0.0576923 0.088141 0.378418
1 0.63101 0.509615 0.0649038 0.099359 0.371094
1 0.183594 0.397436 0.0901442 0.108974 0.309082
1 0.586538 0.33113 0.078125 0.100561 0.270508
0 0.367788 0.553686 0.0576923 0.0384615 0.450439
1 0.632813 0.50641 0.0673077 0.0945513 0.415771
1 0.721154 0.457933 0.0576923 0.0825321 0.377441
1 0.185246 0.391426 0.0928485 0.100962 0.2854
0 0.83113 0.422276 0.0697116 0.0528846 0.273682
1 0.713341 0.34375 0.0661057 0.0697115 0.268066
1 0.586538 0.32512 0.0841346 0.102965 0.263672
1 0.718149 0.459936 0.0576923 0.0865385 0.452393
1 0.63101 0.510417 0.0697116 0.0945513 0.429199
1 0.188101 0.395733 0.0949519 0.101162 0.400635
1 0.584736 0.326122 0.0877404 0.099359 0.349609
1 0.444712 0.534054 0.0564904 0.0777243 0.330322
1 0.710938 0.343349 0.0649039 0.0713141 0.276611
1 0.430889 0.456731 0.0643029 0.0737179 0.276611
1 0.63101 0.509615 0.0673077 0.0929487 0.390381
1 0.184796 0.390925 0.0961538 0.107572 0.362061
1 0.71875 0.461538 0.0552885 0.0793269 0.331055
1 0.584736 0.326923 0.0865385 0.10016 0.27124
1 0.719351 0.459936 0.0576923 0.0865385 0.379395
1 0.632212 0.508814 0.0697116 0.0929487 0.357666
1 0.432091 0.457131 0.063101 0.0745192 0.287842
1 0.58774 0.327724 0.0805288 0.100962 0.259766
1 0.721154 0.460737 0.0576923 0.0849359 0.57666
1 0.63101 0.512019 0.0649038 0.0961538 0.408203
1 0.586538 0.328125 0.0841346 0.0977564 0.383057
1 0.430889 0.458333 0.0588942 0.0705128 0.321777
1 0.184946 0.396234 0.0934495 0.104167 0.294189
1 0.71875 0.463141 0.0576923 0.0833333 0.523438
1 0.630409 0.512019 0.0685096 0.09375 0.364746
1 0.429688 0.457532 0.0612981 0.0625 0.363037
1 0.264123 0.35657 0.0504808 0.0336538 0.330322
1 0.445913 0.532853 0.0540865 0.0657051 0.270508
1 0.828125 0.417468 0.0697116 0.0448718 0.269775
1 0.719952 0.458333 0.0576923 0.0833333 0.437744
1 0.634014 0.508413 0.0649039 0.0929487 0.396973
1 0.715144 0.346154 0.0649039 0.0665064 0.296631
1 0.586388 0.325721 0.0868389 0.104167 0.273682
0 0.368389 0.54367 0.0576923 0.0392628 0.266602
1 0.717548 0.46234 0.0600962 0.0889423 0.588867
1 0.629808 0.514423 0.0697116 0.099359 0.424316
1 0.585186 0.336939 0.0868389 0.116186 0.394287
1 0.185697 0.397035 0.0985577 0.116987 0.386719
1 0.429087 0.457532 0.063101 0.068109 0.327637
1 0.721154 0.463542 0.0552885 0.0841346 0.414062
0 0.829928 0.427083 0.0685096 0.0416667 0.36377
1 0.185847 0.390625 0.0988582 0.104968 0.332031
1 0.632212 0.512019 0.0649039 0.0897436 0.263672
1 0.586689 0.328926 0.0814303 0.101763 0.541016
1 0.719351 0.463542 0.0600961 0.0857372 0.446533
1 0.185397 0.392628 0.0955529 0.108173 0.435059
1 0.628606 0.510817 0.0697116 0.0977564 0.431152
1 0.713942 0.348157 0.0649038 0.0657051 0.403564
1 0.446514 0.53125 0.0540866 0.0753205 0.303223
1 0.631611 0.508814 0.0661058 0.0897436 0.363037
1 0.717548 0.458333 0.0576923 0.0849359 0.359375
1 0.185246 0.391426 0.0919471 0.104968 0.275146
1 0.717548 0.457532 0.0552885 0.0817308 0.458008
1 0.633413 0.506811 0.0625 0.0913462 0.443604
1 0.585337 0.322917 0.0817308 0.102564 0.439697
1 0.713341 0.342147 0.0649038 0.0665064 0.404541
0 0.36869 0.54407 0.0612981 0.0392628 0.398926
0 0.367788 0.557692 0.0588942 0.0384615 0.37207
1 0.446815 0.532051 0.0552885 0.0753205 0.370117
1 0.433293 0.452324 0.0661058 0.0761218 0.319092
1 0.188101 0.391126 0.0973558 0.108774 0.280518
1 0.720553 0.460337 0.0576923 0.0857372 0.495117
1 0.632212 0.508013 0.0673077 0.099359 0.466797
1 0.188101 0.391426 0.093149 0.10657 0.427246
1 0.586538 0.32532 0.0865385 0.101763 0.342529
1 0.71274 0.344151 0.0649038 0.0641026 0.33374
1 0.431791 0.453926 0.0625 0.0713141 0.330322
1 0.446514 0.532051 0.0540866 0.0689103 0.30249
1 0.83113 0.417468 0.0673077 0.0456731 0.263672
1 0.630409 0.510417 0.0709135 0.099359 0.416748
1 0.721154 0.463942 0.0649038 0.0865384 0.379395
0 0.829327 0.423878 0.0697115 0.0496795 0.34082
1 0.185697 0.394231 0.094351 0.108173 0.321777
1 0.446514 0.532452 0.0594952 0.0761218 0.303955
1 0.588341 0.327925 0.0853366 0.105369 0.301514
0 0.367788 0.555288 0.0594952 0.0336538 0.289307
0 0.265775 0.354167 0.0501803 0.0328526 0.279785
1 0.627404 0.508814 0.0649038 0.0929487 0.509766
1 0.184796 0.390224 0.093149 0.109776 0.431152
1 0.71875 0.459135 0.0600961 0.0817308 0.42627
1 0.44351 0.530449 0.0558894 0.0705128 0.348633
1 0.828726 0.415465 0.0685096 0.0504808 0.30249
1 0.428486 0.456731 0.0661058 0.0689102 0.29834
1 0.585337 0.327123 0.0829327 0.102163 0.256104
1 0.628606 0.512019 0.0697116 0.099359 0.431152
1 0.719351 0.461939 0.0600961 0.0857372 0.424316
1 0.184345 0.393429 0.103065 0.108974 0.331055
1 0.430589 0.456731 0.0667067 0.0689102 0.323486
1 0.446815 0.532452 0.0558894 0.0721154 0.295898
1 0.829327 0.415064 0.0721154 0.0496795 0.279785
1 0.71875 0.463141 0.0564904 0.0801282 0.469727
1 0.628606 0.507612 0.0625 0.09375 0.406494
1 0.430288 0.459135 0.0612981 0.0665064 0.293457
0 0.828125 0.415465 0.0697116 0.0440705 0.280518
1 0.71875 0.461538 0.0600961 0.0865384 0.488281
1 0.627404 0.511218 0.0649038 0.0977564 0.478516
1 0.584135 0.32472 0.0841346 0.107772 0.406494
1 0.184495 0.390925 0.0946514 0.113982 0.331055
1 0.446214 0.531651 0.0552885 0.0769231 0.309082
1 0.828726 0.415064 0.0673077 0.0472756 0.254639
1 0.719952 0.461939 0.0600961 0.0849359 0.400635
1 0.629207 0.510417 0.0661058 0.0929487 0.347656
0 0.368389 0.547276 0.0612981 0.0384615 0.326904
1 0.430288 0.457532 0.0643029 0.0705128 0.313232
1 0.829327 0.415865 0.0697115 0.0496795 0.252441
1 0.71875 0.461939 0.0576923 0.0785256 0.445557
1 0.632212 0.509615 0.0625 0.0913462 0.369385
0 0.367188 0.544872 0.0582933 0.0344551 0.300781
1 0.445913 0.532051 0.0540865 0.0705128 0.291748
1 0.430889 0.458333 0.0637019 0.0641026 0.279785
1 0.263972 0.353766 0.0501803 0.0352564 0.254639
1 0.719952 0.461138 0.0600961 0.0849359 0.490234
1 0.630409 0.509615 0.0673077 0.0961538 0.42627
0 0.36869 0.547676 0.063101 0.0408654 0.373047
1 0.432993 0.457532 0.0667067 0.0697115 0.317383
1 0.186298 0.390224 0.0955529 0.110577 0.306641
1 0.587891 0.326322 0.0838342 0.100561 0.277588
1 0.446815 0.532051 0.0558894 0.0753205 0.26123
1 0.719351 0.46234 0.0600961 0.0817308 0.473633
1 0.629808 0.510817 0.0649039 0.0921474 0.407227
1 0.445312 0.530449 0.0558894 0.0769231 0.369385
1 0.430288 0.455929 0.0661057 0.0673077 0.301514
1 0.828726 0.414263 0.0685096 0.0448718 0.281494
1 0.711538 0.341947 0.0697115 0.0661058 0.266602
1 0.186899 0.390224 0.093149 0.104968 0.253174
1 0.721154 0.461538 0.0600962 0.0817308 0.451416
1 0.632212 0.510417 0.0649039 0.0897436 0.371094
1 0.447115 0.53125 0.0552885 0.0737179 0.351318
1 0.584736 0.32512 0.0841346 0.101362 0.342529
1 0.431791 0.456731 0.0649038 0.0657051 0.329346
1 0.183594 0.391827 0.0967548 0.104968 0.326904
0 0.832332 0.427083 0.0673077 0.0456731 0.251709
1 0.719952 0.46234 0.0576923 0.0801282 0.463867
1 0.631611 0.511218 0.0673077 0.0897436 0.401611
1 0.446815 0.531651 0.0534856 0.0729166 0.29248
1 0.432091 0.457532 0.0643029 0.0657051 0.271973
1 0.719351 0.460737 0.0588942 0.0785256 0.425293
1 0.629207 0.510417 0.0649039 0.0897436 0.380371
1 0.430589 0.458333 0.0618991 0.0641026 0.331055
0 0.36869 0.547276 0.0600961 0.036859 0.308105
1 0.586689 0.32472 0.0814303 0.102163 0.262207
1 0.720553 0.457532 0.0625 0.0897436 0.410156
1 0.630409 0.512019 0.0685096 0.0913462 0.376709
1 0.184345 0.393029 0.101262 0.111378 0.338867
1 0.447716 0.532853 0.0552885 0.0745192 0.314941
1 0.43149 0.457532 0.0661058 0.0689102 0.305664
1 0.719351 0.463141 0.0588942 0.0817308 0.432129
1 0.628606 0.513622 0.0697116 0.0929487 0.38208
1 0.429688 0.458333 0.063101 0.0657051 0.362061
1 0.446514 0.53125 0.0528846 0.0737179 0.309814
1 0.585337 0.325521 0.0865385 0.103766 0.30249
1 0.186148 0.396234 0.10006 0.117788 0.291748
1 0.71875 0.460737 0.0600961 0.0785256 0.446533
1 0.630409 0.510016 0.0661058 0.0921474 0.352295
1 0.586388 0.323918 0.0844351 0.0997596 0.310791
1 0.446514 0.533253 0.0552885 0.0737179 0.269043
1 0.829928 0.416667 0.0697116 0.0448718 0.253906
1 0.721755 0.460737 0.0625 0.0833333 0.442627
1 0.63101 0.510417 0.0673077 0.0953526 0.311523
1 0.446815 0.53125 0.0552885 0.0769231 0.294189
1 0.721154 0.461538 0.0625 0.0801282 0.440674
1 0.629808 0.512019 0.0649039 0.0897436 0.381104
1 0.585186 0.328926 0.0868389 0.099359 0.309082
1 0.828726 0.414263 0.0685096 0.0464743 0.281494
1 0.446815 0.532051 0.0528846 0.0737179 0.264404
1 0.185697 0.395833 0.103666 0.111378 0.260498
1 0.721154 0.46234 0.0600962 0.0801282 0.549805
1 0.629207 0.512019 0.0661058 0.0929487 0.454346
1 0.188101 0.397837 0.102163 0.108974 0.437744
1 0.43149 0.459135 0.0625 0.0657051 0.390381
1 0.447716 0.534455 0.0552885 0.073718 0.376709
1 0.584736 0.328926 0.0841346 0.0953526 0.336426
1 0.829327 0.416667 0.0697115 0.0496795 0.311523
1 0.721154 0.461538 0.0576923 0.082532 0.519531
1 0.629808 0.510417 0.0673077 0.0977564 0.401611
1 0.431791 0.456731 0.0612981 0.0673077 0.360352
1 0.828125 0.415064 0.0673077 0.0464744 0.317383
1 0.448317 0.533654 0.0504808 0.0689102 0.313965
1 0.186899 0.393429 0.100361 0.120994 0.2854
1 0.585337 0.32492 0.0865385 0.103365 0.259033
1 0.721154 0.463942 0.0625 0.0833333 0.499023
1 0.186899 0.395132 0.100361 0.110377 0.475586
1 0.628606 0.51242 0.0697116 0.0977564 0.445557
1 0.430889 0.459135 0.0661058 0.0673077 0.373779
1 0.446514 0.534054 0.0564904 0.0737179 0.35498
1 0.828125 0.415064 0.0673077 0.0528846 0.336426
1 0.584736 0.326923 0.0865385 0.104167 0.257568
1 0.721154 0.463942 0.0576923 0.0833333 0.519531
1 0.63101 0.513221 0.0673077 0.0977564 0.411133
0 0.367788 0.548077 0.0588942 0.0352564 0.327637
1 0.186899 0.391827 0.0979567 0.112179 0.325928
1 0.446514 0.534455 0.0540866 0.0753205 0.286133
1 0.430889 0.458734 0.0612981 0.0673077 0.262207
1 0.585186 0.328125 0.0868389 0.105769 0.256836
1 0.722356 0.463942 0.0576923 0.0817308 0.443604
1 0.632212 0.515224 0.0637019 0.0929487 0.345215
1 0.829327 0.416266 0.0697115 0.0496795 0.301514
1 0.43149 0.459135 0.0612981 0.0673077 0.277588
1 0.448017 0.535256 0.0534856 0.0705128 0.250977
1 0.720553 0.463141 0.0576923 0.0825321 0.44751
1 0.630409 0.513622 0.0673077 0.0929487 0.385742
1 0.430889 0.457933 0.0625 0.068109 0.360352
1 0.185397 0.399038 0.0973558 0.112179 0.327637
1 0.828125 0.416266 0.0697116 0.0504808 0.294189
1 0.447716 0.533654 0.0528846 0.0745192 0.273682
1 0.719952 0.461538 0.061298 0.0801282 0.536133
1 0.628005 0.509615 0.0697116 0.0945513 0.417725
1 0.429688 0.457532 0.0637019 0.0673077 0.410156
1 0.445313 0.53125 0.0528846 0.0753205 0.331055
1 0.828125 0.415865 0.0673077 0.0480769 0.330322
1 0.184195 0.388622 0.0949519 0.10016 0.281494
1 0.719952 0.46234 0.0600961 0.0801282 0.453369
1 0.629808 0.512019 0.0673077 0.0913462 0.369385
1 0.430889 0.457532 0.0637019 0.0673077 0.344238
1 0.827524 0.416266 0.0685096 0.0488782 0.32251
1 0.446514 0.533654 0.0516827 0.0705128 0.286133
1 0.710337 0.34375 0.0625 0.0608974 0.250977
1 0.721154 0.460737 0.0600962 0.0793269 0.482422
1 0.629808 0.510016 0.0697116 0.0905449 0.432129
1 0.829327 0.415064 0.0697115 0.0480769 0.308105
1 0.431791 0.458333 0.0649038 0.0657051 0.30249
1 0.186298 0.391426 0.093149 0.102564 0.291016
1 0.447115 0.533253 0.0540866 0.0697115 0.286133
1 0.721154 0.460337 0.0600962 0.0793269 0.474609
1 0.632212 0.509615 0.0649039 0.0913462 0.40918
1 0.829327 0.415865 0.0697115 0.0480769 0.353027
1 0.43149 0.456731 0.0649038 0.0657051 0.315674
1 0.719952 0.460737 0.0600961 0.082532 0.57373
1 0.632212 0.510016 0.0600961 0.0905449 0.438721
1 0.828125 0.415865 0.0673077 0.0448718 0.294189
0 0.366587 0.555288 0.0552885 0.0320513 0.254639
1 0.719952 0.46234 0.0625 0.0849359 0.503906
1 0.630409 0.51282 0.0685096 0.100962 0.410156
1 0.829327 0.417468 0.0697115 0.0528846 0.343262
1 0.432091 0.459135 0.0661057 0.0689102 0.331055
1 0.446514 0.533253 0.0552885 0.0737179 0.270508
1 0.719952 0.461538 0.0600961 0.0833333 0.474609
1 0.63101 0.510417 0.0673077 0.0929487 0.405518
0 0.265024 0.354267 0.0540865 0.0334535 0.301514
1 0.58774 0.328325 0.0841346 0.0973558 0.299072
1 0.829327 0.418269 0.0697115 0.0584936 0.280518
1 0.446514 0.529647 0.0546875 0.0737179 0.27124
1 0.712139 0.342949 0.0649039 0.0608974 0.263672
1 0.431791 0.455529 0.0643029 0.0673077 0.254639
1 0.719952 0.461538 0.0600961 0.082532 0.542969
1 0.629808 0.509615 0.0673077 0.0945513 0.437744
1 0.828726 0.415865 0.0673077 0.0472756 0.357666
1 0.185697 0.393329 0.0949519 0.104367 0.345947
1 0.430889 0.456731 0.0661058 0.0665064 0.328613
1 0.446514 0.529247 0.0528846 0.073718 0.260498
1 0.719952 0.463141 0.0625 0.0841346 0.571777
1 0.628606 0.512019 0.0697116 0.0961538 0.46582
1 0.429988 0.458333 0.0649038 0.068109 0.38208
1 0.445913 0.532051 0.0564904 0.0753205 0.374756
1 0.829327 0.416667 0.0697115 0.051282 0.365723
1 0.263672 0.354567 0.0513822 0.0360577 0.267334
1 0.721154 0.46274 0.0600962 0.0833333 0.508789
1 0.63101 0.510417 0.0697116 0.0961538 0.417725
1 0.446514 0.530449 0.0552885 0.0737179 0.30249
1 0.264573 0.354567 0.0495793 0.0360577 0.27832
1 0.710337 0.34395 0.0600961 0.0629007 0.269775
1 0.71875 0.461538 0.0576923 0.0785256 0.476562
1 0.628606 0.513622 0.0697116 0.0945513 0.413086
1 0.829327 0.414663 0.0721154 0.0488782 0.331055
1 0.429688 0.456731 0.0649038 0.0665064 0.309082
1 0.445913 0.530449 0.0552885 0.0729167 0.308105
1 0.264724 0.354968 0.0516827 0.0352564 0.286865
1 0.721154 0.46234 0.0600962 0.0817308 0.44751
1 0.430889 0.455929 0.0649038 0.0705128 0.363037
1 0.629808 0.513221 0.0673077 0.0929487 0.339844
1 0.829327 0.415865 0.0709135 0.0456731 0.299072
1 0.185096 0.396234 0.0979567 0.108173 0.276611
1 0.721154 0.458734 0.0600962 0.0833333 0.505859
1 0.63101 0.509615 0.0697116 0.0953525 0.365723
1 0.829327 0.416667 0.0697115 0.0496795 0.259033
1 0.720553 0.46274 0.0612981 0.0817308 0.585938
1 0.429688 0.458333 0.0655048 0.068109 0.53125
1 0.628606 0.51242 0.0685096 0.0929487 0.504883
1 0.445913 0.529247 0.0552885 0.0729166 0.38501
1 0.828726 0.421474 0.0685096 0.0464744 0.327637
1 0.263221 0.359876 0.0480769 0.031851 0.304932
1 0.185397 0.391927 0.0949519 0.111979 0.286133
1 0.709736 0.348157 0.0588942 0.0600962 0.281494
1 0.721154 0.459135 0.0600962 0.0785256 0.574707
1 0.430889 0.457131 0.0661058 0.0697115 0.493164
1 0.63101 0.510417 0.0673077 0.0929487 0.453369
1 0.446815 0.528846 0.0546875 0.0737179 0.368408
1 0.263822 0.358273 0.0486779 0.031851 0.342529
1 0.829928 0.422276 0.0745192 0.051282 0.330322
1 0.719952 0.459135 0.0600961 0.0809295 0.555664
1 0.430889 0.457131 0.0661058 0.0713141 0.498047
1 0.630409 0.51242 0.0697116 0.0961538 0.46582
1 0.828726 0.419872 0.0685096 0.0480769 0.353027
1 0.446514 0.527644 0.0546875 0.0753205 0.346924
1 0.263822 0.358974 0.0504808 0.0344551 0.342529
1 0.719952 0.459936 0.0600961 0.0833333 0.572754
1 0.430288 0.457532 0.0673077 0.0705128 0.526367
1 0.63101 0.513622 0.0673077 0.0929487 0.482422
1 0.446514 0.528846 0.0540866 0.0729167 0.376709
1 0.264123 0.359075 0.0486779 0.031851 0.348633
1 0.829928 0.419471 0.0685096 0.0472757 0.332764
1 0.71875 0.459535 0.0600961 0.0817308 0.637207
1 0.430288 0.455929 0.0661057 0.0689103 0.581543
1 0.630409 0.512019 0.0673077 0.0929487 0.527344
1 0.263672 0.358974 0.0483774 0.0320513 0.389648
1 0.445913 0.528846 0.0552885 0.0721154 0.386719
1 0.828125 0.422276 0.0697116 0.0456731 0.329346
1 0.585938 0.330729 0.0805289 0.0965545 0.303955
1 0.719952 0.460737 0.0625 0.0841346 0.544922
1 0.43119 0.457532 0.0661058 0.0705128 0.511719
1 0.63101 0.514423 0.0673077 0.0929487 0.47168
1 0.447115 0.531651 0.0540866 0.0729166 0.427246
1 0.829327 0.420272 0.0673077 0.0456731 0.367432
1 0.264123 0.356971 0.0486779 0.0320513 0.350342
1 0.719351 0.46234 0.0600961 0.0833333 0.629883
1 0.430288 0.455929 0.0637019 0.0697115 0.562012
1 0.630409 0.514022 0.0661058 0.0945513 0.519531
1 0.446514 0.532051 0.0540866 0.0737179 0.451416
1 0.263522 0.355369 0.0486779 0.0328526 0.44751
1 0.828125 0.420673 0.0685096 0.0480769 0.403564
1 0.719952 0.463141 0.0588942 0.0801282 0.612305
1 0.429988 0.456731 0.0637019 0.0665064 0.558105
1 0.63101 0.514423 0.0649038 0.0913462 0.504883
1 0.445913 0.532051 0.0540865 0.0721154 0.49707
1 0.263822 0.357772 0.0492788 0.0344551 0.438721
1 0.829327 0.421474 0.0673077 0.0472756 0.429199
1 0.71875 0.463942 0.0588942 0.0817308 0.628906
1 0.429688 0.455929 0.0637019 0.0673077 0.548828
1 0.629808 0.513622 0.0649039 0.0913462 0.5
1 0.263522 0.35657 0.0498798 0.0328526 0.454346
1 0.445913 0.532853 0.0540865 0.0713141 0.435791
1 0.828125 0.421474 0.0673077 0.0464744 0.349609
1 0.71875 0.46234 0.0600961 0.0825321 0.611328
1 0.430288 0.456731 0.0637019 0.0689102 0.552734
1 0.631611 0.51282 0.0661058 0.0913462 0.492188
1 0.263972 0.357372 0.0489784 0.0344551 0.434082
1 0.446514 0.532853 0.0540866 0.0713141 0.414795
1 0.829327 0.421474 0.0685096 0.0480769 0.353027
1 0.71875 0.463141 0.0600961 0.0825321 0.638672
1 0.429988 0.458333 0.0606971 0.0649038 0.57959
1 0.629808 0.513221 0.0649039 0.088141 0.518555
1 0.264273 0.357772 0.0489784 0.0336538 0.44165
1 0.446815 0.532051 0.0534856 0.0721154 0.39502
1 0.829327 0.421474 0.0673077 0.0464744 0.38208
1 0.586538 0.33153 0.0829327 0.0965545 0.293457
1 0.719952 0.464744 0.061298 0.0825321 0.631836
1 0.430288 0.459135 0.0625 0.068109 0.526367
1 0.63101 0.515224 0.0661057 0.0897436 0.47168
1 0.264573 0.357772 0.0489784 0.0328525 0.401611
1 0.447115 0.532853 0.0552885 0.0729167 0.301514
1 0.829928 0.422276 0.0685096 0.0464743 0.294189
1 0.719952 0.463141 0.0600961 0.0801282 0.654785
1 0.430288 0.457532 0.0625 0.0673077 0.546875
1 0.631611 0.514423 0.0661058 0.0897436 0.495117
1 0.264273 0.35617 0.0483774 0.0328526 0.435791
1 0.446815 0.531651 0.0546875 0.0729166 0.424316
1 0.830529 0.421474 0.0673077 0.0448718 0.339844
1 0.719952 0.463942 0.0588942 0.0817308 0.656738
1 0.430288 0.457131 0.0637019 0.068109 0.581543
1 0.630409 0.513622 0.0661058 0.088141 0.546875
1 0.446514 0.531651 0.0540866 0.0729166 0.466797
1 0.264423 0.355769 0.0492788 0.0328525 0.458008
1 0.829327 0.421474 0.0697115 0.0480769 0.38208
1 0.585938 0.332933 0.0829327 0.0977564 0.254639
1 0.721154 0.459135 0.0600962 0.0849359 0.67334
1 0.430589 0.455529 0.063101 0.068109 0.548828
1 0.632212 0.512019 0.0673077 0.0913462 0.495117
1 0.264273 0.354968 0.0489784 0.0320513 0.424316
1 0.447115 0.530449 0.0540866 0.0721154 0.420654
1 0.829327 0.41907 0.0697115 0.0464744 0.383057
1 0.721154 0.461538 0.0600962 0.0865384 0.676758
1 0.430288 0.457532 0.063101 0.0689102 0.564941
1 0.632212 0.513622 0.0673077 0.0913462 0.508789
1 0.264123 0.355769 0.0480769 0.0328525 0.446533
1 0.447115 0.53125 0.0540866 0.0721154 0.445557
1 0.829928 0.420272 0.0685096 0.0456731 0.387695
1 0.721154 0.461138 0.0600962 0.0865384 0.660156
1 0.430288 0.457532 0.0637019 0.0689102 0.562012
1 0.632212 0.51282 0.0673077 0.0913462 0.494141
1 0.447115 0.53125 0.0540866 0.0721154 0.450439
1 0.264273 0.35617 0.0483774 0.0328526 0.435059
1 0.829327 0.419872 0.0673077 0.0448718 0.398926
1 0.719952 0.463141 0.0600961 0.0801282 0.649414
1 0.429988 0.457532 0.063101 0.0673077 0.562012
1 0.631611 0.509215 0.0661058 0.0913462 0.489258
1 0.264123 0.355669 0.0486779 0.0322516 0.443604
1 0.446514 0.53125 0.0540866 0.0713141 0.421631
1 0.829327 0.421474 0.0673077 0.0448718 0.379395
1 0.719952 0.460737 0.0625 0.0841346 0.544922
1 0.43119 0.457131 0.0661058 0.0705128 0.510742
1 0.63101 0.514423 0.0673077 0.0929487 0.47168
1 0.447115 0.531651 0.0540866 0.0729166 0.427246
1 0.829327 0.420272 0.0673077 0.0456731 0.367432
1 0.264123 0.356971 0.0486779 0.0320513 0.351318
