1 0.503305 0.0529848 0.0444712 0.0560897 0.283691
1 0.220553 0.393429 0.135817 0.145032 0.312256
1 0.50601 0.0537861 0.0384616 0.0522836 0.262939
1 0.503005 0.0497796 0.0408654 0.0510817 0.281494
1 0.504207 0.050656 0.0432692 0.0569411 0.319092
0 0.842548 0.530048 0.0913462 0.173878 0.428223
1 0.501502 0.054387 0.0408654 0.0550881 0.275879
1 0.50601 0.0534856 0.0396635 0.0510817 0.264404
0 0.852163 0.526042 0.076923 0.183494 0.282959
1 0.505409 0.051282 0.0408654 0.0520833 0.273682
0 0.220403 0.384615 0.131911 0.127404 0.265869
0 0.839543 0.525641 0.0757211 0.189103 0.373047
1 0.501803 0.0520833 0.0408654 0.0540865 0.297363
0 0.846154 0.527644 0.0685096 0.183494 0.339844
1 0.502404 0.0527845 0.0432693 0.0548878 0.29248
0 0.841346 0.526442 0.0625 0.163462 0.359375
1 0.50601 0.0530849 0.0408654 0.0528846 0.272705
0 0.22506 0.391827 0.129207 0.155449 0.42627
0 0.856971 0.520833 0.0901442 0.189103 0.377441
0 0.853365 0.528445 0.0769231 0.189904 0.354004
0 0.850962 0.525641 0.0793269 0.180288 0.381104
0 0.858173 0.528045 0.0961538 0.182692 0.341553
0 0.854567 0.52484 0.0865385 0.189103 0.401611
1 0.502404 0.0544872 0.0420673 0.0564904 0.266602
0 0.845553 0.52484 0.0721154 0.18109 0.314941
0 0.850962 0.529247 0.0913462 0.189103 0.329346
0 0.85637 0.526442 0.0937499 0.185897 0.317383
0 0.841346 0.530449 0.0697116 0.177885 0.343262
0 0.840144 0.529647 0.0625 0.174679 0.374756
0 0.834135 0.526442 0.0673077 0.179487 0.309082
0 0.841346 0.526442 0.0637019 0.171474 0.457031
0 0.22491 0.389323 0.133113 0.131611 0.257568
0 0.540264 0.5625 0.151442 0.238782 0.294922
0 0.838942 0.528045 0.0625 0.177885 0.254639
0 0.840144 0.530048 0.0600961 0.175481 0.313232
1 0.501803 0.0526843 0.0408654 0.0516827 0.256104
0 0.839543 0.523237 0.0649038 0.173077 0.385742
0 0.547476 0.569712 0.140625 0.261218 0.287842
0 0.840745 0.528045 0.061298 0.169872 0.415771
0 0.551683 0.558494 0.120192 0.22516 0.335449
1 0.505409 0.0541867 0.0414663 0.0508814 0.266602
0 0.841346 0.522436 0.0697116 0.18109 0.517578
0 0.550781 0.560096 0.125601 0.227564 0.437744
0 0.841346 0.524439 0.0673077 0.178686 0.47168
0 0.838942 0.523237 0.0649038 0.179487 0.492188
0 0.53095 0.57532 0.204928 0.267628 0.347656
0 0.229267 0.393029 0.138221 0.140224 0.301514
1 0.504808 0.0536609 0.0408654 0.0521334 0.250244
0 0.841346 0.521234 0.0673077 0.182692 0.469727
0 0.524339 0.571314 0.203726 0.25641 0.339844
0 0.838942 0.524038 0.0625 0.178686 0.520508
1 0.50601 0.0534856 0.0420673 0.051883 0.264404
0 0.534255 0.563702 0.171875 0.242788 0.254639
0 0.841346 0.523237 0.0649039 0.189103 0.491211
1 0.501202 0.0544872 0.0396635 0.0530849 0.251709
0 0.842548 0.523237 0.0733173 0.190705 0.46582
1 0.501202 0.0532853 0.0384616 0.0528846 0.294922
0 0.84375 0.522436 0.0721154 0.179487 0.516602
0 0.841346 0.522436 0.0697116 0.18109 0.498047
0 0.222957 0.402244 0.135817 0.158654 0.294189
1 0.501502 0.0534856 0.0402644 0.0544872 0.263672
0 0.84375 0.521635 0.0697116 0.177885 0.452393
0 0.536058 0.559695 0.141827 0.22516 0.335449
0 0.841346 0.522837 0.0649039 0.177885 0.53125
0 0.53726 0.5625 0.146635 0.233974 0.291748
1 0.505709 0.0546875 0.0414663 0.0534856 0.2854
0 0.84375 0.524038 0.0721154 0.18109 0.509766
0 0.217698 0.379808 0.127103 0.127404 0.273682
0 0.538462 0.560897 0.155048 0.229167 0.269775
1 0.50601 0.0536859 0.0420673 0.0538862 0.257568
0 0.844952 0.530449 0.0685096 0.173077 0.550781
0 0.223257 0.394231 0.135216 0.145833 0.299072
1 0.501202 0.0524589 0.0396635 0.0549379 0.260498
0 0.838942 0.52484 0.0576923 0.176282 0.429199
0 0.222806 0.384716 0.127704 0.13762 0.297363
0 0.841346 0.528045 0.0600961 0.177885 0.429199
0 0.840745 0.525641 0.0661058 0.182692 0.516602
1 0.5 0.0553886 0.0396635 0.0552885 0.269775
0 0.847356 0.52484 0.0745192 0.18109 0.575684
1 0.507212 0.0571915 0.0396634 0.0522836 0.265137
0 0.84375 0.52524 0.0673077 0.180288 0.527344
1 0.506911 0.0540615 0.0402644 0.0525341 0.288574
0 0.216947 0.380609 0.132212 0.132212 0.264404
0 0.841346 0.523638 0.0661058 0.182692 0.512695
1 0.507212 0.056891 0.0384615 0.0532853 0.308105
0 0.844351 0.52524 0.0697115 0.180288 0.448486
1 0.506611 0.0547125 0.0396635 0.0520332 0.357666
0 0.842548 0.525641 0.0649038 0.179487 0.480469
0 0.215445 0.377003 0.135216 0.136218 0.38208
1 0.506911 0.0561899 0.0390625 0.051883 0.284668
0 0.841346 0.52524 0.0625 0.178686 0.57666
1 0.507212 0.0565905 0.0396634 0.051282 0.363037
0 0.217248 0.376603 0.138221 0.137019 0.350342
0 0.840144 0.525641 0.0600961 0.176282 0.558105
0 0.215745 0.378906 0.135817 0.139623 0.337158
1 0.506611 0.0573918 0.0390625 0.051883 0.328613
0 0.840144 0.527244 0.0576923 0.176282 0.556641
0 0.21274 0.378606 0.140024 0.139423 0.358398
1 0.50601 0.0583934 0.0396635 0.0510817 0.34082
0 0.841346 0.525641 0.0625 0.179487 0.537109
0 0.213792 0.379908 0.139724 0.139223 0.384033
1 0.506911 0.0583183 0.0384615 0.0516326 0.338867
0 0.840144 0.527244 0.0600961 0.176282 0.600098
1 0.507212 0.0561899 0.0384615 0.0506811 0.345947
0 0.213642 0.38101 0.136418 0.13782 0.262207
0 0.840144 0.527244 0.0600961 0.176282 0.565918
1 0.507212 0.0565905 0.0390625 0.0520833 0.356689
0 0.840745 0.527244 0.0588942 0.174679 0.553711
1 0.506911 0.0561148 0.0390625 0.051232 0.36377
0 0.839543 0.52524 0.0612981 0.177885 0.557129
1 0.506911 0.0561899 0.0378606 0.0508814 0.377441
0 0.214243 0.38101 0.136418 0.140224 0.335449
0 0.838942 0.523237 0.0625 0.177885 0.564941
0 0.215144 0.378606 0.135817 0.136218 0.364746
1 0.507212 0.0583934 0.0384615 0.051883 0.353027
0 0.839543 0.524038 0.0649038 0.179487 0.606934
1 0.507212 0.0555889 0.0384615 0.0514824 0.376709
0 0.213792 0.379006 0.139123 0.13782 0.258301
0 0.838942 0.524038 0.0649038 0.179487 0.608398
1 0.507212 0.056265 0.0384615 0.0517328 0.355713
0 0.213642 0.379006 0.139423 0.13782 0.315674
0 0.838942 0.523638 0.0625 0.177885 0.599121
1 0.507212 0.0562901 0.0384615 0.0516827 0.369385
0 0.842548 0.525641 0.0649038 0.179487 0.480469
0 0.215445 0.377003 0.135216 0.136218 0.38208
1 0.506911 0.0561899 0.0390625 0.051883 0.284668
