1 0.954327 0.927885 0.0504807 0.0464744 0.254639
1 0.953125 0.92468 0.0588943 0.0544872 0.257568
1 0.951923 0.927885 0.0576923 0.0544872 0.275146
1 0.95613 0.925481 0.0516827 0.0544872 0.270508
1 0.953726 0.927885 0.0516827 0.0512821 0.30249
1 0.951322 0.926282 0.0528846 0.0512821 0.284668
1 0.709736 0.945513 0.0444712 0.0544872 0.250977
1 0.694712 0.624199 0.0480769 0.0576923 0.264404
1 0.951923 0.926282 0.0528847 0.0480769 0.252441
1 0.721154 0.301282 0.0360577 0.0440705 0.251709
1 0.951322 0.927885 0.0540866 0.0512821 0.308105
1 0.65024 0.927083 0.0360577 0.0448718 0.26123
1 0.954327 0.927885 0.0552885 0.0528846 0.253174
1 0.954327 0.926282 0.0552885 0.0512821 0.281494
1 0.709135 0.945513 0.0480769 0.0576923 0.275146
1 0.694712 0.630208 0.0528846 0.0625 0.250977
1 0.707933 0.942308 0.0456731 0.0608974 0.264404
1 0.951923 0.927083 0.0528847 0.0528846 0.259033
1 0.951923 0.925481 0.0528847 0.0528846 0.269775
1 0.707933 0.943109 0.0432693 0.0576923 0.260498
1 0.721154 0.301683 0.0336539 0.0464744 0.250244
1 0.951923 0.92468 0.0528847 0.0480769 0.250977
1 0.953125 0.923077 0.0552885 0.0512821 0.27124
1 0.953125 0.923077 0.0576923 0.0512821 0.287842
1 0.707933 0.94391 0.046875 0.0608974 0.287842
1 0.718149 0.292869 0.0336538 0.0480769 0.2854
0 0.20643 0.435096 0.0901442 0.158654 0.282227
1 0.65024 0.92468 0.0360577 0.0448718 0.260498
1 0.953125 0.925481 0.0552885 0.0512821 0.258301
1 0.952524 0.92468 0.0540866 0.0480769 0.263672
1 0.707332 0.945513 0.046875 0.0608974 0.262207
0 0.20613 0.428686 0.0907452 0.163462 0.354004
1 0.954327 0.92468 0.0552885 0.0544872 0.254639
1 0.953125 0.926282 0.0552885 0.0544872 0.281494
1 0.707933 0.947115 0.0432693 0.0576923 0.263672
0 0.203576 0.426683 0.0916466 0.167468 0.375732
1 0.707933 0.94391 0.0420673 0.0544872 0.277588
1 0.695913 0.625 0.0516827 0.0625 0.271973
1 0.953125 0.925481 0.0528847 0.0512821 0.270508
1 0.649038 0.92468 0.0336538 0.0416667 0.258301
0 0.205829 0.429888 0.0829327 0.152244 0.363037
1 0.708534 0.947115 0.0456731 0.0608974 0.281494
1 0.955529 0.927885 0.0576923 0.0608974 0.264404
1 0.694712 0.632212 0.0540865 0.0657051 0.262939
0 0.209886 0.427885 0.0976562 0.160256 0.430176
1 0.697115 0.625401 0.0552885 0.0633013 0.29248
1 0.953125 0.92468 0.0552885 0.0544872 0.281494
1 0.649639 0.92468 0.0348558 0.0416667 0.259766
1 0.708534 0.945513 0.0432693 0.0576923 0.252441
0 0.204327 0.423077 0.0841346 0.157853 0.460938
1 0.695913 0.625 0.0528846 0.0608974 0.262207
1 0.707933 0.945513 0.0444712 0.0592949 0.250977
1 0.695913 0.625401 0.0528846 0.0633013 0.250244
0 0.202073 0.425881 0.0841346 0.159455 0.399902
1 0.953125 0.92468 0.0600962 0.0608974 0.304932
1 0.697115 0.623798 0.0528846 0.0616987 0.262207
1 0.707933 0.94391 0.0456731 0.0544872 0.262207
1 0.953125 0.926282 0.0588943 0.0560898 0.26123
1 0.707933 0.945513 0.0444712 0.0576923 0.257568
0 0.203125 0.423478 0.0799279 0.158654 0.430176
1 0.955529 0.926282 0.0552884 0.0528846 0.26123
1 0.955529 0.925481 0.0552884 0.0544872 0.290283
1 0.696514 0.625 0.0528846 0.0625 0.272705
0 0.201623 0.423778 0.0829327 0.158854 0.269775
1 0.954327 0.926282 0.0552885 0.0544872 0.331055
1 0.695312 0.623798 0.0516827 0.0600962 0.320068
1 0.649639 0.92468 0.0348558 0.0416667 0.270508
1 0.707332 0.94391 0.0444712 0.0576923 0.269775
1 0.719952 0.292468 0.03125 0.0432692 0.258301
0 0.202674 0.427083 0.0859375 0.147436 0.325195
1 0.954327 0.926282 0.0600962 0.0576923 0.256104
0 0.201472 0.426683 0.0841346 0.154647 0.275146
1 0.954327 0.92468 0.0576923 0.0544872 0.269043
1 0.954327 0.927083 0.0576923 0.0560897 0.264404
0 0.202825 0.426683 0.0847356 0.151442 0.341553
1 0.954327 0.927083 0.0552885 0.0576923 0.309082
1 0.706731 0.947115 0.0432693 0.0592949 0.253174
1 0.955529 0.926282 0.0576923 0.0512821 0.2854
1 0.707933 0.947115 0.0444712 0.0576923 0.277588
0 0.204627 0.430288 0.0901442 0.155449 0.46582
1 0.953125 0.926282 0.0588943 0.0544872 0.299072
1 0.707933 0.946314 0.0444712 0.0576923 0.270508
0 0.203425 0.43109 0.0859375 0.141026 0.291016
1 0.953726 0.925481 0.0588943 0.0528846 0.271973
0 0.207632 0.437901 0.0913462 0.144231 0.332764
1 0.707933 0.945513 0.0456731 0.0608974 0.270508
1 0.707332 0.945513 0.046875 0.0608974 0.320068
1 0.953125 0.927083 0.0588943 0.0576923 0.293457
1 0.649038 0.927885 0.0360577 0.0416667 0.270508
1 0.719952 0.300481 0.0348558 0.0456731 0.254639
1 0.694712 0.626603 0.0528846 0.0657051 0.253906
1 0.709135 0.945513 0.0456731 0.0576923 0.300781
1 0.698918 0.628205 0.0528846 0.0697115 0.282959
1 0.955529 0.928686 0.0576923 0.0560897 0.279053
0 0.20643 0.427885 0.0877404 0.144231 0.27832
1 0.649038 0.928686 0.0336538 0.0416667 0.257568
1 0.721154 0.296474 0.0336539 0.0436699 0.255371
1 0.699519 0.626603 0.0540865 0.0705128 0.30249
0 0.20598 0.428686 0.0892428 0.152244 0.291016
1 0.951923 0.930288 0.0576923 0.0544872 0.279785
1 0.721154 0.291667 0.0336539 0.0464744 0.279053
1 0.707933 0.945513 0.0456731 0.0608974 0.274414
1 0.655048 0.927083 0.0360577 0.0448718 0.250977
0 0.204477 0.426282 0.0847356 0.144231 0.307373
1 0.709135 0.947917 0.0480769 0.0576923 0.296631
1 0.951923 0.928686 0.0576923 0.0560897 0.295898
1 0.655048 0.927885 0.0360577 0.0448718 0.266602
1 0.701322 0.625401 0.0564904 0.0745192 0.265869
1 0.759014 0.929487 0.0360577 0.0544872 0.252441
1 0.816106 0.619391 0.0360578 0.048077 0.250244
1 0.712139 0.945513 0.0492789 0.0576923 0.377441
1 0.695913 0.632212 0.0552885 0.0673077 0.328613
1 0.654447 0.927885 0.0360577 0.0416667 0.293457
1 0.758413 0.930288 0.0360577 0.0528846 0.291748
1 0.953125 0.929487 0.0576923 0.0512821 0.291748
1 0.816106 0.622196 0.0360578 0.0472756 0.268066
1 0.721154 0.301683 0.03125 0.0456731 0.267334
1 0.954327 0.93109 0.0576923 0.0560897 0.286133
1 0.696514 0.626603 0.0540865 0.0641026 0.284668
1 0.709135 0.947917 0.0456731 0.0576923 0.259033
1 0.655048 0.929487 0.0336538 0.0416667 0.256104
1 0.709135 0.950321 0.0456731 0.0576923 0.364746
0 0.204627 0.427083 0.0871394 0.149038 0.334473
1 0.696514 0.632212 0.0540865 0.0665065 0.321777
1 0.758413 0.9375 0.0360577 0.0512821 0.299072
1 0.655649 0.932692 0.0360577 0.0432692 0.286133
1 0.816106 0.621795 0.0360578 0.0464743 0.271973
1 0.721154 0.300681 0.0348558 0.0452724 0.269775
1 0.953125 0.933494 0.0540865 0.0512821 0.264404
1 0.708534 0.950321 0.0444712 0.0576923 0.332764
1 0.696514 0.629808 0.0540865 0.0673077 0.330322
1 0.758413 0.9375 0.0360577 0.0512821 0.282227
1 0.721154 0.302083 0.0336539 0.0456731 0.279053
1 0.951923 0.934295 0.0552885 0.0512821 0.269043
1 0.655048 0.931891 0.0360577 0.0416667 0.267334
1 0.816106 0.619391 0.0360578 0.0448718 0.252441
1 0.708534 0.948718 0.0444712 0.0576923 0.334473
1 0.695312 0.632212 0.0528846 0.0641026 0.317383
1 0.951322 0.931891 0.0552884 0.0512821 0.315674
1 0.721154 0.305288 0.0336539 0.0440705 0.282959
1 0.655048 0.929487 0.0360577 0.0416667 0.280518
1 0.757212 0.934295 0.0360577 0.0528847 0.269775
1 0.816106 0.623397 0.0360578 0.0432692 0.253906
0 0.204778 0.430689 0.0874399 0.146635 0.357666
1 0.695913 0.627804 0.0528846 0.0633013 0.324219
1 0.951923 0.928686 0.0552885 0.0560897 0.310791
1 0.709135 0.943109 0.0456731 0.0576923 0.300781
1 0.655048 0.927885 0.0360577 0.0432692 0.291016
1 0.721154 0.29988 0.0336539 0.0432692 0.284668
1 0.816106 0.617788 0.0360578 0.0456731 0.277588
1 0.758413 0.93109 0.0360577 0.0512821 0.260498
1 0.695913 0.629007 0.0528846 0.0633013 0.357666
1 0.951923 0.930288 0.0552885 0.0560897 0.341553
0 0.204327 0.433494 0.0823317 0.138622 0.317383
1 0.65024 0.927885 0.0336539 0.0416667 0.301514
1 0.708534 0.947917 0.0432693 0.0560897 0.297363
1 0.816106 0.620192 0.0336538 0.0448718 0.279053
1 0.721154 0.301082 0.0336539 0.0428686 0.270508
1 0.697115 0.632212 0.0528846 0.0625 0.327637
1 0.953125 0.932692 0.0552885 0.0544872 0.319092
1 0.709135 0.948718 0.0432693 0.0560897 0.313232
1 0.655048 0.929487 0.0348557 0.0416667 0.307373
1 0.721154 0.304487 0.0336539 0.0448718 0.286865
1 0.816106 0.624199 0.0360578 0.0456731 0.282227
1 0.758413 0.934295 0.0360577 0.0544872 0.267334
1 0.696514 0.626603 0.0528846 0.0625 0.38501
1 0.709135 0.942308 0.0456731 0.0576923 0.329346
1 0.65024 0.926282 0.0336539 0.0416667 0.323486
1 0.951923 0.929487 0.0528847 0.0544872 0.313232
1 0.816106 0.618189 0.0360578 0.0464743 0.287842
1 0.721154 0.299079 0.0336539 0.0428686 0.280518
1 0.758413 0.930288 0.0336539 0.0512821 0.26123
1 0.696514 0.627003 0.0528846 0.0633013 0.403564
1 0.709736 0.942308 0.0456731 0.0576923 0.342529
1 0.954327 0.929487 0.0576923 0.0544872 0.332764
1 0.65024 0.925481 0.0336539 0.0416667 0.326904
1 0.816106 0.61859 0.0360578 0.0448718 0.299072
1 0.721154 0.300481 0.0336539 0.0432692 0.286133
1 0.758413 0.929487 0.0348558 0.0512821 0.279785
0 0.202825 0.434295 0.0817308 0.138622 0.271973
1 0.697115 0.627404 0.0528846 0.0625 0.376709
1 0.953125 0.927885 0.0552885 0.0544872 0.33374
0 0.203726 0.433494 0.0829327 0.140224 0.326904
1 0.709135 0.942308 0.0456731 0.0576923 0.318359
1 0.655048 0.92468 0.0348557 0.0416667 0.309814
1 0.816707 0.619391 0.0360577 0.0448718 0.286133
1 0.721755 0.30008 0.0348558 0.0440705 0.272705
1 0.758413 0.929487 0.0360577 0.0512821 0.265137
0 0.203726 0.433494 0.0841346 0.142628 0.40918
1 0.697115 0.625801 0.0528846 0.0625 0.380371
1 0.709135 0.940705 0.0456731 0.0576923 0.331055
1 0.649639 0.92468 0.0336539 0.0416667 0.320068
1 0.951923 0.929487 0.0528847 0.0544872 0.315674
1 0.816707 0.618189 0.0348558 0.0448718 0.299805
1 0.721154 0.295473 0.0336539 0.0440705 0.280518
1 0.758413 0.929487 0.0348558 0.0512821 0.273682
0 0.203726 0.435497 0.0847356 0.14343 0.383057
1 0.697115 0.627404 0.0528846 0.0633013 0.369385
1 0.709135 0.941507 0.0456731 0.0576923 0.321777
1 0.952524 0.927885 0.0540866 0.0544872 0.313232
1 0.655048 0.92468 0.0360577 0.0416667 0.310791
1 0.816707 0.619391 0.0360577 0.0448718 0.281494
1 0.721154 0.30008 0.0336539 0.0440705 0.265869
1 0.758413 0.929487 0.0360577 0.0512821 0.256836
1 0.695913 0.628205 0.0528846 0.0625 0.37207
0 0.203125 0.435897 0.0841346 0.141026 0.337158
1 0.709135 0.941507 0.0456731 0.0576923 0.323486
1 0.655048 0.92468 0.0360577 0.0416667 0.320068
1 0.951923 0.929487 0.0552885 0.0544872 0.310791
1 0.816106 0.620192 0.0360578 0.0448718 0.287842
1 0.721154 0.300881 0.0336539 0.0440705 0.272705
1 0.758413 0.929487 0.0348558 0.0512821 0.256836
1 0.954327 0.93109 0.0576923 0.0544872 0.286133
1 0.696514 0.626603 0.0540865 0.0641026 0.284668
1 0.709135 0.947917 0.0456731 0.0576923 0.258301
1 0.655048 0.929487 0.0336538 0.0416667 0.256104
