1 0.953125 0.330529 0.0408654 0.0448718 0.252441
1 0.953125 0.330929 0.0408654 0.0456731 0.253174
1 0.953125 0.330729 0.0408654 0.0428686 0.280518
1 0.697115 0.66226 0.0240385 0.0392628 0.266602
1 0.953125 0.328526 0.0384616 0.0416667 0.254639
1 0.696514 0.663462 0.0216346 0.0360577 0.253906
0 0.364483 0.453926 0.129207 0.168269 0.256836
1 0.953125 0.331731 0.0360577 0.0392628 0.254639
1 0.353966 0.0501803 0.0438702 0.0516827 0.251709
0 0.34976 0.447516 0.122596 0.143429 0.424316
1 0.951923 0.328726 0.0384616 0.041266 0.263672
0 0.364784 0.454327 0.114183 0.155449 0.323486
1 0.697115 0.665865 0.0228365 0.0376602 0.257568
0 0.36869 0.445112 0.104567 0.146635 0.289307
0 0.34405 0.452324 0.145433 0.165064 0.401611
1 0.353966 0.0529848 0.046875 0.0516827 0.254639
0 0.357572 0.444712 0.125 0.147436 0.360352
0 0.376803 0.44992 0.102163 0.155449 0.338135
0 0.337139 0.452724 0.15625 0.165064 0.516602
1 0.697716 0.663862 0.0228365 0.036859 0.267334
1 0.953125 0.330128 0.0396635 0.0400641 0.252441
1 0.697716 0.664263 0.0216346 0.0376603 0.269043
1 0.953125 0.328926 0.0384616 0.0384615 0.264404
1 0.353365 0.0521835 0.0444712 0.0492788 0.252441
1 0.953125 0.327324 0.0384616 0.0392628 0.262207
1 0.698918 0.66266 0.0252404 0.036859 0.251709
0 0.350661 0.452724 0.132212 0.158654 0.346924
1 0.697115 0.663862 0.0240385 0.0376603 0.252441
0 0.366587 0.447917 0.116587 0.153846 0.36377
0 0.355168 0.447917 0.122596 0.160256 0.349609
1 0.953125 0.330128 0.0384616 0.0400641 0.253174
0 0.353365 0.44992 0.128606 0.163462 0.489258
1 0.697115 0.664263 0.0216346 0.036859 0.258301
1 0.953125 0.330128 0.0396635 0.0408654 0.253906
0 0.366887 0.447115 0.109375 0.153846 0.26123
1 0.737981 0.649038 0.0264423 0.0376603 0.303955
0 0.367788 0.451122 0.115385 0.155449 0.254639
1 0.952524 0.331931 0.0384616 0.0388622 0.294189
1 0.353666 0.0545873 0.0444712 0.0514824 0.277588
1 0.697115 0.664263 0.0216346 0.0352564 0.258301
1 0.953125 0.332131 0.0372596 0.0360577 0.310791
1 0.697115 0.664263 0.0192308 0.0320513 0.29834
1 0.353966 0.0552885 0.0432692 0.0510817 0.279785
1 0.952524 0.330929 0.0384616 0.0384615 0.318359
1 0.353966 0.0528846 0.0432692 0.0500801 0.294922
1 0.697115 0.667067 0.0216346 0.0360577 0.283691
1 0.953125 0.329928 0.0372596 0.0372596 0.321777
1 0.697115 0.665064 0.0192308 0.0336538 0.294189
1 0.353966 0.0545122 0.0420673 0.0504307 0.291748
1 0.953125 0.330328 0.0384616 0.0380609 0.367432
1 0.353666 0.0527845 0.0432692 0.0490785 0.318359
1 0.697115 0.665865 0.0192308 0.0336539 0.313965
0 0.321815 0.436699 0.178486 0.142628 0.279053
1 0.737981 0.660256 0.0264423 0.0352564 0.26123
1 0.953125 0.330128 0.0372596 0.0376603 0.299072
1 0.354267 0.0536859 0.0426683 0.0490785 0.279053
1 0.696514 0.665465 0.0204327 0.0336538 0.27124
1 0.354267 0.0536859 0.0432692 0.0494792 0.330322
1 0.953125 0.327524 0.0384616 0.0368589 0.309814
1 0.738582 0.653045 0.0264423 0.0352564 0.27124
1 0.697115 0.661859 0.0216346 0.0320513 0.260498
1 0.353666 0.0534856 0.0426682 0.0488782 0.313965
1 0.953125 0.328926 0.0384616 0.0384615 0.312256
1 0.697115 0.664263 0.0204327 0.0336538 0.270508
1 0.737981 0.659856 0.0264423 0.0360577 0.264404
1 0.951923 0.329127 0.0384616 0.0372596 0.318359
1 0.353365 0.0548628 0.0432692 0.048127 0.291748
1 0.697115 0.661859 0.0216346 0.0336538 0.257568
1 0.676683 0.0209836 0.0408654 0.0419671 0.251709
1 0.953125 0.328926 0.0384616 0.0384615 0.331055
1 0.353966 0.0532853 0.0420673 0.0480769 0.282227
1 0.697115 0.66266 0.0216346 0.0328526 0.275879
1 0.737981 0.655449 0.0276442 0.036859 0.262939
1 0.679087 0.0171274 0.0396635 0.0342548 0.250977
1 0.953125 0.329327 0.0384616 0.0384615 0.343262
1 0.697115 0.663862 0.0204327 0.0328525 0.29248
1 0.353966 0.0525841 0.0420673 0.0480769 0.291016
1 0.737981 0.654647 0.0264423 0.0352564 0.250977
1 0.953125 0.329728 0.0408654 0.0392628 0.352295
1 0.697115 0.663462 0.0216346 0.0344551 0.286865
1 0.737981 0.655449 0.0276442 0.036859 0.269043
1 0.953125 0.328526 0.0384616 0.0376603 0.354004
1 0.353966 0.0529097 0.0426682 0.0488281 0.293457
1 0.737981 0.654647 0.0264423 0.0360577 0.272705
1 0.697115 0.66266 0.0216346 0.0336538 0.269043
1 0.953125 0.328125 0.0384616 0.0384615 0.352295
1 0.737981 0.654247 0.0276442 0.0352564 0.304932
1 0.353966 0.0524589 0.0420673 0.0485276 0.293457
1 0.697115 0.66266 0.0216346 0.0344551 0.282959
1 0.953125 0.327925 0.0396635 0.0388622 0.336426
1 0.737981 0.653846 0.0276442 0.0360577 0.314941
1 0.354567 0.0537861 0.0426683 0.0490785 0.281494
1 0.697115 0.661058 0.0216346 0.0336538 0.256104
1 0.953125 0.328526 0.0384616 0.0384615 0.355713
1 0.737981 0.654647 0.0276442 0.036859 0.325195
1 0.354267 0.0521835 0.0420673 0.0488782 0.288574
1 0.697115 0.661859 0.0216346 0.0352564 0.284668
1 0.953125 0.328526 0.0384616 0.0392628 0.328613
1 0.737981 0.654647 0.0276442 0.036859 0.299072
1 0.354567 0.0528596 0.0420673 0.0489283 0.282959
1 0.697115 0.661859 0.0216346 0.0344551 0.264404
1 0.953125 0.327925 0.0384616 0.0388622 0.332031
1 0.737981 0.654647 0.0276442 0.036859 0.297363
1 0.353966 0.0527845 0.0420673 0.0490785 0.288574
1 0.697115 0.661859 0.0216346 0.0336538 0.267334
1 0.953125 0.330128 0.0372596 0.0376603 0.29834
1 0.354267 0.0536859 0.0426683 0.0490785 0.279053
1 0.696514 0.665865 0.0204327 0.0336539 0.270508
